RUN : 1 - instancias_txt/SSP-NPM-I/ins141_m=3_j=20_t=20_var=1.txt

- MACHINE [0]

0 0 0 0 1 0 
1 1 0 0 0 0 
0 0 0 0 1 0 
0 0 1 0 0 1 
0 0 0 0 0 1 
0 0 0 1 0 1 
0 0 1 1 0 0 
0 1 0 0 0 0 
0 0 1 1 1 0 
0 1 0 1 0 0 
0 0 0 1 1 1 
1 0 0 0 0 0 
1 1 1 0 0 0 
0 1 0 1 1 0 
0 0 0 1 0 0 
1 0 0 0 0 0 
1 1 0 0 0 0 
0 0 0 0 0 1 
1 0 1 0 0 0 
0 0 0 0 1 1 

JOBS [6] - [12, 8, 6, 10, 14, 16]
TOOL SWITCHES : 14
MAKESPAN : 48

- MACHINE [1]

0 0 0 0 0 0 
1 0 0 0 0 1 
1 0 1 1 0 1 
0 0 0 0 0 0 
0 1 0 0 0 0 
0 1 0 1 1 1 
1 0 0 1 1 1 
0 0 1 0 0 0 
0 0 0 0 0 0 
0 0 0 0 0 0 
0 1 1 0 1 0 
0 0 1 1 0 1 
1 1 1 0 0 0 
0 1 0 0 1 1 
1 1 1 0 0 0 
0 0 0 0 0 0 
0 0 0 1 1 0 
0 0 0 0 0 0 
0 0 0 0 1 1 
1 0 0 0 0 0 

JOBS [6] - [0, 15, 7, 3, 13, 5]
TOOL SWITCHES : 4
MAKESPAN : 47

- MACHINE [2]

0 0 0 1 1 1 1 0 
1 0 0 1 0 0 0 0 
0 0 1 1 0 0 0 0 
0 0 0 1 0 0 0 0 
1 1 0 0 0 0 0 0 
0 0 0 0 0 0 0 0 
0 0 0 0 0 1 0 0 
1 0 1 0 0 1 0 0 
1 0 1 1 1 0 0 0 
0 1 0 0 1 0 1 1 
0 0 0 0 1 0 0 1 
0 1 1 0 0 0 0 0 
0 1 0 0 0 0 1 0 
0 0 1 0 1 0 0 0 
1 1 1 0 0 1 1 1 
1 1 1 0 0 0 1 1 
0 0 0 0 1 0 0 0 
0 0 0 1 0 1 0 1 
1 0 0 0 0 1 1 0 
0 0 0 0 0 0 0 0 

JOBS [8] - [18, 11, 9, 4, 17, 2, 1, 19]
TOOL SWITCHES : 5
MAKESPAN : 48

# -------------------------- #

--- TOTAL TOOL SWITCHES : 23
--- HIGHEST MAKESPAN : 48
--- TOTAL FLOWTIME : 534
--- RUNNING TIME : 4.94474

# -------------------------- #
RUN : 1 - instancias_txt/SSP-NPM-I/ins142_m=3_j=20_t=20_var=2.txt

- MACHINE [0]

1 0 0 0 0 1 
1 0 0 0 0 0 
0 0 1 1 0 0 
1 1 1 0 0 0 
0 1 1 1 0 1 
0 0 0 1 1 1 
0 0 1 1 1 0 
1 1 0 0 0 0 
0 0 0 0 0 0 
0 0 0 0 0 1 
1 0 0 0 1 0 
0 0 0 0 0 0 
0 0 0 1 0 0 
1 0 0 0 1 0 
0 0 0 0 1 1 
0 1 1 0 0 0 
0 1 0 0 0 0 
0 0 0 1 0 0 
0 0 0 0 1 1 
0 0 1 0 0 1 

JOBS [6] - [3, 9, 4, 13, 14, 18]
TOOL SWITCHES : 14
MAKESPAN : 42

- MACHINE [1]

0 0 0 0 0 0 
0 0 0 1 1 1 
1 1 0 0 0 0 
0 0 0 0 0 0 
0 0 0 0 1 1 
0 0 1 1 0 0 
0 0 0 0 0 1 
1 1 1 1 1 1 
1 0 0 0 0 0 
0 1 0 1 0 0 
0 0 0 1 1 1 
0 0 0 0 0 0 
1 0 0 0 0 0 
1 0 1 0 1 0 
0 1 0 1 0 1 
0 1 0 0 0 0 
1 1 0 0 0 0 
0 0 1 1 0 0 
1 1 0 0 0 1 
0 0 1 0 1 0 

JOBS [6] - [2, 11, 6, 1, 10, 15]
TOOL SWITCHES : 7
MAKESPAN : 40

- MACHINE [2]

1 0 1 0 0 1 1 0 
0 0 0 0 0 0 0 0 
0 0 0 1 1 0 0 0 
0 0 1 1 0 0 0 0 
0 0 0 0 0 0 0 0 
0 1 1 0 0 0 0 0 
0 0 0 1 0 0 0 1 
1 1 1 0 0 0 1 0 
0 0 0 0 1 0 1 1 
0 1 0 0 0 0 0 0 
0 0 0 0 0 0 0 0 
1 0 0 1 0 0 0 1 
1 1 0 1 0 0 0 0 
0 0 0 0 1 1 0 1 
0 0 0 0 0 1 0 0 
0 0 0 0 0 0 0 0 
1 0 0 0 0 1 0 0 
1 1 0 0 1 0 1 0 
0 1 0 0 1 0 1 1 
0 0 1 0 0 1 0 0 

JOBS [8] - [19, 12, 8, 16, 17, 7, 0, 5]
TOOL SWITCHES : 3
MAKESPAN : 42

# -------------------------- #

--- TOTAL TOOL SWITCHES : 24
--- HIGHEST MAKESPAN : 42
--- TOTAL FLOWTIME : 397
--- RUNNING TIME : 5.34714

# -------------------------- #
RUN : 1 - instancias_txt/SSP-NPM-I/ins143_m=3_j=20_t=20_var=3.txt

- MACHINE [0]

1 1 0 0 0 0 0 
0 1 0 0 0 0 0 
0 0 0 1 0 0 0 
1 1 0 0 0 0 0 
0 0 1 1 1 1 0 
1 1 0 1 1 1 1 
0 0 0 0 0 0 0 
0 1 1 0 0 0 0 
1 0 1 1 1 0 1 
0 0 0 0 0 0 0 
0 0 0 0 0 1 0 
0 0 0 0 0 0 1 
0 0 0 0 1 0 0 
0 0 0 1 1 1 0 
0 0 0 0 0 1 1 
1 0 0 0 1 0 0 
0 0 0 0 0 0 1 
0 0 1 1 0 0 0 
0 0 1 0 0 1 0 
0 1 1 0 0 0 1 

JOBS [7] - [14, 9, 11, 19, 5, 2, 17]
TOOL SWITCHES : 13
MAKESPAN : 42

- MACHINE [1]

0 0 0 0 0 0 
0 0 0 0 0 0 
0 0 0 0 1 1 
1 1 0 0 0 1 
0 0 1 0 1 1 
0 0 0 0 0 0 
0 1 1 0 0 0 
0 0 0 0 1 0 
1 0 1 1 0 1 
0 0 0 0 0 0 
0 0 0 1 0 0 
0 1 0 1 0 0 
0 0 0 0 0 0 
1 0 0 0 0 0 
0 0 0 0 0 1 
1 1 0 1 1 0 
1 0 0 1 1 0 
1 1 0 0 0 0 
0 0 1 1 0 0 
0 0 1 0 1 1 

JOBS [6] - [10, 15, 16, 3, 13, 18]
TOOL SWITCHES : 5
MAKESPAN : 42

- MACHINE [2]

0 0 1 1 0 1 0 
1 0 1 0 0 1 1 
0 1 0 0 1 0 0 
1 0 1 0 0 0 0 
0 1 0 0 1 0 0 
1 0 0 0 1 1 0 
0 0 1 0 0 1 0 
0 1 1 0 0 0 1 
0 0 0 0 0 0 0 
0 0 0 1 1 0 1 
0 0 0 0 0 1 1 
1 1 0 0 0 0 0 
0 0 1 0 0 0 0 
0 0 0 0 0 0 1 
1 1 0 1 0 0 1 
0 1 0 0 0 0 0 
0 0 1 1 0 0 0 
0 0 0 0 0 0 0 
1 1 0 0 1 0 0 
0 0 0 1 0 1 0 

JOBS [7] - [8, 0, 7, 1, 6, 4, 12]
TOOL SWITCHES : 5
MAKESPAN : 38

# -------------------------- #

--- TOTAL TOOL SWITCHES : 23
--- HIGHEST MAKESPAN : 42
--- TOTAL FLOWTIME : 417
--- RUNNING TIME : 3.84429

# -------------------------- #
RUN : 1 - instancias_txt/SSP-NPM-I/ins144_m=3_j=20_t=20_var=4.txt

- MACHINE [0]

0 1 1 0 
0 0 0 0 
1 0 0 0 
1 1 1 1 
0 0 0 0 
0 0 0 0 
0 0 0 0 
0 0 0 1 
0 0 0 1 
1 1 0 0 
1 0 0 0 
1 0 0 0 
0 0 1 0 
0 0 0 0 
1 1 1 0 
0 1 0 1 
0 0 0 0 
0 0 1 0 
1 1 1 1 
0 1 0 1 

JOBS [4] - [13, 9, 5, 8]
TOOL SWITCHES : 8
MAKESPAN : 39

- MACHINE [1]

0 1 0 0 0 0 
0 0 1 0 1 0 
0 1 0 1 0 1 
0 0 0 0 0 1 
1 0 1 0 0 0 
1 1 1 1 0 0 
0 0 0 0 0 0 
1 1 0 1 0 0 
1 0 1 1 1 0 
1 0 1 0 0 0 
1 0 0 0 0 0 
0 1 0 1 1 0 
0 0 0 0 0 0 
0 0 0 0 1 1 
0 0 1 0 0 1 
0 0 0 0 1 1 
0 0 0 0 0 0 
0 0 1 1 0 1 
0 0 0 0 1 0 
0 0 0 0 0 0 

JOBS [6] - [17, 18, 12, 10, 19, 3]
TOOL SWITCHES : 6
MAKESPAN : 39

- MACHINE [2]

0 0 1 1 0 0 1 0 1 0 
1 1 0 0 0 0 0 0 0 0 
0 0 1 0 0 1 0 0 0 1 
0 1 0 0 0 1 1 0 0 1 
0 0 0 0 0 0 0 0 0 0 
0 0 0 0 0 0 0 0 1 0 
1 0 1 1 0 0 0 1 1 1 
0 0 0 1 1 1 0 1 0 0 
0 0 1 0 0 1 1 1 0 0 
0 0 0 0 0 0 1 1 1 1 
1 1 0 0 1 0 1 1 0 0 
0 0 0 0 0 0 0 0 0 0 
0 0 0 0 0 0 0 1 1 1 
1 0 0 0 1 0 0 0 1 0 
0 0 0 1 1 0 0 0 0 1 
1 1 0 1 0 1 0 0 0 0 
1 1 1 0 1 0 0 0 0 0 
0 0 1 0 0 1 0 0 0 0 
0 0 0 0 0 0 0 0 0 0 
0 0 0 1 0 1 1 1 1 0 

JOBS [10] - [14, 0, 11, 7, 15, 6, 2, 4, 1, 16]
TOOL SWITCHES : 4
MAKESPAN : 38

# -------------------------- #

--- TOTAL TOOL SWITCHES : 18
--- HIGHEST MAKESPAN : 39
--- TOTAL FLOWTIME : 385
--- RUNNING TIME : 6.25969

# -------------------------- #
RUN : 1 - instancias_txt/SSP-NPM-I/ins145_m=3_j=20_t=20_var=5.txt

- MACHINE [0]

0 0 0 0 0 0 
0 0 0 0 1 1 
0 1 0 1 0 0 
0 1 0 0 0 0 
0 1 1 1 0 1 
1 1 1 0 0 0 
0 0 0 0 0 0 
0 0 0 0 1 1 
0 0 0 0 1 0 
0 0 0 1 1 1 
1 0 1 0 0 1 
1 1 0 0 0 0 
1 0 0 0 0 0 
0 0 0 0 0 0 
0 0 0 0 0 0 
0 1 1 1 0 0 
0 0 0 1 1 1 
1 0 0 1 0 0 
1 0 0 0 0 0 
0 0 1 1 1 0 

JOBS [6] - [16, 17, 13, 12, 5, 8]
TOOL SWITCHES : 11
MAKESPAN : 41

- MACHINE [1]

0 0 0 0 0 0 0 0 
0 0 1 1 1 0 0 1 
0 1 1 0 0 0 0 0 
0 0 0 0 0 0 1 1 
0 0 0 1 1 1 0 0 
1 1 0 0 0 0 0 0 
0 0 0 0 0 0 1 1 
0 0 0 0 1 0 0 0 
0 1 0 1 0 0 0 0 
0 0 1 1 0 1 1 0 
1 0 0 0 0 1 1 1 
1 0 1 1 0 0 0 0 
1 0 1 1 1 0 0 0 
1 1 0 0 1 0 0 0 
0 0 0 0 0 0 1 0 
1 0 1 0 0 1 1 1 
1 1 0 0 0 0 0 0 
0 0 0 0 0 0 0 0 
0 1 1 1 0 1 0 1 
0 0 0 0 0 0 1 0 

JOBS [8] - [18, 6, 9, 3, 4, 11, 1, 15]
TOOL SWITCHES : 8
MAKESPAN : 45

- MACHINE [2]

1 1 1 1 0 1 
0 0 0 0 0 0 
1 1 0 0 0 1 
0 0 0 0 0 0 
0 1 0 0 0 0 
0 0 0 1 0 0 
0 0 0 0 0 1 
1 0 1 1 0 1 
1 0 0 0 0 1 
0 1 0 1 1 0 
1 0 0 0 1 0 
1 0 0 0 0 0 
0 0 0 0 1 0 
1 1 1 0 1 0 
0 0 1 0 0 0 
0 0 0 0 1 0 
0 0 0 0 0 0 
0 0 1 1 1 0 
0 1 0 1 0 0 
0 0 1 0 0 0 

JOBS [6] - [0, 19, 2, 7, 14, 10]
TOOL SWITCHES : 4
MAKESPAN : 46

# -------------------------- #

--- TOTAL TOOL SWITCHES : 23
--- HIGHEST MAKESPAN : 46
--- TOTAL FLOWTIME : 416
--- RUNNING TIME : 5.21351

# -------------------------- #
RUN : 1 - instancias_txt/SSP-NPM-I/ins146_m=3_j=20_t=20_var=6.txt

- MACHINE [0]

0 0 0 1 1 
0 0 0 0 0 
0 0 0 0 1 
1 1 1 1 0 
1 0 1 0 0 
0 0 0 0 1 
1 1 0 0 0 
0 0 0 0 0 
0 0 0 0 1 
0 1 0 0 0 
0 0 1 0 0 
0 0 0 0 0 
1 0 0 0 0 
0 0 0 1 0 
0 0 0 0 0 
0 0 0 0 0 
1 1 1 1 1 
1 1 1 1 0 
1 1 0 1 0 
0 0 0 0 1 

JOBS [5] - [8, 19, 6, 13, 9]
TOOL SWITCHES : 8
MAKESPAN : 44

- MACHINE [1]

1 0 0 0 0 1 0 
1 1 0 0 0 0 0 
0 0 0 0 0 1 1 
0 0 0 0 0 0 0 
1 0 1 0 0 0 0 
1 1 0 1 1 1 0 
0 1 0 0 0 1 0 
0 0 0 0 0 0 0 
0 0 0 1 1 1 0 
0 0 0 0 0 0 0 
0 1 1 1 1 0 0 
0 1 0 0 0 0 0 
1 1 1 0 1 0 1 
0 0 0 0 0 0 0 
0 0 1 1 1 0 1 
1 0 0 0 0 0 1 
0 0 0 0 0 0 0 
0 0 0 0 0 1 0 
0 0 1 1 0 0 0 
0 1 1 0 1 1 1 

JOBS [7] - [17, 3, 2, 10, 14, 16, 5]
TOOL SWITCHES : 5
MAKESPAN : 47

- MACHINE [2]

0 0 0 0 0 0 0 0 
0 0 1 0 0 0 0 0 
1 0 0 1 1 1 0 0 
0 1 1 1 0 0 0 0 
0 0 0 0 0 0 0 0 
1 0 1 1 1 1 1 0 
0 1 0 0 0 0 0 1 
0 1 0 0 0 1 0 1 
0 0 1 1 0 1 1 0 
0 0 0 0 1 0 1 0 
1 0 0 0 1 0 1 0 
0 0 0 0 1 0 0 1 
0 0 0 0 0 1 0 1 
0 0 0 1 1 0 0 0 
1 0 0 1 0 1 0 1 
1 1 0 0 0 0 1 0 
0 1 1 0 0 1 0 0 
0 0 0 0 0 0 0 0 
0 0 0 0 0 0 0 0 
1 0 1 0 1 0 1 0 

JOBS [8] - [7, 11, 0, 15, 18, 12, 1, 4]
TOOL SWITCHES : 3
MAKESPAN : 47

# -------------------------- #

--- TOTAL TOOL SWITCHES : 16
--- HIGHEST MAKESPAN : 47
--- TOTAL FLOWTIME : 476
--- RUNNING TIME : 4.90222

# -------------------------- #
RUN : 1 - instancias_txt/SSP-NPM-I/ins147_m=3_j=20_t=20_var=7.txt

- MACHINE [0]

0 0 0 0 0 1 
0 0 0 0 0 0 
1 1 0 0 0 0 
0 0 0 0 0 0 
0 0 0 0 0 0 
1 1 1 1 0 0 
0 0 0 0 0 0 
0 0 0 0 1 1 
0 0 0 0 0 1 
1 0 0 0 0 0 
0 0 0 1 0 0 
0 0 1 1 0 0 
1 1 0 0 0 0 
1 0 0 0 1 1 
0 0 0 0 1 0 
0 0 1 0 0 1 
0 0 1 1 1 0 
0 1 1 1 1 0 
1 1 0 0 1 0 
0 1 0 1 0 0 

JOBS [6] - [6, 19, 14, 8, 9, 13]
TOOL SWITCHES : 11
MAKESPAN : 40

- MACHINE [1]

1 0 0 1 1 0 1 
0 1 1 1 1 1 0 
0 0 0 0 0 0 0 
1 1 0 0 0 0 0 
0 0 0 0 0 0 0 
0 0 1 1 0 0 0 
0 1 0 0 0 0 1 
0 0 0 0 0 0 0 
0 0 0 0 0 0 0 
1 0 0 0 0 0 0 
0 0 1 0 0 0 1 
0 0 0 0 0 0 0 
0 1 1 0 0 0 0 
0 1 0 0 1 1 0 
1 1 0 1 1 0 0 
0 0 0 0 1 1 1 
0 1 1 0 0 1 1 
1 0 0 0 1 1 1 
0 0 0 1 0 1 0 
0 0 0 0 0 0 0 

JOBS [7] - [5, 11, 12, 2, 7, 17, 18]
TOOL SWITCHES : 4
MAKESPAN : 38

- MACHINE [2]

0 0 0 0 0 0 1 
0 0 0 0 0 0 0 
0 0 1 0 1 0 0 
0 0 1 0 0 0 1 
1 0 1 0 1 0 1 
0 1 0 1 0 0 0 
0 0 0 0 1 0 0 
0 0 1 1 0 0 0 
0 0 0 1 0 1 0 
1 1 0 0 0 1 0 
1 0 1 0 0 1 0 
1 1 0 1 1 0 1 
0 0 0 0 0 0 0 
0 0 0 0 0 0 0 
0 1 0 0 0 1 0 
0 0 0 0 0 1 0 
1 0 0 0 1 1 0 
0 0 0 0 0 0 0 
0 1 0 0 0 1 1 
1 0 1 1 0 0 0 

JOBS [7] - [1, 3, 10, 4, 16, 15, 0]
TOOL SWITCHES : 3
MAKESPAN : 40

# -------------------------- #

--- TOTAL TOOL SWITCHES : 18
--- HIGHEST MAKESPAN : 40
--- TOTAL FLOWTIME : 385
--- RUNNING TIME : 4.89455

# -------------------------- #
RUN : 1 - instancias_txt/SSP-NPM-I/ins148_m=3_j=20_t=20_var=8.txt

- MACHINE [0]

0 0 1 1 1 0 
0 0 0 1 0 1 
0 0 0 0 0 0 
0 1 0 0 0 0 
0 1 1 0 0 0 
0 0 0 0 1 0 
0 1 1 0 0 1 
0 1 1 0 1 0 
0 0 0 0 0 1 
1 0 0 0 0 0 
1 0 0 1 0 0 
0 0 0 0 0 0 
1 0 0 0 0 0 
1 0 0 0 0 1 
1 1 1 0 1 0 
1 1 0 0 1 0 
0 0 0 0 1 1 
0 0 0 1 0 0 
0 0 0 0 0 0 
0 0 1 1 0 0 

JOBS [6] - [7, 19, 10, 11, 14, 8]
TOOL SWITCHES : 13
MAKESPAN : 42

- MACHINE [1]

0 0 0 0 0 0 0 
0 0 0 1 1 1 1 
1 1 1 0 0 0 0 
0 1 0 0 0 0 0 
0 1 0 1 0 0 0 
0 1 1 0 1 0 1 
0 1 0 0 0 1 0 
0 0 0 0 1 0 1 
0 0 0 0 0 1 1 
0 0 0 0 0 0 0 
0 1 0 0 1 1 0 
0 0 0 1 1 1 0 
0 0 1 1 0 0 0 
1 0 0 1 1 1 0 
1 0 1 0 0 0 1 
1 0 0 0 0 0 0 
0 0 1 1 0 0 1 
1 0 1 0 0 0 0 
1 0 0 0 0 0 0 
0 0 0 0 0 0 1 

JOBS [7] - [6, 15, 16, 9, 4, 5, 12]
TOOL SWITCHES : 8
MAKESPAN : 42

- MACHINE [2]

0 0 1 0 0 0 1 
1 0 0 0 1 0 0 
0 1 0 1 0 0 0 
0 0 0 0 0 1 0 
1 0 1 0 0 0 1 
0 0 0 0 0 0 0 
0 0 0 0 1 0 1 
1 1 0 0 0 1 0 
0 1 0 1 0 0 0 
0 0 1 0 1 0 0 
1 0 0 1 0 1 0 
0 0 0 0 0 0 0 
0 0 0 1 0 0 0 
0 0 0 0 0 0 0 
0 0 0 1 1 0 0 
0 1 0 0 1 1 1 
0 0 0 0 0 0 1 
1 1 1 0 1 1 1 
1 1 1 0 0 0 0 
0 0 1 0 0 1 0 

JOBS [7] - [2, 13, 3, 18, 17, 0, 1]
TOOL SWITCHES : 4
MAKESPAN : 41

# -------------------------- #

--- TOTAL TOOL SWITCHES : 25
--- HIGHEST MAKESPAN : 42
--- TOTAL FLOWTIME : 405
--- RUNNING TIME : 4.89064

# -------------------------- #
RUN : 1 - instancias_txt/SSP-NPM-I/ins149_m=3_j=20_t=20_var=9.txt

- MACHINE [0]

0 1 1 0 0 
1 0 1 0 1 
0 0 0 1 0 
0 0 0 1 1 
0 0 0 0 0 
0 0 0 0 0 
1 0 0 0 0 
0 0 0 0 0 
0 0 0 1 0 
0 1 1 0 1 
0 0 0 0 0 
1 1 0 0 0 
1 0 0 0 1 
0 1 1 0 0 
0 0 1 1 1 
1 1 0 0 0 
0 0 1 1 0 
0 0 0 1 1 
0 0 0 0 1 
0 0 0 0 0 

JOBS [5] - [15, 19, 9, 13, 7]
TOOL SWITCHES : 10
MAKESPAN : 41

- MACHINE [1]

1 1 0 0 0 0 
0 0 1 1 0 0 
0 0 0 0 0 0 
1 0 1 0 0 0 
0 0 0 0 0 1 
0 0 0 0 0 0 
1 0 0 0 0 0 
0 1 1 1 1 0 
0 0 1 0 1 1 
0 0 0 1 1 0 
0 1 0 1 0 1 
0 1 1 1 0 0 
0 0 0 0 0 0 
1 0 1 0 0 1 
0 0 0 0 1 1 
0 1 1 1 1 0 
0 1 0 0 1 0 
0 1 0 0 0 0 
1 0 0 0 1 0 
1 0 0 0 0 0 

JOBS [6] - [1, 17, 5, 10, 0, 4]
TOOL SWITCHES : 7
MAKESPAN : 42

- MACHINE [2]

0 0 1 0 0 0 0 1 0 
1 1 1 0 0 0 0 1 1 
0 1 0 1 1 0 0 0 1 
0 0 0 0 0 0 0 0 0 
1 1 1 0 0 0 1 0 1 
0 1 0 1 0 1 1 0 0 
1 0 0 1 1 1 0 0 0 
0 0 0 1 0 1 0 0 1 
0 0 0 0 0 0 0 0 0 
0 1 0 1 1 1 0 0 1 
0 1 1 0 0 0 0 0 0 
1 0 0 0 0 1 1 0 0 
0 0 0 0 0 0 0 0 0 
1 0 1 1 1 0 0 1 1 
0 1 0 0 1 0 1 0 1 
0 0 1 0 1 0 0 0 0 
0 0 0 0 0 0 0 0 0 
1 0 0 1 0 1 0 1 0 
0 0 0 0 0 0 1 1 0 
0 0 0 0 0 1 1 1 0 

JOBS [9] - [11, 6, 16, 8, 12, 18, 14, 2, 3]
TOOL SWITCHES : 3
MAKESPAN : 41

# -------------------------- #

--- TOTAL TOOL SWITCHES : 20
--- HIGHEST MAKESPAN : 42
--- TOTAL FLOWTIME : 464
--- RUNNING TIME : 4.37642

# -------------------------- #
RUN : 1 - instancias_txt/SSP-NPM-I/ins150_m=3_j=20_t=20_var=10.txt

- MACHINE [0]

0 0 1 0 0 0 
0 0 0 0 0 0 
1 0 0 0 0 0 
0 0 0 1 1 0 
0 0 0 0 0 0 
1 0 1 1 1 1 
0 0 0 0 0 1 
0 0 0 0 0 0 
0 0 1 0 1 1 
0 0 0 0 0 0 
1 1 0 0 0 0 
0 1 1 0 0 0 
1 1 1 1 0 1 
0 1 0 1 0 0 
0 0 0 0 0 0 
1 0 0 0 1 0 
1 1 1 1 0 0 
0 0 0 0 1 1 
0 0 0 0 0 1 
0 0 0 1 1 1 

JOBS [6] - [0, 4, 17, 18, 13, 7]
TOOL SWITCHES : 9
MAKESPAN : 39

- MACHINE [1]

0 0 0 0 1 1 0 
0 1 0 0 0 0 0 
0 0 1 1 0 1 0 
0 0 0 0 0 0 0 
0 0 1 0 0 0 0 
0 1 0 0 0 0 0 
0 0 1 0 0 0 0 
0 0 0 0 1 0 1 
0 0 0 0 0 0 0 
0 0 0 0 0 0 0 
1 1 1 1 0 0 1 
1 1 1 1 0 1 1 
0 1 1 0 0 0 0 
1 0 0 0 1 0 1 
0 0 0 0 1 1 1 
0 1 0 0 0 0 0 
0 0 0 0 1 1 0 
0 1 0 1 0 0 0 
1 0 0 1 0 0 0 
1 0 0 0 1 0 0 

JOBS [7] - [14, 12, 8, 3, 19, 1, 15]
TOOL SWITCHES : 7
MAKESPAN : 43

- MACHINE [2]

0 1 0 0 0 0 0 
0 1 0 0 1 1 0 
1 0 1 0 0 0 0 
1 1 1 1 1 0 0 
1 0 0 1 1 0 0 
1 0 1 0 0 0 0 
0 1 1 0 1 1 1 
0 0 0 0 0 1 0 
0 0 0 1 0 0 1 
1 1 1 0 0 0 0 
0 0 0 1 0 0 1 
0 0 0 0 0 0 0 
0 0 0 0 0 0 0 
0 0 0 0 0 0 1 
1 0 1 0 0 0 0 
1 0 0 1 0 1 0 
0 0 0 0 0 0 0 
0 0 0 0 1 1 1 
0 1 0 1 0 0 0 
0 1 0 1 1 1 1 

JOBS [7] - [2, 9, 10, 6, 16, 11, 5]
TOOL SWITCHES : 4
MAKESPAN : 43

# -------------------------- #

--- TOTAL TOOL SWITCHES : 20
--- HIGHEST MAKESPAN : 43
--- TOTAL FLOWTIME : 453
--- RUNNING TIME : 3.85123

# -------------------------- #
RUN : 1 - instancias_txt/SSP-NPM-I/ins151_m=3_j=20_t=20_var=11.txt

- MACHINE [0]

0 0 0 0 0 1 0 
1 1 1 1 1 0 0 
0 0 0 0 0 0 0 
0 0 0 0 0 1 0 
1 0 1 0 0 0 0 
0 0 0 0 0 0 0 
1 0 0 0 0 0 1 
0 0 1 1 1 1 1 
0 0 0 0 0 1 0 
0 0 0 0 0 0 1 
0 0 0 0 1 0 1 
0 0 0 1 1 1 0 
1 1 0 0 0 0 0 
0 1 0 0 0 0 0 
0 0 0 0 0 0 0 
0 0 0 0 0 0 1 
1 1 1 1 0 0 0 
0 0 1 0 0 1 1 
1 1 0 1 1 0 0 
1 1 0 1 0 0 0 

JOBS [7] - [9, 16, 11, 4, 1, 10, 2]
TOOL SWITCHES : 11
MAKESPAN : 43

- MACHINE [1]

0 1 0 0 0 0 
0 0 0 0 0 0 
0 0 1 0 1 0 
0 0 0 0 0 1 
0 0 1 1 1 0 
1 0 0 0 0 0 
0 0 1 0 1 1 
1 1 1 0 1 0 
1 0 1 0 0 0 
0 0 1 1 0 1 
0 1 0 0 0 1 
0 0 0 0 0 0 
0 0 0 0 0 0 
1 1 0 0 0 0 
0 0 0 0 1 0 
1 1 0 1 0 0 
0 0 0 0 0 0 
0 0 0 1 1 1 
0 0 0 1 0 0 
0 0 0 1 0 1 

JOBS [6] - [13, 6, 3, 14, 0, 5]
TOOL SWITCHES : 6
MAKESPAN : 43

- MACHINE [2]

0 1 1 1 0 0 1 
0 0 0 1 0 0 0 
1 0 1 0 0 0 0 
1 0 1 0 1 1 0 
0 0 1 0 0 0 0 
0 0 0 0 0 0 0 
1 1 0 0 0 1 1 
0 1 0 1 1 0 0 
0 0 0 0 0 0 0 
0 1 0 1 0 0 1 
0 1 0 0 1 1 0 
0 0 1 0 0 0 0 
0 1 0 1 0 0 0 
1 0 1 0 1 0 0 
0 0 1 0 0 1 1 
0 0 0 0 1 1 0 
0 0 0 1 1 0 0 
0 0 0 0 0 0 0 
0 0 0 0 0 1 0 
1 0 0 0 1 0 1 

JOBS [7] - [17, 7, 15, 18, 19, 12, 8]
TOOL SWITCHES : 4
MAKESPAN : 43

# -------------------------- #

--- TOTAL TOOL SWITCHES : 21
--- HIGHEST MAKESPAN : 43
--- TOTAL FLOWTIME : 430
--- RUNNING TIME : 4.425

# -------------------------- #
RUN : 1 - instancias_txt/SSP-NPM-I/ins152_m=3_j=20_t=20_var=12.txt

- MACHINE [0]

1 0 0 0 0 0 
1 1 1 0 0 0 
0 0 0 0 0 0 
1 0 1 1 1 0 
0 1 0 0 0 0 
0 0 0 0 0 0 
0 0 0 0 1 1 
1 0 0 0 0 0 
0 1 1 1 0 0 
1 1 1 0 0 1 
0 0 0 0 0 1 
0 0 0 0 0 1 
1 0 1 1 1 0 
0 1 1 0 1 0 
0 0 1 1 0 0 
0 0 0 0 0 0 
0 0 0 1 1 1 
0 0 0 1 0 1 
0 0 0 0 0 1 
0 0 0 0 1 0 

JOBS [6] - [3, 17, 2, 0, 8, 4]
TOOL SWITCHES : 11
MAKESPAN : 37

- MACHINE [1]

1 0 1 0 1 1 0 
1 1 0 0 0 0 0 
0 1 0 0 0 0 0 
1 1 1 0 0 0 0 
1 0 0 0 1 1 1 
0 0 1 0 1 0 0 
0 0 0 0 0 0 0 
0 0 0 0 0 1 1 
1 1 0 1 0 0 1 
1 0 1 1 0 0 0 
0 0 0 0 0 0 0 
0 0 0 1 0 0 1 
0 0 0 0 1 1 0 
0 0 0 0 0 0 0 
0 0 0 0 0 0 0 
0 0 1 1 0 1 0 
0 1 0 1 1 0 0 
0 0 1 0 0 0 0 
0 0 0 0 0 1 1 
0 1 0 1 0 0 1 

JOBS [7] - [15, 6, 1, 18, 12, 13, 10]
TOOL SWITCHES : 6
MAKESPAN : 35

- MACHINE [2]

1 1 0 0 1 1 0 
0 1 1 1 0 0 1 
0 0 0 1 1 1 1 
0 0 0 1 0 0 0 
0 1 0 0 0 0 0 
0 0 0 0 0 0 0 
1 0 0 0 1 1 1 
0 1 0 0 0 0 0 
1 0 0 0 0 0 1 
0 0 0 0 0 0 0 
0 0 0 1 1 1 0 
0 0 1 0 0 0 0 
0 0 0 0 0 0 0 
1 1 1 0 0 0 0 
0 0 0 0 0 1 0 
0 1 1 1 1 1 0 
0 0 0 0 0 0 0 
0 0 1 1 0 0 1 
1 0 1 0 0 0 0 
0 0 0 1 1 0 1 

JOBS [7] - [9, 19, 14, 16, 11, 5, 7]
TOOL SWITCHES : 3
MAKESPAN : 37

# -------------------------- #

--- TOTAL TOOL SWITCHES : 20
--- HIGHEST MAKESPAN : 37
--- TOTAL FLOWTIME : 351
--- RUNNING TIME : 3.93886

# -------------------------- #
RUN : 1 - instancias_txt/SSP-NPM-I/ins153_m=3_j=20_t=20_var=13.txt

- MACHINE [0]

0 0 1 1 0 0 
0 0 0 0 0 1 
0 0 0 1 1 1 
0 0 1 0 1 1 
0 1 1 0 0 0 
0 1 0 1 1 1 
0 0 0 0 0 0 
0 0 0 1 1 0 
1 0 1 0 1 1 
1 1 0 0 1 0 
0 1 1 1 0 0 
1 0 0 0 0 0 
0 0 0 0 0 1 
0 0 1 1 1 1 
1 0 0 0 0 0 
1 1 0 0 0 0 
1 0 0 0 0 0 
0 0 0 0 0 0 
0 0 0 0 0 0 
0 0 0 0 0 0 

JOBS [6] - [0, 17, 2, 10, 12, 15]
TOOL SWITCHES : 11
MAKESPAN : 44

- MACHINE [1]

1 1 1 0 0 0 0 
1 0 1 0 1 0 0 
0 0 0 0 1 0 0 
0 0 0 0 0 1 0 
0 0 0 1 0 0 0 
0 1 0 0 0 0 0 
0 1 1 0 0 0 0 
0 0 0 1 1 1 0 
0 1 0 0 1 1 1 
0 0 0 0 0 1 1 
0 0 0 0 0 0 0 
1 0 0 1 0 0 1 
1 0 0 1 1 0 0 
0 0 0 0 0 0 0 
1 0 0 0 0 0 0 
0 0 1 1 1 0 0 
0 1 1 0 1 0 1 
0 1 0 1 0 0 1 
0 0 0 0 0 1 0 
1 0 0 0 0 0 1 

JOBS [7] - [6, 9, 5, 18, 8, 4, 13]
TOOL SWITCHES : 8
MAKESPAN : 44

- MACHINE [2]

0 0 0 0 0 0 0 
0 1 1 1 0 1 0 
0 0 0 0 0 1 0 
0 0 1 0 1 0 1 
0 0 1 1 0 0 0 
1 1 0 0 0 0 0 
0 0 1 0 1 0 0 
1 0 1 1 0 0 1 
0 0 0 0 0 0 0 
1 0 0 0 1 0 0 
0 0 1 1 1 0 0 
0 0 0 0 0 0 0 
0 0 0 0 0 1 0 
0 1 0 1 1 0 1 
0 0 0 0 0 0 0 
1 1 0 0 0 1 0 
0 0 0 0 0 0 1 
0 1 0 1 0 0 0 
1 1 0 0 0 1 1 
0 0 0 1 1 1 0 

JOBS [7] - [14, 11, 1, 7, 3, 19, 16]
TOOL SWITCHES : 3
MAKESPAN : 43

# -------------------------- #

--- TOTAL TOOL SWITCHES : 22
--- HIGHEST MAKESPAN : 44
--- TOTAL FLOWTIME : 461
--- RUNNING TIME : 4.58641

# -------------------------- #
RUN : 1 - instancias_txt/SSP-NPM-I/ins154_m=3_j=20_t=20_var=14.txt

- MACHINE [0]

0 0 0 0 0 0 
0 0 0 0 0 1 
1 0 0 0 0 0 
0 0 0 1 1 1 
0 0 1 1 1 1 
0 1 0 0 0 1 
0 0 0 0 0 0 
0 1 0 1 1 1 
0 0 0 0 0 0 
0 0 0 1 1 1 
1 0 0 0 0 0 
1 1 0 0 0 0 
0 0 1 1 0 0 
1 1 1 0 1 0 
1 0 1 0 0 0 
1 1 0 0 0 0 
0 0 0 0 0 0 
0 0 0 0 0 0 
0 0 0 0 0 1 
1 1 1 1 0 0 

JOBS [6] - [15, 19, 0, 11, 12, 1]
TOOL SWITCHES : 9
MAKESPAN : 42

- MACHINE [1]

1 0 0 0 0 0 
1 0 0 0 1 1 
0 0 0 0 0 0 
0 0 0 0 0 0 
1 1 1 0 0 1 
0 1 0 1 1 1 
0 1 1 0 1 0 
1 0 0 0 1 0 
1 1 1 1 0 0 
0 0 0 0 0 0 
1 0 0 0 0 0 
0 0 1 1 1 0 
0 0 0 1 1 0 
0 1 0 1 0 1 
0 0 0 0 0 0 
0 1 0 1 0 1 
0 0 1 0 0 0 
0 0 0 0 0 1 
0 0 0 0 0 0 
0 0 0 0 0 0 

JOBS [6] - [2, 5, 14, 6, 8, 3]
TOOL SWITCHES : 4
MAKESPAN : 43

- MACHINE [2]

0 0 0 0 1 0 1 0 
0 0 0 0 0 0 0 0 
1 0 0 1 1 1 1 0 
0 0 1 0 0 0 1 1 
0 0 0 0 0 0 0 0 
0 0 0 0 0 0 1 0 
0 0 0 0 1 0 0 1 
0 0 0 0 0 0 0 0 
0 1 0 0 1 0 0 0 
1 1 0 1 0 0 0 1 
1 1 0 0 0 1 0 1 
0 0 0 0 0 0 0 0 
1 0 1 1 0 1 0 1 
0 0 0 0 0 0 1 0 
0 0 0 1 0 0 0 0 
0 1 1 0 0 0 0 0 
0 1 0 1 1 0 0 0 
1 0 1 0 0 1 0 0 
1 0 1 1 0 0 0 0 
0 1 1 0 1 1 0 1 

JOBS [8] - [10, 7, 17, 4, 13, 16, 9, 18]
TOOL SWITCHES : 3
MAKESPAN : 41

# -------------------------- #

--- TOTAL TOOL SWITCHES : 16
--- HIGHEST MAKESPAN : 43
--- TOTAL FLOWTIME : 448
--- RUNNING TIME : 4.98269

# -------------------------- #
RUN : 1 - instancias_txt/SSP-NPM-I/ins155_m=3_j=20_t=20_var=15.txt

- MACHINE [0]

0 0 0 0 0 0 
0 0 1 0 1 0 
1 1 0 0 0 0 
0 0 1 1 0 0 
1 0 1 0 0 0 
0 0 0 1 1 0 
1 0 0 0 0 0 
0 0 0 0 0 1 
0 0 0 0 0 0 
1 1 1 1 0 0 
0 0 0 0 0 0 
1 0 0 0 0 0 
0 0 0 0 1 1 
0 1 1 0 1 0 
1 0 0 0 0 0 
0 1 0 0 1 0 
0 0 0 0 0 1 
0 1 1 1 1 1 
0 1 1 1 0 0 
0 0 0 0 0 1 

JOBS [6] - [15, 12, 1, 10, 7, 16]
TOOL SWITCHES : 11
MAKESPAN : 38

- MACHINE [1]

0 0 0 1 0 0 
0 0 1 0 0 0 
0 0 0 0 0 0 
0 1 1 1 1 0 
0 0 0 1 1 1 
0 0 0 1 0 0 
1 1 0 0 0 0 
0 0 0 0 0 0 
1 1 1 0 1 0 
0 0 0 1 1 1 
0 0 1 0 1 1 
1 0 1 0 0 0 
0 0 0 0 0 0 
0 0 0 1 1 0 
1 1 0 0 0 0 
0 1 0 1 0 1 
0 1 1 0 0 0 
1 1 0 0 0 0 
0 0 0 0 0 0 
0 0 1 0 0 1 

JOBS [6] - [13, 6, 11, 14, 8, 17]
TOOL SWITCHES : 6
MAKESPAN : 36

- MACHINE [2]

0 0 1 1 1 1 1 1 
0 0 0 1 1 1 0 0 
0 1 0 1 0 1 1 1 
0 0 1 0 1 1 0 1 
0 1 0 0 0 1 0 1 
1 0 0 1 1 0 0 0 
0 0 0 0 0 0 0 0 
1 1 0 0 0 0 0 0 
0 0 0 1 1 0 0 0 
0 0 0 0 0 0 0 0 
1 0 1 1 0 0 0 0 
0 0 0 0 0 0 0 0 
0 0 0 0 0 0 0 0 
0 0 0 0 0 0 0 0 
1 1 0 0 0 0 1 1 
1 1 0 0 0 0 1 0 
0 1 1 0 1 1 1 0 
1 0 0 0 0 0 1 1 
0 0 1 0 0 1 0 1 
1 1 1 0 0 0 0 0 

JOBS [8] - [0, 18, 4, 9, 3, 2, 19, 5]
TOOL SWITCHES : 2
MAKESPAN : 38

# -------------------------- #

--- TOTAL TOOL SWITCHES : 19
--- HIGHEST MAKESPAN : 38
--- TOTAL FLOWTIME : 451
--- RUNNING TIME : 4.8441

# -------------------------- #
RUN : 1 - instancias_txt/SSP-NPM-I/ins156_m=3_j=20_t=20_var=16.txt

- MACHINE [0]

0 0 1 1 0 
1 1 1 0 0 
1 0 0 1 0 
0 0 0 0 1 
0 0 0 0 0 
0 0 0 0 0 
0 1 0 0 0 
0 1 0 0 0 
0 0 0 0 0 
0 0 0 0 0 
0 1 1 0 0 
1 0 1 1 0 
0 0 0 1 1 
0 0 0 0 0 
0 0 0 0 1 
1 0 0 0 0 
0 0 0 0 1 
1 0 1 0 1 
1 1 0 0 0 
0 0 0 1 1 

JOBS [5] - [16, 7, 4, 12, 6]
TOOL SWITCHES : 9
MAKESPAN : 40

- MACHINE [1]

1 1 0 0 0 
0 1 0 0 1 
0 0 0 1 0 
1 1 1 0 0 
0 0 0 1 1 
1 0 0 1 0 
1 1 0 0 0 
0 1 0 0 0 
0 0 0 1 1 
0 0 1 1 0 
1 0 1 0 0 
0 0 1 0 0 
0 0 0 0 1 
0 0 0 0 0 
0 1 0 0 0 
1 0 1 0 1 
0 0 0 0 0 
1 0 0 0 0 
0 0 1 1 1 
0 0 0 0 0 

JOBS [5] - [18, 2, 3, 10, 1]
TOOL SWITCHES : 7
MAKESPAN : 41

- MACHINE [2]

0 0 0 0 1 1 0 0 0 1 
1 1 0 0 1 0 1 0 1 0 
0 0 0 0 0 0 0 1 0 0 
0 0 0 0 0 0 0 0 0 0 
0 0 0 0 0 1 1 1 1 0 
1 0 0 0 1 0 1 0 1 0 
0 0 0 1 0 0 0 0 1 1 
0 0 0 0 0 0 0 0 0 0 
0 0 0 0 0 0 1 1 1 1 
0 1 1 0 1 0 0 0 0 0 
1 1 0 1 1 0 0 0 0 0 
0 0 1 0 1 0 1 0 1 1 
1 0 0 1 0 0 0 1 0 0 
1 0 0 1 0 0 0 0 0 0 
0 1 1 1 0 0 0 0 0 0 
0 0 0 0 0 1 0 1 0 0 
0 0 0 1 0 1 0 0 0 1 
0 1 0 0 0 1 0 0 0 0 
0 1 1 1 0 0 0 1 0 1 
0 0 1 0 0 1 0 0 0 0 

JOBS [10] - [19, 17, 13, 8, 14, 11, 15, 9, 0, 5]
TOOL SWITCHES : 5
MAKESPAN : 40

# -------------------------- #

--- TOTAL TOOL SWITCHES : 21
--- HIGHEST MAKESPAN : 41
--- TOTAL FLOWTIME : 414
--- RUNNING TIME : 5.82158

# -------------------------- #
RUN : 1 - instancias_txt/SSP-NPM-I/ins157_m=3_j=20_t=20_var=17.txt

- MACHINE [0]

0 0 0 0 1 1 0 
1 0 0 0 0 1 0 
0 0 1 1 1 0 0 
0 0 0 0 0 0 0 
0 1 1 0 0 0 0 
1 1 1 0 1 0 0 
0 0 0 0 1 1 1 
0 1 1 0 0 0 0 
0 0 0 1 1 0 1 
0 1 1 0 0 0 0 
1 0 0 0 0 0 0 
0 0 0 0 0 0 0 
1 0 0 0 0 0 0 
0 0 0 1 0 1 1 
0 1 0 1 0 0 0 
0 0 0 0 0 0 1 
1 0 0 1 0 0 0 
1 1 1 1 1 1 0 
0 0 0 0 0 1 1 
0 0 0 0 0 0 1 

JOBS [7] - [1, 11, 14, 15, 7, 6, 9]
TOOL SWITCHES : 13
MAKESPAN : 43

- MACHINE [1]

0 0 0 1 0 1 0 
0 0 1 0 0 0 0 
0 0 0 0 1 1 1 
1 0 1 1 1 0 0 
1 1 0 1 0 1 1 
0 0 0 0 0 0 0 
0 0 0 0 0 0 0 
0 0 0 0 0 0 1 
0 0 0 0 0 0 0 
0 0 0 0 0 0 0 
0 1 1 0 1 0 0 
1 0 0 0 0 0 0 
0 1 0 0 1 1 0 
1 1 1 0 0 0 1 
0 0 0 1 1 0 0 
1 1 0 1 0 0 0 
0 0 1 1 0 1 1 
0 0 0 0 0 0 0 
0 1 1 0 0 0 0 
0 1 0 0 0 1 0 

JOBS [7] - [0, 5, 10, 8, 12, 13, 17]
TOOL SWITCHES : 5
MAKESPAN : 43

- MACHINE [2]

0 1 0 0 1 1 
0 0 0 0 0 0 
1 0 1 0 0 0 
0 1 0 1 0 1 
1 0 0 0 1 0 
1 0 1 0 1 0 
1 1 0 1 0 0 
0 0 1 0 1 0 
1 1 0 0 1 1 
0 0 1 1 0 0 
1 1 0 0 0 0 
0 0 0 0 0 0 
0 0 0 1 0 1 
0 1 0 1 0 0 
0 0 0 0 0 0 
1 0 1 0 1 1 
0 0 0 0 1 0 
0 0 0 0 0 1 
0 0 0 1 0 1 
0 1 1 0 0 0 

JOBS [6] - [3, 18, 19, 4, 16, 2]
TOOL SWITCHES : 4
MAKESPAN : 41

# -------------------------- #

--- TOTAL TOOL SWITCHES : 22
--- HIGHEST MAKESPAN : 43
--- TOTAL FLOWTIME : 429
--- RUNNING TIME : 4.58098

# -------------------------- #
RUN : 1 - instancias_txt/SSP-NPM-I/ins158_m=3_j=20_t=20_var=18.txt

- MACHINE [0]

0 1 0 0 1 1 0 
0 0 0 0 0 0 0 
0 1 0 0 1 0 0 
0 0 0 0 0 1 0 
1 0 0 0 0 0 0 
0 1 1 1 0 0 0 
0 0 0 0 0 0 1 
0 0 0 0 0 0 0 
0 0 1 1 0 0 0 
1 1 1 0 0 0 0 
0 0 0 0 1 0 1 
1 0 1 1 1 1 0 
1 1 0 0 0 0 0 
0 0 0 1 1 1 0 
0 0 0 0 0 0 0 
1 0 0 0 0 0 0 
0 0 0 0 0 1 1 
0 0 1 1 0 0 0 
0 1 1 1 1 1 1 
0 0 0 0 0 0 1 

JOBS [7] - [17, 7, 16, 5, 2, 11, 19]
TOOL SWITCHES : 11
MAKESPAN : 41

- MACHINE [1]

1 1 0 0 1 1 
0 0 1 1 0 1 
0 0 0 0 0 0 
1 0 1 0 0 0 
0 0 0 0 0 1 
1 1 0 0 0 0 
0 0 0 0 0 0 
1 0 0 1 0 0 
0 1 1 0 0 0 
0 0 0 1 1 0 
1 0 1 0 0 0 
0 1 0 0 0 0 
0 0 0 1 0 1 
0 0 0 0 0 0 
1 0 0 1 0 0 
0 0 0 1 1 0 
0 0 0 0 0 0 
0 1 1 0 1 0 
0 0 1 0 0 0 
0 1 1 0 1 1 

JOBS [6] - [1, 14, 6, 3, 13, 8]
TOOL SWITCHES : 6
MAKESPAN : 42

- MACHINE [2]

0 0 0 0 0 1 1 
0 0 1 0 1 0 0 
0 0 0 1 0 0 0 
0 0 1 0 0 0 0 
0 0 0 0 0 0 0 
0 0 0 0 0 0 0 
1 0 0 1 1 1 0 
0 1 0 0 0 0 0 
1 0 1 1 1 0 0 
0 0 0 0 0 0 0 
1 1 0 0 0 1 1 
0 0 1 0 0 0 1 
0 1 1 0 0 1 0 
0 1 1 0 0 1 0 
0 1 0 1 0 0 1 
1 1 0 1 1 1 0 
1 0 0 0 1 0 0 
0 0 0 0 1 1 0 
1 0 0 0 1 0 1 
0 0 0 1 0 0 1 

JOBS [7] - [0, 10, 12, 18, 4, 15, 9]
TOOL SWITCHES : 4
MAKESPAN : 42

# -------------------------- #

--- TOTAL TOOL SWITCHES : 21
--- HIGHEST MAKESPAN : 42
--- TOTAL FLOWTIME : 443
--- RUNNING TIME : 4.75845

# -------------------------- #
RUN : 1 - instancias_txt/SSP-NPM-I/ins159_m=3_j=20_t=20_var=19.txt

- MACHINE [0]

0 0 1 1 0 
1 0 0 0 1 
0 1 1 0 0 
0 1 0 1 0 
0 0 0 0 1 
1 0 0 0 0 
0 0 0 0 0 
0 0 0 0 0 
1 0 0 0 1 
0 0 0 0 0 
0 0 0 0 0 
0 0 0 0 0 
1 1 0 0 0 
0 0 0 0 0 
1 1 1 1 1 
1 0 1 1 1 
0 1 1 0 1 
0 0 0 0 0 
0 0 0 1 0 
0 1 1 0 0 

JOBS [5] - [8, 7, 19, 1, 2]
TOOL SWITCHES : 8
MAKESPAN : 40

- MACHINE [1]

0 0 0 1 1 0 1 
0 0 0 0 0 0 0 
1 0 0 0 0 1 0 
1 0 1 0 0 0 0 
0 0 1 0 0 1 1 
0 0 0 0 0 1 1 
0 0 0 0 0 0 0 
0 0 0 0 1 0 0 
0 1 0 0 1 0 0 
0 1 0 0 0 0 0 
0 0 0 1 0 0 0 
1 1 1 1 0 0 0 
1 0 0 0 0 0 0 
0 1 0 1 0 1 0 
0 1 0 1 0 0 1 
1 0 1 0 0 0 0 
1 1 0 0 1 1 0 
0 0 1 1 1 0 0 
0 0 0 0 1 1 1 
0 1 0 0 0 0 0 

JOBS [7] - [15, 3, 17, 5, 14, 9, 10]
TOOL SWITCHES : 8
MAKESPAN : 41

- MACHINE [2]

1 0 1 0 0 1 0 1 
1 1 0 0 0 0 0 0 
0 1 0 1 0 1 0 0 
1 0 0 1 0 0 1 1 
0 0 0 0 0 0 0 1 
0 0 1 1 0 0 0 0 
1 1 0 0 0 0 0 1 
0 1 0 1 0 1 1 0 
1 0 0 1 1 0 0 0 
0 0 0 0 1 0 1 0 
0 0 1 0 0 1 0 0 
1 0 1 0 0 0 0 0 
0 1 1 1 1 0 1 0 
0 0 0 0 0 1 0 1 
0 0 1 0 1 0 0 0 
0 0 0 0 0 0 0 0 
0 0 0 0 1 1 1 0 
0 1 1 0 0 0 1 0 
0 0 0 0 0 0 0 0 
0 1 0 0 1 0 1 1 

JOBS [8] - [16, 12, 0, 4, 11, 13, 6, 18]
TOOL SWITCHES : 5
MAKESPAN : 41

# -------------------------- #

--- TOTAL TOOL SWITCHES : 21
--- HIGHEST MAKESPAN : 41
--- TOTAL FLOWTIME : 462
--- RUNNING TIME : 5.59345

# -------------------------- #
RUN : 1 - instancias_txt/SSP-NPM-I/ins160_m=3_j=20_t=20_var=20.txt

- MACHINE [0]

0 0 0 0 1 0 
1 1 1 1 1 0 
1 0 1 1 1 0 
1 0 0 0 1 0 
0 0 0 0 0 0 
0 0 0 0 0 1 
0 0 0 0 0 0 
1 1 1 0 0 0 
0 0 0 1 0 0 
0 0 0 0 0 0 
0 0 0 0 0 0 
1 1 0 0 0 0 
0 0 0 0 0 1 
0 0 1 0 0 1 
0 0 0 1 0 0 
1 1 0 0 0 0 
0 0 1 1 1 0 
0 1 0 0 0 1 
0 1 0 1 0 0 
0 0 0 0 0 1 

JOBS [6] - [16, 4, 13, 5, 14, 11]
TOOL SWITCHES : 11
MAKESPAN : 43

- MACHINE [1]

0 0 0 0 0 0 0 0 
0 1 1 1 1 0 0 0 
0 0 0 0 0 0 0 0 
0 0 1 0 0 1 1 0 
1 0 0 0 0 1 0 1 
0 0 0 0 0 0 0 0 
0 0 0 0 0 1 0 1 
1 0 1 0 1 0 0 0 
1 0 0 1 1 1 0 0 
0 0 0 0 0 0 1 0 
1 0 0 0 1 1 0 1 
0 0 0 1 1 0 0 0 
0 1 0 1 1 0 1 0 
0 0 0 0 0 1 0 0 
0 0 0 1 0 0 1 1 
0 0 1 0 0 0 0 0 
0 1 1 1 0 0 1 0 
0 1 1 0 0 0 0 0 
0 0 0 0 0 0 1 1 
1 1 0 0 0 0 0 0 

JOBS [8] - [19, 18, 17, 3, 7, 0, 10, 9]
TOOL SWITCHES : 7
MAKESPAN : 44

- MACHINE [2]

0 0 1 0 0 1 
0 0 0 0 0 0 
1 0 0 0 1 1 
0 1 0 0 0 0 
1 0 1 1 1 0 
1 0 1 0 0 0 
0 1 1 1 0 0 
1 0 0 1 1 1 
0 0 0 0 0 0 
0 1 1 0 1 1 
0 0 1 0 0 0 
0 0 0 0 0 0 
0 0 0 1 0 0 
0 0 0 0 1 0 
0 0 0 0 0 0 
0 0 0 0 1 1 
1 1 0 1 0 0 
0 0 0 0 0 0 
0 0 0 0 0 1 
1 1 1 1 0 0 

JOBS [6] - [2, 1, 8, 6, 12, 15]
TOOL SWITCHES : 2
MAKESPAN : 42

# -------------------------- #

--- TOTAL TOOL SWITCHES : 20
--- HIGHEST MAKESPAN : 44
--- TOTAL FLOWTIME : 442
--- RUNNING TIME : 4.88788

# -------------------------- #


avg : 42.35
