RUN : 1 - instancias_txt/SSP-NPM-I/ins141_m=3_j=20_t=20_var=1.txt

- MACHINE [0]

0 0 1 1 1 0 
1 1 0 1 0 0 
0 0 0 1 1 0 
0 0 0 1 0 1 
0 0 0 0 0 1 
0 0 0 0 0 1 
0 0 1 0 0 0 
0 1 1 0 0 0 
0 0 0 1 1 0 
0 1 0 0 0 0 
0 0 0 0 1 1 
1 0 0 0 0 0 
1 1 0 0 0 0 
0 1 0 0 1 0 
0 0 1 0 0 0 
1 0 0 0 0 0 
1 1 0 0 0 0 
0 0 1 1 0 1 
1 0 1 0 0 0 
0 0 0 0 1 1 

JOBS [6] - [12, 8, 2, 4, 14, 16]
TOOL SWITCHES : 15
MAKESPAN : 48

- MACHINE [1]

0 0 0 0 0 0 0 
0 0 1 1 0 1 0 
1 0 1 1 1 0 1 
0 1 0 0 0 0 0 
0 0 0 0 0 1 0 
1 0 0 1 0 0 0 
1 1 1 1 0 0 0 
0 0 0 0 1 1 1 
0 1 0 0 1 1 0 
0 0 0 0 0 0 0 
0 0 0 0 0 0 1 
1 0 0 1 1 0 1 
0 1 1 0 0 0 1 
0 0 0 1 1 0 0 
0 0 1 0 1 1 1 
0 0 0 0 1 1 0 
1 0 0 0 0 0 0 
0 0 0 0 0 0 0 
0 1 0 1 0 1 0 
0 0 1 0 0 0 0 

JOBS [7] - [3, 6, 0, 5, 9, 18, 7]
TOOL SWITCHES : 7
MAKESPAN : 48

- MACHINE [2]

0 0 1 1 0 0 0 
0 0 0 0 0 0 0 
0 0 0 0 0 0 0 
0 0 0 0 0 0 0 
1 0 0 0 0 1 0 
1 1 0 0 0 0 1 
0 1 0 0 0 0 1 
0 0 0 0 0 0 0 
0 0 1 0 0 0 1 
0 0 1 1 1 1 1 
1 1 1 0 1 0 1 
0 0 0 0 0 1 0 
1 0 0 1 0 1 0 
1 1 1 0 0 0 1 
1 0 0 1 1 1 1 
0 0 0 1 1 1 0 
0 1 1 0 0 0 0 
0 0 0 0 1 0 0 
0 1 0 1 0 0 0 
0 0 0 0 0 0 0 

JOBS [7] - [15, 13, 17, 1, 19, 11, 10]
TOOL SWITCHES : 2
MAKESPAN : 47

# -------------------------- #

--- TOTAL TOOL SWITCHES : 24
--- HIGHEST MAKESPAN : 48
--- TOTAL FLOWTIME : 486
--- RUNNING TIME : 4.81568

# -------------------------- #
RUN : 1 - instancias_txt/SSP-NPM-I/ins142_m=3_j=20_t=20_var=2.txt

- MACHINE [0]

1 0 0 0 0 1 
1 0 0 0 0 0 
0 0 1 1 0 0 
1 1 1 0 0 0 
0 1 1 1 0 1 
0 0 0 1 1 1 
0 0 1 1 1 0 
1 1 0 0 0 0 
0 0 0 0 0 0 
0 0 0 0 0 1 
1 0 0 0 1 0 
0 0 0 0 0 0 
0 0 0 1 0 0 
1 0 0 0 1 0 
0 0 0 0 1 1 
0 1 1 0 0 0 
0 1 0 0 0 0 
0 0 0 1 0 0 
0 0 0 0 1 1 
0 0 1 0 0 1 

JOBS [6] - [3, 9, 4, 13, 14, 18]
TOOL SWITCHES : 14
MAKESPAN : 42

- MACHINE [1]

0 0 0 0 0 0 
0 0 1 1 0 1 
1 1 0 0 0 0 
0 0 0 0 0 0 
0 0 1 1 0 0 
0 0 0 0 1 1 
0 0 1 0 0 0 
1 1 1 1 1 1 
1 0 0 0 0 0 
0 1 0 0 0 1 
0 0 1 1 0 1 
0 0 0 0 0 0 
1 0 0 0 0 0 
1 0 0 1 1 0 
0 1 1 0 0 1 
0 1 0 0 0 0 
1 1 0 0 0 0 
0 0 0 0 1 1 
1 1 1 0 0 0 
0 0 0 1 1 0 

JOBS [6] - [2, 11, 15, 10, 6, 1]
TOOL SWITCHES : 7
MAKESPAN : 40

- MACHINE [2]

0 0 1 1 1 0 1 0 
0 0 0 0 0 0 0 0 
0 1 0 0 0 0 0 1 
0 1 0 1 0 0 0 0 
0 0 0 0 0 0 0 0 
1 0 0 1 0 0 0 0 
0 1 0 0 0 1 0 0 
1 0 1 1 0 0 1 0 
0 0 0 0 0 1 1 1 
1 0 0 0 0 0 0 0 
0 0 0 0 0 0 0 0 
0 1 1 0 0 1 0 0 
1 1 1 0 0 0 0 0 
0 0 0 0 1 1 0 1 
0 0 0 0 1 0 0 0 
0 0 0 0 0 0 0 0 
0 0 1 0 1 0 0 0 
1 0 1 0 0 0 1 1 
1 0 0 0 0 1 1 1 
0 0 0 1 1 0 0 0 

JOBS [8] - [12, 16, 19, 8, 7, 5, 0, 17]
TOOL SWITCHES : 3
MAKESPAN : 42

# -------------------------- #

--- TOTAL TOOL SWITCHES : 24
--- HIGHEST MAKESPAN : 42
--- TOTAL FLOWTIME : 416
--- RUNNING TIME : 5.4353

# -------------------------- #
RUN : 1 - instancias_txt/SSP-NPM-I/ins143_m=3_j=20_t=20_var=3.txt

- MACHINE [0]

0 0 0 0 0 1 1 
0 0 0 0 0 0 1 
0 0 0 1 0 0 0 
0 0 0 0 0 1 1 
0 1 1 1 1 0 0 
1 1 1 1 0 1 1 
0 0 0 0 0 0 0 
0 0 0 0 1 0 1 
1 0 1 1 1 1 0 
0 0 0 0 0 0 0 
0 1 0 0 0 0 0 
1 0 0 0 0 0 0 
0 0 1 0 0 0 0 
0 1 1 1 0 0 0 
1 1 0 0 0 0 0 
0 0 1 0 0 1 0 
1 0 0 0 0 0 0 
0 0 0 1 1 0 0 
0 1 0 0 1 0 0 
1 0 0 0 1 0 1 

JOBS [7] - [17, 2, 5, 19, 11, 14, 9]
TOOL SWITCHES : 13
MAKESPAN : 42

- MACHINE [1]

0 0 0 0 0 0 
0 0 0 0 0 0 
0 0 0 1 1 0 
0 1 1 1 0 0 
1 0 0 1 1 0 
0 0 0 0 0 0 
1 0 1 0 0 0 
0 0 0 0 1 0 
1 1 0 1 0 1 
0 0 0 0 0 0 
0 0 0 0 0 1 
0 0 1 0 0 1 
0 0 0 0 0 0 
0 1 0 0 0 0 
0 0 0 1 0 0 
0 1 1 0 1 1 
0 1 0 0 1 1 
0 1 1 0 0 0 
1 0 0 0 0 1 
1 0 0 1 1 0 

JOBS [6] - [16, 10, 15, 18, 13, 3]
TOOL SWITCHES : 5
MAKESPAN : 42

- MACHINE [2]

0 1 1 0 0 0 1 
1 1 1 1 0 0 0 
0 0 0 0 1 1 0 
1 0 1 0 0 0 0 
0 0 0 0 1 1 0 
1 1 0 0 1 0 0 
0 1 1 0 0 0 0 
0 0 1 1 0 1 0 
0 0 0 0 0 0 0 
0 0 0 1 1 0 1 
0 1 0 1 0 0 0 
1 0 0 0 0 1 0 
0 0 1 0 0 0 0 
0 0 0 1 0 0 0 
1 0 0 1 0 1 1 
0 0 0 0 0 1 0 
0 0 1 0 0 0 1 
0 0 0 0 0 0 0 
1 0 0 0 1 1 0 
0 1 0 0 0 0 1 

JOBS [7] - [8, 4, 7, 12, 6, 0, 1]
TOOL SWITCHES : 5
MAKESPAN : 38

# -------------------------- #

--- TOTAL TOOL SWITCHES : 23
--- HIGHEST MAKESPAN : 42
--- TOTAL FLOWTIME : 437
--- RUNNING TIME : 3.94349

# -------------------------- #
RUN : 1 - instancias_txt/SSP-NPM-I/ins144_m=3_j=20_t=20_var=4.txt

- MACHINE [0]

1 1 1 1 0 1 
0 0 0 0 0 0 
0 0 0 1 1 1 
1 1 1 0 0 0 
0 0 0 0 0 0 
0 0 0 0 1 1 
0 0 0 1 0 0 
0 0 0 0 1 1 
0 0 1 1 1 0 
0 1 1 0 0 0 
0 0 1 0 0 0 
0 0 0 0 1 1 
1 0 0 0 0 0 
0 0 0 0 0 0 
1 1 0 0 0 0 
0 1 0 0 0 0 
0 0 0 1 0 0 
1 0 0 1 1 0 
1 1 0 0 0 0 
0 1 1 0 0 0 

JOBS [6] - [5, 9, 2, 11, 10, 18]
TOOL SWITCHES : 11
MAKESPAN : 39

- MACHINE [1]

0 0 0 0 0 
0 1 0 0 0 
0 0 1 0 1 
0 0 1 0 1 
1 1 0 0 0 
1 1 0 0 0 
0 0 0 0 0 
1 0 0 1 1 
1 1 0 0 1 
1 1 0 0 0 
1 0 0 1 0 
0 0 0 0 0 
0 0 0 0 0 
0 0 1 1 0 
0 1 1 1 0 
0 0 1 0 1 
0 0 0 1 0 
0 1 1 0 1 
0 0 0 0 0 
0 0 0 0 1 

JOBS [5] - [17, 12, 3, 15, 6]
TOOL SWITCHES : 5
MAKESPAN : 33

- MACHINE [2]

0 0 0 0 0 1 0 0 1 
1 0 1 1 0 0 0 0 0 
0 0 0 0 0 0 1 1 0 
0 1 0 1 0 0 1 1 0 
0 0 0 0 0 0 0 0 0 
0 0 0 0 0 1 0 0 0 
1 0 0 0 1 1 1 0 1 
0 1 0 0 1 0 0 0 1 
0 1 1 0 1 0 0 0 0 
0 0 0 0 1 1 1 1 0 
1 0 0 1 1 0 0 1 0 
0 0 1 0 0 0 0 1 0 
0 0 0 0 1 1 1 0 0 
1 0 1 0 0 1 0 0 0 
0 0 0 0 0 0 1 1 1 
1 1 1 1 0 0 0 0 1 
1 0 0 1 0 0 0 0 0 
0 0 0 0 0 0 0 0 0 
0 1 1 0 0 0 0 1 0 
0 1 0 0 1 1 0 0 1 

JOBS [9] - [14, 8, 19, 0, 4, 1, 16, 13, 7]
TOOL SWITCHES : 5
MAKESPAN : 39

# -------------------------- #

--- TOTAL TOOL SWITCHES : 21
--- HIGHEST MAKESPAN : 39
--- TOTAL FLOWTIME : 378
--- RUNNING TIME : 5.78574

# -------------------------- #
RUN : 1 - instancias_txt/SSP-NPM-I/ins145_m=3_j=20_t=20_var=5.txt

- MACHINE [0]

0 0 0 0 0 1 
0 0 0 0 1 0 
0 1 0 1 0 0 
0 1 0 0 0 0 
0 1 1 1 0 0 
1 1 1 0 0 0 
0 0 0 0 0 0 
0 0 0 0 1 1 
0 0 0 0 1 0 
0 0 0 1 1 0 
1 0 1 0 0 0 
1 1 0 0 0 0 
1 0 0 0 0 0 
0 0 0 0 0 1 
0 0 0 0 0 1 
0 1 1 1 0 0 
0 0 0 1 1 0 
1 0 0 1 0 1 
1 0 0 0 0 0 
0 0 1 1 1 1 

JOBS [6] - [16, 17, 13, 12, 5, 2]
TOOL SWITCHES : 13
MAKESPAN : 45

- MACHINE [1]

0 0 0 1 0 1 0 
0 1 0 0 1 0 0 
0 0 0 1 0 1 1 
1 1 0 0 0 0 0 
0 0 1 0 1 1 0 
0 0 0 0 0 0 1 
1 1 0 1 0 0 0 
0 0 0 1 1 0 0 
0 0 0 1 0 0 1 
1 0 1 0 0 1 0 
1 1 1 0 0 0 0 
0 0 0 0 0 0 0 
0 0 0 0 1 0 0 
0 0 0 0 1 1 1 
1 0 0 0 0 0 0 
1 1 1 0 0 0 0 
0 0 0 0 0 0 1 
0 0 0 0 0 0 0 
0 1 1 0 0 1 1 
1 0 0 0 0 0 0 

JOBS [7] - [1, 15, 11, 10, 4, 19, 6]
TOOL SWITCHES : 8
MAKESPAN : 44

- MACHINE [2]

1 0 0 1 0 0 0 
0 0 0 0 1 1 1 
0 0 0 1 1 0 0 
0 0 0 0 0 0 0 
0 0 0 0 0 1 1 
1 1 0 0 0 0 0 
0 0 0 0 0 0 0 
1 0 0 1 0 1 0 
0 0 0 1 0 0 1 
1 0 1 0 1 1 1 
0 1 1 1 0 1 0 
0 1 0 1 1 0 1 
0 1 1 0 1 0 1 
0 1 1 1 0 0 0 
0 0 0 0 0 0 0 
0 1 1 0 1 0 0 
0 1 0 0 0 1 0 
1 0 1 0 0 0 0 
1 0 0 0 1 0 1 
0 0 0 0 0 0 0 

JOBS [7] - [7, 18, 14, 0, 9, 8, 3]
TOOL SWITCHES : 3
MAKESPAN : 46

# -------------------------- #

--- TOTAL TOOL SWITCHES : 24
--- HIGHEST MAKESPAN : 46
--- TOTAL FLOWTIME : 441
--- RUNNING TIME : 5.04197

# -------------------------- #
RUN : 1 - instancias_txt/SSP-NPM-I/ins146_m=3_j=20_t=20_var=6.txt

- MACHINE [0]

1 0 0 0 0 
0 0 0 0 0 
0 0 0 0 0 
1 1 1 1 0 
0 1 1 0 0 
0 0 0 0 1 
0 1 0 1 0 
0 0 0 0 0 
0 0 0 0 1 
0 0 0 1 1 
0 0 1 0 1 
0 0 0 0 0 
0 1 0 0 0 
1 0 0 0 0 
0 0 0 0 0 
0 0 0 0 1 
1 1 1 1 0 
1 1 1 1 0 
1 1 0 1 0 
0 0 0 0 1 

JOBS [5] - [13, 8, 6, 19, 1]
TOOL SWITCHES : 8
MAKESPAN : 45

- MACHINE [1]

1 1 0 0 0 1 0 
0 0 0 0 0 1 0 
1 1 0 1 0 0 0 
0 0 0 0 0 0 0 
0 0 0 0 1 1 0 
1 1 1 0 0 1 1 
1 0 0 0 0 0 0 
0 0 0 0 0 0 0 
1 1 1 0 0 0 1 
0 0 0 0 0 0 0 
0 0 1 0 1 0 1 
0 0 0 0 0 0 0 
0 0 0 1 1 1 1 
0 0 0 0 0 0 0 
0 0 1 1 1 0 1 
0 0 0 1 0 1 0 
0 1 0 0 0 0 0 
1 0 0 0 0 0 0 
0 0 1 0 1 0 0 
1 1 0 1 1 0 1 

JOBS [7] - [16, 9, 10, 5, 2, 17, 14]
TOOL SWITCHES : 5
MAKESPAN : 46

- MACHINE [2]

0 0 0 0 0 0 0 0 
0 0 1 0 0 0 0 1 
0 1 0 1 0 1 1 0 
1 0 1 0 0 1 0 0 
0 0 0 0 0 0 0 0 
0 1 1 1 0 1 1 1 
1 0 0 0 1 0 0 1 
1 0 0 1 1 0 0 0 
0 0 1 1 0 1 0 0 
0 0 0 0 0 0 1 0 
0 1 0 0 0 0 1 1 
0 0 0 0 1 0 1 1 
0 0 0 1 1 0 0 1 
0 0 0 0 0 1 1 0 
0 1 0 1 1 1 0 0 
1 1 0 0 0 0 0 0 
1 0 1 1 0 0 0 0 
0 0 0 0 0 0 0 0 
0 0 0 0 0 0 0 0 
0 1 1 0 0 0 1 1 

JOBS [8] - [11, 7, 0, 12, 4, 15, 18, 3]
TOOL SWITCHES : 3
MAKESPAN : 46

# -------------------------- #

--- TOTAL TOOL SWITCHES : 16
--- HIGHEST MAKESPAN : 46
--- TOTAL FLOWTIME : 488
--- RUNNING TIME : 4.98252

# -------------------------- #
RUN : 1 - instancias_txt/SSP-NPM-I/ins147_m=3_j=20_t=20_var=7.txt

- MACHINE [0]

0 0 0 1 0 0 1 
0 0 0 1 1 0 0 
0 1 1 0 0 0 0 
0 0 0 0 0 0 0 
0 0 0 0 0 0 0 
1 1 1 1 0 0 0 
0 0 0 0 0 0 0 
0 0 0 0 0 1 1 
0 0 0 0 0 0 1 
0 0 1 0 0 0 0 
1 0 0 0 0 0 0 
1 0 0 0 0 0 0 
0 1 1 0 0 0 0 
0 0 1 0 1 1 1 
0 0 0 1 0 1 0 
0 0 0 0 1 0 1 
1 0 0 0 1 1 0 
1 1 0 0 1 1 0 
0 1 1 1 1 1 0 
1 1 0 0 0 0 0 

JOBS [7] - [8, 19, 6, 2, 17, 9, 13]
TOOL SWITCHES : 12
MAKESPAN : 41

- MACHINE [1]

0 0 1 0 1 1 
1 1 1 0 0 0 
0 0 0 0 0 0 
1 0 0 0 0 1 
0 0 0 0 0 0 
0 1 0 1 0 0 
1 0 0 0 1 0 
0 0 0 0 0 0 
0 0 0 0 0 0 
0 0 0 0 0 1 
0 1 0 0 1 0 
0 0 0 1 0 0 
1 1 0 0 0 0 
1 0 1 0 0 0 
1 0 1 0 0 1 
0 0 1 1 1 0 
1 1 0 1 1 0 
0 0 1 1 1 1 
0 0 0 0 0 0 
0 0 0 0 0 0 

JOBS [6] - [11, 12, 7, 14, 18, 5]
TOOL SWITCHES : 5
MAKESPAN : 41

- MACHINE [2]

0 1 0 0 0 0 0 
0 0 0 0 0 0 0 
0 0 0 0 0 1 1 
0 1 0 0 0 0 1 
1 1 0 0 0 1 1 
0 0 1 1 0 0 0 
0 0 0 0 0 1 0 
0 0 0 1 0 0 1 
0 0 0 1 1 0 0 
1 0 1 0 1 0 0 
1 0 0 0 1 0 1 
1 1 1 1 0 1 0 
0 0 0 0 0 0 0 
0 0 0 0 0 0 0 
0 0 1 0 1 0 0 
0 0 0 0 1 0 0 
1 0 0 0 1 1 0 
0 0 0 0 0 0 0 
0 1 1 0 1 0 0 
1 0 0 1 0 0 1 

JOBS [7] - [1, 0, 3, 4, 15, 16, 10]
TOOL SWITCHES : 3
MAKESPAN : 40

# -------------------------- #

--- TOTAL TOOL SWITCHES : 20
--- HIGHEST MAKESPAN : 41
--- TOTAL FLOWTIME : 431
--- RUNNING TIME : 4.28287

# -------------------------- #
RUN : 1 - instancias_txt/SSP-NPM-I/ins148_m=3_j=20_t=20_var=8.txt

- MACHINE [0]

1 0 1 1 0 0 
0 0 1 0 1 1 
0 0 0 0 0 0 
0 1 0 0 0 0 
1 0 0 1 0 1 
0 0 0 0 0 0 
0 0 0 1 1 0 
0 1 0 1 0 0 
0 0 0 0 1 0 
1 0 0 0 0 0 
0 1 1 0 0 0 
0 0 0 0 0 1 
0 0 0 0 0 1 
0 0 0 0 1 1 
0 0 0 1 0 0 
0 1 0 0 0 0 
0 0 0 0 1 1 
1 1 1 0 0 0 
1 0 0 0 0 0 
1 1 1 1 0 0 

JOBS [6] - [3, 0, 11, 10, 8, 9]
TOOL SWITCHES : 12
MAKESPAN : 41

- MACHINE [1]

0 0 0 0 0 0 0 
0 0 1 0 1 0 1 
0 1 0 1 0 0 0 
1 1 0 0 0 0 0 
1 1 0 0 0 0 0 
0 1 1 0 0 0 0 
1 1 0 0 1 0 1 
1 0 1 0 0 0 0 
0 0 0 0 1 0 0 
0 0 0 0 0 1 1 
0 1 1 0 1 1 0 
0 0 1 0 1 0 0 
0 0 0 0 0 1 0 
0 0 1 1 1 1 0 
1 0 0 1 0 1 1 
1 0 0 1 0 1 1 
0 0 0 0 0 0 0 
0 0 0 1 0 0 1 
0 0 0 1 0 0 0 
0 0 0 0 0 0 0 

JOBS [7] - [19, 15, 4, 6, 5, 7, 17]
TOOL SWITCHES : 7
MAKESPAN : 41

- MACHINE [2]

0 0 0 0 1 0 1 
1 1 0 0 0 0 0 
0 0 1 1 0 1 0 
0 0 0 0 0 0 0 
1 0 0 0 0 0 1 
0 1 0 0 1 1 0 
0 0 0 0 0 0 1 
1 1 1 0 1 0 0 
0 1 1 1 0 0 0 
0 0 0 0 0 0 0 
1 0 0 1 0 0 0 
0 0 0 0 0 0 0 
0 0 0 1 0 1 0 
0 0 0 0 0 0 0 
0 1 0 1 1 1 0 
0 0 1 0 1 0 1 
0 1 0 0 1 1 1 
1 0 1 0 0 1 1 
1 0 1 0 0 0 0 
0 1 0 0 0 0 0 

JOBS [7] - [2, 12, 13, 18, 14, 16, 1]
TOOL SWITCHES : 3
MAKESPAN : 38

# -------------------------- #

--- TOTAL TOOL SWITCHES : 22
--- HIGHEST MAKESPAN : 41
--- TOTAL FLOWTIME : 409
--- RUNNING TIME : 5.17809

# -------------------------- #
RUN : 1 - instancias_txt/SSP-NPM-I/ins149_m=3_j=20_t=20_var=9.txt

- MACHINE [0]

0 1 1 0 0 
1 0 1 0 1 
0 0 0 1 0 
0 0 0 1 1 
0 0 0 0 0 
0 0 0 0 0 
1 0 0 0 0 
0 0 0 0 0 
0 0 0 1 0 
0 1 1 0 1 
0 0 0 0 0 
1 1 0 0 0 
1 0 0 0 1 
0 1 1 0 0 
0 0 1 1 1 
1 1 0 0 0 
0 0 1 1 0 
0 0 0 1 1 
0 0 0 0 1 
0 0 0 0 0 

JOBS [5] - [15, 19, 9, 13, 7]
TOOL SWITCHES : 10
MAKESPAN : 41

- MACHINE [1]

1 0 1 1 0 0 
0 1 1 0 0 0 
0 0 0 0 0 0 
1 1 0 0 0 0 
0 0 0 0 0 1 
0 0 0 0 0 0 
1 0 0 0 0 0 
0 1 0 1 1 0 
0 1 0 0 1 1 
0 0 0 0 1 0 
0 0 0 1 0 1 
0 1 0 1 0 0 
0 0 0 0 0 0 
1 1 1 0 0 1 
0 0 0 0 1 1 
0 1 0 1 1 0 
0 0 0 1 1 0 
0 0 1 1 0 0 
1 0 1 0 1 0 
1 0 1 0 0 0 

JOBS [6] - [1, 5, 2, 17, 0, 4]
TOOL SWITCHES : 7
MAKESPAN : 41

- MACHINE [2]

0 0 1 0 0 0 0 0 0 
1 1 1 0 0 0 1 1 0 
0 1 0 1 1 0 1 0 0 
0 0 0 0 0 0 0 0 0 
0 1 1 0 0 0 1 1 1 
0 1 0 1 0 1 0 0 1 
0 0 0 1 1 1 0 1 0 
1 0 0 1 0 1 1 0 0 
0 0 0 0 0 0 0 0 0 
1 1 0 1 1 1 1 0 0 
1 1 1 0 0 0 0 0 0 
1 0 0 0 0 1 0 1 1 
0 0 0 0 0 0 0 0 0 
0 0 1 1 1 0 1 1 0 
0 1 0 0 1 0 1 0 1 
1 0 1 0 1 0 0 0 0 
0 0 0 0 0 0 0 0 0 
0 0 0 1 0 1 0 1 0 
0 0 0 0 0 0 0 0 1 
0 0 0 0 0 1 0 0 1 

JOBS [9] - [10, 6, 16, 8, 12, 18, 3, 11, 14]
TOOL SWITCHES : 3
MAKESPAN : 41

# -------------------------- #

--- TOTAL TOOL SWITCHES : 20
--- HIGHEST MAKESPAN : 41
--- TOTAL FLOWTIME : 455
--- RUNNING TIME : 6.46779

# -------------------------- #
RUN : 1 - instancias_txt/SSP-NPM-I/ins150_m=3_j=20_t=20_var=10.txt

- MACHINE [0]

0 0 0 0 0 0 
0 0 0 0 0 1 
0 0 0 1 0 0 
0 1 1 0 0 0 
0 0 0 0 0 0 
1 1 1 1 0 1 
1 0 0 0 0 0 
0 0 0 0 0 0 
1 1 0 0 0 0 
0 0 0 0 0 0 
0 0 0 1 1 1 
0 0 0 0 1 1 
1 0 1 1 1 1 
0 0 1 0 1 0 
0 0 0 0 0 0 
0 1 0 1 0 1 
0 0 1 1 1 0 
1 1 0 0 0 1 
1 0 0 0 0 0 
1 1 1 0 0 0 

JOBS [6] - [7, 13, 18, 0, 4, 12]
TOOL SWITCHES : 9
MAKESPAN : 42

- MACHINE [1]

0 1 1 0 1 0 0 
0 0 0 0 0 0 0 
0 0 0 0 1 1 1 
0 0 0 0 0 0 0 
0 0 0 0 0 1 0 
0 0 1 0 0 0 0 
0 0 0 0 0 1 0 
1 1 0 0 0 0 0 
0 0 1 0 0 0 0 
0 0 0 0 0 0 0 
1 0 0 1 0 1 1 
1 0 1 1 1 1 1 
0 0 1 0 0 1 0 
1 1 0 1 0 0 0 
1 1 0 0 1 0 0 
0 0 0 0 0 0 0 
0 1 1 0 1 0 0 
0 0 0 0 0 0 1 
0 0 0 1 0 0 1 
0 1 0 1 0 0 0 

JOBS [7] - [15, 19, 17, 14, 1, 8, 3]
TOOL SWITCHES : 6
MAKESPAN : 40

- MACHINE [2]

0 0 0 0 0 1 0 
0 0 0 1 1 1 0 
0 1 1 0 0 0 0 
1 1 1 0 1 1 0 
1 0 1 0 1 0 0 
0 1 1 0 0 0 0 
0 1 0 1 1 1 1 
0 0 0 1 0 0 0 
1 0 0 0 0 0 1 
0 1 1 0 0 1 0 
1 0 0 0 0 0 1 
0 0 0 0 0 0 0 
0 0 0 0 0 0 0 
0 0 0 0 0 0 1 
0 1 1 0 0 0 0 
1 0 1 1 0 0 0 
0 0 0 0 0 0 0 
0 0 0 1 1 0 1 
1 0 0 0 0 1 0 
1 0 0 1 1 1 1 

JOBS [7] - [6, 10, 2, 11, 16, 9, 5]
TOOL SWITCHES : 4
MAKESPAN : 43

# -------------------------- #

--- TOTAL TOOL SWITCHES : 19
--- HIGHEST MAKESPAN : 43
--- TOTAL FLOWTIME : 429
--- RUNNING TIME : 4.7141

# -------------------------- #
RUN : 1 - instancias_txt/SSP-NPM-I/ins151_m=3_j=20_t=20_var=11.txt

- MACHINE [0]

0 0 0 0 0 0 0 
1 1 1 1 1 0 0 
0 0 0 0 0 0 1 
0 0 0 0 0 0 0 
0 1 0 1 0 0 1 
0 0 0 0 0 0 0 
0 1 0 0 0 1 1 
0 0 1 1 1 1 1 
0 0 0 0 0 0 1 
0 0 0 0 0 1 1 
0 0 0 0 1 1 0 
0 0 1 0 1 0 0 
1 1 0 0 0 0 0 
1 0 0 0 0 0 0 
0 0 0 0 0 0 0 
0 0 0 0 0 1 0 
1 1 1 1 0 0 0 
0 0 0 1 0 1 0 
1 1 1 0 1 0 0 
1 1 1 0 0 0 0 

JOBS [7] - [16, 9, 4, 11, 1, 2, 3]
TOOL SWITCHES : 10
MAKESPAN : 42

- MACHINE [1]

0 0 0 1 0 1 1 
0 0 0 0 0 0 0 
0 1 0 0 1 1 0 
0 1 1 0 0 1 1 
1 0 0 0 1 1 0 
0 0 0 0 0 0 0 
0 1 1 0 1 0 0 
0 0 0 1 1 0 1 
0 0 0 0 0 0 1 
1 0 1 0 0 0 0 
0 0 1 1 0 0 0 
0 0 0 0 0 1 1 
0 0 0 0 0 0 0 
0 1 0 1 0 1 0 
0 0 0 0 1 1 0 
1 0 0 1 0 0 0 
0 0 0 0 0 0 0 
1 0 1 0 1 0 1 
1 0 0 0 0 0 0 
1 1 1 0 0 0 0 

JOBS [7] - [14, 17, 5, 6, 0, 15, 10]
TOOL SWITCHES : 6
MAKESPAN : 41

- MACHINE [2]

1 0 1 1 0 0 
0 0 0 1 0 0 
0 0 0 0 0 0 
0 0 0 0 1 1 
0 0 0 0 0 0 
0 1 0 0 0 0 
1 0 1 0 0 1 
0 1 1 1 1 0 
0 1 0 0 0 0 
1 0 1 1 0 0 
0 0 1 0 1 1 
0 0 0 0 0 0 
0 0 1 1 0 0 
0 1 0 0 1 0 
1 0 0 0 0 1 
0 1 0 0 1 1 
0 0 0 1 1 0 
0 0 0 0 0 0 
0 0 0 0 0 1 
1 0 0 0 1 0 

JOBS [6] - [8, 13, 7, 18, 19, 12]
TOOL SWITCHES : 3
MAKESPAN : 43

# -------------------------- #

--- TOTAL TOOL SWITCHES : 19
--- HIGHEST MAKESPAN : 43
--- TOTAL FLOWTIME : 415
--- RUNNING TIME : 4.08873

# -------------------------- #
RUN : 1 - instancias_txt/SSP-NPM-I/ins152_m=3_j=20_t=20_var=12.txt

- MACHINE [0]

0 0 0 0 0 
0 1 1 0 0 
0 0 0 0 0 
0 0 0 0 1 
0 0 1 1 0 
0 0 0 0 0 
1 0 0 0 1 
0 0 0 1 0 
0 0 1 1 0 
1 0 1 0 0 
1 0 0 0 0 
1 1 0 1 0 
0 0 0 0 1 
0 1 1 0 1 
0 0 0 0 0 
0 1 0 0 0 
1 0 0 0 1 
1 1 0 0 0 
1 1 0 1 0 
0 0 0 1 1 

JOBS [5] - [4, 14, 17, 10, 8]
TOOL SWITCHES : 11
MAKESPAN : 39

- MACHINE [1]

1 1 0 0 0 0 0 
0 0 1 0 1 1 0 
0 0 0 0 1 1 0 
1 0 1 1 1 0 0 
0 1 0 0 0 0 0 
1 1 0 0 0 0 0 
0 0 0 0 0 1 0 
0 0 0 0 0 0 0 
0 0 1 1 1 1 1 
1 0 1 0 0 0 1 
0 0 0 0 0 0 0 
0 0 0 0 0 0 1 
0 1 1 1 0 0 0 
0 0 1 0 0 0 0 
0 0 1 1 0 0 0 
1 0 0 0 0 0 1 
0 1 0 1 1 0 1 
1 0 0 1 0 1 0 
0 0 0 0 0 0 0 
0 0 0 0 1 1 1 

JOBS [7] - [1, 12, 2, 0, 6, 7, 18]
TOOL SWITCHES : 7
MAKESPAN : 39

- MACHINE [2]

1 1 1 0 1 1 1 1 
1 0 0 1 0 1 1 0 
0 0 1 1 1 0 0 0 
0 0 0 1 0 1 1 0 
1 0 0 0 0 1 0 1 
0 0 0 0 0 0 0 0 
0 1 1 0 1 0 0 0 
1 0 0 0 0 0 1 1 
0 1 0 0 0 1 0 0 
0 0 0 0 0 1 1 0 
0 0 1 1 1 0 0 0 
0 0 0 0 0 0 0 0 
0 0 0 0 0 0 1 1 
1 1 0 0 0 0 0 0 
0 0 0 0 1 0 0 0 
1 0 1 1 1 0 0 1 
0 0 0 0 0 0 0 0 
0 0 0 1 0 0 0 0 
0 1 0 0 0 0 0 1 
0 0 1 1 0 0 0 0 

JOBS [8] - [19, 9, 11, 16, 5, 15, 3, 13]
TOOL SWITCHES : 4
MAKESPAN : 39

# -------------------------- #

--- TOTAL TOOL SWITCHES : 22
--- HIGHEST MAKESPAN : 39
--- TOTAL FLOWTIME : 397
--- RUNNING TIME : 4.60575

# -------------------------- #
RUN : 1 - instancias_txt/SSP-NPM-I/ins153_m=3_j=20_t=20_var=13.txt

- MACHINE [0]

0 0 1 1 0 0 
1 0 0 0 0 0 
1 1 1 0 0 0 
1 1 0 1 0 0 
0 0 0 1 1 0 
1 1 1 0 1 0 
0 0 0 0 0 0 
0 1 1 0 0 0 
1 1 0 1 0 1 
0 1 0 0 1 1 
0 0 1 1 1 0 
0 0 0 0 0 1 
1 0 0 0 0 0 
1 1 1 1 0 0 
0 0 0 0 0 1 
0 0 0 0 1 1 
0 0 0 0 0 1 
0 0 0 0 0 0 
0 0 0 0 0 0 
0 0 0 0 0 0 

JOBS [6] - [15, 12, 10, 2, 17, 0]
TOOL SWITCHES : 11
MAKESPAN : 44

- MACHINE [1]

0 1 1 1 0 0 0 
0 0 1 1 1 1 0 
0 0 0 0 1 1 0 
0 0 0 0 0 0 0 
0 0 0 0 0 0 1 
0 1 0 0 0 0 0 
0 1 0 1 0 0 0 
0 0 0 0 1 0 1 
1 1 0 0 1 0 0 
1 0 0 0 0 0 0 
0 0 0 0 0 0 0 
1 0 1 0 0 0 1 
0 0 1 0 1 1 1 
0 0 0 0 0 0 0 
0 0 1 0 0 0 0 
0 0 0 1 1 1 1 
1 1 0 1 1 0 0 
1 1 0 0 0 0 1 
0 0 0 0 0 1 0 
1 0 1 0 0 1 0 

JOBS [7] - [13, 9, 6, 5, 8, 19, 18]
TOOL SWITCHES : 7
MAKESPAN : 44

- MACHINE [2]

0 0 0 0 0 0 0 
0 0 1 0 0 1 1 
0 0 0 0 0 0 0 
1 1 0 0 1 0 1 
0 0 1 0 0 0 1 
0 0 0 1 0 1 0 
0 0 0 0 1 0 1 
1 1 1 1 0 0 1 
0 1 0 0 0 0 0 
0 1 0 1 1 0 0 
0 0 1 0 1 0 1 
0 0 0 0 0 0 0 
0 0 0 0 0 0 0 
1 0 1 0 1 1 0 
0 0 0 0 0 0 0 
0 0 0 1 0 1 0 
1 0 0 0 0 0 0 
0 0 1 0 0 1 0 
1 1 0 1 0 1 0 
0 0 1 0 1 0 0 

JOBS [7] - [16, 4, 7, 14, 3, 11, 1]
TOOL SWITCHES : 2
MAKESPAN : 45

# -------------------------- #

--- TOTAL TOOL SWITCHES : 20
--- HIGHEST MAKESPAN : 45
--- TOTAL FLOWTIME : 476
--- RUNNING TIME : 6.02314

# -------------------------- #
RUN : 1 - instancias_txt/SSP-NPM-I/ins154_m=3_j=20_t=20_var=14.txt

- MACHINE [0]

1 0 0 0 0 1 0 
0 0 0 0 0 0 0 
1 0 0 1 0 1 0 
0 0 0 0 0 1 0 
0 1 1 0 0 0 0 
0 0 0 0 1 1 1 
1 1 0 0 0 0 0 
0 0 0 0 1 0 0 
1 1 0 0 0 0 1 
0 0 0 0 0 0 0 
0 0 0 1 0 0 0 
0 1 0 1 1 0 1 
0 0 1 0 0 0 1 
0 0 1 1 1 1 1 
0 0 1 1 0 0 0 
0 0 0 1 1 0 1 
1 1 0 0 0 0 0 
0 0 0 0 0 0 0 
0 0 0 0 0 0 0 
1 0 1 1 1 0 0 

JOBS [7] - [13, 14, 0, 15, 19, 9, 6]
TOOL SWITCHES : 12
MAKESPAN : 42

- MACHINE [1]

0 0 0 0 0 0 
0 1 0 1 0 1 
0 0 0 0 0 0 
1 0 1 0 0 1 
1 0 1 1 1 1 
0 1 0 1 1 1 
0 1 0 0 1 0 
1 1 1 0 0 1 
0 0 0 0 1 0 
1 0 1 0 0 1 
0 0 0 0 0 0 
0 1 0 0 0 0 
0 1 1 0 0 0 
1 0 0 1 1 0 
0 0 0 0 0 0 
0 0 0 1 1 0 
0 0 0 0 0 0 
0 0 0 1 0 0 
0 0 0 0 0 1 
0 0 1 0 0 0 

JOBS [6] - [12, 8, 11, 3, 5, 1]
TOOL SWITCHES : 5
MAKESPAN : 42

- MACHINE [2]

0 0 0 0 1 0 0 
0 0 0 0 1 0 0 
1 0 1 0 0 1 0 
0 1 0 0 0 0 1 
0 0 0 0 1 0 0 
0 0 0 0 0 0 0 
0 1 0 0 0 0 0 
0 0 0 0 1 0 0 
0 0 0 1 1 0 0 
1 1 1 1 0 0 0 
0 1 1 1 1 1 0 
0 0 0 0 0 0 0 
1 1 1 0 0 1 1 
0 0 0 0 0 0 0 
1 0 0 0 0 0 0 
0 0 0 1 0 0 1 
1 0 0 1 0 0 0 
0 0 1 0 0 1 1 
1 0 1 0 0 0 1 
0 1 0 1 0 1 1 

JOBS [7] - [4, 18, 10, 7, 2, 16, 17]
TOOL SWITCHES : 4
MAKESPAN : 39

# -------------------------- #

--- TOTAL TOOL SWITCHES : 21
--- HIGHEST MAKESPAN : 42
--- TOTAL FLOWTIME : 436
--- RUNNING TIME : 4.01495

# -------------------------- #
RUN : 1 - instancias_txt/SSP-NPM-I/ins155_m=3_j=20_t=20_var=15.txt

- MACHINE [0]

0 0 0 0 1 1 0 
0 1 0 1 0 0 0 
0 0 0 0 1 1 1 
0 0 1 1 1 0 0 
0 0 0 1 1 0 1 
0 1 1 0 0 0 0 
0 0 0 0 0 0 1 
1 0 0 0 0 0 0 
0 0 0 0 0 0 0 
0 0 1 1 0 0 1 
0 0 0 0 0 0 0 
0 0 0 0 0 0 1 
1 1 0 0 0 0 0 
0 1 0 1 0 0 0 
0 0 0 0 1 1 1 
0 1 0 0 0 1 0 
1 0 0 0 0 1 0 
1 1 1 1 1 1 0 
0 0 1 1 1 0 0 
1 0 0 0 0 0 0 

JOBS [7] - [16, 7, 10, 1, 5, 19, 15]
TOOL SWITCHES : 14
MAKESPAN : 39

- MACHINE [1]

1 0 0 0 0 0 
0 0 0 0 0 0 
0 0 0 0 0 1 
1 0 1 0 1 0 
1 0 0 1 1 0 
1 0 0 0 0 0 
0 1 1 0 0 0 
0 0 0 0 0 0 
0 1 1 0 1 0 
1 0 0 1 1 1 
0 0 0 1 1 0 
0 1 0 0 0 0 
0 0 0 0 0 0 
1 0 0 0 1 1 
0 1 1 0 0 0 
1 0 1 1 0 1 
0 0 1 0 0 0 
0 1 1 0 0 1 
0 0 0 0 0 1 
0 0 0 1 0 0 

JOBS [6] - [14, 13, 6, 17, 8, 12]
TOOL SWITCHES : 7
MAKESPAN : 40

- MACHINE [2]

1 0 0 1 1 1 0 
0 0 1 1 1 1 0 
0 0 0 0 1 1 1 
1 0 1 1 0 1 0 
0 0 0 0 0 1 1 
0 1 0 1 1 0 0 
0 0 0 0 0 0 0 
0 1 0 0 0 0 1 
0 0 1 1 1 0 0 
0 0 0 0 0 0 0 
1 1 1 0 1 0 0 
0 0 1 0 0 0 0 
0 0 0 0 0 0 0 
0 0 0 0 0 0 0 
0 1 0 0 0 0 1 
0 1 0 0 0 0 1 
1 0 1 1 0 1 1 
0 1 0 0 0 0 0 
1 0 0 0 0 1 0 
1 1 1 0 0 0 1 

JOBS [7] - [4, 0, 11, 3, 9, 2, 18]
TOOL SWITCHES : 3
MAKESPAN : 40

# -------------------------- #

--- TOTAL TOOL SWITCHES : 24
--- HIGHEST MAKESPAN : 40
--- TOTAL FLOWTIME : 406
--- RUNNING TIME : 4.53979

# -------------------------- #
RUN : 1 - instancias_txt/SSP-NPM-I/ins156_m=3_j=20_t=20_var=16.txt

- MACHINE [0]

0 0 1 1 0 
1 1 1 0 0 
0 1 0 1 0 
0 0 0 0 1 
0 0 0 0 0 
0 0 0 0 0 
1 0 0 0 0 
1 0 0 0 0 
0 0 0 0 0 
0 0 0 0 0 
1 0 1 0 0 
0 1 1 1 0 
0 0 0 1 1 
0 0 0 0 0 
0 0 0 0 1 
0 1 0 0 0 
0 0 0 0 1 
0 1 1 0 1 
1 1 0 0 0 
0 0 0 1 1 

JOBS [5] - [7, 16, 4, 12, 6]
TOOL SWITCHES : 8
MAKESPAN : 38

- MACHINE [1]

1 0 0 1 0 
1 1 0 0 0 
0 0 1 0 0 
1 0 0 1 1 
0 1 1 0 0 
0 0 1 1 0 
1 0 0 1 0 
1 0 0 0 0 
0 1 1 0 0 
0 0 1 0 1 
0 0 0 1 1 
0 0 0 0 1 
0 1 0 0 0 
0 0 0 0 0 
1 0 0 0 0 
0 1 0 1 1 
0 0 0 0 0 
0 0 0 1 0 
0 1 1 0 1 
0 0 0 0 0 

JOBS [5] - [2, 1, 10, 18, 3]
TOOL SWITCHES : 7
MAKESPAN : 41

- MACHINE [2]

0 1 0 1 0 1 0 0 0 0 
0 0 0 0 1 1 1 0 1 1 
0 0 1 0 0 0 0 0 0 0 
0 0 0 0 0 0 0 0 0 0 
0 0 1 1 0 0 1 0 0 1 
0 0 0 0 0 1 1 0 1 1 
0 1 0 0 0 0 1 1 0 0 
0 0 0 0 0 0 0 0 0 0 
0 1 1 0 0 0 1 0 0 1 
1 0 0 0 1 1 0 0 0 0 
0 0 0 0 1 1 0 1 1 0 
1 1 0 0 0 1 1 0 0 1 
0 0 1 0 0 0 0 1 1 0 
0 0 0 0 0 0 0 1 1 0 
1 0 0 0 1 0 0 1 0 0 
0 0 1 1 0 0 0 0 0 0 
0 1 0 1 0 0 0 1 0 0 
0 0 0 1 1 0 0 0 0 0 
1 1 1 0 1 0 0 1 0 0 
1 0 0 1 0 0 0 0 0 0 

JOBS [10] - [13, 5, 9, 11, 17, 14, 0, 8, 19, 15]
TOOL SWITCHES : 5
MAKESPAN : 40

# -------------------------- #

--- TOTAL TOOL SWITCHES : 20
--- HIGHEST MAKESPAN : 41
--- TOTAL FLOWTIME : 407
--- RUNNING TIME : 5.74395

# -------------------------- #
RUN : 1 - instancias_txt/SSP-NPM-I/ins157_m=3_j=20_t=20_var=17.txt

- MACHINE [0]

1 0 1 1 0 0 
0 0 1 0 0 1 
0 0 0 1 1 0 
1 0 0 0 0 0 
0 0 0 0 0 0 
0 0 0 1 0 1 
1 1 1 1 0 0 
0 0 0 0 0 0 
1 1 0 1 1 0 
0 0 0 0 0 0 
1 0 0 0 0 1 
0 0 0 0 0 0 
0 0 0 0 0 1 
1 1 1 0 1 0 
0 0 0 0 1 0 
0 1 0 0 0 0 
0 0 0 0 1 1 
0 0 1 1 1 1 
0 1 1 0 0 0 
1 1 0 0 0 0 

JOBS [6] - [18, 9, 6, 7, 15, 1]
TOOL SWITCHES : 11
MAKESPAN : 39

- MACHINE [1]

0 0 0 0 0 0 
0 0 0 0 1 0 
1 0 1 0 0 0 
0 0 1 1 1 1 
1 1 0 1 0 0 
1 0 0 0 0 0 
1 0 0 0 0 1 
0 0 0 0 0 0 
1 0 0 0 0 0 
0 0 0 0 0 1 
1 1 1 0 1 0 
0 0 0 1 0 0 
0 1 1 0 0 1 
0 1 0 1 1 1 
0 0 1 0 0 0 
1 1 0 1 0 0 
0 0 0 0 1 0 
0 0 0 0 0 0 
0 1 0 0 1 1 
0 1 0 0 0 0 

JOBS [6] - [3, 5, 12, 0, 10, 4]
TOOL SWITCHES : 7
MAKESPAN : 41

- MACHINE [2]

1 1 0 0 1 0 1 0 
0 0 0 0 0 0 0 0 
0 1 1 1 0 1 0 0 
1 0 0 0 0 0 1 0 
0 1 0 1 1 1 1 1 
0 0 1 0 1 1 0 1 
0 0 0 0 0 0 0 0 
0 0 1 1 1 1 0 1 
1 0 0 0 1 0 0 0 
0 0 1 0 0 1 0 1 
0 0 0 0 0 0 0 0 
0 0 0 0 0 0 0 0 
1 1 0 0 0 0 0 0 
0 0 0 1 0 0 0 0 
0 0 0 0 0 0 1 1 
1 0 1 0 1 0 1 0 
0 1 0 1 1 0 1 0 
1 0 0 0 0 1 0 1 
1 0 0 0 0 0 0 0 
0 1 1 0 0 0 0 0 

JOBS [8] - [2, 13, 19, 17, 16, 14, 8, 11]
TOOL SWITCHES : 3
MAKESPAN : 41

# -------------------------- #

--- TOTAL TOOL SWITCHES : 21
--- HIGHEST MAKESPAN : 41
--- TOTAL FLOWTIME : 418
--- RUNNING TIME : 5.07442

# -------------------------- #
RUN : 1 - instancias_txt/SSP-NPM-I/ins158_m=3_j=20_t=20_var=18.txt

- MACHINE [0]

0 0 0 1 1 0 
0 0 0 0 0 1 
0 0 0 1 0 0 
0 0 0 0 1 1 
0 0 1 0 0 0 
1 1 0 1 0 0 
0 0 0 0 0 0 
0 0 0 0 0 0 
1 1 0 0 0 1 
0 1 1 1 0 0 
0 0 0 0 0 0 
1 1 1 0 1 1 
0 0 1 1 0 1 
1 0 0 0 1 1 
0 0 0 0 0 0 
0 0 1 0 0 0 
0 0 0 0 1 0 
1 1 0 0 0 0 
1 1 0 1 1 0 
0 0 0 0 0 0 

JOBS [6] - [5, 16, 17, 7, 11, 12]
TOOL SWITCHES : 10
MAKESPAN : 42

- MACHINE [1]

1 0 1 1 0 1 
0 1 0 0 1 1 
0 0 0 0 0 0 
1 0 0 0 1 0 
0 0 0 0 0 1 
1 0 0 1 0 0 
0 0 0 0 0 0 
1 1 0 0 0 0 
0 0 0 1 1 0 
0 1 1 0 0 0 
1 0 0 0 1 0 
0 0 0 1 0 0 
0 1 0 0 0 1 
0 0 0 0 0 0 
1 1 0 0 0 0 
0 1 1 0 0 0 
0 0 0 0 0 0 
0 0 1 1 1 0 
0 0 0 0 1 0 
0 0 1 1 1 1 

JOBS [6] - [1, 3, 13, 14, 6, 8]
TOOL SWITCHES : 6
MAKESPAN : 42

- MACHINE [2]

0 0 0 1 0 1 0 1 
0 0 1 0 0 0 0 0 
0 0 0 0 1 0 0 1 
0 0 0 0 0 0 0 0 
0 0 0 0 0 0 0 0 
0 0 0 0 0 0 0 0 
1 0 1 1 1 0 1 0 
0 1 0 0 0 0 0 0 
0 0 1 0 1 0 1 0 
0 0 0 0 0 0 0 0 
1 1 0 1 0 1 1 1 
0 0 0 0 0 1 0 1 
0 1 0 1 0 0 0 0 
0 1 0 1 0 0 0 1 
0 1 0 0 1 1 0 0 
0 1 1 1 1 0 1 0 
1 0 1 0 0 0 1 0 
0 0 1 1 0 0 0 0 
1 0 1 0 0 1 1 1 
1 0 0 0 1 1 0 0 

JOBS [8] - [19, 10, 4, 15, 18, 9, 0, 2]
TOOL SWITCHES : 3
MAKESPAN : 42

# -------------------------- #

--- TOTAL TOOL SWITCHES : 19
--- HIGHEST MAKESPAN : 42
--- TOTAL FLOWTIME : 420
--- RUNNING TIME : 5.27245

# -------------------------- #
RUN : 1 - instancias_txt/SSP-NPM-I/ins159_m=3_j=20_t=20_var=19.txt

- MACHINE [0]

0 1 1 0 0 
0 0 0 1 1 
1 0 1 0 0 
1 1 0 0 0 
0 0 0 0 1 
0 0 0 1 0 
0 0 0 0 0 
0 0 0 0 0 
0 0 0 1 1 
0 0 0 0 0 
0 0 0 0 0 
0 0 0 0 0 
1 0 0 1 0 
0 0 0 0 0 
1 1 1 1 1 
0 1 1 1 1 
1 0 1 0 1 
0 0 0 0 0 
0 1 0 0 0 
1 0 1 0 0 

JOBS [5] - [7, 1, 19, 8, 2]
TOOL SWITCHES : 8
MAKESPAN : 40

- MACHINE [1]

0 1 1 0 1 0 0 
0 0 0 0 0 0 0 
0 0 0 0 0 1 1 
0 0 0 1 0 0 1 
0 0 0 1 1 1 0 
0 0 0 0 1 1 0 
0 0 0 0 0 0 0 
0 1 0 0 0 0 0 
1 1 0 0 0 0 0 
1 0 0 0 0 0 0 
0 0 1 0 0 0 0 
1 0 1 1 0 0 1 
0 0 0 0 0 0 1 
1 0 1 0 0 1 0 
1 0 1 0 1 0 0 
0 0 0 1 0 0 1 
1 1 0 0 0 1 1 
0 1 1 1 0 0 0 
0 1 0 0 1 1 0 
1 0 0 0 0 0 0 

JOBS [7] - [3, 14, 5, 17, 10, 9, 15]
TOOL SWITCHES : 8
MAKESPAN : 41

- MACHINE [2]

1 1 0 0 0 1 0 1 
0 0 0 0 0 1 1 0 
0 1 0 1 0 0 1 0 
0 0 0 1 1 1 0 1 
0 0 0 0 0 0 0 1 
1 0 0 1 0 0 0 0 
0 0 0 0 0 1 1 1 
0 1 0 1 1 0 1 0 
0 0 1 1 0 1 0 0 
0 0 1 0 1 0 0 0 
1 1 0 0 0 0 0 0 
1 0 0 0 0 1 0 0 
1 0 1 1 1 0 1 0 
0 1 0 0 0 0 0 1 
1 0 1 0 0 0 0 0 
0 0 0 0 0 0 0 0 
0 1 1 0 1 0 0 0 
1 0 0 0 1 0 1 0 
0 0 0 0 0 0 0 0 
0 0 1 0 1 0 1 1 

JOBS [8] - [0, 13, 11, 4, 6, 16, 12, 18]
TOOL SWITCHES : 5
MAKESPAN : 41

# -------------------------- #

--- TOTAL TOOL SWITCHES : 21
--- HIGHEST MAKESPAN : 41
--- TOTAL FLOWTIME : 419
--- RUNNING TIME : 4.19386

# -------------------------- #
RUN : 1 - instancias_txt/SSP-NPM-I/ins160_m=3_j=20_t=20_var=20.txt

- MACHINE [0]

0 0 0 0 1 0 
0 1 1 1 1 0 
0 1 0 1 1 0 
0 1 0 0 1 1 
0 0 0 0 0 0 
1 0 0 0 0 0 
0 0 0 0 0 1 
0 1 1 0 0 0 
0 0 0 1 0 0 
0 0 0 0 0 1 
0 0 0 0 0 0 
0 1 1 0 0 0 
1 0 0 0 0 0 
1 0 0 0 0 0 
0 0 0 1 0 0 
0 1 1 0 0 0 
0 0 0 1 1 1 
1 0 1 0 0 0 
0 0 1 1 0 0 
1 0 0 0 0 1 

JOBS [6] - [11, 16, 4, 5, 14, 1]
TOOL SWITCHES : 13
MAKESPAN : 44

- MACHINE [1]

0 0 0 0 0 0 0 0 
1 1 0 0 1 1 0 0 
0 0 0 0 0 0 0 0 
0 1 0 1 0 0 1 0 
0 0 1 1 0 0 0 1 
0 0 0 0 0 0 0 0 
0 0 0 1 0 0 0 1 
0 1 1 0 1 0 0 0 
0 0 1 1 1 1 0 0 
0 0 0 0 0 0 1 0 
0 0 1 1 1 0 0 1 
0 0 0 0 1 1 0 0 
1 0 0 0 1 1 1 0 
0 0 0 1 0 0 0 0 
0 0 0 0 0 1 1 1 
0 1 0 0 0 0 0 0 
1 1 0 0 0 1 1 0 
1 1 0 0 0 0 0 0 
0 0 0 0 0 0 1 1 
1 0 1 0 0 0 0 0 

JOBS [8] - [18, 17, 19, 0, 7, 3, 10, 9]
TOOL SWITCHES : 7
MAKESPAN : 44

- MACHINE [2]

0 0 0 1 0 1 
0 0 0 0 1 0 
0 1 1 1 1 0 
0 0 0 0 0 0 
1 1 1 0 0 1 
0 0 1 0 0 1 
1 0 0 0 0 1 
1 1 1 1 1 0 
0 0 0 0 0 0 
0 1 0 1 0 1 
0 0 0 0 0 1 
0 0 0 0 0 0 
1 0 0 0 0 0 
0 1 0 0 1 0 
0 0 0 0 0 0 
0 1 0 1 0 0 
1 0 1 0 1 0 
0 0 0 0 0 0 
0 0 0 1 0 0 
1 0 1 0 0 1 

JOBS [6] - [6, 12, 2, 15, 13, 8]
TOOL SWITCHES : 2
MAKESPAN : 43

# -------------------------- #

--- TOTAL TOOL SWITCHES : 22
--- HIGHEST MAKESPAN : 44
--- TOTAL FLOWTIME : 430
--- RUNNING TIME : 4.81722

# -------------------------- #


avg : 42.35
