RUN : 1 - instancias_txt/SSP-NPM-I/ins141_m=3_j=20_t=20_var=1.txt

- MACHINE [0]

0 0 0 0 0 
1 0 0 0 0 
0 0 0 0 0 
0 0 0 0 1 
0 1 1 0 1 
0 0 1 1 1 
0 0 0 1 0 
1 0 0 0 0 
0 0 0 1 0 
1 1 0 1 0 
0 0 1 1 1 
0 1 0 0 0 
1 1 1 0 0 
1 0 1 1 0 
0 1 1 1 0 
0 1 0 0 0 
1 0 0 0 0 
0 0 0 0 1 
0 0 0 0 0 
0 0 0 0 1 

JOBS [5] - [8, 11, 15, 10, 16]
TOOL SWITCHES : 11
MAKESPAN : 48

- MACHINE [1]

0 0 0 0 0 0 0 
1 0 1 0 1 1 0 
0 1 0 1 1 1 1 
0 0 0 0 0 0 0 
1 0 0 0 0 0 0 
0 0 0 0 0 1 1 
0 0 0 0 1 1 1 
1 1 0 1 0 0 0 
1 1 0 0 0 0 0 
0 0 0 0 0 0 0 
0 0 0 1 0 0 0 
0 1 1 1 0 1 1 
0 0 1 1 1 0 0 
0 1 0 0 0 1 0 
1 1 0 1 1 0 0 
1 1 1 0 0 0 0 
0 0 1 0 0 0 1 
0 0 0 0 0 0 0 
1 0 1 0 0 1 0 
0 0 0 0 1 0 0 

JOBS [7] - [18, 9, 12, 7, 0, 5, 3]
TOOL SWITCHES : 6
MAKESPAN : 48

- MACHINE [2]

1 0 1 1 0 1 1 0 
1 0 0 0 0 0 0 0 
1 0 0 0 0 0 1 0 
1 0 0 0 0 0 0 1 
0 0 0 0 0 0 0 0 
0 0 0 0 1 0 0 0 
0 0 0 1 1 0 0 1 
0 0 0 1 0 0 0 0 
1 0 0 0 0 1 1 1 
0 1 1 0 0 1 0 0 
0 1 0 0 1 1 1 0 
0 0 0 0 0 0 0 0 
0 0 1 0 0 0 0 1 
0 0 0 0 1 1 1 0 
0 1 1 1 0 0 0 0 
0 1 1 0 0 0 0 0 
0 0 0 0 1 1 0 0 
1 1 0 1 0 0 0 0 
0 0 1 1 1 0 0 1 
0 0 0 0 0 0 1 0 

JOBS [8] - [4, 19, 1, 2, 13, 17, 14, 6]
TOOL SWITCHES : 5
MAKESPAN : 46

# -------------------------- #

--- TOTAL TOOL SWITCHES : 22
--- HIGHEST MAKESPAN : 48
--- TOTAL FLOWTIME : 496
--- RUNNING TIME : 4.21304

# -------------------------- #
RUN : 1 - instancias_txt/SSP-NPM-I/ins142_m=3_j=20_t=20_var=2.txt

- MACHINE [0]

0 0 0 1 0 1 
0 0 0 1 0 0 
1 1 0 0 0 0 
0 1 1 1 0 0 
1 1 1 0 0 1 
1 0 0 0 1 1 
1 1 0 0 1 0 
0 0 1 1 0 0 
0 0 0 0 0 0 
0 0 0 0 0 1 
0 0 0 1 1 0 
0 0 0 0 0 0 
1 0 0 0 0 0 
0 0 0 1 1 0 
0 0 0 0 1 1 
0 1 1 0 0 0 
0 0 1 0 0 0 
1 0 0 0 0 0 
0 0 0 0 1 1 
0 1 0 0 0 1 

JOBS [6] - [13, 4, 9, 3, 14, 18]
TOOL SWITCHES : 14
MAKESPAN : 42

- MACHINE [1]

0 0 0 0 0 0 
0 0 0 1 1 1 
1 1 0 0 0 0 
0 0 0 0 0 0 
0 0 0 0 1 1 
0 0 1 1 0 0 
0 0 0 0 1 0 
1 1 1 1 1 1 
1 0 0 0 0 0 
0 1 0 1 0 0 
0 0 0 1 1 1 
0 0 0 0 0 0 
1 0 0 0 0 0 
1 0 1 0 0 1 
0 1 0 1 1 0 
0 1 0 0 0 0 
1 1 0 0 0 0 
0 0 1 1 0 0 
1 1 0 0 1 0 
0 0 1 0 0 1 

JOBS [6] - [2, 11, 6, 1, 15, 10]
TOOL SWITCHES : 7
MAKESPAN : 40

- MACHINE [2]

1 1 0 1 0 1 0 0 
0 0 0 0 0 0 0 0 
0 0 1 0 0 0 0 1 
1 0 1 0 0 0 0 0 
0 0 0 0 0 0 0 0 
1 0 0 0 0 0 1 0 
0 0 1 0 1 0 0 0 
1 0 0 1 0 1 1 0 
0 0 0 1 1 0 0 1 
0 0 0 0 0 0 1 0 
0 0 0 0 0 0 0 0 
0 0 1 0 1 1 0 0 
0 0 1 0 0 1 1 0 
0 1 0 0 1 0 0 1 
0 1 0 0 0 0 0 0 
0 0 0 0 0 0 0 0 
0 1 0 0 0 1 0 0 
0 0 0 1 0 1 1 1 
0 0 0 1 1 0 1 1 
1 1 0 0 0 0 0 0 

JOBS [8] - [8, 7, 16, 0, 5, 19, 12, 17]
TOOL SWITCHES : 3
MAKESPAN : 42

# -------------------------- #

--- TOTAL TOOL SWITCHES : 24
--- HIGHEST MAKESPAN : 42
--- TOTAL FLOWTIME : 431
--- RUNNING TIME : 6.0227

# -------------------------- #
RUN : 1 - instancias_txt/SSP-NPM-I/ins143_m=3_j=20_t=20_var=3.txt

- MACHINE [0]

0 0 0 0 1 1 0 
0 0 0 0 1 0 0 
0 0 1 0 0 0 0 
0 0 0 0 1 1 0 
1 1 1 1 0 0 0 
1 1 1 0 1 1 1 
0 0 0 0 0 0 0 
0 0 0 1 1 0 0 
1 0 1 1 0 1 1 
0 0 0 0 0 0 0 
0 1 0 0 0 0 0 
0 0 0 0 0 0 1 
1 0 0 0 0 0 0 
1 1 1 0 0 0 0 
0 1 0 0 0 0 1 
1 0 0 0 0 1 0 
0 0 0 0 0 0 1 
0 0 1 1 0 0 0 
0 1 0 1 0 0 0 
0 0 0 1 1 0 1 

JOBS [7] - [5, 2, 19, 11, 9, 14, 17]
TOOL SWITCHES : 13
MAKESPAN : 42

- MACHINE [1]

0 0 0 0 0 0 
0 0 0 0 0 0 
0 1 0 0 0 1 
1 1 1 0 0 0 
0 1 0 0 1 1 
0 0 0 0 0 0 
0 0 1 0 1 0 
0 0 0 0 0 1 
1 1 0 1 1 0 
0 0 0 0 0 0 
0 0 0 1 0 0 
0 0 1 1 0 0 
0 0 0 0 0 0 
1 0 0 0 0 0 
0 1 0 0 0 0 
1 0 1 1 0 1 
1 0 0 1 0 1 
1 0 1 0 0 0 
0 0 0 1 1 0 
0 1 0 0 1 1 

JOBS [6] - [10, 18, 15, 3, 16, 13]
TOOL SWITCHES : 5
MAKESPAN : 42

- MACHINE [2]

1 0 0 0 0 1 1 
1 0 0 1 1 1 0 
0 1 1 0 0 0 0 
1 0 0 0 1 0 0 
0 1 1 0 0 0 0 
0 0 1 0 1 1 0 
1 0 0 0 0 1 0 
1 1 0 1 0 0 0 
0 0 0 0 0 0 0 
0 0 1 1 0 0 1 
0 0 0 1 0 1 0 
0 1 0 0 1 0 0 
1 0 0 0 0 0 0 
0 0 0 1 0 0 0 
0 1 0 1 1 0 1 
0 1 0 0 0 0 0 
1 0 0 0 0 0 1 
0 0 0 0 0 0 0 
0 1 1 0 1 0 0 
0 0 0 0 0 1 1 

JOBS [7] - [7, 0, 6, 12, 8, 4, 1]
TOOL SWITCHES : 5
MAKESPAN : 38

# -------------------------- #

--- TOTAL TOOL SWITCHES : 23
--- HIGHEST MAKESPAN : 42
--- TOTAL FLOWTIME : 457
--- RUNNING TIME : 4.37962

# -------------------------- #
RUN : 1 - instancias_txt/SSP-NPM-I/ins144_m=3_j=20_t=20_var=4.txt

- MACHINE [0]

0 1 1 0 
0 0 0 0 
0 0 0 1 
1 1 1 1 
0 0 0 0 
0 0 0 0 
0 0 0 0 
1 0 0 0 
1 0 0 0 
0 1 0 1 
0 0 0 1 
0 0 0 1 
0 0 1 0 
0 0 0 0 
0 1 1 1 
1 1 0 0 
0 0 0 0 
0 0 1 0 
1 1 1 1 
1 1 0 0 

JOBS [4] - [8, 9, 5, 13]
TOOL SWITCHES : 7
MAKESPAN : 37

- MACHINE [1]

1 0 0 0 0 0 
0 1 0 0 0 1 
1 0 1 1 0 0 
0 0 0 1 0 0 
0 0 0 0 1 1 
1 0 1 0 1 1 
0 0 0 0 0 0 
1 0 1 0 1 0 
0 1 1 0 1 1 
0 0 0 0 1 1 
0 0 0 0 1 0 
1 1 1 0 0 0 
0 0 0 0 0 0 
0 1 0 1 0 0 
0 0 0 1 0 1 
0 1 0 1 0 0 
0 0 0 0 0 0 
0 0 1 1 0 1 
0 1 0 0 0 0 
0 0 0 0 0 0 

JOBS [6] - [18, 19, 10, 3, 17, 12]
TOOL SWITCHES : 6
MAKESPAN : 39

- MACHINE [2]

1 1 0 1 0 0 1 0 0 0 
0 0 0 0 0 0 0 1 1 0 
1 0 1 0 0 1 0 0 0 0 
0 0 1 1 0 1 0 0 1 0 
0 0 0 0 0 0 0 0 0 0 
0 1 0 0 0 0 0 0 0 0 
1 1 0 0 1 1 1 1 0 0 
0 0 1 0 1 0 1 0 0 1 
1 0 1 1 1 0 0 0 0 0 
0 1 0 1 1 1 0 0 0 0 
0 0 0 1 1 0 0 1 1 1 
0 0 0 0 0 0 0 0 0 0 
0 1 0 0 1 1 0 0 0 0 
0 1 0 0 0 0 0 1 0 1 
0 0 0 0 0 1 1 0 0 1 
0 0 1 0 0 0 1 1 1 0 
1 0 0 0 0 0 0 1 1 1 
1 0 1 0 0 0 0 0 0 0 
0 0 0 0 0 0 0 0 0 0 
0 1 1 1 1 0 1 0 0 0 

JOBS [10] - [11, 1, 6, 2, 4, 16, 7, 14, 0, 15]
TOOL SWITCHES : 4
MAKESPAN : 38

# -------------------------- #

--- TOTAL TOOL SWITCHES : 17
--- HIGHEST MAKESPAN : 39
--- TOTAL FLOWTIME : 428
--- RUNNING TIME : 5.71265

# -------------------------- #
RUN : 1 - instancias_txt/SSP-NPM-I/ins145_m=3_j=20_t=20_var=5.txt

- MACHINE [0]

0 0 0 0 0 0 
0 1 1 0 0 0 
0 0 0 1 0 1 
0 0 0 0 0 1 
0 0 1 1 1 1 
1 0 0 0 1 1 
0 0 0 0 0 0 
0 1 1 0 0 0 
0 1 0 0 0 0 
0 1 1 1 0 0 
1 0 1 0 1 0 
1 0 0 0 0 1 
1 0 0 0 0 0 
0 0 0 0 0 0 
0 0 0 0 0 0 
0 0 0 1 1 1 
0 1 1 1 0 0 
1 0 0 1 0 0 
1 0 0 0 0 0 
0 1 0 1 1 0 

JOBS [6] - [16, 5, 8, 12, 13, 17]
TOOL SWITCHES : 13
MAKESPAN : 45

- MACHINE [1]

0 0 0 0 0 0 0 0 
1 0 0 1 1 1 0 0 
0 0 0 0 0 1 1 0 
1 1 0 0 0 0 0 0 
0 0 1 1 1 0 0 0 
0 0 0 0 0 0 1 1 
1 1 0 0 0 0 0 0 
0 0 0 1 0 0 0 0 
0 0 0 0 1 0 1 0 
0 1 1 0 1 1 0 0 
1 1 1 0 0 0 0 1 
0 0 0 0 1 1 0 1 
0 0 0 1 1 1 0 1 
0 0 0 1 0 0 1 1 
0 1 0 0 0 0 0 0 
1 1 1 0 0 1 0 1 
0 0 0 0 0 0 1 1 
0 0 0 0 0 0 0 0 
1 0 1 0 1 1 1 0 
0 1 0 0 0 0 0 0 

JOBS [8] - [15, 1, 11, 4, 3, 9, 6, 18]
TOOL SWITCHES : 8
MAKESPAN : 45

- MACHINE [2]

1 1 1 0 1 1 
0 0 0 0 0 0 
1 1 0 0 1 0 
0 0 0 0 0 0 
0 1 0 0 0 0 
0 0 0 0 0 1 
0 0 0 0 1 0 
1 0 1 0 1 1 
1 0 0 0 1 0 
0 1 0 1 0 1 
1 0 0 1 0 0 
1 0 0 0 0 0 
0 0 0 1 0 0 
1 1 1 1 0 0 
0 0 1 0 0 0 
0 0 0 1 0 0 
0 0 0 0 0 0 
0 0 1 1 0 1 
0 1 0 0 0 1 
0 0 1 0 0 0 

JOBS [6] - [0, 19, 2, 14, 10, 7]
TOOL SWITCHES : 4
MAKESPAN : 46

# -------------------------- #

--- TOTAL TOOL SWITCHES : 25
--- HIGHEST MAKESPAN : 46
--- TOTAL FLOWTIME : 464
--- RUNNING TIME : 4.67611

# -------------------------- #
RUN : 1 - instancias_txt/SSP-NPM-I/ins146_m=3_j=20_t=20_var=6.txt

- MACHINE [0]

0 0 0 0 0 
0 1 0 0 0 
0 0 1 0 1 
0 0 0 0 1 
0 0 0 0 0 
0 1 1 1 1 
1 1 0 0 0 
1 0 0 0 0 
0 0 0 1 1 
0 0 1 0 0 
0 1 1 1 0 
1 1 1 0 0 
1 1 0 0 0 
0 0 1 0 1 
1 0 0 1 1 
0 0 0 0 0 
0 0 0 0 0 
0 0 0 0 0 
0 0 0 1 0 
0 1 1 0 0 

JOBS [5] - [4, 3, 18, 10, 15]
TOOL SWITCHES : 9
MAKESPAN : 47

- MACHINE [1]

0 1 0 0 1 1 
0 0 0 0 0 0 
0 0 0 0 1 1 
1 1 0 0 0 0 
0 0 0 0 0 0 
0 0 1 1 1 1 
1 0 0 0 1 0 
0 0 0 0 0 0 
0 0 1 1 1 1 
1 0 1 0 0 0 
0 0 1 1 0 0 
0 0 0 0 0 0 
0 0 0 1 0 0 
0 1 0 0 0 0 
0 0 0 1 0 0 
0 0 1 0 0 0 
1 1 0 0 0 1 
1 1 0 0 1 0 
1 1 0 0 0 0 
0 0 1 1 1 1 

JOBS [6] - [19, 13, 1, 14, 16, 9]
TOOL SWITCHES : 6
MAKESPAN : 45

- MACHINE [2]

0 0 0 1 0 0 0 0 0 
0 0 0 1 0 0 0 0 1 
0 0 0 0 1 1 1 0 0 
1 1 1 0 0 0 0 0 1 
1 0 1 1 0 0 0 1 0 
0 0 0 1 1 1 0 0 1 
0 1 1 0 0 0 0 0 0 
0 1 0 0 1 0 0 0 0 
0 0 0 0 1 0 0 0 1 
0 0 0 0 0 0 0 0 0 
1 0 0 0 0 1 0 1 0 
0 0 0 0 0 0 0 0 0 
0 0 1 1 1 0 1 1 0 
0 0 0 0 0 0 0 0 0 
0 0 0 0 1 1 1 1 0 
0 1 0 1 0 1 1 0 0 
1 1 1 0 1 0 0 0 1 
1 0 1 0 0 0 0 0 0 
0 0 1 0 0 0 0 1 0 
0 0 0 0 0 1 1 1 1 

JOBS [9] - [6, 11, 8, 17, 12, 7, 5, 2, 0]
TOOL SWITCHES : 4
MAKESPAN : 47

# -------------------------- #

--- TOTAL TOOL SWITCHES : 19
--- HIGHEST MAKESPAN : 47
--- TOTAL FLOWTIME : 527
--- RUNNING TIME : 6.4514

# -------------------------- #
RUN : 1 - instancias_txt/SSP-NPM-I/ins147_m=3_j=20_t=20_var=7.txt

- MACHINE [0]

0 0 0 0 0 0 0 
0 1 0 0 0 0 0 
0 0 1 1 0 0 1 
0 0 0 0 0 0 1 
0 0 0 0 0 1 1 
0 0 1 1 1 0 0 
0 0 0 0 0 0 0 
0 0 0 0 0 0 1 
1 0 0 0 0 0 0 
1 0 1 0 0 1 0 
1 0 0 0 1 1 1 
0 0 0 0 1 1 0 
0 0 1 1 0 0 0 
0 1 1 0 0 0 0 
1 0 0 0 0 0 0 
1 1 0 0 0 0 0 
1 1 0 0 1 1 0 
0 1 0 1 1 0 0 
1 1 1 1 0 0 0 
0 0 0 1 1 1 1 

JOBS [7] - [15, 17, 6, 19, 8, 1, 10]
TOOL SWITCHES : 14
MAKESPAN : 42

- MACHINE [1]

0 1 1 1 0 1 0 
0 1 0 0 0 0 1 
0 0 0 0 1 0 0 
0 0 1 1 0 0 0 
0 0 0 1 1 0 0 
1 1 0 0 0 0 1 
0 0 0 0 1 1 0 
0 0 0 0 0 0 0 
0 0 0 0 0 0 0 
1 0 1 0 0 0 0 
0 0 0 0 0 1 1 
1 0 0 1 1 0 0 
0 0 0 0 0 0 1 
0 0 0 0 0 0 0 
1 1 1 0 0 0 0 
0 0 0 0 0 1 0 
0 0 0 0 1 1 1 
0 0 1 0 0 1 0 
1 1 0 1 0 0 0 
0 0 0 0 0 0 0 

JOBS [7] - [3, 2, 5, 0, 16, 18, 12]
TOOL SWITCHES : 6
MAKESPAN : 42

- MACHINE [2]

0 1 1 0 0 0 
1 0 1 0 0 0 
0 0 0 0 0 0 
1 0 0 0 0 0 
0 0 0 0 0 0 
0 0 0 0 1 1 
1 0 0 0 0 0 
0 1 0 1 0 1 
0 1 0 0 0 1 
0 0 0 0 0 0 
0 0 0 0 0 0 
0 0 0 0 1 1 
1 0 0 0 0 0 
1 1 1 1 0 0 
1 0 1 1 0 0 
0 1 1 0 1 0 
1 0 0 1 1 0 
0 0 1 1 1 0 
0 0 0 1 0 0 
0 0 0 0 0 1 

JOBS [6] - [11, 13, 7, 9, 14, 4]
TOOL SWITCHES : 3
MAKESPAN : 42

# -------------------------- #

--- TOTAL TOOL SWITCHES : 23
--- HIGHEST MAKESPAN : 42
--- TOTAL FLOWTIME : 429
--- RUNNING TIME : 4.11915

# -------------------------- #
RUN : 1 - instancias_txt/SSP-NPM-I/ins148_m=3_j=20_t=20_var=8.txt

- MACHINE [0]

0 0 0 0 1 1 
0 1 0 0 0 0 
0 0 0 0 0 0 
0 0 1 1 0 0 
0 0 0 1 1 0 
0 0 0 0 0 1 
0 1 0 1 1 0 
0 0 1 1 1 1 
0 1 0 0 0 0 
1 0 0 0 0 0 
1 0 1 0 0 0 
0 0 0 0 0 0 
1 0 0 0 0 0 
1 1 0 0 0 0 
1 0 0 1 1 1 
1 0 1 1 0 1 
0 1 0 0 0 1 
0 0 1 0 0 0 
0 0 0 0 0 0 
0 0 1 0 1 0 

JOBS [6] - [7, 8, 0, 19, 10, 14]
TOOL SWITCHES : 12
MAKESPAN : 40

- MACHINE [1]

1 0 0 0 0 0 0 
1 1 0 1 1 0 1 
0 0 1 0 0 1 0 
0 0 0 0 0 1 0 
0 0 0 0 1 1 0 
0 1 1 1 0 1 0 
0 0 0 0 0 1 1 
0 1 0 1 0 0 0 
0 1 0 0 0 0 1 
0 0 0 0 0 0 0 
1 0 0 1 0 1 1 
0 0 0 1 1 0 1 
0 0 1 0 1 0 0 
0 0 0 1 1 0 1 
0 1 1 0 0 0 0 
0 0 0 0 0 0 0 
0 1 1 0 1 0 0 
1 0 1 0 0 0 0 
0 0 0 0 0 0 0 
1 1 0 0 0 0 0 

JOBS [7] - [11, 12, 16, 4, 9, 15, 5]
TOOL SWITCHES : 7
MAKESPAN : 40

- MACHINE [2]

1 0 0 1 0 0 0 
0 1 0 0 0 1 0 
0 0 1 0 1 0 1 
0 0 0 0 0 0 0 
1 0 0 1 0 1 0 
0 0 0 0 0 0 0 
0 1 0 1 0 0 0 
0 0 0 0 1 1 0 
0 0 0 0 1 0 1 
1 1 0 0 0 0 0 
0 0 0 0 0 1 1 
0 0 0 0 0 0 0 
0 0 0 0 0 0 1 
0 0 1 0 0 0 0 
0 1 1 0 0 0 1 
0 1 1 1 1 0 0 
0 0 0 1 0 0 0 
1 1 1 1 1 1 0 
1 0 1 0 1 1 0 
1 0 0 0 0 0 0 

JOBS [7] - [3, 17, 6, 1, 13, 2, 18]
TOOL SWITCHES : 4
MAKESPAN : 41

# -------------------------- #

--- TOTAL TOOL SWITCHES : 23
--- HIGHEST MAKESPAN : 41
--- TOTAL FLOWTIME : 455
--- RUNNING TIME : 4.49484

# -------------------------- #
RUN : 1 - instancias_txt/SSP-NPM-I/ins149_m=3_j=20_t=20_var=9.txt

- MACHINE [0]

0 1 1 0 0 
1 0 1 1 0 
0 0 0 0 1 
0 0 0 1 1 
0 0 0 0 0 
0 0 0 0 0 
1 0 0 0 0 
0 0 0 0 0 
0 0 0 0 1 
0 1 1 1 0 
0 0 0 0 0 
1 1 0 0 0 
1 0 0 1 0 
0 1 1 0 0 
0 0 1 1 1 
1 1 0 0 0 
0 0 1 0 1 
0 0 0 1 1 
0 0 0 1 0 
0 0 0 0 0 

JOBS [5] - [15, 19, 9, 7, 13]
TOOL SWITCHES : 9
MAKESPAN : 39

- MACHINE [1]

1 0 1 1 0 0 
0 1 1 0 0 0 
0 0 0 0 0 0 
1 1 0 0 0 0 
0 0 0 0 1 0 
0 0 0 0 0 0 
1 0 0 0 0 0 
0 1 0 1 0 1 
0 1 0 0 1 1 
0 0 0 0 0 1 
0 0 0 1 1 0 
0 1 0 1 0 0 
0 0 0 0 0 0 
1 1 1 0 1 0 
0 0 0 0 1 1 
0 1 0 1 0 1 
0 0 0 1 0 1 
0 0 1 1 0 0 
1 0 1 0 0 1 
1 0 1 0 0 0 

JOBS [6] - [1, 5, 2, 17, 4, 0]
TOOL SWITCHES : 7
MAKESPAN : 41

- MACHINE [2]

0 0 0 0 0 0 0 0 1 
0 1 1 0 0 1 1 0 1 
0 1 0 1 1 0 1 0 0 
0 0 0 0 0 0 0 0 0 
0 1 1 0 0 0 1 1 1 
1 0 0 1 0 0 1 1 0 
1 0 1 1 1 0 0 0 0 
1 1 0 1 0 1 0 0 0 
0 0 0 0 0 0 0 0 0 
1 1 0 1 1 1 1 0 0 
0 0 0 0 0 1 1 0 1 
1 0 1 0 0 1 0 1 0 
0 0 0 0 0 0 0 0 0 
0 1 1 1 1 0 0 0 1 
0 1 0 0 1 0 1 1 0 
0 0 0 0 1 1 0 0 1 
0 0 0 0 0 0 0 0 0 
1 0 1 1 0 0 0 0 0 
0 0 0 0 0 0 0 1 0 
1 0 0 0 0 0 0 1 0 

JOBS [9] - [18, 3, 11, 8, 12, 10, 6, 14, 16]
TOOL SWITCHES : 3
MAKESPAN : 41

# -------------------------- #

--- TOTAL TOOL SWITCHES : 19
--- HIGHEST MAKESPAN : 41
--- TOTAL FLOWTIME : 403
--- RUNNING TIME : 5.69462

# -------------------------- #
RUN : 1 - instancias_txt/SSP-NPM-I/ins150_m=3_j=20_t=20_var=10.txt

- MACHINE [0]

0 0 1 0 0 0 
0 0 0 0 0 0 
0 1 0 0 0 0 
1 0 0 0 1 0 
0 0 0 0 0 0 
1 1 1 0 1 1 
0 0 0 0 0 1 
0 0 0 0 0 0 
1 0 1 0 0 1 
0 0 0 0 0 0 
0 1 0 1 0 0 
0 0 1 1 0 0 
0 1 1 1 1 1 
0 0 0 1 1 0 
0 0 0 0 0 0 
1 1 0 0 0 0 
0 1 1 1 1 0 
1 0 0 0 0 1 
0 0 0 0 0 1 
1 0 0 0 1 1 

JOBS [6] - [13, 0, 17, 4, 18, 7]
TOOL SWITCHES : 11
MAKESPAN : 43

- MACHINE [1]

0 1 0 0 0 0 1 
1 0 0 0 0 0 0 
0 1 1 0 1 0 0 
0 0 0 0 0 0 0 
0 0 1 0 0 0 0 
1 0 0 0 0 0 0 
0 0 1 0 0 0 0 
0 0 0 1 0 0 1 
0 0 0 0 0 0 0 
0 0 0 0 0 0 0 
1 0 1 1 1 1 0 
1 1 1 1 1 1 0 
1 0 1 0 0 0 0 
0 0 0 1 0 1 1 
0 1 0 1 0 0 1 
1 0 0 0 0 0 0 
0 1 0 0 0 0 1 
1 0 0 0 1 0 0 
0 0 0 0 1 1 0 
0 0 0 0 0 1 1 

JOBS [7] - [12, 1, 8, 15, 3, 14, 19]
TOOL SWITCHES : 7
MAKESPAN : 43

- MACHINE [2]

1 0 0 0 0 0 0 
1 1 0 1 0 0 0 
0 0 1 0 1 0 0 
1 0 1 1 1 0 1 
0 0 0 1 1 0 1 
0 0 1 0 1 0 0 
1 1 1 1 0 1 0 
0 1 0 0 0 0 0 
0 0 0 0 0 1 1 
1 0 1 0 1 0 0 
0 0 0 0 0 1 1 
0 0 0 0 0 0 0 
0 0 0 0 0 0 0 
0 0 0 0 0 1 0 
0 0 1 0 1 0 0 
0 1 0 0 1 0 1 
0 0 0 0 0 0 0 
0 1 0 1 0 1 0 
1 0 0 0 0 0 1 
1 1 0 1 0 1 1 

JOBS [7] - [9, 11, 10, 16, 2, 5, 6]
TOOL SWITCHES : 4
MAKESPAN : 43

# -------------------------- #

--- TOTAL TOOL SWITCHES : 22
--- HIGHEST MAKESPAN : 43
--- TOTAL FLOWTIME : 434
--- RUNNING TIME : 4.79657

# -------------------------- #
RUN : 1 - instancias_txt/SSP-NPM-I/ins151_m=3_j=20_t=20_var=11.txt

- MACHINE [0]

0 0 0 0 0 0 1 
1 1 1 1 1 0 0 
0 0 0 0 0 0 0 
0 0 0 0 0 0 1 
1 0 0 1 0 0 0 
0 0 0 0 0 0 0 
1 0 0 0 0 1 0 
0 0 1 1 1 1 1 
0 0 0 0 0 0 1 
0 0 0 0 0 1 0 
0 0 0 0 1 1 0 
0 0 1 0 1 0 1 
1 1 0 0 0 0 0 
0 1 0 0 0 0 0 
0 0 0 0 0 0 0 
0 0 0 0 0 1 0 
1 1 1 1 0 0 0 
0 0 0 1 0 1 1 
1 1 1 0 1 0 0 
1 1 1 0 0 0 0 

JOBS [7] - [9, 16, 4, 11, 1, 2, 10]
TOOL SWITCHES : 11
MAKESPAN : 43

- MACHINE [1]

0 0 0 0 0 1 1 
0 0 0 0 0 0 0 
1 0 0 1 1 1 0 
0 0 1 1 0 1 0 
1 1 0 0 1 1 0 
0 0 0 0 0 0 0 
1 0 1 1 1 0 0 
1 0 0 0 1 0 1 
1 0 0 0 0 0 0 
1 1 1 0 0 0 0 
0 0 1 0 0 0 1 
0 0 0 0 0 1 0 
0 0 0 0 0 0 0 
0 0 0 1 0 1 1 
0 0 0 0 1 1 0 
0 1 0 0 0 0 1 
0 0 0 0 0 0 0 
0 1 1 0 1 0 0 
0 1 0 0 0 0 0 
0 1 1 1 0 0 0 

JOBS [7] - [3, 14, 5, 17, 0, 15, 6]
TOOL SWITCHES : 6
MAKESPAN : 43

- MACHINE [2]

1 1 0 0 1 0 
0 1 0 0 0 0 
0 0 0 0 0 0 
0 0 1 0 0 1 
0 0 0 0 0 0 
0 0 0 1 0 0 
1 0 0 0 1 1 
1 1 1 1 0 0 
0 0 0 1 0 0 
1 1 0 0 1 0 
1 0 1 0 0 1 
0 0 0 0 0 0 
1 1 0 0 0 0 
0 0 1 1 0 0 
0 0 0 0 1 1 
0 0 1 1 0 1 
0 1 1 0 0 0 
0 0 0 0 0 0 
0 0 0 0 0 1 
0 0 1 0 1 0 

JOBS [6] - [7, 18, 19, 13, 8, 12]
TOOL SWITCHES : 3
MAKESPAN : 43

# -------------------------- #

--- TOTAL TOOL SWITCHES : 20
--- HIGHEST MAKESPAN : 43
--- TOTAL FLOWTIME : 420
--- RUNNING TIME : 5.00512

# -------------------------- #
RUN : 1 - instancias_txt/SSP-NPM-I/ins152_m=3_j=20_t=20_var=12.txt

- MACHINE [0]

0 0 0 0 0 1 
0 0 0 1 1 1 
0 0 0 0 0 0 
0 1 1 1 0 1 
0 0 0 0 1 0 
0 0 0 0 0 0 
1 1 0 0 0 0 
0 0 0 0 0 1 
0 0 1 1 1 0 
1 0 0 1 1 1 
1 0 0 0 0 0 
1 0 0 0 0 0 
0 1 1 1 0 1 
0 1 0 1 1 0 
0 0 1 1 0 0 
0 0 0 0 0 0 
1 1 1 0 0 0 
1 0 1 0 0 0 
1 0 0 0 0 0 
0 1 0 0 0 0 

JOBS [6] - [4, 8, 0, 2, 17, 3]
TOOL SWITCHES : 11
MAKESPAN : 37

- MACHINE [1]

1 1 0 0 0 0 0 
1 0 1 0 1 1 0 
0 0 1 0 1 0 0 
1 1 1 0 0 0 0 
1 0 0 0 0 0 1 
0 1 0 0 0 0 0 
0 0 0 0 1 0 0 
0 0 0 0 0 0 1 
1 0 1 1 1 0 1 
1 1 0 1 0 0 0 
0 0 0 0 0 0 0 
0 0 0 1 0 1 1 
0 0 0 0 0 0 0 
0 0 0 0 0 1 0 
0 0 0 0 0 0 0 
0 1 0 1 0 1 0 
0 0 1 1 0 0 0 
0 1 0 0 1 1 0 
0 0 0 0 0 1 1 
0 0 1 1 1 0 1 

JOBS [7] - [15, 1, 6, 18, 7, 14, 10]
TOOL SWITCHES : 7
MAKESPAN : 37

- MACHINE [2]

1 1 1 1 0 1 1 
0 0 1 0 1 0 0 
0 1 0 0 1 1 0 
0 0 0 0 1 0 0 
1 0 1 1 0 0 0 
1 0 0 0 0 0 0 
0 1 0 0 0 1 1 
0 0 1 1 0 0 0 
0 0 0 0 0 0 1 
0 0 0 0 0 0 0 
0 1 0 0 1 1 0 
0 0 0 0 0 0 0 
1 0 0 1 0 0 0 
0 0 1 0 0 0 1 
0 1 0 0 0 0 0 
0 1 1 1 1 1 0 
1 0 0 0 0 0 0 
0 0 0 0 1 0 0 
0 0 0 1 0 0 1 
0 0 0 0 1 1 0 

JOBS [7] - [12, 5, 19, 13, 16, 11, 9]
TOOL SWITCHES : 5
MAKESPAN : 38

# -------------------------- #

--- TOTAL TOOL SWITCHES : 23
--- HIGHEST MAKESPAN : 38
--- TOTAL FLOWTIME : 364
--- RUNNING TIME : 4.48203

# -------------------------- #
RUN : 1 - instancias_txt/SSP-NPM-I/ins153_m=3_j=20_t=20_var=13.txt

- MACHINE [0]

1 0 0 1 0 0 
1 0 0 0 1 0 
0 0 0 0 1 1 
0 0 0 1 1 1 
0 0 1 1 0 0 
0 0 1 0 1 1 
0 0 0 0 0 0 
0 0 0 0 0 1 
0 1 0 1 1 1 
0 1 1 0 0 1 
0 0 1 1 0 0 
1 1 0 0 0 0 
1 0 0 0 1 0 
0 0 0 1 1 1 
1 1 0 0 0 0 
0 1 1 0 0 0 
0 1 0 0 0 0 
0 0 0 0 0 0 
0 0 0 0 0 0 
1 0 0 0 0 0 

JOBS [6] - [6, 0, 17, 2, 15, 12]
TOOL SWITCHES : 13
MAKESPAN : 45

- MACHINE [1]

0 0 0 1 1 1 0 
0 0 0 0 1 0 1 
0 0 0 0 0 1 1 
1 0 1 0 0 0 0 
0 0 0 0 0 0 0 
0 0 0 1 0 1 0 
0 0 0 1 1 0 0 
1 0 1 0 0 1 1 
1 1 0 1 0 0 1 
1 1 0 0 0 0 0 
0 0 0 0 0 1 0 
0 1 0 0 0 0 0 
0 0 0 0 0 0 1 
0 0 1 0 0 1 0 
0 0 0 0 0 0 0 
0 0 0 0 1 0 1 
0 1 1 1 1 0 1 
0 1 0 1 0 0 0 
1 0 1 0 0 0 0 
0 1 0 0 0 0 0 

JOBS [7] - [4, 13, 16, 9, 5, 10, 8]
TOOL SWITCHES : 8
MAKESPAN : 44

- MACHINE [2]

0 0 0 0 0 0 0 
0 1 1 1 1 0 0 
0 0 0 1 0 0 0 
0 0 0 0 1 1 0 
0 1 0 0 1 0 1 
1 0 1 0 0 0 0 
0 0 0 0 1 1 0 
1 1 0 0 1 0 1 
0 0 0 0 0 0 0 
1 0 0 0 0 1 0 
0 1 0 0 1 1 0 
0 0 0 0 0 0 1 
0 0 0 1 0 0 1 
0 1 1 0 0 1 0 
0 0 0 0 0 0 0 
1 0 1 1 0 0 1 
0 0 0 0 0 0 0 
0 1 1 0 0 0 1 
1 0 1 1 0 0 0 
0 1 0 1 0 1 0 

JOBS [7] - [14, 7, 11, 19, 1, 3, 18]
TOOL SWITCHES : 3
MAKESPAN : 43

# -------------------------- #

--- TOTAL TOOL SWITCHES : 24
--- HIGHEST MAKESPAN : 45
--- TOTAL FLOWTIME : 462
--- RUNNING TIME : 4.29463

# -------------------------- #
RUN : 1 - instancias_txt/SSP-NPM-I/ins154_m=3_j=20_t=20_var=14.txt

- MACHINE [0]

1 0 0 0 0 0 1 
0 0 0 0 0 0 0 
1 0 0 1 0 0 1 
1 0 0 0 0 0 0 
0 0 0 0 1 1 0 
1 1 1 0 0 0 0 
0 0 0 0 0 1 1 
0 0 1 0 0 0 0 
0 1 0 0 0 1 1 
0 0 0 0 0 0 0 
0 0 0 1 0 0 0 
0 1 1 1 0 1 0 
0 1 0 0 1 0 0 
1 1 1 1 1 0 0 
0 0 0 1 1 0 0 
0 1 1 1 0 0 0 
0 0 0 0 0 1 1 
0 0 0 0 0 0 0 
0 0 0 0 0 0 0 
0 0 1 1 1 0 1 

JOBS [7] - [9, 6, 19, 15, 0, 14, 13]
TOOL SWITCHES : 12
MAKESPAN : 42

- MACHINE [1]

0 0 0 0 0 0 
1 0 0 0 1 1 
0 0 0 0 0 0 
0 0 1 1 0 1 
1 1 1 1 0 1 
1 1 0 0 1 1 
0 1 0 0 1 0 
0 0 1 1 1 1 
0 1 0 0 0 0 
0 0 1 1 0 1 
0 0 0 0 0 0 
0 0 0 0 1 0 
0 0 0 1 1 0 
1 1 1 0 0 0 
0 0 0 0 0 0 
1 1 0 0 0 0 
0 0 0 0 0 0 
1 0 0 0 0 0 
0 0 0 0 0 1 
0 0 0 1 0 0 

JOBS [6] - [3, 5, 12, 11, 8, 1]
TOOL SWITCHES : 5
MAKESPAN : 42

- MACHINE [2]

0 1 0 0 0 0 0 
0 1 0 0 0 0 0 
1 0 1 0 1 0 0 
0 0 0 1 0 0 1 
0 1 0 0 0 0 0 
0 0 0 0 0 0 0 
0 0 0 0 0 0 1 
0 1 0 0 0 0 0 
0 1 0 0 0 1 0 
1 0 0 0 1 1 1 
0 1 1 0 1 1 1 
0 0 0 0 0 0 0 
1 0 1 1 1 0 1 
0 0 0 0 0 0 0 
1 0 0 0 0 0 0 
0 0 0 1 0 1 0 
1 0 0 0 0 1 0 
0 0 1 1 1 0 0 
1 0 0 1 1 0 0 
0 0 1 1 0 1 1 

JOBS [7] - [4, 2, 16, 17, 10, 7, 18]
TOOL SWITCHES : 4
MAKESPAN : 39

# -------------------------- #

--- TOTAL TOOL SWITCHES : 21
--- HIGHEST MAKESPAN : 42
--- TOTAL FLOWTIME : 406
--- RUNNING TIME : 4.51059

# -------------------------- #
RUN : 1 - instancias_txt/SSP-NPM-I/ins155_m=3_j=20_t=20_var=15.txt

- MACHINE [0]

0 0 0 0 1 0 
1 0 1 0 0 0 
0 0 0 0 0 1 
0 0 1 1 1 0 
0 0 1 0 1 1 
1 0 0 1 1 0 
0 0 0 0 0 1 
0 1 0 0 0 0 
0 0 0 0 0 0 
0 0 1 1 1 1 
0 0 0 0 0 0 
0 0 0 0 0 1 
1 1 0 0 0 0 
1 0 1 0 1 0 
0 0 0 0 0 1 
1 0 0 0 1 0 
0 1 0 0 0 0 
1 1 1 1 0 0 
0 0 1 1 0 0 
0 1 0 0 0 0 

JOBS [6] - [7, 16, 1, 10, 14, 15]
TOOL SWITCHES : 13
MAKESPAN : 38

- MACHINE [1]

0 0 0 0 0 0 
0 0 0 1 0 0 
0 0 1 0 0 0 
1 0 0 1 1 0 
0 0 0 0 1 1 
0 0 0 0 0 0 
1 1 0 0 0 0 
0 0 0 0 0 0 
1 1 0 1 1 0 
0 0 1 0 1 1 
0 0 0 1 1 1 
0 1 0 1 0 0 
0 0 0 0 0 0 
0 0 1 0 1 0 
1 1 0 0 0 0 
1 0 1 0 0 1 
1 0 0 1 0 0 
1 1 1 0 0 0 
0 0 1 0 0 0 
0 0 0 1 0 1 

JOBS [6] - [6, 13, 12, 11, 8, 17]
TOOL SWITCHES : 6
MAKESPAN : 38

- MACHINE [2]

1 1 0 0 1 1 1 1 
0 1 0 0 0 1 0 1 
1 1 1 0 0 0 1 1 
1 1 0 0 1 1 0 0 
1 1 1 0 0 0 0 0 
0 0 0 1 0 1 0 1 
0 0 0 0 0 0 0 0 
0 0 1 1 0 0 0 0 
0 0 0 0 0 1 0 1 
0 0 0 0 0 0 0 0 
0 0 0 1 1 0 0 1 
0 0 0 0 0 0 0 0 
0 0 0 0 0 0 0 0 
0 0 0 0 0 0 0 0 
1 0 1 1 0 0 1 0 
0 0 1 1 0 0 1 0 
0 1 1 0 1 1 1 0 
1 0 0 1 0 0 1 0 
1 1 0 0 1 0 0 0 
0 0 1 1 1 0 0 0 

JOBS [8] - [5, 2, 18, 0, 4, 3, 19, 9]
TOOL SWITCHES : 2
MAKESPAN : 38

# -------------------------- #

--- TOTAL TOOL SWITCHES : 21
--- HIGHEST MAKESPAN : 38
--- TOTAL FLOWTIME : 420
--- RUNNING TIME : 5.1461

# -------------------------- #
RUN : 1 - instancias_txt/SSP-NPM-I/ins156_m=3_j=20_t=20_var=16.txt

- MACHINE [0]

0 0 0 1 0 1 
1 0 1 0 0 0 
0 0 1 1 0 0 
0 0 0 0 1 0 
0 0 0 0 0 1 
0 0 0 0 0 0 
0 0 0 0 0 0 
0 0 0 0 0 0 
0 0 0 0 0 0 
1 1 0 0 0 0 
1 0 0 0 0 0 
0 1 1 1 0 0 
0 0 0 1 1 0 
0 0 0 0 0 0 
1 1 0 0 1 0 
0 0 1 0 0 1 
0 0 0 0 1 1 
1 0 1 0 1 1 
1 1 1 0 0 0 
0 1 0 1 1 1 

JOBS [6] - [17, 13, 16, 12, 6, 11]
TOOL SWITCHES : 10
MAKESPAN : 42

- MACHINE [1]

1 1 0 1 0 
1 0 1 1 0 
0 0 0 0 0 
1 1 0 0 1 
0 0 0 0 0 
0 1 0 0 0 
1 1 1 0 0 
1 0 1 0 0 
0 0 0 0 0 
0 0 0 0 1 
0 1 1 1 1 
0 0 0 1 1 
0 0 0 0 0 
0 0 0 0 0 
1 0 0 0 0 
0 1 0 0 1 
0 0 0 0 0 
0 1 0 1 0 
0 0 1 0 1 
0 0 0 0 0 

JOBS [5] - [2, 18, 7, 4, 3]
TOOL SWITCHES : 3
MAKESPAN : 40

- MACHINE [2]

0 0 0 0 0 0 1 0 1 
0 1 0 0 1 1 1 1 0 
1 0 1 0 0 0 0 0 0 
0 0 0 0 0 0 0 0 0 
1 1 1 0 1 1 0 0 0 
1 0 0 0 1 1 1 1 0 
0 0 0 1 1 0 0 0 1 
0 0 0 0 0 0 0 0 0 
1 1 1 0 1 1 0 0 1 
1 0 0 0 0 0 1 0 0 
0 0 0 1 0 0 1 1 0 
0 0 0 0 1 1 1 0 1 
0 1 1 1 0 0 0 1 0 
0 0 0 1 0 0 0 1 0 
0 0 0 1 0 0 0 0 0 
0 1 1 0 0 0 0 0 0 
0 0 0 1 0 0 0 0 1 
0 0 0 0 0 0 0 0 0 
1 1 1 1 0 0 0 0 1 
0 0 0 0 0 0 0 0 0 

JOBS [9] - [10, 1, 9, 8, 0, 15, 14, 19, 5]
TOOL SWITCHES : 3
MAKESPAN : 42

# -------------------------- #

--- TOTAL TOOL SWITCHES : 16
--- HIGHEST MAKESPAN : 42
--- TOTAL FLOWTIME : 467
--- RUNNING TIME : 5.1262

# -------------------------- #
RUN : 1 - instancias_txt/SSP-NPM-I/ins157_m=3_j=20_t=20_var=17.txt

- MACHINE [0]

0 0 0 0 0 1 1 
0 0 0 1 0 0 1 
1 0 1 0 1 1 0 
0 0 0 0 0 0 0 
1 1 1 0 0 0 0 
0 1 1 1 0 1 0 
0 0 0 0 0 1 1 
1 1 1 0 0 0 0 
0 0 0 0 1 1 0 
0 1 1 0 0 0 0 
0 0 0 1 0 0 0 
0 0 0 0 0 0 0 
0 0 0 1 0 0 0 
1 0 0 0 1 0 1 
0 1 0 0 1 0 0 
0 0 0 0 0 0 0 
1 0 0 1 1 0 0 
0 1 1 1 1 1 1 
0 0 0 0 0 0 1 
0 0 0 0 0 0 0 

JOBS [7] - [17, 11, 14, 1, 15, 7, 6]
TOOL SWITCHES : 13
MAKESPAN : 43

- MACHINE [1]

0 0 0 1 0 1 
0 0 0 0 0 0 
0 1 1 1 1 0 
1 1 0 0 0 0 
1 0 0 1 1 1 
0 0 1 0 1 1 
0 0 0 0 1 0 
0 0 1 0 0 1 
0 0 0 0 1 1 
0 0 1 0 0 0 
0 1 0 0 1 0 
1 0 0 0 0 0 
0 1 0 1 0 0 
1 0 0 0 0 0 
0 1 0 0 0 0 
1 0 1 0 1 1 
0 0 0 1 0 1 
0 0 0 0 0 0 
0 0 0 0 0 0 
0 0 1 1 0 0 

JOBS [6] - [0, 12, 19, 13, 3, 16]
TOOL SWITCHES : 7
MAKESPAN : 43

- MACHINE [2]

0 1 0 1 0 1 0 
0 0 1 0 0 0 0 
0 0 0 0 0 0 0 
0 1 1 1 0 1 1 
1 1 0 0 0 0 0 
0 0 0 0 0 0 0 
0 0 0 1 1 0 1 
0 0 0 0 0 0 0 
0 0 0 1 1 1 0 
0 0 0 0 0 0 1 
1 0 1 1 0 0 0 
0 0 0 0 0 0 0 
1 0 0 0 0 1 1 
1 0 1 1 1 0 1 
0 1 0 0 0 0 0 
1 1 0 0 1 1 0 
0 1 1 0 0 0 0 
0 0 0 0 0 1 0 
1 0 1 0 1 1 1 
1 0 0 1 1 0 0 

JOBS [7] - [5, 8, 10, 18, 9, 2, 4]
TOOL SWITCHES : 3
MAKESPAN : 43

# -------------------------- #

--- TOTAL TOOL SWITCHES : 23
--- HIGHEST MAKESPAN : 43
--- TOTAL FLOWTIME : 439
--- RUNNING TIME : 5.07295

# -------------------------- #
RUN : 1 - instancias_txt/SSP-NPM-I/ins158_m=3_j=20_t=20_var=18.txt

- MACHINE [0]

1 1 1 0 0 1 1 
0 0 0 0 0 0 0 
0 1 0 0 0 1 0 
0 0 1 0 0 0 0 
0 0 0 0 0 0 0 
0 0 0 1 1 1 0 
0 0 0 0 0 0 1 
0 0 0 0 0 0 0 
0 0 0 1 1 0 0 
0 0 0 0 1 1 0 
1 1 0 0 0 0 1 
1 1 1 1 1 0 0 
0 0 0 0 0 1 1 
0 1 1 1 0 0 1 
1 0 0 0 0 0 0 
0 0 0 0 0 0 1 
0 0 1 0 0 0 0 
0 0 0 1 1 0 1 
1 1 1 1 1 1 0 
1 0 0 0 0 0 0 

JOBS [7] - [9, 2, 11, 5, 16, 7, 15]
TOOL SWITCHES : 13
MAKESPAN : 42

- MACHINE [1]

0 0 1 1 1 1 
0 1 1 0 0 0 
0 0 0 0 0 0 
0 0 0 1 0 0 
1 0 1 0 0 0 
0 0 0 1 1 0 
0 0 0 0 0 0 
0 1 0 1 0 0 
0 0 0 0 1 0 
1 1 0 0 0 1 
0 0 0 1 0 0 
1 0 0 0 1 0 
1 1 1 0 0 0 
0 0 0 0 0 0 
0 1 0 1 0 0 
1 1 0 0 0 1 
0 0 0 0 0 0 
0 0 0 0 1 1 
0 0 0 0 0 0 
0 0 1 0 1 1 

JOBS [6] - [17, 3, 8, 1, 14, 13]
TOOL SWITCHES : 5
MAKESPAN : 42

- MACHINE [2]

0 0 0 0 0 0 0 
0 0 1 0 1 0 1 
0 1 0 0 0 0 0 
0 0 1 0 1 0 0 
0 0 0 0 0 0 0 
0 0 0 0 0 0 0 
0 1 0 1 0 1 1 
1 0 0 0 0 0 0 
0 1 1 0 1 1 1 
0 0 0 0 0 0 0 
1 0 0 1 1 1 0 
0 0 1 0 0 0 0 
1 0 1 0 0 0 0 
1 0 1 0 0 0 0 
1 1 0 0 0 0 0 
1 1 0 0 0 1 1 
0 0 0 1 0 1 1 
0 0 0 0 1 0 1 
0 0 0 1 1 1 1 
0 1 0 1 1 0 0 

JOBS [7] - [10, 18, 12, 19, 6, 0, 4]
TOOL SWITCHES : 3
MAKESPAN : 38

# -------------------------- #

--- TOTAL TOOL SWITCHES : 21
--- HIGHEST MAKESPAN : 42
--- TOTAL FLOWTIME : 398
--- RUNNING TIME : 4.3592

# -------------------------- #
RUN : 1 - instancias_txt/SSP-NPM-I/ins159_m=3_j=20_t=20_var=19.txt

- MACHINE [0]

0 1 1 1 0 1 
0 0 0 0 0 0 
1 1 0 0 0 0 
1 0 1 1 1 0 
0 0 0 1 1 0 
0 0 0 0 0 0 
0 0 0 1 0 0 
0 0 0 0 0 0 
0 0 0 0 0 0 
0 0 0 0 0 0 
0 0 0 0 0 1 
0 0 0 0 1 1 
1 0 0 0 0 0 
0 0 0 1 0 1 
1 1 1 0 0 1 
0 1 1 0 1 0 
1 1 0 0 0 0 
0 0 0 0 1 1 
0 0 1 0 0 0 
1 1 0 1 0 0 

JOBS [6] - [7, 19, 1, 18, 17, 5]
TOOL SWITCHES : 9
MAKESPAN : 41

- MACHINE [1]

1 0 0 0 0 0 
0 1 0 1 0 0 
0 0 1 0 0 1 
0 0 0 0 0 1 
1 1 1 0 0 0 
1 0 1 1 0 0 
0 0 0 0 0 0 
0 0 0 0 0 0 
0 1 0 1 1 0 
0 0 0 0 1 0 
0 0 0 0 0 0 
0 0 0 0 1 1 
0 0 0 1 0 1 
0 0 1 0 1 0 
1 1 0 1 1 0 
0 1 0 1 0 1 
0 1 1 0 1 1 
0 0 0 0 0 0 
1 0 1 0 0 0 
0 0 0 0 1 0 

JOBS [6] - [10, 2, 9, 8, 3, 15]
TOOL SWITCHES : 6
MAKESPAN : 42

- MACHINE [2]

1 1 0 0 0 0 1 1 
0 1 0 1 0 0 0 0 
0 0 1 1 0 0 1 0 
0 1 1 0 0 1 0 0 
0 0 0 0 0 0 0 0 
1 0 1 0 0 0 0 0 
0 1 0 1 0 0 0 0 
0 0 1 1 0 1 1 1 
0 1 1 0 1 0 0 1 
0 0 0 0 1 1 0 0 
1 0 0 0 0 0 1 0 
1 1 0 0 0 0 0 0 
1 0 1 1 1 1 0 0 
0 0 0 0 0 0 1 0 
1 0 0 0 1 0 0 0 
0 0 0 0 0 0 0 0 
0 0 0 0 1 1 1 1 
1 0 0 1 0 1 0 1 
0 0 0 0 0 0 0 1 
0 0 0 1 1 1 0 0 

JOBS [8] - [0, 16, 4, 12, 11, 6, 13, 14]
TOOL SWITCHES : 5
MAKESPAN : 41

# -------------------------- #

--- TOTAL TOOL SWITCHES : 20
--- HIGHEST MAKESPAN : 42
--- TOTAL FLOWTIME : 397
--- RUNNING TIME : 4.9938

# -------------------------- #
RUN : 1 - instancias_txt/SSP-NPM-I/ins160_m=3_j=20_t=20_var=20.txt

- MACHINE [0]

0 0 0 0 0 1 
0 1 1 1 1 1 
0 0 1 1 1 1 
0 0 0 1 0 1 
0 0 0 0 0 0 
1 0 0 0 0 0 
0 0 0 0 0 0 
0 1 1 1 0 0 
0 0 0 0 1 0 
0 0 0 0 0 0 
0 0 0 0 0 0 
0 1 0 1 0 0 
1 0 0 0 0 0 
1 0 1 0 0 0 
0 0 0 0 1 0 
0 1 0 1 0 0 
0 0 1 0 1 1 
1 1 0 0 0 0 
0 1 0 0 1 0 
1 0 0 0 0 0 

JOBS [6] - [11, 4, 13, 16, 5, 14]
TOOL SWITCHES : 10
MAKESPAN : 41

- MACHINE [1]

0 0 0 0 0 0 0 0 
0 1 1 1 1 0 0 0 
0 0 0 0 0 0 0 0 
0 0 1 0 0 1 1 0 
1 0 0 0 0 0 1 1 
0 0 0 0 0 0 0 0 
0 0 0 0 0 0 1 1 
1 0 1 0 1 0 0 0 
1 0 0 1 1 0 1 0 
0 0 0 0 0 1 0 0 
1 0 0 0 1 0 1 1 
0 0 0 1 1 0 0 0 
0 1 0 1 1 1 0 0 
0 0 0 0 0 0 1 0 
0 0 0 1 0 1 0 1 
0 0 1 0 0 0 0 0 
0 1 1 1 0 1 0 0 
0 1 1 0 0 0 0 0 
0 0 0 0 0 1 0 1 
1 1 0 0 0 0 0 0 

JOBS [8] - [19, 18, 17, 3, 7, 10, 0, 9]
TOOL SWITCHES : 7
MAKESPAN : 44

- MACHINE [2]

1 0 1 0 0 0 
0 0 0 0 0 0 
0 1 1 0 1 0 
0 0 0 1 0 0 
1 1 0 0 1 1 
1 0 0 0 1 0 
1 0 0 1 0 1 
0 1 1 0 1 1 
0 0 0 0 0 0 
1 1 1 1 0 0 
1 0 0 0 0 0 
0 0 0 0 0 0 
0 0 0 0 0 1 
0 1 0 0 0 0 
0 0 0 0 0 0 
0 1 1 0 0 0 
0 0 0 1 1 1 
0 0 0 0 0 0 
0 0 1 0 0 0 
1 0 0 1 1 1 

JOBS [6] - [8, 12, 15, 1, 2, 6]
TOOL SWITCHES : 2
MAKESPAN : 42

# -------------------------- #

--- TOTAL TOOL SWITCHES : 19
--- HIGHEST MAKESPAN : 44
--- TOTAL FLOWTIME : 462
--- RUNNING TIME : 4.75259

# -------------------------- #


avg : 42.5
