RUN : 1 - instancias_txt/SSP-NPM-I/ins141_m=3_j=20_t=20_var=1.txt

- MACHINE [0]

0 0 0 0 0 
1 1 0 0 0 
0 0 0 0 0 
0 0 0 0 0 
0 0 1 1 0 
0 0 0 1 1 
0 0 0 0 1 
1 0 0 0 0 
0 0 0 0 1 
1 0 1 0 1 
0 0 0 1 1 
0 1 1 0 0 
1 1 1 1 0 
1 0 0 1 1 
0 0 1 1 1 
0 1 1 0 0 
1 1 0 0 0 
0 0 0 0 0 
0 1 0 0 0 
0 0 0 0 0 

JOBS [5] - [8, 12, 11, 15, 10]
TOOL SWITCHES : 9
MAKESPAN : 44

- MACHINE [1]

0 0 0 0 0 0 0 
1 0 0 1 0 1 0 
1 1 0 0 1 1 1 
0 0 1 0 0 0 0 
0 0 0 1 0 0 0 
0 0 0 0 0 1 1 
1 0 1 0 0 1 1 
0 1 0 1 1 0 0 
0 0 1 1 1 0 0 
0 0 0 0 0 0 0 
0 1 0 0 0 0 0 
0 1 0 0 1 1 1 
1 1 1 0 0 0 0 
0 0 0 0 1 1 0 
1 1 0 1 1 0 0 
0 0 0 1 1 0 0 
0 0 0 0 0 0 1 
0 0 0 0 0 0 0 
0 0 1 1 0 1 0 
1 0 0 0 0 0 0 

JOBS [7] - [0, 7, 6, 18, 9, 5, 3]
TOOL SWITCHES : 7
MAKESPAN : 48

- MACHINE [2]

0 1 1 0 1 1 1 0 
0 1 0 0 0 0 0 0 
0 1 0 0 0 1 0 0 
0 1 0 1 0 0 0 0 
0 0 0 1 0 0 0 0 
1 0 0 1 0 0 0 0 
1 0 1 0 0 0 0 0 
0 0 1 0 0 0 0 0 
0 1 0 0 1 1 0 0 
0 0 0 0 1 0 1 1 
1 0 0 1 1 1 0 1 
0 0 0 0 0 0 0 0 
0 0 0 0 0 0 1 0 
1 0 0 0 1 1 0 0 
0 0 1 0 0 0 1 1 
0 0 0 0 0 0 1 1 
1 0 0 0 1 0 0 0 
0 1 1 1 0 0 0 1 
1 0 1 0 0 0 1 0 
0 0 0 1 0 1 0 0 

JOBS [8] - [13, 4, 2, 16, 17, 14, 1, 19]
TOOL SWITCHES : 6
MAKESPAN : 47

# -------------------------- #

--- TOTAL TOOL SWITCHES : 22
--- HIGHEST MAKESPAN : 48
--- TOTAL FLOWTIME : 484
--- RUNNING TIME : 4.7582

# -------------------------- #
RUN : 1 - instancias_txt/SSP-NPM-I/ins142_m=3_j=20_t=20_var=2.txt

- MACHINE [0]

1 0 0 0 0 1 
1 0 0 0 0 0 
0 0 1 1 0 0 
1 1 1 0 0 0 
0 1 1 1 0 1 
0 0 0 1 1 1 
0 0 1 1 1 0 
1 1 0 0 0 0 
0 0 0 0 0 0 
0 0 0 0 0 1 
1 0 0 0 1 0 
0 0 0 0 0 0 
0 0 0 1 0 0 
1 0 0 0 1 0 
0 0 0 0 1 1 
0 1 1 0 0 0 
0 1 0 0 0 0 
0 0 0 1 0 0 
0 0 0 0 1 1 
0 0 1 0 0 1 

JOBS [6] - [3, 9, 4, 13, 14, 18]
TOOL SWITCHES : 14
MAKESPAN : 42

- MACHINE [1]

0 0 0 0 0 0 
1 0 1 1 0 0 
0 0 0 0 1 1 
0 0 0 0 0 0 
0 0 1 1 0 0 
1 1 0 0 0 0 
0 0 0 1 0 0 
1 1 1 1 1 1 
0 0 0 0 1 0 
1 0 0 0 0 1 
1 0 1 1 0 0 
0 0 0 0 0 0 
0 0 0 0 1 0 
0 1 1 0 1 0 
1 0 0 1 0 1 
0 0 0 0 0 1 
0 0 0 0 1 1 
1 1 0 0 0 0 
0 0 0 1 1 1 
0 1 1 0 0 0 

JOBS [6] - [1, 6, 10, 15, 2, 11]
TOOL SWITCHES : 7
MAKESPAN : 40

- MACHINE [2]

0 0 1 0 1 1 0 1 
0 0 0 0 0 0 0 0 
1 0 0 1 0 0 0 0 
1 0 1 0 0 0 0 0 
0 0 0 0 0 0 0 0 
0 0 1 0 0 0 1 0 
1 1 0 0 0 0 0 0 
0 0 1 0 1 1 1 0 
0 1 0 1 1 0 0 0 
0 0 0 0 0 0 1 0 
0 0 0 0 0 0 0 0 
1 1 0 0 0 1 0 0 
1 0 0 0 0 1 1 0 
0 1 0 1 0 0 0 1 
0 0 0 0 0 0 0 1 
0 0 0 0 0 0 0 0 
0 0 0 0 0 1 0 1 
0 0 0 1 1 1 1 0 
0 1 0 1 1 0 1 0 
0 0 1 0 0 0 0 1 

JOBS [8] - [16, 5, 8, 17, 0, 19, 12, 7]
TOOL SWITCHES : 3
MAKESPAN : 42

# -------------------------- #

--- TOTAL TOOL SWITCHES : 24
--- HIGHEST MAKESPAN : 42
--- TOTAL FLOWTIME : 391
--- RUNNING TIME : 5.28507

# -------------------------- #
RUN : 1 - instancias_txt/SSP-NPM-I/ins143_m=3_j=20_t=20_var=3.txt

- MACHINE [0]

1 1 0 0 0 0 0 
1 0 0 0 0 0 0 
0 0 0 1 0 0 0 
1 1 0 0 0 0 0 
0 0 1 1 1 1 0 
1 1 0 1 1 1 1 
0 0 0 0 0 0 0 
1 0 1 0 0 0 0 
0 1 1 1 1 0 1 
0 0 0 0 0 0 0 
0 0 0 0 0 1 0 
0 0 0 0 0 0 1 
0 0 0 0 1 0 0 
0 0 0 1 1 1 0 
0 0 0 0 0 1 1 
0 1 0 0 1 0 0 
0 0 0 0 0 0 1 
0 0 1 1 0 0 0 
0 0 1 0 0 1 0 
1 0 1 0 0 0 1 

JOBS [7] - [9, 14, 11, 19, 5, 2, 17]
TOOL SWITCHES : 13
MAKESPAN : 42

- MACHINE [1]

0 0 0 0 0 0 
0 0 0 0 0 0 
1 0 1 0 0 0 
1 0 0 1 1 0 
1 1 1 0 0 0 
0 0 0 0 0 0 
0 1 0 0 1 0 
0 0 1 0 0 0 
1 1 0 1 0 1 
0 0 0 0 0 0 
0 0 0 0 0 1 
0 0 0 0 1 1 
0 0 0 0 0 0 
0 0 0 1 0 0 
1 0 0 0 0 0 
0 0 1 1 1 1 
0 0 1 1 0 1 
0 0 0 1 1 0 
0 1 0 0 0 1 
1 1 1 0 0 0 

JOBS [6] - [18, 16, 13, 10, 15, 3]
TOOL SWITCHES : 5
MAKESPAN : 42

- MACHINE [2]

0 1 0 1 1 0 0 
0 0 1 1 1 0 1 
1 0 0 0 0 1 0 
0 0 1 1 0 0 0 
1 0 0 0 0 1 0 
0 0 1 0 1 1 0 
0 0 0 1 1 0 0 
1 0 0 1 0 0 1 
0 0 0 0 0 0 0 
0 1 0 0 0 1 1 
0 0 0 0 1 0 1 
1 0 1 0 0 0 0 
0 0 0 1 0 0 0 
0 0 0 0 0 0 1 
1 1 1 0 0 0 1 
1 0 0 0 0 0 0 
0 1 0 1 0 0 0 
0 0 0 0 0 0 0 
1 0 1 0 0 1 0 
0 1 0 0 1 0 0 

JOBS [7] - [0, 1, 8, 7, 4, 6, 12]
TOOL SWITCHES : 6
MAKESPAN : 42

# -------------------------- #

--- TOTAL TOOL SWITCHES : 24
--- HIGHEST MAKESPAN : 42
--- TOTAL FLOWTIME : 426
--- RUNNING TIME : 4.42686

# -------------------------- #
RUN : 1 - instancias_txt/SSP-NPM-I/ins144_m=3_j=20_t=20_var=4.txt

- MACHINE [0]

1 1 1 1 1 
0 0 0 0 0 
0 0 0 1 1 
1 1 1 0 0 
0 0 0 0 0 
0 0 0 0 1 
0 0 0 1 0 
0 0 0 0 1 
1 0 0 1 0 
1 1 0 0 0 
1 0 0 0 0 
0 0 0 0 1 
0 0 1 0 0 
0 0 0 0 0 
0 1 1 0 0 
0 1 0 0 0 
0 0 0 1 0 
0 0 1 1 0 
0 1 1 0 0 
1 1 0 0 0 

JOBS [5] - [2, 9, 5, 11, 18]
TOOL SWITCHES : 11
MAKESPAN : 38

- MACHINE [1]

0 0 0 0 0 0 
0 0 0 0 1 0 
0 1 1 1 0 0 
0 0 1 1 0 0 
0 0 0 0 1 1 
0 1 0 0 1 1 
0 0 0 0 0 0 
1 1 0 1 0 1 
0 1 0 1 1 1 
0 0 0 0 1 1 
1 0 0 0 0 1 
0 1 0 0 0 0 
0 0 0 0 0 0 
1 0 1 0 0 0 
1 0 1 0 1 0 
0 0 1 1 0 0 
1 0 0 0 0 0 
0 1 1 1 1 0 
0 0 0 0 0 0 
0 0 0 1 0 0 

JOBS [6] - [15, 10, 3, 6, 12, 17]
TOOL SWITCHES : 6
MAKESPAN : 39

- MACHINE [2]

0 0 0 0 1 0 0 1 0 
0 0 0 0 0 1 1 0 1 
0 1 1 0 0 0 0 0 0 
0 1 1 1 0 1 0 0 0 
0 0 0 0 0 0 0 0 0 
0 0 0 0 0 0 0 1 0 
1 1 0 0 1 0 1 1 0 
1 0 0 1 1 0 0 0 0 
1 0 0 1 0 0 0 0 1 
1 1 1 0 0 0 0 1 0 
1 0 1 0 0 1 1 0 0 
0 0 1 0 0 0 0 0 1 
1 1 0 0 0 0 0 1 0 
0 0 0 0 0 0 1 1 1 
0 1 1 0 1 0 0 0 0 
0 0 0 1 1 1 1 0 1 
0 0 0 0 0 1 1 0 0 
0 0 0 0 0 0 0 0 0 
0 0 1 1 0 0 0 0 1 
1 0 0 1 1 0 0 1 0 

JOBS [9] - [4, 16, 13, 8, 7, 0, 14, 1, 19]
TOOL SWITCHES : 5
MAKESPAN : 39

# -------------------------- #

--- TOTAL TOOL SWITCHES : 22
--- HIGHEST MAKESPAN : 39
--- TOTAL FLOWTIME : 403
--- RUNNING TIME : 6.01729

# -------------------------- #
RUN : 1 - instancias_txt/SSP-NPM-I/ins145_m=3_j=20_t=20_var=5.txt

- MACHINE [0]

0 0 0 0 0 0 
1 1 0 0 0 0 
0 0 1 0 1 1 
0 0 0 0 1 0 
1 0 1 1 1 0 
0 0 0 1 1 1 
0 0 0 0 0 0 
1 1 0 0 0 0 
0 1 0 0 0 1 
1 1 1 0 0 0 
1 0 0 1 0 0 
0 0 0 0 1 0 
0 0 0 0 0 0 
0 0 0 0 0 1 
0 0 0 0 0 0 
0 0 1 1 1 0 
1 1 1 0 0 1 
0 0 1 0 0 0 
0 0 0 0 0 1 
0 1 1 1 0 0 

JOBS [6] - [8, 5, 12, 13, 17, 6]
TOOL SWITCHES : 11
MAKESPAN : 46

- MACHINE [1]

0 1 0 0 0 0 0 0 
0 0 1 1 1 1 0 0 
0 1 0 1 0 0 0 0 
1 0 1 0 0 0 0 0 
0 1 0 0 1 1 1 0 
0 0 0 0 0 0 0 1 
1 0 1 0 0 0 0 0 
0 0 0 0 1 0 0 0 
0 0 0 0 0 1 0 0 
1 1 0 1 0 1 1 0 
1 0 1 0 0 0 1 1 
0 0 0 1 0 1 0 1 
0 0 0 1 1 1 0 1 
0 1 0 0 1 0 0 1 
1 0 0 0 0 0 0 0 
1 0 1 1 0 0 1 1 
0 0 0 0 0 0 0 1 
0 0 0 0 0 0 0 0 
0 1 1 1 0 1 1 0 
1 0 0 0 0 0 0 0 

JOBS [8] - [1, 19, 15, 9, 4, 3, 11, 18]
TOOL SWITCHES : 9
MAKESPAN : 46

- MACHINE [2]

1 1 1 0 0 1 
0 0 0 0 0 0 
0 0 1 0 0 1 
0 0 0 0 0 0 
0 0 0 0 0 0 
1 0 0 1 0 0 
0 0 1 0 0 0 
1 1 1 0 0 1 
0 0 1 0 0 1 
1 0 0 0 1 0 
0 0 0 1 1 1 
0 0 0 1 0 1 
0 0 0 1 1 0 
0 1 0 0 1 1 
0 1 0 0 0 0 
0 0 0 0 1 0 
0 0 0 0 0 0 
1 1 0 1 1 0 
1 0 0 1 0 0 
0 1 0 0 0 0 

JOBS [6] - [7, 2, 10, 16, 14, 0]
TOOL SWITCHES : 3
MAKESPAN : 46

# -------------------------- #

--- TOTAL TOOL SWITCHES : 23
--- HIGHEST MAKESPAN : 46
--- TOTAL FLOWTIME : 516
--- RUNNING TIME : 4.56057

# -------------------------- #
RUN : 1 - instancias_txt/SSP-NPM-I/ins146_m=3_j=20_t=20_var=6.txt

- MACHINE [0]

0 0 0 0 0 
0 0 0 1 0 
1 0 0 0 0 
0 0 0 0 0 
0 0 0 0 0 
1 1 1 1 0 
0 0 0 1 1 
0 0 0 0 1 
0 1 1 0 0 
1 1 0 0 0 
1 1 1 1 0 
1 0 0 1 1 
0 0 0 1 1 
1 0 0 0 0 
0 0 1 0 1 
0 1 0 0 0 
0 0 0 0 0 
0 0 0 0 0 
0 0 1 0 0 
1 1 0 1 0 

JOBS [5] - [18, 1, 10, 3, 4]
TOOL SWITCHES : 9
MAKESPAN : 47

- MACHINE [1]

1 1 0 1 0 0 
0 0 0 0 0 0 
1 1 0 0 1 0 
0 0 0 1 1 1 
0 0 0 0 0 0 
1 1 1 0 1 0 
1 0 0 0 0 1 
0 0 0 0 0 0 
1 1 1 0 1 0 
0 0 0 0 0 1 
0 0 1 0 0 0 
0 0 0 0 0 0 
0 0 1 0 0 0 
0 0 0 1 1 0 
0 0 1 0 1 0 
0 0 0 0 0 0 
0 1 0 1 0 1 
1 0 0 1 0 1 
0 0 0 1 0 1 
1 1 1 0 0 0 

JOBS [6] - [16, 9, 14, 13, 15, 19]
TOOL SWITCHES : 6
MAKESPAN : 48

- MACHINE [2]

0 0 0 0 0 0 0 0 1 
0 0 1 0 0 0 0 0 1 
1 0 0 1 1 0 0 0 0 
0 0 1 0 0 1 1 1 0 
0 1 0 0 0 1 0 1 1 
1 0 1 0 1 0 0 0 1 
0 0 0 0 0 0 1 1 0 
1 0 0 0 0 0 1 0 0 
1 0 1 0 0 0 0 0 0 
0 0 0 0 0 0 0 0 0 
0 1 0 0 1 1 0 0 0 
0 0 0 0 0 0 0 0 0 
1 1 0 1 0 0 0 1 1 
0 0 0 0 0 0 0 0 0 
1 1 0 1 1 0 0 0 0 
0 0 0 1 1 0 1 0 1 
1 0 1 0 0 1 1 1 0 
0 0 0 0 0 1 0 1 0 
0 1 0 0 0 0 0 1 0 
0 1 1 1 1 0 0 0 0 

JOBS [9] - [12, 2, 0, 5, 7, 6, 11, 8, 17]
TOOL SWITCHES : 4
MAKESPAN : 47

# -------------------------- #

--- TOTAL TOOL SWITCHES : 19
--- HIGHEST MAKESPAN : 48
--- TOTAL FLOWTIME : 491
--- RUNNING TIME : 4.94936

# -------------------------- #
RUN : 1 - instancias_txt/SSP-NPM-I/ins147_m=3_j=20_t=20_var=7.txt

- MACHINE [0]

0 0 0 0 0 0 
0 0 0 0 0 0 
1 1 0 0 1 1 
0 0 0 0 0 1 
0 0 0 0 1 1 
1 1 1 1 0 0 
0 0 0 0 1 0 
0 0 0 0 0 1 
0 0 0 0 0 0 
1 0 0 0 0 0 
0 0 0 1 0 1 
0 0 1 1 1 0 
1 1 0 0 0 0 
1 0 0 0 0 0 
0 0 0 0 0 0 
0 0 1 0 0 0 
0 0 1 1 1 0 
0 1 1 1 0 0 
1 1 0 0 0 0 
0 1 0 1 0 1 

JOBS [6] - [6, 19, 14, 8, 16, 10]
TOOL SWITCHES : 9
MAKESPAN : 41

- MACHINE [1]

0 1 1 1 0 0 0 
1 0 0 1 1 0 1 
0 0 0 0 0 0 0 
1 1 0 0 0 0 0 
0 0 0 0 0 0 0 
0 0 0 0 0 0 1 
1 0 1 0 0 0 0 
0 0 0 0 0 1 0 
0 0 0 0 0 0 0 
0 1 0 0 0 0 0 
0 0 1 0 0 0 1 
0 0 0 0 0 0 0 
1 0 0 0 0 0 1 
1 0 0 1 1 1 0 
1 1 0 1 0 1 0 
0 0 1 1 1 0 0 
1 0 1 0 1 1 1 
0 1 1 1 1 1 0 
0 0 0 0 1 1 0 
0 0 0 0 0 0 0 

JOBS [7] - [11, 5, 18, 7, 17, 9, 12]
TOOL SWITCHES : 5
MAKESPAN : 41

- MACHINE [2]

0 0 0 1 0 1 1 
0 0 0 0 0 0 1 
0 0 0 0 0 0 0 
0 0 0 1 0 0 0 
1 0 0 1 0 0 0 
0 1 0 0 1 0 1 
0 0 0 0 0 0 0 
0 1 0 0 0 1 0 
0 1 1 0 0 1 0 
1 0 1 0 1 0 0 
1 0 1 0 0 0 0 
1 1 0 1 1 0 0 
0 0 0 0 0 0 0 
0 0 0 0 0 1 0 
0 0 1 0 1 0 1 
0 0 1 0 0 1 0 
1 0 1 0 0 0 0 
0 0 0 0 0 0 0 
0 0 1 1 1 0 1 
1 1 0 0 0 0 0 

JOBS [7] - [1, 4, 15, 0, 3, 13, 2]
TOOL SWITCHES : 3
MAKESPAN : 41

# -------------------------- #

--- TOTAL TOOL SWITCHES : 17
--- HIGHEST MAKESPAN : 41
--- TOTAL FLOWTIME : 424
--- RUNNING TIME : 5.0611

# -------------------------- #
RUN : 1 - instancias_txt/SSP-NPM-I/ins148_m=3_j=20_t=20_var=8.txt

- MACHINE [0]

0 0 1 0 0 1 
0 1 1 0 0 0 
0 0 0 0 0 0 
0 0 0 1 1 0 
0 0 0 0 1 1 
0 0 0 0 0 0 
0 1 0 0 1 1 
0 0 0 1 1 1 
0 0 0 0 0 0 
1 1 0 0 0 0 
1 0 1 1 0 0 
0 0 0 0 0 0 
1 0 0 0 0 0 
1 0 0 0 0 0 
1 1 0 0 1 1 
1 1 0 1 1 0 
0 0 0 0 0 0 
0 1 1 1 0 0 
0 0 0 0 0 0 
0 0 1 1 0 1 

JOBS [6] - [7, 17, 11, 0, 19, 10]
TOOL SWITCHES : 9
MAKESPAN : 41

- MACHINE [1]

0 0 0 0 0 0 0 
1 1 1 1 0 0 0 
0 0 0 0 1 1 1 
0 0 0 0 0 0 1 
0 0 0 1 0 0 1 
1 1 0 0 1 0 1 
0 0 1 0 0 0 1 
1 1 0 0 0 0 0 
0 1 1 0 0 0 0 
0 0 0 0 0 0 0 
1 0 1 0 0 0 1 
1 0 1 1 0 0 0 
0 0 0 1 1 0 0 
1 0 1 1 0 1 0 
0 1 0 0 1 1 0 
0 0 0 0 0 1 0 
0 1 0 1 1 0 0 
0 0 0 0 1 1 0 
0 0 0 0 0 1 0 
0 1 0 0 0 0 0 

JOBS [7] - [4, 12, 5, 9, 16, 6, 15]
TOOL SWITCHES : 8
MAKESPAN : 42

- MACHINE [2]

0 0 0 1 1 0 1 
0 0 1 0 0 1 0 
1 1 0 0 0 0 0 
0 0 0 0 0 0 0 
0 0 0 1 0 1 1 
0 0 0 0 1 0 0 
0 0 1 1 0 0 0 
0 1 0 0 1 1 0 
1 1 1 0 0 0 0 
0 0 0 0 0 0 1 
1 0 0 0 0 1 0 
0 0 0 0 0 0 0 
1 0 0 0 0 0 0 
0 0 1 0 0 0 0 
1 0 0 0 1 0 0 
0 1 0 1 1 0 0 
0 0 1 1 1 0 0 
0 1 0 1 0 1 1 
0 1 0 0 0 1 1 
0 0 0 0 0 0 1 

JOBS [7] - [18, 13, 8, 1, 14, 2, 3]
TOOL SWITCHES : 5
MAKESPAN : 41

# -------------------------- #

--- TOTAL TOOL SWITCHES : 22
--- HIGHEST MAKESPAN : 42
--- TOTAL FLOWTIME : 433
--- RUNNING TIME : 4.49175

# -------------------------- #
RUN : 1 - instancias_txt/SSP-NPM-I/ins149_m=3_j=20_t=20_var=9.txt

- MACHINE [0]

0 0 1 0 1 
0 1 1 1 0 
1 0 0 0 0 
1 1 0 0 0 
0 0 0 0 0 
0 0 0 0 0 
0 0 0 1 0 
0 0 0 0 0 
1 0 0 0 0 
0 1 1 0 1 
0 0 0 0 0 
0 0 0 1 1 
0 1 0 1 0 
0 0 1 0 1 
1 1 1 0 0 
0 0 0 1 1 
1 0 1 0 0 
1 1 0 0 0 
0 1 0 0 0 
0 0 0 0 0 

JOBS [5] - [13, 7, 9, 15, 19]
TOOL SWITCHES : 10
MAKESPAN : 41

- MACHINE [1]

0 0 0 0 1 1 
0 0 1 1 0 0 
0 0 0 0 0 0 
0 0 0 1 0 1 
1 0 0 0 0 0 
0 0 0 0 0 0 
0 0 0 0 0 1 
0 1 1 1 1 0 
1 1 0 1 0 0 
0 1 1 0 0 0 
1 0 1 0 1 0 
0 0 1 1 1 0 
0 0 0 0 0 0 
1 0 0 1 0 1 
1 1 0 0 0 0 
0 1 1 1 1 0 
0 1 0 0 1 0 
0 0 0 0 1 0 
0 1 0 0 0 1 
0 0 0 0 0 1 

JOBS [6] - [4, 0, 10, 5, 17, 1]
TOOL SWITCHES : 7
MAKESPAN : 42

- MACHINE [2]

1 0 0 0 1 0 0 0 0 
1 0 0 1 1 0 0 1 1 
0 0 0 0 0 1 1 1 1 
0 0 0 0 0 0 0 0 0 
0 0 1 1 1 0 0 1 1 
0 1 1 0 0 0 1 1 0 
0 1 0 1 0 1 1 0 0 
0 1 0 0 0 0 1 0 1 
0 0 0 0 0 0 0 0 0 
0 1 0 0 0 1 1 1 1 
0 0 0 0 1 0 0 1 0 
0 1 1 1 0 0 0 0 0 
0 0 0 0 0 0 0 0 0 
1 0 0 1 1 1 1 0 1 
0 0 1 0 0 1 0 1 1 
0 0 0 0 1 1 0 0 0 
0 0 0 0 0 0 0 0 0 
1 1 0 1 0 0 1 0 0 
1 0 1 0 0 0 0 0 0 
1 1 1 0 0 0 0 0 0 

JOBS [9] - [2, 18, 14, 11, 16, 12, 8, 6, 3]
TOOL SWITCHES : 3
MAKESPAN : 41

# -------------------------- #

--- TOTAL TOOL SWITCHES : 20
--- HIGHEST MAKESPAN : 42
--- TOTAL FLOWTIME : 426
--- RUNNING TIME : 6.48464

# -------------------------- #
RUN : 1 - instancias_txt/SSP-NPM-I/ins150_m=3_j=20_t=20_var=10.txt

- MACHINE [0]

0 0 0 1 0 0 
0 0 0 0 0 0 
0 0 0 0 0 0 
0 1 1 0 0 0 
0 0 0 0 0 0 
1 1 1 0 0 0 
1 0 0 0 0 0 
0 0 0 1 1 0 
1 1 0 0 0 0 
0 0 0 0 0 0 
0 0 0 0 1 1 
0 0 0 0 1 1 
1 0 1 0 0 1 
0 0 1 1 1 1 
0 0 0 1 1 0 
0 1 0 0 0 0 
0 0 1 1 0 1 
1 1 0 0 0 0 
1 0 0 0 0 0 
1 1 1 1 0 0 

JOBS [6] - [7, 13, 18, 19, 15, 4]
TOOL SWITCHES : 9
MAKESPAN : 44

- MACHINE [1]

0 1 1 0 0 0 0 
0 0 0 0 1 0 0 
1 0 1 1 0 1 0 
0 0 0 0 0 0 0 
1 0 0 0 0 0 0 
0 1 0 0 1 1 0 
1 0 0 0 0 0 0 
0 0 0 0 0 0 0 
0 1 0 0 0 0 0 
0 0 0 0 0 0 0 
1 0 0 1 1 1 1 
1 1 1 1 1 0 1 
1 1 0 0 1 1 0 
0 0 0 0 0 0 1 
0 0 1 0 0 0 0 
0 0 0 0 1 1 0 
0 1 1 0 0 1 0 
0 0 0 1 1 0 0 
0 0 0 1 0 0 1 
0 0 0 0 0 0 1 

JOBS [7] - [8, 17, 1, 3, 12, 0, 14]
TOOL SWITCHES : 7
MAKESPAN : 43

- MACHINE [2]

0 0 1 0 0 0 0 
0 0 1 1 0 1 0 
1 1 0 0 0 0 0 
1 1 1 0 1 1 0 
1 0 0 0 1 1 0 
1 1 0 0 0 0 0 
0 1 1 1 0 1 1 
0 0 0 1 0 0 0 
0 0 0 0 1 0 1 
1 1 1 0 0 0 0 
0 0 0 0 1 0 1 
0 0 0 0 0 0 0 
0 0 0 0 0 0 0 
0 0 0 0 0 0 1 
1 1 0 0 0 0 0 
1 0 0 1 1 0 0 
0 0 0 0 0 0 0 
0 0 0 1 0 1 1 
0 0 1 0 1 0 0 
0 0 1 1 1 1 1 

JOBS [7] - [2, 10, 9, 11, 6, 16, 5]
TOOL SWITCHES : 4
MAKESPAN : 43

# -------------------------- #

--- TOTAL TOOL SWITCHES : 20
--- HIGHEST MAKESPAN : 44
--- TOTAL FLOWTIME : 420
--- RUNNING TIME : 4.98036

# -------------------------- #
RUN : 1 - instancias_txt/SSP-NPM-I/ins151_m=3_j=20_t=20_var=11.txt

- MACHINE [0]

0 0 0 0 0 1 0 
1 1 1 1 1 0 0 
0 0 0 0 0 0 0 
0 0 0 0 0 1 0 
1 0 0 0 1 0 0 
0 0 0 0 0 0 0 
1 0 0 0 0 0 1 
0 0 1 1 1 1 1 
0 0 0 0 0 1 0 
0 0 0 0 0 0 1 
0 0 0 1 0 0 1 
0 0 1 1 0 1 0 
1 1 0 0 0 0 0 
0 1 0 0 0 0 0 
0 0 0 0 0 0 0 
0 0 0 0 0 0 1 
1 1 1 0 1 0 0 
0 0 0 0 1 1 1 
1 1 1 1 0 0 0 
1 1 1 0 0 0 0 

JOBS [7] - [9, 16, 4, 1, 11, 10, 2]
TOOL SWITCHES : 11
MAKESPAN : 43

- MACHINE [1]

0 0 0 0 0 1 1 
0 0 0 0 0 0 0 
0 1 0 1 1 1 0 
0 0 1 1 0 1 0 
1 1 0 0 1 1 0 
0 0 0 0 0 0 0 
0 1 1 1 1 0 0 
0 1 0 0 1 0 1 
0 1 0 0 0 0 0 
1 1 1 0 0 0 0 
0 0 1 0 0 0 1 
0 0 0 0 0 1 0 
0 0 0 0 0 0 0 
0 0 0 1 0 1 1 
0 0 0 0 1 1 0 
1 0 0 0 0 0 1 
0 0 0 0 0 0 0 
1 0 1 0 1 0 0 
1 0 0 0 0 0 0 
1 0 1 1 0 0 0 

JOBS [7] - [14, 3, 5, 17, 0, 15, 6]
TOOL SWITCHES : 6
MAKESPAN : 43

- MACHINE [2]

1 0 1 0 1 0 
0 0 0 0 1 0 
0 0 0 0 0 0 
0 1 0 1 0 0 
0 0 0 0 0 0 
0 0 0 0 0 1 
1 1 1 0 0 0 
1 0 0 1 1 1 
0 0 0 0 0 1 
1 0 1 0 1 0 
1 1 0 1 0 0 
0 0 0 0 0 0 
1 0 0 0 1 0 
0 0 0 1 0 1 
0 1 1 0 0 0 
0 1 0 1 0 1 
0 0 0 1 1 0 
0 0 0 0 0 0 
0 1 0 0 0 0 
0 0 1 1 0 0 

JOBS [6] - [7, 12, 8, 19, 18, 13]
TOOL SWITCHES : 3
MAKESPAN : 43

# -------------------------- #

--- TOTAL TOOL SWITCHES : 20
--- HIGHEST MAKESPAN : 43
--- TOTAL FLOWTIME : 405
--- RUNNING TIME : 5.1526

# -------------------------- #
RUN : 1 - instancias_txt/SSP-NPM-I/ins152_m=3_j=20_t=20_var=12.txt

- MACHINE [0]

0 0 0 0 0 1 
0 0 0 1 1 1 
0 0 0 0 0 0 
0 1 1 1 0 1 
0 0 0 0 1 0 
0 0 0 0 0 0 
1 1 0 0 0 0 
0 0 0 0 0 1 
0 0 1 1 1 0 
1 0 0 1 1 1 
1 0 0 0 0 0 
1 0 0 0 0 0 
0 1 1 1 0 1 
0 1 0 1 1 0 
0 0 1 1 0 0 
0 0 0 0 0 0 
1 1 1 0 0 0 
1 0 1 0 0 0 
1 0 0 0 0 0 
0 1 0 0 0 0 

JOBS [6] - [4, 8, 0, 2, 17, 3]
TOOL SWITCHES : 11
MAKESPAN : 37

- MACHINE [1]

1 0 1 0 0 1 1 
0 1 1 0 0 0 0 
0 1 0 0 0 0 0 
1 1 1 0 0 0 0 
0 0 1 0 1 1 1 
1 0 0 0 0 0 1 
0 0 0 0 0 0 0 
0 0 0 0 1 1 0 
0 1 1 1 1 0 0 
1 0 1 1 0 0 0 
0 0 0 0 0 0 0 
0 0 0 1 1 0 0 
0 0 0 0 0 1 1 
0 0 0 0 0 0 0 
0 0 0 0 0 0 0 
1 0 0 1 0 1 0 
0 1 0 1 0 0 1 
1 0 0 0 0 0 0 
0 0 0 0 1 1 0 
0 1 0 1 1 0 0 

JOBS [7] - [1, 6, 15, 18, 10, 13, 12]
TOOL SWITCHES : 6
MAKESPAN : 35

- MACHINE [2]

1 0 1 1 0 0 1 
0 1 0 1 1 1 0 
1 0 1 0 1 1 0 
0 0 0 0 1 0 0 
0 0 0 1 0 0 0 
0 0 0 0 0 0 0 
1 0 1 0 0 1 1 
0 0 0 1 0 0 0 
0 0 0 0 0 1 1 
0 0 0 0 0 0 0 
1 0 1 0 1 0 0 
0 1 0 0 0 0 0 
0 0 0 0 0 0 0 
0 1 0 1 0 0 1 
1 0 0 0 0 0 0 
1 1 1 1 1 0 0 
0 0 0 0 0 0 0 
0 1 0 0 1 1 0 
0 1 0 0 0 0 1 
0 0 1 0 1 1 0 

JOBS [7] - [5, 14, 11, 19, 16, 7, 9]
TOOL SWITCHES : 3
MAKESPAN : 37

# -------------------------- #

--- TOTAL TOOL SWITCHES : 20
--- HIGHEST MAKESPAN : 37
--- TOTAL FLOWTIME : 375
--- RUNNING TIME : 4.72656

# -------------------------- #
RUN : 1 - instancias_txt/SSP-NPM-I/ins153_m=3_j=20_t=20_var=13.txt

- MACHINE [0]

0 1 1 0 0 
0 1 0 1 1 
0 0 0 0 0 
0 0 1 1 0 
0 0 1 1 1 
0 0 0 0 0 
0 0 0 1 0 
0 0 0 1 1 
1 0 1 0 0 
1 0 0 0 0 
0 0 1 1 1 
1 1 0 0 0 
0 1 0 0 0 
0 0 1 0 1 
1 1 0 0 0 
1 0 0 0 0 
1 0 0 0 0 
0 0 0 0 1 
0 0 0 0 0 
0 1 0 0 1 

JOBS [5] - [0, 6, 2, 1, 7]
TOOL SWITCHES : 11
MAKESPAN : 44

- MACHINE [1]

0 0 1 0 0 1 1 
0 0 0 1 1 0 1 
0 0 1 1 1 0 0 
1 1 0 1 0 0 0 
0 0 0 0 0 0 0 
0 0 1 1 0 1 0 
0 0 0 0 0 1 1 
1 1 1 0 1 0 0 
1 0 0 1 1 1 0 
1 0 0 0 0 0 0 
0 0 1 0 0 0 0 
0 0 0 0 0 0 0 
0 0 0 1 1 0 0 
0 1 1 1 0 0 0 
0 0 0 0 0 0 0 
0 0 0 0 1 0 1 
0 1 0 0 1 1 1 
0 0 0 0 0 1 0 
1 1 0 0 0 0 0 
0 0 0 0 0 0 0 

JOBS [7] - [4, 16, 10, 15, 8, 9, 5]
TOOL SWITCHES : 6
MAKESPAN : 45

- MACHINE [2]

0 0 0 0 0 0 0 0 
1 0 0 0 1 0 0 0 
0 0 1 0 1 0 0 0 
0 1 1 0 0 0 0 0 
0 0 0 1 0 1 0 0 
1 0 1 1 0 0 0 1 
0 1 0 0 0 0 0 0 
0 0 1 0 0 1 0 1 
0 0 1 0 0 0 1 0 
0 1 1 1 0 0 1 1 
0 1 0 1 0 0 0 0 
0 0 0 0 0 1 1 0 
0 0 0 0 1 1 0 0 
1 1 1 0 0 0 0 0 
0 0 0 0 0 0 0 0 
1 0 0 1 1 1 0 1 
0 0 0 0 0 0 1 0 
1 0 0 0 0 1 1 0 
1 0 0 0 1 0 0 1 
0 1 0 0 1 0 1 0 

JOBS [8] - [11, 3, 12, 17, 19, 18, 13, 14]
TOOL SWITCHES : 5
MAKESPAN : 44

# -------------------------- #

--- TOTAL TOOL SWITCHES : 22
--- HIGHEST MAKESPAN : 45
--- TOTAL FLOWTIME : 469
--- RUNNING TIME : 4.54837

# -------------------------- #
RUN : 1 - instancias_txt/SSP-NPM-I/ins154_m=3_j=20_t=20_var=14.txt

- MACHINE [0]

0 0 0 0 1 1 0 
0 0 0 0 0 0 0 
0 0 0 1 1 1 0 
0 0 0 0 1 0 0 
0 0 1 0 0 0 1 
1 1 0 0 1 0 0 
0 0 0 0 0 1 1 
0 1 0 0 0 0 0 
1 0 0 0 0 1 1 
0 0 0 0 0 0 0 
0 0 0 1 0 0 0 
1 1 0 1 0 0 1 
1 0 1 0 0 0 0 
1 1 1 1 1 0 0 
0 0 1 1 0 0 0 
1 1 0 1 0 0 0 
0 0 0 0 0 1 1 
0 0 0 0 0 0 0 
0 0 0 0 0 0 0 
0 1 1 1 0 1 0 

JOBS [7] - [6, 19, 0, 15, 9, 13, 14]
TOOL SWITCHES : 12
MAKESPAN : 42

- MACHINE [1]

0 0 0 0 0 0 
0 1 1 1 0 0 
0 0 0 0 0 0 
0 0 0 1 1 1 
1 1 0 1 1 1 
1 1 1 1 0 0 
1 0 1 0 0 0 
0 0 1 1 1 1 
1 0 0 0 0 0 
0 0 0 1 1 1 
0 0 0 0 0 0 
0 0 1 0 0 0 
0 0 1 0 1 0 
1 1 0 0 0 1 
0 0 0 0 0 0 
1 1 0 0 0 0 
0 0 0 0 0 0 
0 1 0 0 0 0 
0 0 0 1 0 0 
0 0 0 0 1 0 

JOBS [6] - [5, 3, 8, 1, 11, 12]
TOOL SWITCHES : 5
MAKESPAN : 42

- MACHINE [2]

0 0 0 0 0 1 0 
0 0 0 0 0 1 0 
0 1 1 1 0 0 0 
1 0 0 0 0 0 1 
0 0 0 0 0 1 0 
0 0 0 0 0 0 0 
0 0 0 0 0 0 1 
0 0 0 0 0 1 0 
0 0 0 0 1 1 0 
0 0 1 1 1 0 1 
0 1 1 0 1 1 1 
0 0 0 0 0 0 0 
1 1 1 1 0 0 1 
0 0 0 0 0 0 0 
0 0 0 1 0 0 0 
1 0 0 0 1 0 0 
0 0 0 1 1 0 0 
1 1 1 0 0 0 0 
1 0 1 1 0 0 0 
1 1 0 0 1 0 1 

JOBS [7] - [17, 16, 10, 4, 7, 2, 18]
TOOL SWITCHES : 4
MAKESPAN : 39

# -------------------------- #

--- TOTAL TOOL SWITCHES : 21
--- HIGHEST MAKESPAN : 42
--- TOTAL FLOWTIME : 394
--- RUNNING TIME : 4.43105

# -------------------------- #
RUN : 1 - instancias_txt/SSP-NPM-I/ins155_m=3_j=20_t=20_var=15.txt

- MACHINE [0]

0 0 0 0 0 0 
0 0 1 0 1 0 
1 1 0 0 0 0 
0 0 1 1 0 0 
1 0 1 0 0 0 
0 0 0 1 1 0 
1 0 0 0 0 0 
0 0 0 0 0 1 
0 0 0 0 0 0 
1 1 1 1 0 0 
0 0 0 0 0 0 
1 0 0 0 0 0 
0 0 0 0 1 1 
0 1 1 0 1 0 
1 0 0 0 0 0 
0 1 0 0 1 0 
0 0 0 0 0 1 
0 1 1 1 1 1 
0 1 1 1 0 0 
0 0 0 0 0 1 

JOBS [6] - [15, 12, 1, 10, 7, 16]
TOOL SWITCHES : 11
MAKESPAN : 38

- MACHINE [1]

1 0 0 0 0 0 
0 0 0 0 0 1 
0 0 0 0 0 0 
1 0 1 1 0 1 
1 1 1 0 0 0 
1 0 0 0 0 0 
0 0 0 1 1 0 
0 0 0 0 0 0 
0 0 1 1 1 1 
1 1 1 0 0 0 
0 1 1 0 0 1 
0 0 0 0 1 1 
0 0 0 0 0 0 
1 0 1 0 0 0 
0 0 0 1 1 0 
1 1 0 1 0 0 
0 0 0 1 0 1 
0 0 0 1 1 0 
0 0 0 0 0 0 
0 1 0 0 0 1 

JOBS [6] - [14, 17, 8, 6, 13, 11]
TOOL SWITCHES : 6
MAKESPAN : 36

- MACHINE [2]

0 1 1 0 1 1 1 1 
0 1 1 0 0 0 1 0 
1 1 0 0 1 0 1 1 
0 0 1 0 0 1 1 1 
1 0 0 0 0 0 1 1 
0 1 1 1 0 0 0 0 
0 0 0 0 0 0 0 0 
1 0 0 1 0 0 0 0 
0 1 1 0 0 0 0 0 
0 0 0 0 0 0 0 0 
0 1 0 1 0 1 0 0 
0 0 0 0 0 0 0 0 
0 0 0 0 0 0 0 0 
0 0 0 0 0 0 0 0 
1 0 0 1 1 0 0 1 
1 0 0 1 1 0 0 0 
1 0 1 0 1 1 1 0 
0 0 0 1 1 0 0 1 
0 0 0 0 0 1 1 1 
1 0 0 1 0 1 0 0 

JOBS [8] - [18, 9, 3, 0, 19, 4, 2, 5]
TOOL SWITCHES : 2
MAKESPAN : 38

# -------------------------- #

--- TOTAL TOOL SWITCHES : 19
--- HIGHEST MAKESPAN : 38
--- TOTAL FLOWTIME : 420
--- RUNNING TIME : 4.30923

# -------------------------- #
RUN : 1 - instancias_txt/SSP-NPM-I/ins156_m=3_j=20_t=20_var=16.txt

- MACHINE [0]

0 1 0 1 0 
0 0 1 1 1 
0 1 1 0 0 
1 0 0 0 0 
0 0 0 0 0 
0 0 0 0 0 
0 0 0 0 1 
0 0 0 0 1 
0 0 0 0 0 
0 0 0 0 0 
0 0 0 1 1 
0 1 1 1 0 
1 1 0 0 0 
0 0 0 0 0 
1 0 0 0 0 
0 0 1 0 0 
1 0 0 0 0 
1 0 1 1 0 
0 0 1 0 1 
1 1 0 0 0 

JOBS [5] - [6, 12, 16, 4, 7]
TOOL SWITCHES : 8
MAKESPAN : 38

- MACHINE [1]

0 0 0 1 1 
0 1 0 1 0 
1 0 0 0 0 
0 0 1 1 1 
1 1 0 0 0 
1 0 0 0 1 
0 0 0 1 1 
0 0 0 1 0 
1 1 0 0 0 
1 0 1 0 0 
0 0 1 0 1 
0 0 1 0 0 
0 1 0 0 0 
0 0 0 0 0 
0 0 0 1 0 
0 1 1 0 1 
0 0 0 0 0 
0 0 0 0 1 
1 1 1 0 0 
0 0 0 0 0 

JOBS [5] - [10, 1, 3, 2, 18]
TOOL SWITCHES : 7
MAKESPAN : 41

- MACHINE [2]

0 1 0 1 0 0 1 0 0 0 
0 0 1 0 1 1 1 0 0 1 
1 0 0 0 0 0 0 0 0 0 
0 0 0 0 0 0 0 0 0 0 
1 1 1 0 1 0 0 0 0 0 
0 0 1 0 1 0 1 0 0 1 
0 0 0 1 1 0 0 0 1 0 
0 0 0 0 0 0 0 0 0 0 
1 0 1 1 1 0 0 0 0 0 
0 0 0 0 0 1 1 1 0 0 
0 0 0 0 0 1 1 0 1 1 
0 0 1 1 1 0 1 1 0 0 
1 0 0 0 0 0 0 0 1 1 
0 0 0 0 0 0 0 0 1 1 
0 0 0 0 0 1 0 1 1 0 
1 1 0 0 0 0 0 0 0 0 
0 1 0 1 0 0 0 0 1 0 
0 1 0 0 0 1 0 0 0 0 
1 0 0 1 0 1 0 1 1 0 
0 1 0 0 0 0 0 1 0 0 

JOBS [10] - [9, 11, 15, 5, 0, 17, 14, 13, 8, 19]
TOOL SWITCHES : 5
MAKESPAN : 40

# -------------------------- #

--- TOTAL TOOL SWITCHES : 20
--- HIGHEST MAKESPAN : 41
--- TOTAL FLOWTIME : 410
--- RUNNING TIME : 5.80587

# -------------------------- #
RUN : 1 - instancias_txt/SSP-NPM-I/ins157_m=3_j=20_t=20_var=17.txt

- MACHINE [0]

0 0 0 1 1 0 1 
0 0 0 0 1 1 0 
1 0 1 1 0 0 0 
0 0 0 0 0 0 0 
1 1 0 0 0 0 1 
1 1 0 1 0 1 1 
0 0 0 1 1 0 0 
1 1 0 0 0 0 1 
0 0 1 1 0 0 1 
1 1 0 0 0 0 0 
0 0 0 0 0 1 0 
0 0 0 0 0 0 0 
0 0 0 0 0 1 0 
0 0 1 0 1 0 0 
0 1 1 0 0 0 0 
0 0 0 0 0 0 1 
0 0 1 0 0 1 1 
1 1 1 1 1 1 0 
0 0 0 0 1 0 0 
0 0 0 0 0 0 0 

JOBS [7] - [14, 11, 15, 7, 6, 1, 16]
TOOL SWITCHES : 14
MAKESPAN : 43

- MACHINE [1]

1 1 0 0 0 0 0 
0 0 0 0 0 1 0 
1 0 1 0 1 0 0 
0 1 1 0 0 1 1 
1 1 0 1 1 0 1 
0 0 0 0 0 0 0 
0 0 0 0 0 0 0 
0 0 0 0 1 0 0 
0 0 0 0 0 0 0 
0 0 0 0 0 0 0 
0 0 1 1 0 1 0 
0 0 0 0 0 0 1 
1 0 1 1 0 0 0 
0 0 0 1 1 1 1 
0 1 1 0 0 0 0 
0 1 0 1 0 0 1 
1 1 0 0 1 1 0 
0 0 0 0 0 0 0 
0 0 0 1 0 1 0 
1 0 0 1 0 0 0 

JOBS [7] - [13, 8, 12, 5, 17, 10, 0]
TOOL SWITCHES : 5
MAKESPAN : 43

- MACHINE [2]

1 0 0 0 0 1 
0 0 0 0 0 0 
0 0 1 1 0 0 
1 1 0 0 0 1 
0 0 1 0 0 0 
0 0 1 1 0 0 
0 1 1 0 1 1 
0 0 0 1 0 0 
1 0 1 0 1 1 
0 1 0 1 0 0 
0 0 1 0 0 1 
0 0 0 0 0 0 
1 1 0 0 0 0 
0 1 0 0 1 1 
0 0 0 0 0 0 
1 0 1 1 1 0 
0 0 0 0 0 0 
1 0 0 0 0 0 
1 1 0 0 1 0 
0 0 0 1 1 1 

JOBS [6] - [2, 4, 3, 19, 9, 18]
TOOL SWITCHES : 3
MAKESPAN : 39

# -------------------------- #

--- TOTAL TOOL SWITCHES : 22
--- HIGHEST MAKESPAN : 43
--- TOTAL FLOWTIME : 428
--- RUNNING TIME : 5.40982

# -------------------------- #
RUN : 1 - instancias_txt/SSP-NPM-I/ins158_m=3_j=20_t=20_var=18.txt

- MACHINE [0]

0 1 0 0 1 1 0 
0 0 0 0 0 0 0 
0 1 0 0 1 0 0 
0 0 0 0 0 1 0 
1 0 0 0 0 0 0 
0 1 1 1 0 0 0 
0 0 0 0 0 0 1 
0 0 0 0 0 0 0 
0 0 1 1 0 0 0 
1 1 1 0 0 0 0 
0 0 0 0 1 0 1 
1 0 1 1 1 1 0 
1 1 0 0 0 0 0 
0 0 0 1 1 1 0 
0 0 0 0 0 0 0 
1 0 0 0 0 0 0 
0 0 0 0 0 1 1 
0 0 1 1 0 0 0 
0 1 1 1 1 1 1 
0 0 0 0 0 0 1 

JOBS [7] - [17, 7, 16, 5, 2, 11, 19]
TOOL SWITCHES : 11
MAKESPAN : 41

- MACHINE [1]

1 1 0 0 1 1 
0 0 1 1 1 0 
0 0 0 0 0 0 
0 1 1 0 0 0 
0 0 0 0 1 0 
1 1 0 0 0 0 
0 0 0 0 0 0 
0 1 0 1 0 0 
1 0 1 0 0 0 
0 0 0 1 0 1 
0 1 1 0 0 0 
1 0 0 0 0 0 
0 0 0 1 1 0 
0 0 0 0 0 0 
0 1 0 1 0 0 
0 0 0 1 0 1 
0 0 0 0 0 0 
1 0 1 0 0 1 
0 0 1 0 0 0 
1 0 1 0 1 1 

JOBS [6] - [14, 1, 6, 3, 8, 13]
TOOL SWITCHES : 6
MAKESPAN : 42

- MACHINE [2]

0 0 0 1 1 0 0 
0 1 0 0 0 0 1 
0 0 1 0 0 0 0 
0 1 0 0 0 0 0 
0 0 0 0 0 0 0 
0 0 0 0 0 0 0 
1 0 1 0 1 0 1 
0 0 0 0 0 1 0 
1 1 1 0 0 0 1 
0 0 0 0 0 0 0 
1 0 0 1 1 1 0 
0 1 0 1 0 0 0 
0 1 0 0 1 1 0 
0 1 0 0 1 1 0 
0 0 1 1 0 1 0 
1 0 1 0 1 1 1 
1 0 0 0 0 0 1 
0 0 0 0 1 0 1 
1 0 0 1 0 0 1 
0 0 1 1 0 0 0 

JOBS [7] - [0, 12, 18, 9, 15, 10, 4]
TOOL SWITCHES : 4
MAKESPAN : 42

# -------------------------- #

--- TOTAL TOOL SWITCHES : 21
--- HIGHEST MAKESPAN : 42
--- TOTAL FLOWTIME : 452
--- RUNNING TIME : 4.91052

# -------------------------- #
RUN : 1 - instancias_txt/SSP-NPM-I/ins159_m=3_j=20_t=20_var=19.txt

- MACHINE [0]

0 0 0 1 1 
1 1 0 0 0 
0 0 1 1 0 
0 0 1 0 1 
1 0 0 0 0 
0 1 0 0 0 
0 0 0 0 0 
0 0 0 0 0 
1 1 0 0 0 
0 0 0 0 0 
0 0 0 0 0 
0 0 0 0 0 
0 1 1 0 0 
0 0 0 0 0 
1 1 1 1 1 
1 1 0 1 1 
1 0 1 1 0 
0 0 0 0 0 
0 0 0 0 1 
0 0 1 1 0 

JOBS [5] - [2, 8, 7, 19, 1]
TOOL SWITCHES : 6
MAKESPAN : 36

- MACHINE [1]

1 0 1 0 0 0 0 
0 0 0 0 0 0 0 
0 1 0 1 0 0 0 
0 0 0 1 1 1 0 
1 1 0 0 1 0 0 
1 1 0 0 0 0 0 
0 0 0 0 0 0 0 
0 0 0 0 0 1 0 
0 0 0 0 0 0 1 
0 0 0 0 0 1 1 
0 0 1 0 0 0 0 
0 0 1 1 1 0 1 
0 0 0 1 0 1 0 
0 1 1 0 0 0 1 
1 0 1 0 0 0 1 
0 0 0 1 1 0 0 
0 1 0 1 0 1 1 
0 0 1 0 1 1 0 
1 1 0 0 0 0 0 
0 0 0 0 0 1 1 

JOBS [7] - [10, 9, 5, 15, 17, 6, 3]
TOOL SWITCHES : 8
MAKESPAN : 40

- MACHINE [2]

1 1 1 0 0 1 1 0 
0 0 0 0 0 1 0 1 
0 0 1 1 0 0 0 1 
0 0 0 1 0 1 1 0 
0 0 0 0 0 0 1 0 
0 1 0 1 0 0 0 0 
0 0 0 0 0 1 1 1 
1 0 1 1 0 0 0 1 
1 0 0 1 1 1 0 0 
0 0 0 0 1 0 0 0 
0 1 1 0 0 0 0 0 
0 1 0 0 0 1 0 0 
0 1 0 1 1 0 0 1 
0 0 1 0 0 0 1 0 
0 1 0 0 1 0 0 0 
0 0 0 0 0 0 0 0 
1 0 1 0 1 0 0 0 
1 1 0 0 0 0 0 1 
1 0 0 0 0 0 0 0 
0 0 0 0 1 0 1 1 

JOBS [8] - [14, 0, 13, 4, 11, 16, 18, 12]
TOOL SWITCHES : 6
MAKESPAN : 41

# -------------------------- #

--- TOTAL TOOL SWITCHES : 20
--- HIGHEST MAKESPAN : 41
--- TOTAL FLOWTIME : 406
--- RUNNING TIME : 5.23735

# -------------------------- #
RUN : 1 - instancias_txt/SSP-NPM-I/ins160_m=3_j=20_t=20_var=20.txt

- MACHINE [0]

0 0 0 0 0 1 
0 1 1 1 1 1 
0 1 1 0 1 1 
0 0 0 0 1 1 
0 0 0 0 0 0 
1 0 0 0 0 0 
0 0 0 0 0 0 
0 0 1 1 1 0 
0 1 0 0 0 0 
0 0 0 0 0 0 
0 0 0 0 0 0 
0 0 0 1 1 0 
1 0 0 0 0 0 
1 0 1 0 0 0 
0 1 0 0 0 0 
0 0 0 1 1 0 
0 1 1 0 0 1 
1 0 0 1 0 0 
0 1 0 1 0 0 
1 0 0 0 0 0 

JOBS [6] - [11, 5, 13, 4, 16, 14]
TOOL SWITCHES : 11
MAKESPAN : 43

- MACHINE [1]

0 0 0 0 0 0 0 0 
0 1 1 0 0 1 1 0 
0 0 0 0 0 0 0 0 
0 0 0 0 1 0 1 1 
1 0 0 1 0 0 0 0 
0 0 0 0 0 0 0 0 
0 0 0 1 1 0 0 0 
1 1 0 0 0 0 1 0 
1 1 1 0 0 0 0 0 
0 0 0 0 1 0 0 1 
1 1 0 1 0 0 0 0 
0 1 1 0 0 0 0 0 
0 1 1 0 0 1 0 1 
0 0 0 0 0 0 0 0 
0 0 1 1 0 0 0 1 
0 0 0 0 0 0 1 0 
0 0 1 0 1 1 1 1 
0 0 0 0 0 1 1 0 
0 0 0 1 0 0 0 1 
1 0 0 0 1 1 0 0 

JOBS [8] - [19, 7, 3, 9, 1, 18, 17, 10]
TOOL SWITCHES : 6
MAKESPAN : 44

- MACHINE [2]

0 0 0 0 1 1 
0 0 0 0 0 0 
1 0 0 1 1 0 
0 1 0 0 0 0 
1 1 1 1 0 1 
1 0 0 0 0 1 
0 1 1 0 0 1 
1 0 1 1 1 0 
0 1 0 0 0 0 
0 0 0 1 1 1 
0 1 0 0 0 1 
0 0 0 0 0 0 
0 0 1 0 0 0 
0 1 0 1 0 0 
0 0 0 0 0 0 
0 0 0 1 1 0 
1 0 1 0 0 0 
0 0 0 0 0 0 
0 0 0 0 1 0 
1 0 1 0 0 1 

JOBS [6] - [2, 0, 6, 12, 15, 8]
TOOL SWITCHES : 3
MAKESPAN : 38

# -------------------------- #

--- TOTAL TOOL SWITCHES : 20
--- HIGHEST MAKESPAN : 44
--- TOTAL FLOWTIME : 448
--- RUNNING TIME : 4.17099

# -------------------------- #


avg : 42.5
