RUN : 1 - instancias_txt/SSP-NPM-I/ins141_m=3_j=20_t=20_var=1.txt

- MACHINE [0]

0 0 0 0 1 
0 0 1 1 0 
0 0 0 0 0 
0 0 0 0 0 
1 1 0 0 0 
1 0 0 0 0 
0 0 0 0 0 
0 0 1 0 0 
0 0 0 0 0 
0 1 1 0 1 
1 0 0 0 0 
0 1 0 1 0 
1 1 1 1 1 
1 0 1 0 0 
1 1 0 0 1 
0 1 0 1 1 
0 0 1 1 0 
0 0 0 0 0 
0 0 0 1 1 
0 0 0 0 0 

JOBS [5] - [15, 11, 8, 12, 1]
TOOL SWITCHES : 9
MAKESPAN : 48

- MACHINE [1]

0 0 0 0 0 0 0 
1 0 0 1 0 1 0 
1 1 0 1 1 0 1 
0 0 1 0 0 0 0 
0 0 0 0 0 1 0 
0 1 0 1 0 0 0 
1 1 1 1 0 0 0 
0 0 0 0 1 1 1 
0 0 1 0 1 1 0 
0 0 0 0 0 0 0 
0 0 0 0 0 0 1 
0 1 0 1 1 0 1 
1 0 1 0 0 0 1 
0 0 0 1 1 0 0 
1 0 0 0 1 1 1 
0 0 0 0 1 1 0 
0 1 0 0 0 0 0 
0 0 0 0 0 0 0 
0 0 1 1 0 1 0 
1 0 0 0 0 0 0 

JOBS [7] - [0, 3, 6, 5, 9, 18, 7]
TOOL SWITCHES : 7
MAKESPAN : 48

- MACHINE [2]

0 0 1 1 0 0 1 1 
0 0 1 0 0 0 0 0 
0 0 1 1 0 0 0 0 
1 0 1 0 0 0 0 0 
1 0 0 0 0 0 0 0 
1 1 0 0 1 0 0 0 
0 1 0 0 1 0 1 0 
0 0 0 0 0 0 1 0 
0 1 1 1 0 0 0 1 
0 1 0 0 0 1 0 1 
1 1 0 1 1 1 0 1 
0 0 0 0 0 0 0 0 
0 0 0 0 0 0 0 0 
0 1 0 1 1 0 0 1 
0 1 0 0 0 1 1 0 
0 0 0 0 0 1 0 0 
0 0 0 0 1 0 0 1 
1 0 1 0 0 1 1 0 
0 0 0 0 1 0 1 0 
1 0 0 1 0 0 0 0 

JOBS [8] - [16, 10, 4, 14, 13, 19, 2, 17]
TOOL SWITCHES : 5
MAKESPAN : 49

# -------------------------- #

--- TOTAL TOOL SWITCHES : 21
--- HIGHEST MAKESPAN : 49
--- TOTAL FLOWTIME : 533
--- RUNNING TIME : 2.1157

# -------------------------- #
RUN : 1 - instancias_txt/SSP-NPM-I/ins142_m=3_j=20_t=20_var=2.txt

- MACHINE [0]

1 0 1 0 0 0 
1 0 0 0 0 0 
0 0 0 1 1 1 
1 1 1 1 0 1 
0 1 0 1 1 0 
0 0 1 0 1 0 
0 0 0 1 1 1 
1 1 1 0 0 0 
0 0 0 0 0 0 
0 0 0 0 0 0 
1 0 0 0 0 0 
0 0 0 0 0 1 
0 0 0 0 1 1 
1 0 0 0 0 0 
0 0 0 0 0 0 
0 1 0 1 0 0 
0 1 0 0 0 0 
0 0 0 0 1 0 
0 0 0 0 0 0 
0 0 1 1 0 0 

JOBS [6] - [3, 9, 8, 4, 13, 16]
TOOL SWITCHES : 9
MAKESPAN : 41

- MACHINE [1]

0 0 0 0 0 0 
1 1 1 0 0 0 
0 0 0 0 1 1 
0 0 0 0 0 0 
1 0 1 0 0 0 
0 1 0 1 0 0 
0 0 1 1 0 0 
1 1 1 0 1 1 
0 0 0 0 1 0 
0 1 0 0 0 1 
1 1 1 1 0 0 
0 0 0 0 0 0 
0 0 0 0 1 0 
1 0 0 1 1 0 
0 1 1 1 0 1 
0 0 0 0 0 1 
0 0 0 0 1 1 
0 1 0 0 0 0 
0 0 1 1 1 1 
1 0 0 0 0 0 

JOBS [6] - [10, 1, 15, 14, 2, 11]
TOOL SWITCHES : 7
MAKESPAN : 42

- MACHINE [2]

1 0 1 1 1 0 0 0 
0 0 0 0 0 0 0 0 
0 0 0 0 0 1 0 0 
0 0 0 0 0 0 0 0 
0 0 1 0 0 0 0 0 
0 1 1 0 0 0 0 1 
0 0 0 0 0 0 1 0 
1 1 0 0 1 0 0 1 
0 0 0 0 1 1 1 0 
0 0 1 0 0 0 0 1 
0 0 0 0 0 0 0 0 
1 0 0 0 0 0 1 0 
1 0 0 0 0 0 0 1 
0 1 0 1 0 1 1 0 
0 0 1 1 0 0 0 0 
0 0 0 0 0 0 0 0 
1 0 0 1 0 0 0 0 
1 1 0 0 1 1 0 1 
0 0 1 0 1 1 1 1 
0 1 1 1 0 0 0 0 

JOBS [8] - [19, 6, 18, 7, 0, 17, 5, 12]
TOOL SWITCHES : 3
MAKESPAN : 41

# -------------------------- #

--- TOTAL TOOL SWITCHES : 19
--- HIGHEST MAKESPAN : 42
--- TOTAL FLOWTIME : 407
--- RUNNING TIME : 2.36768

# -------------------------- #
RUN : 1 - instancias_txt/SSP-NPM-I/ins143_m=3_j=20_t=20_var=3.txt

- MACHINE [0]

1 1 0 0 0 0 0 
1 0 0 0 0 0 0 
0 0 0 0 0 1 0 
1 1 0 0 0 0 0 
0 0 0 1 1 1 1 
1 1 1 1 1 1 0 
0 0 0 0 0 0 0 
1 0 0 0 0 0 1 
0 1 1 1 0 1 1 
0 0 0 0 0 0 0 
0 0 0 0 1 0 0 
0 0 1 0 0 0 0 
0 0 0 1 0 0 0 
0 0 0 1 1 1 0 
0 0 1 0 1 0 0 
0 1 0 1 0 0 0 
0 0 1 0 0 0 0 
0 0 0 0 0 1 1 
0 0 0 0 1 0 1 
1 0 1 0 0 0 1 

JOBS [7] - [9, 14, 17, 5, 2, 19, 11]
TOOL SWITCHES : 13
MAKESPAN : 42

- MACHINE [1]

0 0 0 0 0 0 
0 0 0 0 0 0 
0 1 1 0 0 0 
0 0 1 1 1 0 
0 1 1 0 0 1 
0 0 0 0 0 0 
0 0 0 1 0 1 
0 1 0 0 0 0 
1 0 1 0 1 1 
0 0 0 0 0 0 
1 0 0 0 0 0 
1 0 0 1 0 0 
0 0 0 0 0 0 
0 0 0 0 1 0 
0 0 1 0 0 0 
1 1 0 1 1 0 
1 1 0 0 1 0 
0 0 0 1 1 0 
1 0 0 0 0 1 
0 1 1 0 0 1 

JOBS [6] - [3, 13, 18, 15, 10, 16]
TOOL SWITCHES : 5
MAKESPAN : 42

- MACHINE [2]

1 0 1 1 0 0 0 
1 1 1 0 0 1 0 
0 0 0 0 1 0 1 
1 1 0 0 0 0 0 
0 0 0 0 1 0 1 
0 1 1 0 1 0 0 
1 0 1 0 0 0 0 
1 0 0 0 0 1 1 
0 0 0 0 0 0 0 
0 0 0 1 1 1 0 
0 0 1 0 0 1 0 
0 1 0 0 0 0 1 
1 0 0 0 0 0 0 
0 0 0 0 0 1 0 
0 1 0 1 0 1 1 
0 0 0 0 0 0 1 
1 0 0 1 0 0 0 
0 0 0 0 0 0 0 
0 1 0 0 1 0 1 
0 0 1 1 0 0 0 

JOBS [7] - [7, 8, 4, 1, 6, 12, 0]
TOOL SWITCHES : 5
MAKESPAN : 38

# -------------------------- #

--- TOTAL TOOL SWITCHES : 23
--- HIGHEST MAKESPAN : 42
--- TOTAL FLOWTIME : 405
--- RUNNING TIME : 1.99081

# -------------------------- #
RUN : 1 - instancias_txt/SSP-NPM-I/ins144_m=3_j=20_t=20_var=4.txt

- MACHINE [0]

1 1 0 0 
0 0 0 0 
0 0 0 1 
1 1 1 1 
0 0 0 0 
0 0 0 0 
0 0 0 0 
0 0 1 0 
0 0 1 0 
0 1 0 1 
0 0 0 1 
0 0 0 1 
1 0 0 0 
0 0 0 0 
1 1 0 1 
0 1 1 0 
0 0 0 0 
1 0 0 0 
1 1 1 1 
0 1 1 0 

JOBS [4] - [5, 9, 8, 13]
TOOL SWITCHES : 8
MAKESPAN : 39

- MACHINE [1]

0 0 0 0 0 1 
1 0 1 0 0 0 
0 0 0 1 1 1 
0 0 0 0 1 0 
1 1 0 0 0 0 
1 1 0 1 0 1 
0 0 0 0 0 0 
0 1 0 1 0 1 
1 1 1 1 0 0 
1 1 0 0 0 0 
0 1 0 0 0 0 
0 0 1 1 0 1 
0 0 0 0 0 0 
0 0 1 0 1 0 
1 0 0 0 1 0 
0 0 1 0 1 0 
0 0 0 0 0 0 
1 0 0 1 1 0 
0 0 1 0 0 0 
0 0 0 0 0 0 

JOBS [6] - [12, 17, 19, 10, 3, 18]
TOOL SWITCHES : 6
MAKESPAN : 39

- MACHINE [2]

0 0 0 1 0 1 1 0 0 1 
1 0 1 0 0 0 0 0 0 0 
0 0 0 1 1 0 0 1 0 0 
1 0 0 0 1 1 0 1 0 0 
0 0 0 0 0 0 0 0 0 0 
0 0 0 0 0 0 0 0 0 1 
0 0 1 1 0 0 1 1 1 1 
0 1 0 0 1 0 1 0 1 0 
0 0 0 1 1 1 0 0 1 0 
0 0 0 0 0 1 0 1 1 1 
1 1 1 0 0 1 0 0 1 0 
0 0 0 0 0 0 0 0 0 0 
0 0 0 0 0 0 0 1 1 1 
0 1 1 0 0 0 0 0 0 1 
0 1 0 0 0 0 1 1 0 0 
1 0 1 0 1 0 1 0 0 0 
1 1 1 1 0 0 0 0 0 0 
0 0 0 1 1 0 0 0 0 0 
0 0 0 0 0 0 0 0 0 0 
0 0 0 0 1 1 1 0 1 1 

JOBS [10] - [0, 15, 14, 11, 6, 2, 7, 16, 4, 1]
TOOL SWITCHES : 4
MAKESPAN : 38

# -------------------------- #

--- TOTAL TOOL SWITCHES : 18
--- HIGHEST MAKESPAN : 39
--- TOTAL FLOWTIME : 393
--- RUNNING TIME : 2.84042

# -------------------------- #
RUN : 1 - instancias_txt/SSP-NPM-I/ins145_m=3_j=20_t=20_var=5.txt

- MACHINE [0]

0 0 0 0 0 0 
1 1 0 0 0 1 
0 0 1 1 0 0 
0 0 0 1 0 1 
0 1 1 1 1 0 
0 0 0 1 1 0 
0 0 0 0 0 1 
1 1 0 0 0 0 
1 0 0 0 0 0 
1 1 1 0 0 0 
0 1 0 0 1 1 
0 0 0 1 0 0 
0 0 0 0 0 0 
0 0 0 0 0 0 
0 0 0 0 0 0 
0 0 1 1 1 1 
1 1 1 0 0 0 
0 0 1 0 0 0 
0 0 0 0 0 1 
1 0 1 0 1 0 

JOBS [6] - [5, 8, 12, 17, 13, 15]
TOOL SWITCHES : 11
MAKESPAN : 45

- MACHINE [1]

0 0 0 0 0 1 0 1 
0 0 1 1 1 0 0 0 
0 0 1 0 0 1 1 1 
0 0 0 0 0 0 0 0 
1 0 0 1 1 1 0 0 
0 1 0 0 0 0 1 0 
0 0 0 0 0 0 0 1 
0 0 0 0 1 0 0 1 
0 0 0 1 0 0 1 1 
1 0 1 1 0 1 0 0 
1 1 0 0 0 0 0 0 
0 1 1 1 0 0 0 0 
0 1 1 1 1 0 0 0 
0 1 0 0 1 1 1 0 
0 0 0 0 0 0 0 0 
1 1 1 0 0 0 0 0 
0 1 0 0 0 0 1 0 
0 0 0 0 0 0 0 0 
1 0 1 1 0 1 1 0 
0 0 0 0 0 0 0 0 

JOBS [8] - [11, 18, 9, 3, 4, 19, 6, 10]
TOOL SWITCHES : 7
MAKESPAN : 45

- MACHINE [2]

0 1 0 1 0 1 
0 0 0 0 0 0 
0 0 0 1 0 0 
1 0 0 0 0 0 
0 0 0 0 0 0 
0 0 1 0 0 1 
1 0 0 0 0 0 
0 1 0 1 0 1 
0 0 0 1 0 0 
1 0 0 0 1 1 
1 0 1 1 1 0 
0 0 1 1 0 0 
0 0 1 0 1 0 
0 1 0 1 1 0 
1 1 0 0 0 0 
1 0 0 0 1 0 
0 0 0 0 0 0 
0 1 1 0 1 1 
0 0 1 0 0 1 
1 1 0 0 0 0 

JOBS [6] - [1, 2, 16, 0, 14, 7]
TOOL SWITCHES : 4
MAKESPAN : 45

# -------------------------- #

--- TOTAL TOOL SWITCHES : 22
--- HIGHEST MAKESPAN : 45
--- TOTAL FLOWTIME : 473
--- RUNNING TIME : 2.0374

# -------------------------- #
RUN : 1 - instancias_txt/SSP-NPM-I/ins146_m=3_j=20_t=20_var=6.txt

- MACHINE [0]

0 0 1 0 0 
0 0 0 0 0 
0 0 0 0 1 
1 1 1 1 1 
0 1 0 1 0 
0 0 0 0 1 
1 1 0 0 0 
0 0 0 0 0 
0 0 0 0 1 
1 0 0 0 0 
0 0 0 1 0 
0 0 0 0 0 
0 1 0 0 0 
0 0 1 0 1 
0 0 0 0 1 
0 0 0 0 0 
1 1 1 1 0 
1 1 1 1 0 
1 1 1 0 0 
0 0 0 0 0 

JOBS [5] - [19, 8, 13, 6, 15]
TOOL SWITCHES : 8
MAKESPAN : 45

- MACHINE [1]

0 0 0 1 1 0 1 
0 0 0 0 1 1 0 
0 0 0 1 0 0 1 
0 0 0 0 0 0 0 
0 0 1 0 1 0 0 
1 1 0 1 1 1 1 
0 0 0 0 0 1 1 
0 0 0 0 0 0 0 
1 1 0 1 0 0 1 
0 0 0 0 0 0 0 
1 1 1 0 0 1 0 
0 0 0 0 0 1 0 
1 0 1 0 1 1 0 
0 0 0 0 0 0 0 
1 1 1 0 0 0 0 
0 0 0 0 1 0 0 
0 0 0 1 0 0 0 
0 0 0 0 0 0 1 
0 1 1 0 0 0 0 
1 0 1 1 0 1 1 

JOBS [7] - [14, 10, 2, 9, 17, 3, 16]
TOOL SWITCHES : 6
MAKESPAN : 47

- MACHINE [2]

0 0 0 0 0 0 0 0 
0 0 0 0 1 0 0 0 
1 1 0 0 0 1 1 0 
0 0 0 1 1 0 0 0 
0 0 0 0 0 0 0 0 
1 1 0 0 1 1 0 1 
0 0 1 1 0 0 0 0 
0 1 1 1 0 0 0 0 
0 1 0 0 1 0 0 1 
0 0 0 0 0 1 0 1 
1 0 0 0 0 1 0 1 
0 0 1 0 0 1 0 0 
0 1 1 0 0 0 1 0 
0 0 0 0 0 1 0 0 
1 1 1 0 0 0 1 0 
1 0 0 1 0 0 1 1 
0 1 0 1 1 0 0 0 
0 0 0 0 0 0 0 0 
0 0 0 0 0 0 0 0 
1 0 0 0 1 1 1 1 

JOBS [8] - [7, 12, 4, 11, 0, 18, 5, 1]
TOOL SWITCHES : 3
MAKESPAN : 47

# -------------------------- #

--- TOTAL TOOL SWITCHES : 17
--- HIGHEST MAKESPAN : 47
--- TOTAL FLOWTIME : 459
--- RUNNING TIME : 2.51693

# -------------------------- #
RUN : 1 - instancias_txt/SSP-NPM-I/ins147_m=3_j=20_t=20_var=7.txt

- MACHINE [0]

1 0 0 0 0 0 
0 0 1 0 0 0 
0 0 0 0 1 0 
0 0 0 0 0 0 
0 0 0 0 0 0 
0 0 0 1 1 1 
0 0 0 0 0 0 
1 1 0 0 0 0 
1 0 0 0 0 0 
0 0 0 0 0 0 
0 0 0 0 0 1 
0 0 0 1 0 1 
0 0 0 0 1 0 
1 1 1 0 0 0 
0 1 0 0 0 0 
1 0 1 1 0 0 
0 1 1 1 0 1 
0 1 1 1 1 1 
0 1 1 0 1 0 
0 0 0 0 1 1 

JOBS [6] - [13, 9, 17, 14, 19, 8]
TOOL SWITCHES : 10
MAKESPAN : 39

- MACHINE [1]

0 1 1 0 1 0 1 
0 1 0 1 1 1 0 
1 0 0 0 0 0 0 
0 0 1 1 0 0 0 
0 0 0 0 0 0 0 
1 1 0 0 0 1 0 
0 0 0 1 0 0 1 
0 0 0 0 0 0 0 
0 0 0 0 0 0 0 
1 0 1 0 0 0 0 
0 0 0 0 0 1 1 
0 0 0 0 0 0 0 
1 0 0 1 0 1 0 
1 0 0 1 1 0 0 
0 1 1 1 1 0 0 
0 0 0 0 1 0 1 
0 0 0 1 0 1 1 
0 0 1 0 1 0 1 
1 1 0 0 0 0 0 
0 0 0 0 0 0 0 

JOBS [7] - [6, 2, 5, 11, 7, 12, 18]
TOOL SWITCHES : 5
MAKESPAN : 40

- MACHINE [2]

0 0 0 0 0 1 0 
0 0 0 0 0 0 0 
0 1 0 0 1 0 0 
0 0 0 0 1 1 0 
0 1 0 0 1 1 1 
1 0 1 0 0 0 0 
0 1 0 0 0 0 0 
0 0 1 0 1 0 0 
0 0 1 1 0 0 0 
1 0 0 1 0 0 1 
0 0 0 1 1 0 1 
1 1 1 0 0 1 1 
0 0 0 0 0 0 0 
0 0 0 0 0 0 0 
1 0 0 1 0 0 0 
0 0 0 1 0 0 0 
0 1 0 1 0 0 1 
0 0 0 0 0 0 0 
1 0 0 1 0 1 0 
0 0 1 0 1 0 1 

JOBS [7] - [3, 16, 4, 15, 10, 0, 1]
TOOL SWITCHES : 3
MAKESPAN : 40

# -------------------------- #

--- TOTAL TOOL SWITCHES : 18
--- HIGHEST MAKESPAN : 40
--- TOTAL FLOWTIME : 429
--- RUNNING TIME : 2.1004

# -------------------------- #
RUN : 1 - instancias_txt/SSP-NPM-I/ins148_m=3_j=20_t=20_var=8.txt

- MACHINE [0]

0 0 0 1 1 1 
0 1 1 1 0 0 
0 0 0 0 0 0 
0 0 0 0 0 0 
0 0 1 0 1 1 
0 0 0 0 0 0 
0 1 0 0 0 1 
0 0 0 0 0 1 
0 1 0 0 0 0 
1 0 0 0 1 0 
1 0 0 1 0 0 
0 0 1 0 0 0 
1 0 1 0 0 0 
1 1 1 0 0 0 
1 0 0 0 0 1 
1 0 0 0 0 0 
0 1 1 0 0 0 
0 0 0 1 1 0 
0 0 0 0 1 0 
0 0 0 1 1 1 

JOBS [6] - [7, 8, 9, 11, 3, 10]
TOOL SWITCHES : 13
MAKESPAN : 40

- MACHINE [1]

0 0 0 0 0 0 0 
1 1 1 0 0 0 0 
0 0 0 1 0 1 0 
0 0 0 1 1 0 1 
0 0 0 1 1 0 0 
1 1 0 1 0 0 0 
0 0 1 1 1 0 0 
1 1 0 0 1 0 1 
0 1 1 0 0 0 0 
0 0 0 0 0 0 0 
1 0 1 1 0 0 1 
1 0 1 0 0 0 0 
0 0 0 0 0 0 0 
1 0 1 0 0 1 0 
0 1 0 0 1 1 0 
0 0 0 0 1 1 1 
0 1 0 0 0 0 0 
0 0 0 0 0 1 1 
0 0 0 0 0 1 0 
0 1 0 0 0 0 1 

JOBS [7] - [4, 12, 5, 15, 19, 6, 0]
TOOL SWITCHES : 7
MAKESPAN : 41

- MACHINE [2]

0 0 0 1 1 0 0 
0 0 1 0 0 1 0 
1 1 0 0 0 0 1 
0 0 0 0 0 0 0 
0 0 1 0 1 0 0 
0 0 0 1 0 0 1 
0 0 0 0 1 1 0 
1 0 1 1 0 0 0 
1 1 0 0 0 0 0 
0 0 0 0 0 1 0 
0 1 1 0 0 0 0 
0 0 0 0 0 0 0 
0 1 0 0 0 0 1 
0 0 0 0 0 0 0 
0 1 0 1 0 1 1 
1 0 0 1 1 1 0 
0 0 0 1 1 0 1 
1 0 1 0 1 1 1 
1 0 1 0 0 0 0 
0 0 0 0 0 0 0 

JOBS [7] - [13, 18, 2, 14, 1, 17, 16]
TOOL SWITCHES : 3
MAKESPAN : 37

# -------------------------- #

--- TOTAL TOOL SWITCHES : 23
--- HIGHEST MAKESPAN : 41
--- TOTAL FLOWTIME : 378
--- RUNNING TIME : 2.08711

# -------------------------- #
RUN : 1 - instancias_txt/SSP-NPM-I/ins149_m=3_j=20_t=20_var=9.txt

- MACHINE [0]

0 0 1 0 0 
1 0 1 0 1 
0 1 0 0 1 
1 1 0 0 0 
0 0 0 1 1 
0 0 0 0 1 
0 0 0 0 0 
0 0 0 0 0 
0 1 0 1 0 
1 0 1 0 1 
0 0 0 1 1 
0 0 0 0 0 
1 0 0 0 0 
0 0 1 1 0 
1 1 1 1 1 
0 0 0 0 0 
0 1 1 0 0 
1 1 0 0 0 
1 0 0 0 0 
0 0 0 0 0 

JOBS [5] - [7, 13, 9, 4, 6]
TOOL SWITCHES : 10
MAKESPAN : 40

- MACHINE [1]

1 0 0 1 0 
0 1 1 0 0 
0 0 0 0 0 
0 0 1 1 0 
0 0 0 0 0 
0 0 0 0 0 
0 1 0 1 0 
1 0 1 0 1 
0 0 1 0 1 
0 0 0 0 1 
1 0 0 0 0 
1 1 1 0 0 
0 1 0 0 0 
0 0 1 1 0 
0 0 0 0 1 
1 1 1 0 1 
1 0 0 0 1 
1 0 0 0 0 
0 0 0 1 1 
0 0 0 1 0 

JOBS [5] - [17, 15, 5, 1, 0]
TOOL SWITCHES : 7
MAKESPAN : 43

- MACHINE [2]

1 0 1 1 0 0 0 0 0 0 
1 1 1 0 0 1 0 1 0 0 
0 0 0 0 1 0 0 1 1 0 
0 0 0 0 0 0 0 0 0 0 
0 0 1 0 0 1 0 1 0 1 
0 0 0 0 0 0 1 0 1 1 
0 0 0 0 1 1 1 0 1 0 
0 1 0 0 0 0 1 1 1 0 
0 0 0 0 0 0 0 0 0 0 
0 1 0 1 1 0 1 1 1 0 
0 1 1 0 0 0 0 0 0 0 
0 1 0 1 0 1 1 0 0 1 
0 0 0 0 0 0 0 0 0 0 
1 0 1 1 1 1 0 1 1 0 
0 0 0 0 1 0 0 1 0 1 
0 1 1 1 1 0 0 0 0 0 
0 0 0 0 0 0 0 0 0 0 
1 0 0 0 0 1 1 0 1 0 
1 0 0 0 0 0 0 0 0 1 
1 0 0 0 0 0 1 0 0 1 

JOBS [10] - [2, 10, 16, 19, 12, 11, 18, 3, 8, 14]
TOOL SWITCHES : 3
MAKESPAN : 43

# -------------------------- #

--- TOTAL TOOL SWITCHES : 20
--- HIGHEST MAKESPAN : 43
--- TOTAL FLOWTIME : 456
--- RUNNING TIME : 2.62658

# -------------------------- #
RUN : 1 - instancias_txt/SSP-NPM-I/ins150_m=3_j=20_t=20_var=10.txt

- MACHINE [0]

1 0 0 0 0 0 
0 0 0 0 0 0 
0 0 1 0 0 0 
0 0 0 1 1 0 
0 0 0 0 0 0 
1 0 1 1 1 1 
0 0 0 0 0 1 
0 0 0 0 0 0 
1 0 0 1 0 1 
0 0 0 0 0 0 
0 1 1 0 0 0 
1 1 0 0 0 0 
1 1 1 0 1 1 
0 1 0 0 1 0 
0 0 0 0 0 0 
0 0 1 1 0 0 
1 1 1 0 1 0 
0 0 0 1 0 1 
0 0 0 0 0 1 
0 0 0 1 1 1 

JOBS [6] - [17, 4, 0, 13, 18, 7]
TOOL SWITCHES : 11
MAKESPAN : 43

- MACHINE [1]

0 1 0 0 0 1 0 
1 0 0 0 0 0 0 
0 1 1 0 1 0 0 
0 0 0 0 0 0 0 
0 0 1 0 0 0 0 
1 0 0 0 0 0 0 
0 0 1 0 0 0 0 
0 0 0 1 0 1 0 
0 0 0 0 0 0 0 
0 0 0 0 0 0 0 
1 0 1 1 1 0 1 
1 1 1 1 1 0 1 
1 0 1 0 0 0 0 
0 0 0 1 0 1 1 
0 1 0 1 0 1 0 
1 0 0 0 0 0 0 
0 1 0 0 0 1 0 
1 0 0 0 1 0 0 
0 0 0 0 1 0 1 
0 0 0 0 0 1 1 

JOBS [7] - [12, 1, 8, 15, 3, 19, 14]
TOOL SWITCHES : 7
MAKESPAN : 43

- MACHINE [2]

0 0 0 1 0 0 0 
0 1 0 1 0 0 1 
1 0 1 0 0 0 0 
1 1 1 1 1 0 0 
1 1 0 0 1 0 0 
1 0 1 0 0 0 0 
0 1 1 1 0 1 1 
0 0 0 0 0 0 1 
0 0 0 0 1 1 0 
1 0 1 1 0 0 0 
0 0 0 0 1 1 0 
0 0 0 0 0 0 0 
0 0 0 0 0 0 0 
0 0 0 0 0 1 0 
1 0 1 0 0 0 0 
1 0 0 0 1 0 1 
0 0 0 0 0 0 0 
0 1 0 0 0 1 1 
0 0 0 1 1 0 0 
0 1 0 1 1 1 1 

JOBS [7] - [2, 16, 10, 9, 6, 5, 11]
TOOL SWITCHES : 4
MAKESPAN : 43

# -------------------------- #

--- TOTAL TOOL SWITCHES : 22
--- HIGHEST MAKESPAN : 43
--- TOTAL FLOWTIME : 441
--- RUNNING TIME : 1.94478

# -------------------------- #
RUN : 1 - instancias_txt/SSP-NPM-I/ins151_m=3_j=20_t=20_var=11.txt

- MACHINE [0]

0 0 0 0 0 0 
0 0 0 1 1 1 
0 0 1 0 0 0 
0 0 0 0 0 0 
0 0 1 1 1 0 
1 0 0 0 0 0 
0 1 1 0 1 0 
1 1 1 1 0 1 
1 0 1 0 0 0 
0 1 1 0 0 0 
0 1 0 0 0 0 
0 0 0 0 0 1 
0 0 0 0 1 0 
1 0 0 0 0 0 
0 0 0 0 0 0 
1 1 0 0 0 0 
0 0 0 1 1 1 
0 1 0 1 0 0 
0 0 0 0 1 1 
0 0 0 0 1 1 

JOBS [6] - [13, 2, 3, 11, 9, 4]
TOOL SWITCHES : 11
MAKESPAN : 42

- MACHINE [1]

0 0 0 0 0 1 1 
1 0 0 0 0 0 0 
0 0 0 1 1 1 0 
0 1 0 0 1 1 1 
0 0 1 1 0 1 0 
0 0 0 0 0 0 0 
0 1 0 1 1 0 0 
1 0 0 1 0 0 1 
0 0 0 0 0 0 1 
0 1 1 0 0 0 0 
1 1 0 0 0 0 0 
1 0 0 0 0 1 1 
0 0 0 0 0 0 0 
0 0 0 0 1 1 0 
0 0 0 1 0 1 0 
0 0 1 0 0 0 0 
0 0 0 0 0 0 0 
0 1 1 1 0 0 1 
1 0 1 0 0 0 0 
0 1 1 0 1 0 0 

JOBS [7] - [1, 5, 14, 0, 17, 15, 10]
TOOL SWITCHES : 7
MAKESPAN : 41

- MACHINE [2]

0 0 1 1 1 0 1 
0 1 0 1 0 0 0 
0 0 0 0 0 0 0 
1 0 0 0 0 1 0 
0 0 0 0 0 0 0 
0 0 0 0 0 0 0 
1 0 0 0 1 0 1 
0 0 1 1 0 1 1 
0 0 0 0 0 0 0 
0 0 0 1 1 0 1 
1 0 1 0 0 1 1 
0 0 0 0 0 0 0 
0 1 0 1 0 0 1 
0 1 1 0 0 1 0 
1 0 0 0 1 0 0 
1 0 1 0 0 1 0 
0 1 0 1 0 1 0 
0 0 0 0 0 0 0 
1 1 0 0 0 0 0 
0 1 0 0 1 1 0 

JOBS [7] - [12, 16, 6, 18, 8, 19, 7]
TOOL SWITCHES : 1
MAKESPAN : 41

# -------------------------- #

--- TOTAL TOOL SWITCHES : 19
--- HIGHEST MAKESPAN : 42
--- TOTAL FLOWTIME : 445
--- RUNNING TIME : 1.8955

# -------------------------- #
RUN : 1 - instancias_txt/SSP-NPM-I/ins152_m=3_j=20_t=20_var=12.txt

- MACHINE [0]

1 0 0 0 0 0 
1 1 1 0 0 0 
0 0 0 0 0 0 
1 0 1 1 1 0 
0 1 0 0 0 0 
0 0 0 0 0 0 
0 0 0 0 1 1 
1 0 0 0 0 0 
0 1 1 1 0 0 
1 1 1 0 0 1 
0 0 0 0 0 1 
0 0 0 0 0 1 
1 0 1 1 1 0 
0 1 1 0 1 0 
0 0 1 1 0 0 
0 0 0 0 0 0 
0 0 0 1 1 1 
0 0 0 1 0 1 
0 0 0 0 0 1 
0 0 0 0 1 0 

JOBS [6] - [3, 17, 2, 0, 8, 4]
TOOL SWITCHES : 11
MAKESPAN : 37

- MACHINE [1]

1 1 1 0 0 0 0 
0 0 1 1 0 1 0 
0 0 0 1 0 1 0 
1 0 1 1 0 0 0 
0 1 1 0 0 0 1 
1 1 0 0 0 0 0 
0 0 0 0 0 1 0 
0 0 0 0 0 0 1 
0 0 1 1 1 1 1 
1 0 1 0 1 0 0 
0 0 0 0 0 0 0 
0 0 0 0 1 0 1 
0 1 0 0 0 0 0 
0 0 0 0 0 0 0 
0 0 0 0 0 0 0 
1 0 0 0 1 0 0 
0 1 0 1 1 0 0 
1 0 0 0 0 1 0 
0 0 0 0 0 0 1 
0 0 0 1 1 1 1 

JOBS [7] - [1, 12, 15, 6, 18, 7, 10]
TOOL SWITCHES : 7
MAKESPAN : 37

- MACHINE [2]

1 1 0 1 1 0 1 
0 0 1 1 0 1 0 
1 1 0 0 0 1 0 
0 0 0 0 0 1 0 
0 0 0 1 0 0 1 
0 0 0 0 0 0 0 
1 1 0 0 1 0 0 
0 0 0 1 0 0 1 
0 0 0 0 1 0 0 
0 0 0 0 0 0 0 
1 1 0 0 0 1 0 
0 0 1 0 0 0 0 
0 0 0 0 0 0 1 
0 0 1 1 1 0 0 
1 0 0 0 0 0 0 
1 1 1 1 0 1 1 
0 0 0 0 0 0 0 
0 0 1 0 0 1 0 
0 0 1 0 1 0 1 
0 1 0 0 0 1 0 

JOBS [7] - [5, 11, 14, 19, 9, 16, 13]
TOOL SWITCHES : 4
MAKESPAN : 38

# -------------------------- #

--- TOTAL TOOL SWITCHES : 22
--- HIGHEST MAKESPAN : 38
--- TOTAL FLOWTIME : 351
--- RUNNING TIME : 2.07393

# -------------------------- #
RUN : 1 - instancias_txt/SSP-NPM-I/ins153_m=3_j=20_t=20_var=13.txt

- MACHINE [0]

0 0 0 1 0 0 
0 0 1 0 0 1 
0 0 0 0 1 1 
0 0 1 1 1 1 
0 1 1 1 0 0 
0 0 0 0 1 1 
0 0 1 0 0 0 
0 1 1 0 1 0 
1 0 0 1 1 1 
1 0 0 0 1 0 
0 0 1 1 0 0 
1 1 0 0 0 0 
0 1 0 0 0 1 
0 0 0 1 1 1 
1 0 0 0 0 0 
1 1 0 0 0 0 
1 0 0 0 0 0 
0 1 0 0 0 0 
0 0 0 0 0 0 
0 0 0 0 0 0 

JOBS [6] - [0, 18, 1, 2, 12, 15]
TOOL SWITCHES : 14
MAKESPAN : 45

- MACHINE [1]

0 0 0 0 1 1 1 
0 1 1 0 1 0 1 
0 1 1 0 0 0 0 
1 0 0 0 0 0 0 
0 0 0 0 0 0 0 
0 0 0 0 0 1 0 
0 0 0 0 1 1 0 
1 1 0 0 0 0 0 
1 1 0 1 0 1 0 
1 0 0 1 0 0 0 
0 0 0 0 0 0 0 
0 0 0 1 0 0 1 
0 1 1 0 0 0 1 
0 0 0 0 0 0 0 
0 0 0 0 0 0 1 
0 1 1 0 1 0 0 
0 1 0 1 1 1 0 
0 0 0 1 0 1 0 
1 0 1 0 0 0 0 
0 0 1 1 0 0 1 

JOBS [7] - [4, 8, 19, 13, 5, 9, 6]
TOOL SWITCHES : 7
MAKESPAN : 43

- MACHINE [2]

1 0 0 0 0 0 0 
0 0 0 1 0 1 0 
1 0 0 0 0 0 0 
0 0 1 0 1 0 0 
0 1 0 1 0 0 0 
1 1 0 0 0 1 1 
0 0 1 0 0 0 0 
1 0 0 1 1 0 1 
0 0 0 0 0 0 0 
0 1 1 0 0 0 1 
1 1 1 1 0 0 0 
0 0 0 0 0 0 0 
0 0 0 0 0 0 0 
1 0 1 1 1 1 0 
0 0 0 0 0 0 0 
0 1 0 0 0 1 1 
0 0 0 0 1 0 0 
0 0 0 1 0 1 0 
0 0 0 0 1 1 1 
0 0 1 1 0 0 0 

JOBS [7] - [10, 17, 3, 7, 16, 11, 14]
TOOL SWITCHES : 3
MAKESPAN : 43

# -------------------------- #

--- TOTAL TOOL SWITCHES : 24
--- HIGHEST MAKESPAN : 45
--- TOTAL FLOWTIME : 482
--- RUNNING TIME : 2.10939

# -------------------------- #
RUN : 1 - instancias_txt/SSP-NPM-I/ins154_m=3_j=20_t=20_var=14.txt

- MACHINE [0]

1 1 0 0 0 0 0 
0 0 0 0 0 0 0 
1 1 0 0 0 0 1 
1 0 0 0 0 0 0 
0 0 1 0 0 1 0 
1 0 0 1 1 0 0 
0 1 1 0 0 0 0 
0 0 0 0 1 0 0 
0 1 1 1 0 0 0 
0 0 0 0 0 0 0 
0 0 0 0 0 0 1 
0 0 1 1 1 0 1 
0 0 0 1 0 1 0 
1 0 0 1 1 1 1 
0 0 0 0 0 1 1 
0 0 0 1 1 0 1 
0 1 1 0 0 0 0 
0 0 0 0 0 0 0 
0 0 0 0 0 0 0 
0 1 0 0 1 1 1 

JOBS [7] - [9, 13, 14, 6, 19, 0, 15]
TOOL SWITCHES : 12
MAKESPAN : 42

- MACHINE [1]

0 0 0 0 0 0 
1 1 0 0 0 1 
0 0 0 0 0 0 
1 0 1 0 1 0 
1 1 1 1 1 0 
1 1 0 1 0 1 
0 0 0 1 0 1 
1 0 1 0 1 1 
0 0 0 1 0 0 
1 0 1 0 1 0 
0 0 0 0 0 0 
0 0 0 0 0 1 
0 0 0 0 1 1 
0 1 1 1 0 0 
0 0 0 0 0 0 
0 1 0 1 0 0 
0 0 0 0 0 0 
0 1 0 0 0 0 
1 0 0 0 0 0 
0 0 0 0 1 0 

JOBS [6] - [1, 3, 12, 5, 11, 8]
TOOL SWITCHES : 5
MAKESPAN : 42

- MACHINE [2]

1 0 0 0 0 0 0 
1 0 0 0 0 0 0 
0 0 0 1 1 1 0 
0 0 1 0 0 0 1 
1 0 0 0 0 0 0 
0 0 0 0 0 0 0 
0 0 1 0 0 0 0 
1 0 0 0 0 0 0 
1 1 0 0 0 0 0 
0 1 1 1 0 1 0 
1 1 1 0 1 1 0 
0 0 0 0 0 0 0 
0 0 1 1 1 1 1 
0 0 0 0 0 0 0 
0 0 0 1 0 0 0 
0 1 0 0 0 0 1 
0 1 0 1 0 0 0 
0 0 0 0 1 1 1 
0 0 0 1 0 1 1 
0 1 1 0 1 0 1 

JOBS [7] - [2, 7, 18, 4, 16, 10, 17]
TOOL SWITCHES : 4
MAKESPAN : 39

# -------------------------- #

--- TOTAL TOOL SWITCHES : 21
--- HIGHEST MAKESPAN : 42
--- TOTAL FLOWTIME : 421
--- RUNNING TIME : 1.82698

# -------------------------- #
RUN : 1 - instancias_txt/SSP-NPM-I/ins155_m=3_j=20_t=20_var=15.txt

- MACHINE [0]

0 0 0 0 0 0 
0 0 1 0 1 0 
1 1 0 0 0 0 
0 0 1 1 0 0 
1 0 1 0 0 0 
0 0 0 1 1 0 
1 0 0 0 0 0 
0 0 0 0 0 1 
0 0 0 0 0 0 
1 1 1 1 0 0 
0 0 0 0 0 0 
1 0 0 0 0 0 
0 0 0 0 1 1 
0 1 1 0 1 0 
1 0 0 0 0 0 
0 1 0 0 1 0 
0 0 0 0 0 1 
0 1 1 1 1 1 
0 1 1 1 0 0 
0 0 0 0 0 1 

JOBS [6] - [15, 12, 1, 10, 7, 16]
TOOL SWITCHES : 11
MAKESPAN : 38

- MACHINE [1]

0 1 0 0 0 0 
0 0 0 1 0 0 
0 0 0 0 0 0 
0 1 1 1 1 0 
1 1 1 0 0 0 
0 1 0 0 0 0 
0 0 0 0 1 1 
0 0 0 0 0 0 
0 0 1 1 1 1 
1 1 1 0 0 0 
1 0 1 1 0 0 
0 0 0 1 0 1 
0 0 0 0 0 0 
0 1 1 0 0 0 
0 0 0 0 1 1 
1 1 0 0 1 0 
0 0 0 1 1 0 
0 0 0 0 1 1 
0 0 0 0 0 0 
1 0 0 1 0 0 

JOBS [6] - [17, 14, 8, 11, 6, 13]
TOOL SWITCHES : 6
MAKESPAN : 36

- MACHINE [2]

1 1 1 1 0 0 1 1 
1 0 1 1 0 0 0 0 
1 1 1 0 0 1 1 0 
1 0 0 1 0 0 1 1 
1 0 0 0 0 1 1 0 
0 0 1 1 1 0 0 0 
0 0 0 0 0 0 0 0 
0 0 0 0 1 1 0 0 
0 0 1 1 0 0 0 0 
0 0 0 0 0 0 0 0 
0 0 1 0 1 0 0 1 
0 0 0 0 0 0 0 0 
0 0 0 0 0 0 0 0 
0 0 0 0 0 0 0 0 
0 1 0 0 1 1 1 0 
0 1 0 0 1 1 0 0 
1 1 0 1 0 1 0 1 
0 1 0 0 1 0 1 0 
1 0 0 0 0 0 1 1 
0 0 0 0 1 1 0 1 

JOBS [8] - [2, 19, 9, 3, 0, 18, 5, 4]
TOOL SWITCHES : 2
MAKESPAN : 38

# -------------------------- #

--- TOTAL TOOL SWITCHES : 19
--- HIGHEST MAKESPAN : 38
--- TOTAL FLOWTIME : 374
--- RUNNING TIME : 1.87946

# -------------------------- #
RUN : 1 - instancias_txt/SSP-NPM-I/ins156_m=3_j=20_t=20_var=16.txt

- MACHINE [0]

0 1 0 1 0 
0 1 1 1 1 
0 0 0 0 1 
1 1 0 0 0 
0 0 0 0 0 
0 0 0 0 0 
0 1 1 0 0 
0 1 1 0 0 
0 0 0 0 0 
0 0 0 0 0 
0 0 1 1 0 
0 0 0 1 1 
1 0 0 0 0 
0 0 0 0 0 
1 1 0 0 0 
0 0 0 0 1 
1 0 0 0 0 
1 0 0 1 1 
0 0 1 0 1 
1 0 0 0 0 

JOBS [5] - [6, 2, 7, 4, 16]
TOOL SWITCHES : 8
MAKESPAN : 41

- MACHINE [1]

1 0 0 0 1 
0 1 0 0 0 
1 0 1 0 0 
0 0 0 1 1 
0 1 1 0 0 
0 0 1 0 1 
0 0 0 0 1 
0 0 0 0 0 
0 1 1 0 0 
0 0 1 1 0 
0 0 0 1 1 
1 0 0 1 0 
1 1 0 0 0 
0 0 0 0 0 
0 0 0 0 0 
0 1 0 1 1 
0 0 0 0 0 
0 0 0 0 1 
0 1 1 1 0 
1 0 0 0 0 

JOBS [5] - [12, 1, 10, 3, 18]
TOOL SWITCHES : 6
MAKESPAN : 41

- MACHINE [2]

0 1 1 0 0 0 1 0 0 0 
1 0 1 0 1 0 0 0 1 1 
0 0 0 0 0 0 0 1 0 0 
0 0 0 0 0 0 0 0 0 0 
0 0 0 0 0 0 1 1 1 1 
1 0 1 0 0 0 0 0 1 1 
0 1 0 1 0 0 0 0 0 1 
0 0 0 0 0 0 0 0 0 0 
0 1 0 0 0 0 0 1 1 1 
0 0 1 0 1 1 0 0 0 0 
1 0 1 1 1 0 0 0 0 0 
0 1 1 0 0 1 0 0 1 1 
1 0 0 1 0 0 0 1 0 0 
1 0 0 1 0 0 0 0 0 0 
0 0 0 1 1 1 0 0 0 0 
0 0 0 0 0 0 1 1 0 0 
0 1 0 1 0 0 1 0 0 0 
0 0 0 0 1 0 1 0 0 0 
0 1 0 1 1 1 0 1 0 0 
0 0 0 0 0 1 1 0 0 0 

JOBS [10] - [19, 5, 14, 8, 17, 13, 11, 9, 15, 0]
TOOL SWITCHES : 5
MAKESPAN : 40

# -------------------------- #

--- TOTAL TOOL SWITCHES : 19
--- HIGHEST MAKESPAN : 41
--- TOTAL FLOWTIME : 401
--- RUNNING TIME : 2.88635

# -------------------------- #
RUN : 1 - instancias_txt/SSP-NPM-I/ins157_m=3_j=20_t=20_var=17.txt

- MACHINE [0]

0 0 1 1 0 1 
1 0 0 1 0 0 
0 1 1 0 0 0 
0 0 0 0 0 1 
0 0 0 0 0 0 
1 0 1 0 0 0 
0 0 1 1 1 1 
0 0 0 0 0 0 
0 1 1 0 1 1 
0 0 0 0 0 0 
1 0 0 0 0 1 
0 0 0 0 0 0 
1 0 0 0 0 0 
0 1 0 1 1 1 
0 1 0 0 0 0 
0 0 0 0 1 0 
1 1 0 0 0 0 
1 1 1 1 0 0 
0 0 0 1 1 0 
0 0 0 0 1 1 

JOBS [6] - [1, 15, 7, 6, 9, 18]
TOOL SWITCHES : 11
MAKESPAN : 39

- MACHINE [1]

0 0 0 0 0 0 
0 0 0 1 0 0 
1 0 0 0 0 1 
0 1 1 1 0 1 
1 0 1 0 1 0 
1 0 0 0 0 0 
1 1 0 0 0 0 
0 0 0 0 0 0 
1 0 0 0 0 0 
0 1 0 0 0 0 
1 0 0 1 1 1 
0 0 1 0 0 0 
0 1 0 0 1 1 
0 1 1 1 1 0 
0 0 0 0 0 1 
1 0 1 0 1 0 
0 0 0 1 0 0 
0 0 0 0 0 0 
0 1 0 1 1 0 
0 0 0 0 1 0 

JOBS [6] - [3, 4, 0, 10, 5, 12]
TOOL SWITCHES : 7
MAKESPAN : 41

- MACHINE [2]

0 1 0 0 1 1 1 0 
0 0 0 0 0 0 0 0 
0 0 1 1 0 1 0 1 
0 0 0 0 1 0 1 0 
1 1 1 1 1 1 0 0 
1 1 0 1 0 0 0 1 
0 0 0 0 0 0 0 0 
1 1 1 1 0 0 0 1 
0 1 0 0 0 0 1 0 
1 0 0 1 0 0 0 1 
0 0 0 0 0 0 0 0 
0 0 0 0 0 0 0 0 
0 0 0 0 0 1 1 0 
0 0 1 0 0 0 0 0 
1 0 0 0 1 0 0 0 
0 1 0 0 1 0 1 1 
0 1 1 0 1 1 0 0 
1 0 0 1 0 0 1 0 
0 0 0 0 0 0 1 0 
0 0 0 0 0 1 0 1 

JOBS [8] - [11, 16, 17, 14, 8, 13, 2, 19]
TOOL SWITCHES : 3
MAKESPAN : 41

# -------------------------- #

--- TOTAL TOOL SWITCHES : 21
--- HIGHEST MAKESPAN : 41
--- TOTAL FLOWTIME : 424
--- RUNNING TIME : 1.9429

# -------------------------- #
RUN : 1 - instancias_txt/SSP-NPM-I/ins158_m=3_j=20_t=20_var=18.txt

- MACHINE [0]

0 0 0 0 0 1 
0 0 0 1 0 0 
0 0 0 0 0 0 
0 0 0 0 0 0 
0 0 1 0 0 0 
1 1 0 0 0 0 
0 0 0 0 0 1 
0 0 0 1 1 0 
1 1 0 0 0 0 
1 0 1 1 0 0 
0 0 0 0 1 1 
1 1 1 0 0 0 
0 0 1 1 1 1 
0 1 0 0 1 1 
0 0 0 1 1 0 
0 0 1 1 1 1 
0 0 0 0 0 0 
1 1 0 0 0 1 
1 1 0 0 0 0 
0 0 0 0 0 0 

JOBS [6] - [16, 5, 17, 3, 10, 15]
TOOL SWITCHES : 10
MAKESPAN : 40

- MACHINE [1]

1 1 1 1 0 1 
1 0 0 0 1 0 
0 0 1 0 0 0 
0 0 0 0 1 1 
1 0 0 0 0 0 
0 1 1 0 0 1 
0 0 0 0 0 0 
0 0 0 0 0 1 
0 1 0 0 1 0 
0 0 1 1 0 0 
0 0 0 0 1 1 
0 1 0 0 0 0 
1 0 1 0 0 0 
0 0 0 0 0 0 
0 0 0 0 0 1 
0 0 0 1 0 0 
0 0 0 0 0 0 
0 1 0 1 1 0 
0 0 1 0 1 0 
1 1 0 1 1 0 

JOBS [6] - [8, 14, 7, 13, 6, 1]
TOOL SWITCHES : 7
MAKESPAN : 43

- MACHINE [2]

0 1 1 0 0 1 0 0 
0 0 0 1 1 0 0 0 
1 1 0 0 0 0 0 0 
0 0 0 0 1 1 0 0 
0 0 0 0 0 0 0 0 
0 0 0 0 0 0 0 0 
1 0 0 1 0 0 1 1 
0 0 0 0 0 0 0 0 
1 0 0 1 1 0 1 0 
0 0 0 0 0 0 0 0 
0 1 1 0 0 0 1 1 
0 1 1 0 1 1 0 0 
0 0 0 0 1 0 0 0 
0 1 0 0 1 1 0 0 
1 0 1 0 0 0 0 0 
1 0 0 1 0 0 1 0 
0 0 0 1 0 1 1 1 
0 0 0 1 0 0 0 0 
0 1 1 1 0 1 1 1 
1 0 1 0 0 0 0 1 

JOBS [8] - [18, 2, 9, 4, 12, 11, 0, 19]
TOOL SWITCHES : 3
MAKESPAN : 43

# -------------------------- #

--- TOTAL TOOL SWITCHES : 20
--- HIGHEST MAKESPAN : 43
--- TOTAL FLOWTIME : 414
--- RUNNING TIME : 2.03728

# -------------------------- #
RUN : 1 - instancias_txt/SSP-NPM-I/ins159_m=3_j=20_t=20_var=19.txt

- MACHINE [0]

0 1 1 0 0 
0 0 0 1 1 
1 0 1 0 0 
1 1 0 0 0 
0 0 0 0 1 
0 0 0 1 0 
0 0 0 0 0 
0 0 0 0 0 
0 0 0 1 1 
0 0 0 0 0 
0 0 0 0 0 
0 0 0 0 0 
1 0 0 1 0 
0 0 0 0 0 
1 1 1 1 1 
0 1 1 1 1 
1 0 1 0 1 
0 0 0 0 0 
0 1 0 0 0 
1 0 1 0 0 

JOBS [5] - [7, 1, 19, 8, 2]
TOOL SWITCHES : 8
MAKESPAN : 40

- MACHINE [1]

1 0 1 0 0 0 0 
0 0 0 0 0 0 0 
0 1 0 0 0 0 1 
0 0 0 0 1 1 1 
1 1 0 0 1 0 0 
1 1 0 0 0 0 0 
0 0 0 0 0 0 0 
0 0 0 0 0 1 0 
0 0 0 1 0 0 0 
0 0 0 1 0 1 0 
0 0 1 0 0 0 0 
0 0 1 1 1 0 1 
0 0 0 0 0 1 1 
0 1 1 1 0 0 0 
1 0 1 1 0 0 0 
0 0 0 0 1 0 1 
0 1 0 1 0 1 1 
0 0 1 0 1 1 0 
1 1 0 0 0 0 0 
0 0 0 1 0 1 0 

JOBS [7] - [10, 9, 5, 3, 17, 6, 15]
TOOL SWITCHES : 8
MAKESPAN : 40

- MACHINE [2]

1 1 0 0 1 1 0 1 
0 0 0 0 0 0 1 1 
1 0 0 1 0 0 1 0 
0 0 0 1 1 0 0 1 
0 0 0 0 1 0 0 0 
0 1 0 1 0 0 0 0 
0 0 0 0 1 0 1 1 
1 0 0 1 0 1 1 0 
0 0 1 1 0 1 0 1 
0 0 1 0 0 0 0 0 
1 1 0 0 0 0 0 0 
0 1 0 0 0 0 0 1 
0 1 1 1 0 0 1 0 
1 0 0 0 1 0 0 0 
0 1 1 0 0 0 0 0 
0 0 0 0 0 0 0 0 
1 0 1 0 0 1 0 0 
0 1 0 0 0 1 1 0 
0 0 0 0 0 1 0 0 
0 0 1 0 1 0 1 0 

JOBS [8] - [13, 0, 11, 4, 18, 14, 12, 16]
TOOL SWITCHES : 6
MAKESPAN : 41

# -------------------------- #

--- TOTAL TOOL SWITCHES : 22
--- HIGHEST MAKESPAN : 41
--- TOTAL FLOWTIME : 416
--- RUNNING TIME : 2.17402

# -------------------------- #
RUN : 1 - instancias_txt/SSP-NPM-I/ins160_m=3_j=20_t=20_var=20.txt

- MACHINE [0]

0 0 0 1 0 0 
1 1 1 1 1 0 
1 0 1 1 1 0 
1 0 0 1 0 0 
0 0 0 0 0 0 
0 0 0 0 0 1 
0 0 0 0 0 0 
1 1 1 0 0 0 
0 0 0 0 1 0 
0 0 0 0 0 0 
0 0 0 0 0 0 
1 1 0 0 0 0 
0 0 0 0 0 1 
0 0 1 0 0 1 
0 0 0 0 1 0 
1 1 0 0 0 0 
0 0 1 1 1 0 
0 1 0 0 0 1 
0 1 0 0 1 0 
0 0 0 0 0 1 

JOBS [6] - [16, 4, 13, 14, 5, 11]
TOOL SWITCHES : 11
MAKESPAN : 43

- MACHINE [1]

0 0 0 0 0 0 0 0 
1 1 1 1 0 0 0 0 
0 0 0 0 0 0 0 0 
1 0 0 0 0 1 0 1 
0 0 0 0 1 0 1 0 
0 0 0 0 0 0 0 0 
0 0 0 0 0 0 1 1 
1 0 1 0 1 0 0 0 
0 0 1 1 1 0 0 0 
0 0 0 0 0 1 0 1 
0 0 1 0 1 0 1 0 
0 0 1 1 0 0 0 0 
0 1 1 1 0 1 0 0 
0 0 0 0 0 0 0 0 
0 0 0 1 0 1 1 0 
1 0 0 0 0 0 0 0 
1 1 0 1 0 1 0 1 
1 1 0 0 0 0 0 0 
0 0 0 0 0 1 1 0 
0 1 0 0 1 0 0 1 

JOBS [8] - [17, 18, 7, 3, 19, 10, 9, 1]
TOOL SWITCHES : 6
MAKESPAN : 44

- MACHINE [2]

1 0 1 0 0 0 
0 0 0 0 0 0 
0 0 1 0 1 1 
0 1 0 0 0 0 
1 1 0 1 1 1 
1 0 0 0 1 0 
1 1 0 1 0 0 
0 0 1 1 1 1 
0 1 0 0 0 0 
1 0 1 0 0 1 
1 1 0 0 0 0 
0 0 0 0 0 0 
0 0 0 1 0 0 
0 1 0 0 0 1 
0 0 0 0 0 0 
0 0 1 0 0 1 
0 0 0 1 1 0 
0 0 0 0 0 0 
0 0 1 0 0 0 
1 0 0 1 1 0 

JOBS [6] - [8, 0, 15, 6, 2, 12]
TOOL SWITCHES : 3
MAKESPAN : 38

# -------------------------- #

--- TOTAL TOOL SWITCHES : 20
--- HIGHEST MAKESPAN : 44
--- TOTAL FLOWTIME : 438
--- RUNNING TIME : 2.12343

# -------------------------- #


avg : 42.3
