RUN : 1 - instancias_txt/SSP-NPM-I/ins141_m=3_j=20_t=20_var=1.txt

- MACHINE [0]

0 0 0 0 0 
1 1 0 0 0 
0 0 0 0 0 
0 0 0 0 0 
0 0 1 1 0 
0 0 0 1 1 
0 0 0 0 1 
1 0 0 0 0 
0 0 0 0 1 
1 0 1 0 1 
0 0 0 1 1 
0 1 1 0 0 
1 1 1 1 0 
1 0 0 1 1 
0 0 1 1 1 
0 1 1 0 0 
1 1 0 0 0 
0 0 0 0 0 
0 1 0 0 0 
0 0 0 0 0 

JOBS [5] - [8, 12, 11, 15, 10]
TOOL SWITCHES : 9
MAKESPAN : 44

- MACHINE [1]

0 0 0 0 0 0 0 
1 0 1 0 0 1 0 
1 1 1 0 1 0 1 
0 0 0 1 0 0 0 
0 0 0 0 0 1 0 
1 1 0 0 0 0 0 
1 1 1 1 0 0 0 
0 0 0 0 1 1 1 
0 0 0 1 1 1 0 
0 0 0 0 0 0 0 
0 0 0 0 0 0 1 
1 1 0 0 1 0 1 
0 0 1 1 0 0 1 
1 0 0 0 1 0 0 
0 0 1 0 1 1 1 
0 0 0 0 1 1 0 
0 1 0 0 0 0 0 
0 0 0 0 0 0 0 
1 0 0 1 0 1 0 
0 0 1 0 0 0 0 

JOBS [7] - [5, 3, 0, 6, 9, 18, 7]
TOOL SWITCHES : 7
MAKESPAN : 48

- MACHINE [2]

0 1 1 1 0 0 1 1 
0 0 0 0 0 0 0 1 
0 0 0 0 0 0 1 1 
0 0 0 0 0 1 0 1 
0 0 0 0 0 1 0 0 
0 0 0 0 1 1 0 0 
0 0 1 0 1 0 0 0 
0 0 1 0 0 0 0 0 
0 0 0 1 0 0 1 1 
1 1 0 1 0 0 0 0 
1 0 0 1 1 1 1 0 
0 0 0 0 0 0 0 0 
0 1 0 0 0 0 0 0 
0 0 0 1 1 0 1 0 
1 1 1 0 0 0 0 0 
1 1 0 0 0 0 0 0 
0 0 0 1 1 0 0 0 
1 0 1 0 0 1 0 1 
0 1 1 0 1 0 0 0 
0 0 0 0 0 1 1 0 

JOBS [8] - [19, 1, 2, 17, 13, 16, 14, 4]
TOOL SWITCHES : 6
MAKESPAN : 47

# -------------------------- #

--- TOTAL TOOL SWITCHES : 22
--- HIGHEST MAKESPAN : 48
--- TOTAL FLOWTIME : 441
--- RUNNING TIME : 2.35269

# -------------------------- #
RUN : 1 - instancias_txt/SSP-NPM-I/ins142_m=3_j=20_t=20_var=2.txt

- MACHINE [0]

1 0 1 0 0 0 
0 0 1 0 0 0 
0 0 0 0 1 1 
0 0 1 1 1 0 
1 0 0 1 1 1 
1 1 0 0 0 1 
0 1 0 0 1 1 
0 0 1 1 0 0 
0 0 0 0 0 0 
1 0 0 0 0 0 
0 1 1 0 0 0 
0 0 0 0 0 0 
0 0 0 0 0 1 
0 1 1 0 0 0 
1 1 0 0 0 0 
0 0 0 1 1 0 
0 0 0 1 0 0 
0 0 0 0 0 1 
1 1 0 0 0 0 
1 0 0 0 1 0 

JOBS [6] - [18, 14, 3, 9, 4, 13]
TOOL SWITCHES : 14
MAKESPAN : 42

- MACHINE [1]

0 0 0 0 0 0 
1 1 1 0 0 0 
0 0 0 0 1 1 
0 0 0 0 0 0 
1 1 0 0 0 0 
0 0 1 1 0 0 
1 0 0 0 0 0 
1 1 1 1 1 1 
0 0 0 0 0 1 
0 0 1 0 1 0 
1 1 1 0 0 0 
0 0 0 0 0 0 
0 0 0 0 0 1 
0 1 0 1 0 1 
1 0 1 0 1 0 
0 0 0 0 1 0 
0 0 0 0 1 1 
0 0 1 1 0 0 
1 0 0 0 1 1 
0 1 0 1 0 0 

JOBS [6] - [15, 10, 1, 6, 11, 2]
TOOL SWITCHES : 7
MAKESPAN : 40

- MACHINE [2]

0 1 1 1 0 0 1 0 
0 0 0 0 0 0 0 0 
0 0 0 0 1 0 0 1 
0 1 0 0 0 0 0 1 
0 0 0 0 0 0 0 0 
0 1 0 0 0 1 0 0 
1 0 0 0 0 0 0 1 
0 1 1 0 0 1 1 0 
1 0 1 0 1 0 0 0 
0 0 0 0 0 1 0 0 
0 0 0 0 0 0 0 0 
1 0 0 0 0 0 1 1 
0 0 0 0 0 1 1 1 
1 0 0 1 1 0 0 0 
0 0 0 1 0 0 0 0 
0 0 0 0 0 0 0 0 
0 0 0 1 0 0 1 0 
0 0 1 0 1 1 1 0 
1 0 1 0 1 1 0 0 
0 1 0 1 0 0 0 0 

JOBS [8] - [5, 8, 0, 7, 17, 12, 19, 16]
TOOL SWITCHES : 3
MAKESPAN : 42

# -------------------------- #

--- TOTAL TOOL SWITCHES : 24
--- HIGHEST MAKESPAN : 42
--- TOTAL FLOWTIME : 473
--- RUNNING TIME : 1.90282

# -------------------------- #
RUN : 1 - instancias_txt/SSP-NPM-I/ins143_m=3_j=20_t=20_var=3.txt

- MACHINE [0]

1 1 0 0 0 0 0 
0 1 0 0 0 0 0 
0 0 0 1 0 0 0 
1 1 0 0 0 0 0 
0 0 1 1 1 1 0 
1 1 0 1 1 1 1 
0 0 0 0 0 0 0 
0 1 1 0 0 0 0 
1 0 1 1 0 1 1 
0 0 0 0 0 0 0 
0 0 0 0 1 0 0 
0 0 0 0 0 0 1 
0 0 0 0 0 1 0 
0 0 0 1 1 1 0 
0 0 0 0 1 0 1 
1 0 0 0 0 1 0 
0 0 0 0 0 0 1 
0 0 1 1 0 0 0 
0 0 1 0 1 0 0 
0 1 1 0 0 0 1 

JOBS [7] - [14, 9, 11, 19, 2, 5, 17]
TOOL SWITCHES : 13
MAKESPAN : 42

- MACHINE [1]

0 0 0 0 0 0 
0 0 0 0 0 0 
0 0 0 1 0 1 
1 0 1 0 0 1 
0 1 0 1 0 1 
0 0 0 0 0 0 
1 1 0 0 0 0 
0 0 0 1 0 0 
0 1 1 0 1 1 
0 0 0 0 0 0 
0 0 0 0 1 0 
1 0 0 0 1 0 
0 0 0 0 0 0 
0 0 1 0 0 0 
0 0 0 0 0 1 
1 0 1 1 1 0 
0 0 1 1 1 0 
1 0 1 0 0 0 
0 1 0 0 1 0 
0 1 0 1 0 1 

JOBS [6] - [15, 16, 10, 13, 3, 18]
TOOL SWITCHES : 5
MAKESPAN : 42

- MACHINE [2]

1 1 1 0 0 0 0 
1 0 1 0 0 1 1 
0 0 0 1 1 0 0 
1 0 0 0 0 1 0 
0 0 0 1 1 0 0 
0 0 1 1 0 1 0 
1 0 1 0 0 0 0 
1 0 0 0 1 0 1 
0 0 0 0 0 0 0 
0 1 0 1 0 0 1 
0 0 1 0 0 0 1 
0 0 0 0 1 1 0 
1 0 0 0 0 0 0 
0 0 0 0 0 0 1 
0 1 0 0 1 1 1 
0 0 0 0 1 0 0 
1 1 0 0 0 0 0 
0 0 0 0 0 0 0 
0 0 0 1 1 1 0 
0 1 1 0 0 0 0 

JOBS [7] - [7, 1, 4, 6, 0, 8, 12]
TOOL SWITCHES : 5
MAKESPAN : 38

# -------------------------- #

--- TOTAL TOOL SWITCHES : 23
--- HIGHEST MAKESPAN : 42
--- TOTAL FLOWTIME : 427
--- RUNNING TIME : 2.11876

# -------------------------- #
RUN : 1 - instancias_txt/SSP-NPM-I/ins144_m=3_j=20_t=20_var=4.txt

- MACHINE [0]

0 1 1 1 1 1 
0 0 0 0 0 0 
1 1 1 0 0 0 
0 0 0 1 1 1 
0 0 0 0 0 0 
1 1 0 0 0 0 
0 0 1 0 0 0 
1 1 0 0 0 0 
1 0 1 0 0 1 
0 0 0 0 1 1 
0 0 0 0 0 1 
1 1 0 0 0 0 
0 0 0 1 0 0 
0 0 0 0 0 0 
0 0 0 1 1 0 
0 0 0 0 1 0 
0 0 1 0 0 0 
1 0 1 1 0 0 
0 0 0 1 1 0 
0 0 0 0 1 1 

JOBS [6] - [10, 18, 11, 5, 9, 2]
TOOL SWITCHES : 11
MAKESPAN : 39

- MACHINE [1]

0 0 0 0 0 
0 0 0 0 1 
1 0 0 1 0 
1 1 0 1 0 
0 0 1 0 1 
0 0 1 0 1 
0 0 0 0 0 
1 1 1 0 0 
1 1 1 0 1 
0 0 1 0 1 
0 0 1 0 0 
0 0 0 0 0 
0 0 0 0 0 
0 0 0 1 0 
0 0 0 1 1 
1 1 0 1 0 
0 0 0 0 0 
1 0 0 1 1 
0 1 0 0 0 
1 1 0 0 0 

JOBS [5] - [6, 8, 17, 3, 12]
TOOL SWITCHES : 5
MAKESPAN : 36

- MACHINE [2]

1 0 1 0 0 0 0 0 0 
0 0 0 0 1 1 1 0 0 
0 0 0 1 0 0 0 1 0 
0 0 0 1 0 1 0 1 0 
0 0 0 0 0 0 0 0 0 
1 0 0 0 0 0 0 0 0 
1 1 1 1 0 0 1 0 0 
0 1 1 0 0 0 0 0 1 
0 1 0 0 1 0 0 0 0 
1 1 0 1 0 0 0 1 0 
0 1 0 0 0 1 1 1 1 
0 0 0 0 1 0 0 1 0 
1 1 0 1 0 0 0 0 0 
1 0 0 0 1 0 1 0 1 
0 0 1 1 0 0 0 1 1 
0 0 1 0 1 1 1 0 0 
0 0 0 0 0 1 1 0 1 
0 0 0 0 0 0 0 0 0 
0 0 0 0 1 0 0 1 0 
1 1 1 0 0 0 0 0 0 

JOBS [9] - [1, 4, 7, 16, 19, 0, 14, 13, 15]
TOOL SWITCHES : 5
MAKESPAN : 39

# -------------------------- #

--- TOTAL TOOL SWITCHES : 21
--- HIGHEST MAKESPAN : 39
--- TOTAL FLOWTIME : 401
--- RUNNING TIME : 2.33919

# -------------------------- #
RUN : 1 - instancias_txt/SSP-NPM-I/ins145_m=3_j=20_t=20_var=5.txt

- MACHINE [0]

0 0 0 0 0 0 
0 0 0 1 1 0 
1 0 0 0 0 1 
1 0 0 0 0 0 
1 1 0 1 0 1 
1 1 1 0 0 0 
0 0 0 0 0 0 
0 0 0 1 1 0 
0 0 0 0 1 0 
0 0 0 1 1 1 
0 1 1 1 0 0 
1 0 1 0 0 0 
0 0 1 0 0 0 
0 0 0 0 0 0 
0 0 0 0 0 0 
1 1 0 0 0 1 
0 0 0 1 1 1 
0 0 1 0 0 1 
0 0 1 0 0 0 
0 1 0 0 1 1 

JOBS [6] - [17, 13, 16, 8, 5, 12]
TOOL SWITCHES : 13
MAKESPAN : 45

- MACHINE [1]

0 0 1 1 0 
0 1 0 0 0 
0 0 0 1 1 
1 1 0 0 0 
0 0 0 0 0 
0 0 0 0 1 
1 1 0 1 0 
0 0 1 1 0 
0 0 0 1 1 
1 0 0 0 0 
1 1 0 0 0 
0 0 0 0 0 
0 0 0 0 0 
0 0 1 0 1 
1 0 1 0 0 
1 1 0 0 0 
0 0 0 0 1 
0 0 1 0 0 
0 1 0 0 1 
1 0 1 0 0 

JOBS [5] - [1, 15, 2, 10, 6]
TOOL SWITCHES : 7
MAKESPAN : 46

- MACHINE [2]

1 1 0 1 0 0 0 0 0 
0 0 0 0 0 1 0 1 1 
0 1 0 1 0 1 0 0 0 
0 0 0 0 0 0 0 0 0 
0 1 0 0 1 0 0 1 1 
1 0 0 0 0 0 1 0 0 
0 0 0 0 0 0 0 0 0 
1 0 0 1 0 0 0 1 0 
0 0 0 1 0 0 0 0 1 
1 1 1 0 1 1 0 0 1 
0 0 1 1 1 0 1 0 0 
0 0 0 1 0 1 1 0 1 
0 0 1 0 0 1 1 1 1 
0 1 1 1 0 0 1 1 0 
0 0 0 0 0 0 0 0 0 
0 0 1 0 1 1 1 0 0 
0 0 0 0 0 0 1 0 0 
1 0 1 0 0 0 0 0 0 
1 1 0 0 1 1 0 0 1 
0 0 0 0 0 0 0 0 0 

JOBS [9] - [7, 19, 14, 0, 11, 9, 18, 4, 3]
TOOL SWITCHES : 3
MAKESPAN : 46

# -------------------------- #

--- TOTAL TOOL SWITCHES : 23
--- HIGHEST MAKESPAN : 46
--- TOTAL FLOWTIME : 461
--- RUNNING TIME : 2.39559

# -------------------------- #
RUN : 1 - instancias_txt/SSP-NPM-I/ins146_m=3_j=20_t=20_var=6.txt

- MACHINE [0]

1 0 0 0 0 
0 0 0 0 0 
0 0 0 0 0 
1 1 1 1 0 
0 1 1 0 0 
0 0 0 0 1 
0 1 0 1 0 
0 0 0 0 0 
0 0 0 0 1 
0 0 0 1 1 
0 0 1 0 1 
0 0 0 0 0 
0 1 0 0 0 
1 0 0 0 0 
0 0 0 0 0 
0 0 0 0 1 
1 1 1 1 0 
1 1 1 1 0 
1 1 0 1 0 
0 0 0 0 1 

JOBS [5] - [13, 8, 6, 19, 1]
TOOL SWITCHES : 8
MAKESPAN : 45

- MACHINE [1]

0 1 1 0 0 1 0 
0 0 0 0 0 1 0 
0 1 1 0 0 0 1 
0 0 0 0 0 0 0 
0 0 0 0 1 1 0 
1 1 1 1 0 1 0 
0 1 0 0 0 0 0 
0 0 0 0 0 0 0 
1 1 1 1 0 0 0 
0 0 0 0 0 0 0 
1 0 0 1 1 0 0 
0 0 0 0 0 0 0 
0 0 0 1 1 1 1 
0 0 0 0 0 0 0 
1 0 0 1 1 0 1 
0 0 0 0 0 1 1 
0 0 1 0 0 0 0 
0 1 0 0 0 0 0 
1 0 0 0 1 0 0 
0 1 1 1 1 0 1 

JOBS [7] - [10, 16, 9, 14, 2, 17, 5]
TOOL SWITCHES : 5
MAKESPAN : 46

- MACHINE [2]

0 0 0 0 0 0 0 0 
0 0 1 0 0 0 1 0 
1 1 0 0 1 0 0 1 
0 1 1 1 0 0 0 0 
0 0 0 0 0 0 0 0 
1 1 1 0 1 0 1 1 
0 0 0 1 0 1 1 0 
0 0 0 1 0 1 0 1 
0 1 1 0 0 0 0 1 
0 0 0 0 1 0 0 0 
1 0 0 0 1 0 1 0 
0 0 0 0 1 1 1 0 
0 0 0 0 0 1 1 1 
0 1 0 0 1 0 0 0 
1 1 0 0 0 1 0 1 
1 0 0 1 0 0 0 0 
0 0 1 1 0 0 0 1 
0 0 0 0 0 0 0 0 
0 0 0 0 0 0 0 0 
1 0 1 0 1 0 1 0 

JOBS [8] - [7, 15, 0, 11, 18, 4, 3, 12]
TOOL SWITCHES : 3
MAKESPAN : 46

# -------------------------- #

--- TOTAL TOOL SWITCHES : 16
--- HIGHEST MAKESPAN : 46
--- TOTAL FLOWTIME : 489
--- RUNNING TIME : 2.32955

# -------------------------- #
RUN : 1 - instancias_txt/SSP-NPM-I/ins147_m=3_j=20_t=20_var=7.txt

- MACHINE [0]

0 1 0 0 0 0 
0 0 0 0 0 0 
0 0 0 0 1 1 
0 0 0 0 0 0 
0 0 0 0 0 0 
0 0 1 1 1 1 
0 0 0 0 0 0 
1 1 0 0 0 0 
0 1 0 0 0 0 
0 0 0 0 0 1 
0 0 1 0 0 0 
0 0 1 1 0 0 
0 0 0 0 1 1 
1 1 0 0 0 1 
1 0 0 0 0 0 
0 1 0 1 0 0 
1 0 1 1 0 0 
1 0 1 1 1 0 
1 0 0 0 1 1 
0 0 1 0 1 0 

JOBS [6] - [9, 13, 8, 14, 19, 6]
TOOL SWITCHES : 11
MAKESPAN : 40

- MACHINE [1]

1 1 0 1 0 0 1 
1 1 1 0 1 1 0 
0 0 0 0 0 0 0 
0 0 0 0 0 1 1 
0 0 0 0 0 0 0 
0 1 0 0 1 0 0 
0 0 0 1 0 1 0 
0 0 0 0 0 0 0 
0 0 0 0 0 0 0 
0 0 0 0 0 0 1 
0 0 0 1 1 0 0 
0 0 0 0 0 0 0 
0 0 0 0 1 1 0 
1 0 1 0 0 1 0 
1 1 0 0 0 1 1 
1 0 1 1 0 0 0 
0 0 1 1 1 1 0 
1 0 1 1 0 0 1 
0 1 1 0 0 0 0 
0 0 0 0 0 0 0 

JOBS [7] - [7, 2, 17, 18, 12, 11, 5]
TOOL SWITCHES : 4
MAKESPAN : 38

- MACHINE [2]

0 0 0 0 1 0 0 
0 0 0 0 0 0 0 
0 0 0 0 0 1 1 
0 0 0 0 1 1 0 
1 0 0 0 1 1 1 
0 0 1 1 0 0 0 
0 0 0 0 0 0 1 
0 0 1 0 0 1 0 
0 1 1 0 0 0 0 
1 1 0 1 0 0 0 
1 1 0 0 0 1 0 
1 0 1 1 1 0 1 
0 0 0 0 0 0 0 
0 0 0 0 0 0 0 
0 1 0 1 0 0 0 
0 1 0 0 0 0 0 
1 1 0 0 0 0 1 
0 0 0 0 0 0 0 
0 1 0 1 1 0 0 
1 0 1 0 0 1 0 

JOBS [7] - [1, 15, 4, 3, 0, 10, 16]
TOOL SWITCHES : 3
MAKESPAN : 40

# -------------------------- #

--- TOTAL TOOL SWITCHES : 18
--- HIGHEST MAKESPAN : 40
--- TOTAL FLOWTIME : 422
--- RUNNING TIME : 1.96054

# -------------------------- #
RUN : 1 - instancias_txt/SSP-NPM-I/ins148_m=3_j=20_t=20_var=8.txt

- MACHINE [0]

0 0 1 0 0 0 
0 0 1 1 0 0 
0 0 0 0 0 1 
1 1 0 0 0 0 
1 0 0 0 0 0 
0 0 0 0 0 0 
1 0 0 1 0 0 
1 1 0 0 0 0 
0 0 0 1 0 1 
0 0 0 0 1 0 
0 1 1 0 1 1 
0 0 0 0 0 0 
0 0 0 0 1 1 
0 0 0 1 1 0 
1 0 0 0 1 1 
1 1 0 0 1 0 
0 0 0 1 0 0 
0 1 1 0 0 0 
0 0 0 0 0 0 
0 1 1 0 0 0 

JOBS [6] - [19, 0, 11, 8, 7, 18]
TOOL SWITCHES : 11
MAKESPAN : 41

- MACHINE [1]

0 0 0 0 0 0 0 
0 0 1 1 0 1 1 
1 1 0 0 1 0 0 
0 0 0 0 1 0 0 
0 0 1 0 1 0 1 
1 0 0 1 1 0 0 
0 0 0 0 1 1 0 
0 0 1 1 0 0 0 
0 0 0 0 0 1 0 
0 0 0 0 0 0 0 
0 0 1 1 1 1 0 
0 0 0 1 0 1 1 
1 0 0 0 0 0 1 
0 1 0 1 0 1 1 
1 1 0 0 0 0 0 
0 1 0 0 0 0 0 
1 0 0 0 0 0 1 
1 1 1 0 0 0 0 
0 1 1 0 0 0 0 
0 0 0 0 0 0 0 

JOBS [7] - [16, 6, 2, 4, 15, 5, 9]
TOOL SWITCHES : 8
MAKESPAN : 41

- MACHINE [2]

0 1 0 1 0 1 1 
1 0 1 0 0 0 0 
0 0 0 0 1 0 0 
0 0 0 0 0 0 0 
0 1 0 1 0 1 0 
0 0 1 0 0 0 1 
1 0 0 1 0 1 0 
0 0 1 0 1 1 1 
0 0 1 0 1 0 0 
1 1 0 0 0 0 0 
0 0 0 0 0 0 0 
0 0 0 0 0 0 0 
0 0 0 0 0 0 0 
0 0 0 0 0 0 0 
1 0 1 0 0 1 1 
1 0 0 1 1 0 1 
0 0 1 1 0 0 1 
1 1 0 1 1 0 0 
0 1 0 0 1 0 0 
0 1 1 0 0 1 0 

JOBS [7] - [17, 3, 12, 1, 13, 10, 14]
TOOL SWITCHES : 2
MAKESPAN : 42

# -------------------------- #

--- TOTAL TOOL SWITCHES : 21
--- HIGHEST MAKESPAN : 42
--- TOTAL FLOWTIME : 465
--- RUNNING TIME : 1.8769

# -------------------------- #
RUN : 1 - instancias_txt/SSP-NPM-I/ins149_m=3_j=20_t=20_var=9.txt

- MACHINE [0]

0 0 0 1 0 1 
1 0 0 1 1 0 
0 1 0 0 0 0 
1 1 0 0 0 0 
0 0 1 0 0 0 
0 0 0 0 0 0 
0 0 0 0 0 0 
0 0 0 0 1 0 
0 1 1 0 0 0 
1 0 0 1 1 1 
0 0 1 0 1 0 
0 0 0 0 1 1 
1 0 0 0 0 0 
0 0 1 1 0 1 
1 1 1 1 0 0 
0 0 0 0 1 1 
0 1 0 1 0 0 
1 1 0 0 0 0 
1 0 0 0 0 0 
0 0 0 0 0 0 

JOBS [6] - [7, 13, 4, 9, 10, 19]
TOOL SWITCHES : 12
MAKESPAN : 43

- MACHINE [1]

0 1 0 1 1 0 
1 0 0 0 1 0 
0 0 0 0 0 1 
1 0 0 1 0 0 
0 0 0 0 0 0 
0 0 0 0 0 0 
0 0 0 1 0 1 
1 1 1 0 0 0 
1 0 1 0 0 0 
0 0 1 0 0 1 
0 1 0 0 0 0 
1 1 0 0 0 0 
0 0 0 0 0 0 
1 0 0 1 1 1 
0 0 1 0 0 1 
1 1 1 0 0 1 
0 1 1 0 0 0 
0 1 0 0 1 0 
0 0 1 1 1 0 
0 0 0 1 1 0 

JOBS [6] - [5, 17, 0, 1, 2, 12]
TOOL SWITCHES : 9
MAKESPAN : 43

- MACHINE [2]

1 0 0 0 0 0 0 0 
1 1 1 0 0 0 1 1 
0 1 1 1 0 0 0 0 
0 0 0 0 0 0 0 0 
1 1 1 0 1 0 1 0 
0 0 1 1 1 1 0 0 
0 0 0 1 0 1 1 1 
0 1 0 1 0 1 0 0 
0 0 0 0 0 0 0 0 
0 1 1 1 0 1 0 0 
1 0 1 0 0 0 0 0 
0 0 0 0 1 1 1 1 
0 0 0 0 0 0 0 1 
1 1 0 1 0 0 1 0 
0 1 1 0 1 0 0 0 
1 0 0 0 0 0 0 1 
0 0 0 0 0 0 0 0 
0 0 0 1 0 1 1 0 
0 0 0 0 1 0 0 0 
0 0 0 0 1 1 0 0 

JOBS [8] - [16, 3, 6, 8, 14, 18, 11, 15]
TOOL SWITCHES : 4
MAKESPAN : 43

# -------------------------- #

--- TOTAL TOOL SWITCHES : 25
--- HIGHEST MAKESPAN : 43
--- TOTAL FLOWTIME : 464
--- RUNNING TIME : 2.25981

# -------------------------- #
RUN : 1 - instancias_txt/SSP-NPM-I/ins150_m=3_j=20_t=20_var=10.txt

- MACHINE [0]

0 0 0 0 0 0 
0 0 0 0 0 0 
0 0 1 0 0 1 
0 1 0 1 0 0 
0 0 0 0 0 1 
1 1 1 1 0 0 
1 0 0 0 0 1 
0 0 0 0 0 0 
1 1 0 0 0 0 
0 0 0 0 0 0 
0 0 1 0 1 1 
0 0 0 0 1 1 
1 0 1 1 1 1 
0 0 0 1 1 0 
0 0 0 0 0 0 
0 1 1 0 0 0 
0 0 1 1 1 0 
1 1 0 0 0 0 
1 0 0 0 0 0 
1 1 0 1 0 0 

JOBS [6] - [7, 13, 0, 18, 4, 8]
TOOL SWITCHES : 11
MAKESPAN : 43

- MACHINE [1]

0 0 1 1 0 0 1 
0 1 0 0 0 0 0 
1 0 0 1 0 0 0 
0 0 0 0 0 0 0 
0 0 0 0 0 0 0 
0 1 1 0 0 0 0 
0 0 0 0 0 0 0 
0 0 0 0 0 1 1 
0 0 1 0 0 0 0 
0 0 0 0 0 0 0 
1 1 0 0 1 1 0 
1 1 1 1 1 1 0 
0 1 1 0 0 0 0 
0 0 0 0 1 1 1 
0 0 0 1 0 1 1 
0 1 0 0 0 0 0 
0 0 1 1 0 0 1 
1 1 0 0 0 0 0 
1 0 0 0 1 0 0 
0 0 0 0 1 0 1 

JOBS [7] - [3, 12, 17, 1, 14, 15, 19]
TOOL SWITCHES : 6
MAKESPAN : 43

- MACHINE [2]

0 1 0 0 0 0 0 
1 1 0 1 0 0 0 
0 0 0 0 1 0 1 
0 1 1 1 1 0 1 
0 0 1 1 0 0 1 
0 0 0 0 1 0 1 
1 1 0 1 1 1 0 
1 0 0 0 0 0 0 
0 0 1 0 0 1 0 
0 1 0 0 1 0 1 
0 0 1 0 0 1 0 
0 0 0 0 0 0 0 
0 0 0 0 0 0 0 
0 0 0 0 0 1 0 
0 0 0 0 1 0 1 
1 0 1 0 0 0 1 
0 0 0 0 0 0 0 
1 0 0 1 0 1 0 
0 1 1 0 0 0 0 
1 1 1 1 0 1 0 

JOBS [7] - [11, 9, 6, 16, 10, 5, 2]
TOOL SWITCHES : 4
MAKESPAN : 43

# -------------------------- #

--- TOTAL TOOL SWITCHES : 21
--- HIGHEST MAKESPAN : 43
--- TOTAL FLOWTIME : 436
--- RUNNING TIME : 1.97812

# -------------------------- #
RUN : 1 - instancias_txt/SSP-NPM-I/ins151_m=3_j=20_t=20_var=11.txt

- MACHINE [0]

0 0 0 0 0 0 0 0 
1 1 1 1 1 0 0 0 
0 0 0 0 0 0 0 0 
0 0 0 0 0 0 0 1 
1 0 0 0 1 1 0 0 
0 0 0 0 0 0 0 0 
0 0 0 0 1 0 1 1 
1 1 1 0 0 0 1 0 
0 0 0 0 0 0 0 0 
0 0 0 0 0 1 1 0 
0 1 0 0 0 0 1 1 
0 1 1 0 0 0 0 0 
0 0 0 1 1 0 0 0 
0 0 0 1 0 0 0 0 
0 0 0 0 0 0 0 1 
0 0 0 0 0 1 1 1 
1 0 1 1 1 0 0 0 
1 0 0 0 0 1 1 0 
0 1 1 1 1 1 0 1 
0 0 1 1 1 1 0 0 

JOBS [8] - [11, 1, 4, 16, 9, 14, 2, 12]
TOOL SWITCHES : 12
MAKESPAN : 44

- MACHINE [1]

0 1 0 0 1 1 
0 0 0 0 0 0 
1 0 1 1 1 0 
1 0 0 0 1 1 
0 0 1 1 1 0 
0 0 0 0 0 0 
1 1 1 1 0 0 
0 0 1 1 0 1 
0 0 1 0 0 1 
0 1 1 0 0 0 
0 0 0 0 0 0 
0 0 0 0 1 1 
0 0 0 0 0 0 
1 0 0 0 1 0 
0 1 0 1 1 0 
0 0 0 0 0 0 
0 0 0 0 0 0 
0 0 0 1 0 1 
0 0 0 0 0 0 
1 1 0 0 0 0 

JOBS [6] - [17, 8, 3, 0, 15, 10]
TOOL SWITCHES : 3
MAKESPAN : 43

- MACHINE [2]

0 1 1 0 0 1 
0 0 1 0 0 0 
0 0 0 0 0 0 
1 0 0 1 0 0 
0 0 0 0 0 0 
0 0 0 0 1 0 
1 1 0 0 0 0 
0 1 1 1 1 1 
0 0 0 0 1 0 
1 1 1 0 0 0 
1 1 0 1 0 1 
0 0 0 0 0 0 
0 1 1 0 0 0 
0 0 0 1 1 1 
0 0 0 0 0 0 
0 0 0 1 1 1 
0 0 1 1 0 0 
1 0 0 0 0 0 
0 0 0 0 0 0 
1 0 0 1 0 0 

JOBS [6] - [5, 7, 18, 19, 13, 6]
TOOL SWITCHES : 2
MAKESPAN : 41

# -------------------------- #

--- TOTAL TOOL SWITCHES : 17
--- HIGHEST MAKESPAN : 44
--- TOTAL FLOWTIME : 446
--- RUNNING TIME : 1.94963

# -------------------------- #
RUN : 1 - instancias_txt/SSP-NPM-I/ins152_m=3_j=20_t=20_var=12.txt

- MACHINE [0]

1 0 0 0 0 0 
1 1 1 0 0 0 
0 0 0 0 0 0 
1 0 1 1 1 0 
0 1 0 0 0 0 
0 0 0 0 0 0 
0 0 0 0 1 1 
1 0 0 0 0 0 
0 1 1 1 0 0 
1 1 1 0 0 1 
0 0 0 0 0 1 
0 0 0 0 0 1 
1 0 1 1 1 0 
0 1 1 0 1 0 
0 0 1 1 0 0 
0 0 0 0 0 0 
0 0 0 1 1 1 
0 0 0 1 0 1 
0 0 0 0 0 1 
0 0 0 0 1 0 

JOBS [6] - [3, 17, 2, 0, 8, 4]
TOOL SWITCHES : 11
MAKESPAN : 37

- MACHINE [1]

0 0 1 1 1 0 0 
0 0 0 1 0 1 1 
0 0 0 0 0 1 1 
0 0 1 1 0 0 1 
0 1 0 1 1 0 0 
0 0 1 0 1 0 0 
0 0 0 0 0 1 0 
0 1 0 0 0 0 0 
1 1 0 1 0 1 1 
1 0 1 1 0 0 0 
0 0 0 0 0 0 0 
1 1 0 0 0 0 0 
0 0 0 0 1 0 0 
0 0 0 0 0 0 0 
0 0 0 0 0 0 0 
1 0 1 0 0 0 0 
1 0 0 0 1 0 1 
0 0 1 0 0 1 0 
0 1 0 0 0 0 0 
1 1 0 0 0 1 1 

JOBS [7] - [18, 10, 1, 15, 12, 7, 6]
TOOL SWITCHES : 7
MAKESPAN : 37

- MACHINE [2]

1 1 0 1 1 1 0 
0 0 1 1 0 0 1 
0 1 0 0 0 1 1 
0 0 0 0 0 0 1 
0 0 0 1 1 0 0 
0 0 0 0 0 0 0 
1 1 0 0 0 1 0 
0 0 0 1 1 0 0 
1 0 0 0 0 0 0 
0 0 0 0 0 0 0 
0 1 0 0 0 1 1 
0 0 1 0 0 0 0 
0 0 0 0 1 0 0 
1 0 1 1 0 0 0 
0 0 0 0 0 1 0 
0 1 1 1 1 1 1 
0 0 0 0 0 0 0 
0 0 1 0 0 0 1 
1 0 1 0 1 0 0 
0 1 0 0 0 0 1 

JOBS [7] - [9, 11, 14, 19, 13, 5, 16]
TOOL SWITCHES : 4
MAKESPAN : 38

# -------------------------- #

--- TOTAL TOOL SWITCHES : 22
--- HIGHEST MAKESPAN : 38
--- TOTAL FLOWTIME : 360
--- RUNNING TIME : 1.99085

# -------------------------- #
RUN : 1 - instancias_txt/SSP-NPM-I/ins153_m=3_j=20_t=20_var=13.txt

- MACHINE [0]

1 1 0 0 0 
1 0 1 0 0 
0 0 1 1 0 
0 1 1 1 0 
0 1 0 0 0 
0 0 1 1 0 
0 0 0 0 0 
0 0 0 1 0 
0 1 1 1 1 
0 0 0 1 1 
0 1 0 0 0 
1 0 0 0 1 
1 0 1 0 0 
0 1 1 1 0 
1 0 0 0 1 
0 0 0 0 1 
0 0 0 0 1 
0 0 0 0 0 
0 0 0 0 0 
1 0 0 0 0 

JOBS [5] - [6, 2, 15, 12, 0]
TOOL SWITCHES : 13
MAKESPAN : 41

- MACHINE [1]

1 1 0 0 0 0 1 
0 0 0 0 1 0 1 
0 1 0 0 0 0 0 
0 0 1 1 1 1 0 
0 0 0 0 1 0 0 
1 1 0 0 0 0 0 
1 0 0 0 1 1 1 
0 1 1 1 1 0 0 
1 0 0 1 0 0 0 
0 0 0 1 0 1 0 
0 1 0 0 1 1 0 
0 0 0 0 0 0 0 
0 0 0 0 0 0 0 
0 1 1 0 0 1 0 
0 0 0 0 0 0 0 
0 0 0 0 0 0 1 
1 0 1 0 0 0 1 
1 0 0 0 0 0 0 
0 0 1 1 0 0 0 
0 0 0 0 0 1 0 

JOBS [7] - [9, 10, 16, 4, 1, 3, 5]
TOOL SWITCHES : 7
MAKESPAN : 45

- MACHINE [2]

0 0 0 0 0 0 0 0 
0 0 1 1 0 1 1 0 
0 0 1 1 0 0 0 0 
0 0 0 0 0 0 0 0 
0 0 0 0 1 0 1 1 
0 1 0 0 1 1 0 0 
0 0 0 0 0 0 0 0 
0 1 1 0 0 0 1 1 
1 0 1 0 0 0 0 0 
1 1 0 0 1 0 0 0 
0 0 0 0 1 0 1 0 
1 0 0 0 0 0 0 1 
0 0 1 1 0 0 0 1 
0 0 0 0 0 1 1 0 
0 0 0 0 0 0 0 0 
0 1 1 1 1 1 0 1 
1 0 1 0 0 0 0 0 
1 0 0 0 0 1 1 1 
0 1 0 1 0 1 0 0 
1 0 0 1 0 0 1 0 

JOBS [8] - [13, 14, 8, 19, 17, 11, 7, 18]
TOOL SWITCHES : 3
MAKESPAN : 44

# -------------------------- #

--- TOTAL TOOL SWITCHES : 23
--- HIGHEST MAKESPAN : 45
--- TOTAL FLOWTIME : 428
--- RUNNING TIME : 2.56143

# -------------------------- #
RUN : 1 - instancias_txt/SSP-NPM-I/ins154_m=3_j=20_t=20_var=14.txt

- MACHINE [0]

1 0 0 0 0 1 0 
0 0 0 0 0 0 0 
1 0 0 1 0 1 0 
0 0 0 0 0 1 0 
0 1 1 0 0 0 0 
0 0 0 0 1 1 1 
1 1 0 0 0 0 0 
0 0 0 0 1 0 0 
1 1 0 0 0 0 1 
0 0 0 0 0 0 0 
0 0 0 1 0 0 0 
0 1 0 1 1 0 1 
0 0 1 0 0 0 1 
0 0 1 1 1 1 1 
0 0 1 1 0 0 0 
0 0 0 1 1 0 1 
1 1 0 0 0 0 0 
0 0 0 0 0 0 0 
0 0 0 0 0 0 0 
1 0 1 1 1 0 0 

JOBS [7] - [13, 14, 0, 15, 19, 9, 6]
TOOL SWITCHES : 12
MAKESPAN : 42

- MACHINE [1]

0 0 0 0 0 0 
0 0 1 1 0 1 
0 0 0 0 0 0 
1 1 0 0 0 1 
1 1 0 1 1 1 
0 0 1 1 1 1 
0 0 1 0 1 0 
1 1 1 0 0 1 
0 0 0 0 1 0 
1 1 0 0 0 1 
0 0 0 0 0 0 
0 0 1 0 0 0 
1 0 1 0 0 0 
0 1 0 1 1 0 
0 0 0 0 0 0 
0 0 0 1 1 0 
0 0 0 0 0 0 
0 0 0 1 0 0 
0 0 0 0 0 1 
1 0 0 0 0 0 

JOBS [6] - [11, 12, 8, 3, 5, 1]
TOOL SWITCHES : 5
MAKESPAN : 42

- MACHINE [2]

0 0 0 0 0 0 1 
0 0 0 0 0 0 1 
1 0 0 1 1 0 0 
0 0 1 0 0 1 0 
0 0 0 0 0 0 1 
0 0 0 0 0 0 0 
0 0 0 0 0 1 0 
0 0 0 0 0 0 1 
0 1 0 0 0 0 1 
1 1 0 0 1 1 0 
1 1 0 1 0 1 1 
0 0 0 0 0 0 0 
1 0 1 1 1 1 0 
0 0 0 0 0 0 0 
0 0 0 0 1 0 0 
0 1 1 0 0 0 0 
0 1 0 0 1 0 0 
1 0 1 1 0 0 0 
1 0 1 0 1 0 0 
0 1 1 1 0 1 0 

JOBS [7] - [10, 7, 17, 16, 4, 18, 2]
TOOL SWITCHES : 4
MAKESPAN : 39

# -------------------------- #

--- TOTAL TOOL SWITCHES : 21
--- HIGHEST MAKESPAN : 42
--- TOTAL FLOWTIME : 419
--- RUNNING TIME : 2.1388

# -------------------------- #
RUN : 1 - instancias_txt/SSP-NPM-I/ins155_m=3_j=20_t=20_var=15.txt

- MACHINE [0]

0 0 1 0 0 
0 0 0 0 0 
0 1 1 0 1 
0 0 0 0 0 
0 1 0 0 1 
0 0 0 0 0 
0 0 0 1 1 
1 1 0 0 0 
0 0 0 1 0 
0 0 0 0 1 
0 0 0 0 0 
0 0 0 1 1 
1 0 0 0 0 
0 0 0 0 0 
0 1 1 1 1 
0 1 1 0 0 
1 1 1 0 0 
1 0 1 1 0 
0 0 0 0 0 
1 1 0 0 0 

JOBS [5] - [16, 18, 19, 13, 15]
TOOL SWITCHES : 8
MAKESPAN : 40

- MACHINE [1]

0 0 0 0 1 0 0 
1 1 0 0 0 0 0 
0 0 1 0 0 0 0 
0 1 0 1 1 0 1 
0 1 0 0 1 1 1 
1 0 0 1 1 0 0 
0 0 0 0 0 0 0 
0 0 0 0 0 0 0 
0 0 0 0 0 0 1 
0 1 1 1 1 1 1 
0 0 0 0 0 1 1 
0 0 0 0 0 0 0 
1 0 0 0 0 0 0 
1 1 1 0 1 0 1 
0 0 0 0 0 0 0 
1 0 1 0 1 1 0 
0 0 0 0 0 0 0 
1 1 1 1 0 0 0 
0 1 1 1 0 0 0 
0 0 0 0 0 1 0 

JOBS [7] - [7, 1, 12, 10, 14, 17, 8]
TOOL SWITCHES : 5
MAKESPAN : 39

- MACHINE [2]

0 1 1 1 0 0 1 1 
0 1 1 0 1 0 0 1 
0 1 1 1 0 0 0 0 
1 1 0 1 1 0 1 1 
0 1 0 1 0 0 0 0 
0 0 1 0 0 1 0 1 
1 0 0 0 0 0 0 0 
0 0 0 0 0 1 0 0 
1 0 1 0 1 0 0 1 
0 0 0 0 0 0 0 0 
0 0 1 0 1 1 1 0 
0 0 0 0 1 0 0 0 
0 0 0 0 0 0 0 0 
0 0 0 0 0 0 0 0 
1 0 0 1 0 1 0 0 
1 0 0 0 0 1 0 0 
1 1 0 0 1 0 1 1 
1 0 0 1 0 1 0 0 
0 1 0 1 0 0 1 0 
0 0 0 0 1 1 1 0 

JOBS [8] - [6, 2, 9, 5, 11, 0, 4, 3]
TOOL SWITCHES : 4
MAKESPAN : 41

# -------------------------- #

--- TOTAL TOOL SWITCHES : 17
--- HIGHEST MAKESPAN : 41
--- TOTAL FLOWTIME : 418
--- RUNNING TIME : 2.1089

# -------------------------- #
RUN : 1 - instancias_txt/SSP-NPM-I/ins156_m=3_j=20_t=20_var=16.txt

- MACHINE [0]

0 1 0 1 0 
1 1 1 0 0 
0 0 1 1 0 
0 0 0 0 1 
0 0 0 0 0 
0 0 0 0 0 
1 0 0 0 0 
1 0 0 0 0 
0 0 0 0 0 
0 0 0 0 0 
1 1 0 0 0 
0 1 1 1 0 
0 0 0 1 1 
0 0 0 0 0 
0 0 0 0 1 
0 0 1 0 0 
0 0 0 0 1 
0 1 1 0 1 
1 0 1 0 0 
0 0 0 1 1 

JOBS [5] - [7, 4, 16, 12, 6]
TOOL SWITCHES : 8
MAKESPAN : 38

- MACHINE [1]

0 0 1 1 0 
1 0 1 0 0 
0 1 0 0 0 
0 0 1 1 1 
1 1 0 0 0 
0 1 0 1 0 
0 0 1 1 0 
0 0 1 0 0 
1 1 0 0 0 
0 1 0 0 1 
0 0 0 1 1 
0 0 0 0 1 
1 0 0 0 0 
0 0 0 0 0 
0 0 1 0 0 
1 0 0 1 1 
0 0 0 0 0 
0 0 0 1 0 
1 1 0 0 1 
0 0 0 0 0 

JOBS [5] - [1, 10, 2, 18, 3]
TOOL SWITCHES : 7
MAKESPAN : 41

- MACHINE [2]

0 0 1 0 1 0 0 0 1 0 
0 1 0 1 0 1 0 1 1 0 
1 0 0 0 0 0 0 0 0 0 
0 0 0 0 0 0 0 0 0 0 
1 1 1 1 0 0 0 0 0 0 
0 1 0 1 0 0 0 1 1 0 
0 0 0 1 1 0 1 0 0 0 
0 0 0 0 0 0 0 0 0 0 
1 1 0 1 1 0 0 0 0 0 
0 0 0 0 0 1 0 0 1 1 
0 0 0 0 0 1 1 1 1 0 
0 1 0 1 1 0 0 0 1 1 
1 0 0 0 0 0 1 1 0 0 
0 0 0 0 0 0 1 1 0 0 
0 0 0 0 0 1 1 0 0 1 
1 0 1 0 0 0 0 0 0 0 
0 0 1 0 1 0 1 0 0 0 
0 0 1 0 0 1 0 0 0 0 
1 0 0 0 1 1 1 0 0 1 
0 0 1 0 0 0 0 0 0 1 

JOBS [10] - [9, 15, 11, 0, 5, 17, 8, 19, 14, 13]
TOOL SWITCHES : 5
MAKESPAN : 40

# -------------------------- #

--- TOTAL TOOL SWITCHES : 20
--- HIGHEST MAKESPAN : 41
--- TOTAL FLOWTIME : 430
--- RUNNING TIME : 2.69295

# -------------------------- #
RUN : 1 - instancias_txt/SSP-NPM-I/ins157_m=3_j=20_t=20_var=17.txt

- MACHINE [0]

1 0 1 0 1 0 
0 0 1 0 0 1 
0 0 0 1 1 0 
1 0 0 0 0 0 
0 0 0 0 0 0 
0 0 0 0 1 1 
1 1 1 0 1 0 
0 0 0 0 0 0 
1 1 0 1 1 0 
0 0 0 0 0 0 
1 0 0 0 0 1 
0 0 0 0 0 0 
0 0 0 0 0 1 
1 1 1 1 0 0 
0 0 0 1 0 0 
0 1 0 0 0 0 
0 0 0 1 0 1 
0 0 1 1 1 1 
0 1 1 0 0 0 
1 1 0 0 0 0 

JOBS [6] - [18, 9, 6, 15, 7, 1]
TOOL SWITCHES : 12
MAKESPAN : 41

- MACHINE [1]

0 0 0 0 0 0 
0 1 0 0 0 0 
1 0 0 0 1 0 
0 1 0 1 1 1 
1 0 1 1 0 0 
1 0 0 0 0 0 
1 0 0 0 0 1 
0 0 0 0 0 0 
1 0 0 0 0 0 
0 0 0 0 0 1 
1 1 1 0 1 0 
0 0 0 1 0 0 
0 0 1 0 1 1 
0 1 1 1 0 1 
0 0 0 0 1 0 
1 0 1 1 0 0 
0 1 0 0 0 0 
0 0 0 0 0 0 
0 1 1 0 0 1 
0 0 1 0 0 0 

JOBS [6] - [3, 10, 5, 0, 12, 4]
TOOL SWITCHES : 7
MAKESPAN : 41

- MACHINE [2]

0 1 1 0 1 1 0 0 
0 0 0 0 0 0 0 0 
1 0 1 1 0 0 0 1 
0 1 0 0 0 1 0 0 
1 0 1 1 1 1 1 0 
0 0 0 1 1 0 1 1 
0 0 0 0 0 0 0 0 
1 0 0 1 1 0 1 1 
0 1 0 0 1 0 0 0 
0 0 0 1 0 0 1 1 
0 0 0 0 0 0 0 0 
0 0 0 0 0 0 0 0 
0 1 1 0 0 0 0 0 
1 0 0 0 0 0 0 0 
0 0 0 0 0 1 1 0 
0 1 0 0 1 1 0 1 
1 0 1 0 1 1 0 0 
0 1 0 1 0 0 1 0 
0 1 0 0 0 0 0 0 
0 0 1 0 0 0 0 1 

JOBS [8] - [17, 2, 13, 14, 16, 8, 11, 19]
TOOL SWITCHES : 3
MAKESPAN : 41

# -------------------------- #

--- TOTAL TOOL SWITCHES : 22
--- HIGHEST MAKESPAN : 41
--- TOTAL FLOWTIME : 432
--- RUNNING TIME : 2.18113

# -------------------------- #
RUN : 1 - instancias_txt/SSP-NPM-I/ins158_m=3_j=20_t=20_var=18.txt

- MACHINE [0]

0 1 0 0 1 1 1 
0 0 0 0 0 0 0 
0 1 0 0 0 1 0 
0 0 0 0 1 0 0 
1 0 0 0 0 0 0 
0 1 1 1 0 0 0 
0 0 0 0 0 0 1 
0 0 0 0 0 0 0 
0 0 1 1 0 0 0 
1 1 1 0 0 0 0 
0 0 0 0 0 1 1 
1 0 1 1 1 1 0 
1 1 0 0 0 0 1 
0 0 0 1 1 1 1 
0 0 0 0 0 0 0 
1 0 0 0 0 0 1 
0 0 0 0 1 0 0 
0 0 1 1 0 0 1 
0 1 1 1 1 1 0 
0 0 0 0 0 0 0 

JOBS [7] - [17, 7, 16, 5, 11, 2, 15]
TOOL SWITCHES : 12
MAKESPAN : 41

- MACHINE [1]

0 1 1 1 1 0 
1 1 0 0 0 1 
0 0 0 0 0 0 
1 0 0 1 0 0 
0 1 0 0 0 0 
0 0 1 1 0 0 
0 0 0 0 0 0 
0 0 0 1 0 1 
1 0 1 0 0 0 
0 0 0 0 1 1 
1 0 0 1 0 0 
0 0 1 0 0 0 
0 1 0 0 0 1 
0 0 0 0 0 0 
0 0 0 1 0 1 
0 0 0 0 1 1 
0 0 0 0 0 0 
1 0 1 0 1 0 
1 0 0 0 0 0 
1 1 1 0 1 0 

JOBS [6] - [6, 8, 14, 1, 13, 3]
TOOL SWITCHES : 6
MAKESPAN : 42

- MACHINE [2]

0 0 0 0 0 0 1 
1 0 0 0 0 1 0 
0 1 0 0 0 0 0 
0 0 0 0 0 1 0 
0 0 0 0 0 0 0 
0 0 0 0 0 0 0 
1 1 1 1 0 0 0 
0 0 0 0 1 0 0 
1 1 0 1 0 1 0 
0 0 0 0 0 0 0 
0 0 1 1 1 0 1 
0 0 0 0 0 1 1 
0 0 0 0 1 1 0 
0 0 0 0 1 1 0 
0 1 0 0 1 0 1 
1 1 0 1 1 0 0 
1 0 1 1 0 0 0 
1 0 0 0 0 0 0 
1 0 1 1 0 0 1 
0 1 1 0 0 0 1 

JOBS [7] - [4, 18, 19, 0, 10, 12, 9]
TOOL SWITCHES : 4
MAKESPAN : 40

# -------------------------- #

--- TOTAL TOOL SWITCHES : 22
--- HIGHEST MAKESPAN : 42
--- TOTAL FLOWTIME : 419
--- RUNNING TIME : 2.10367

# -------------------------- #
RUN : 1 - instancias_txt/SSP-NPM-I/ins159_m=3_j=20_t=20_var=19.txt

- MACHINE [0]

0 0 0 1 1 
1 0 0 0 0 
0 1 1 1 0 
0 1 1 0 1 
0 0 0 0 0 
1 0 0 0 0 
0 0 0 0 0 
0 0 0 0 0 
1 0 0 0 0 
0 0 0 0 0 
0 0 0 0 0 
0 1 0 0 0 
1 1 1 0 0 
0 0 0 0 0 
1 0 1 1 1 
1 1 0 1 1 
0 1 1 1 0 
0 0 0 0 0 
0 0 0 0 1 
0 0 1 1 0 

JOBS [5] - [8, 15, 7, 19, 1]
TOOL SWITCHES : 6
MAKESPAN : 41

- MACHINE [1]

0 0 0 0 0 1 1 
0 0 1 0 0 0 0 
0 0 0 0 1 0 0 
1 1 0 0 0 0 0 
1 0 1 0 1 0 1 
0 0 0 0 1 0 1 
0 0 0 0 0 0 0 
0 1 0 0 0 0 0 
0 0 1 1 0 0 0 
0 1 0 1 0 0 0 
0 0 0 0 0 1 0 
1 0 0 1 0 1 0 
0 1 0 0 0 0 0 
0 0 0 1 1 1 0 
0 0 1 1 0 1 1 
1 0 1 0 0 0 0 
0 1 1 1 1 0 0 
1 1 0 0 0 1 0 
0 0 0 0 1 0 1 
0 1 0 1 0 0 0 

JOBS [7] - [17, 6, 2, 3, 9, 5, 10]
TOOL SWITCHES : 9
MAKESPAN : 41

- MACHINE [2]

0 1 1 1 1 0 0 1 
0 0 1 0 0 1 0 0 
1 0 0 1 0 1 0 0 
1 0 1 0 0 0 0 1 
0 0 0 0 0 0 0 1 
1 1 0 0 0 0 0 0 
0 0 1 0 0 1 0 1 
1 0 0 1 1 1 0 0 
1 0 1 0 1 0 1 0 
0 0 0 0 0 0 1 0 
0 1 0 1 0 0 0 0 
0 1 1 0 0 0 0 0 
1 1 0 0 0 1 1 0 
0 0 0 1 0 0 0 1 
0 1 0 0 0 0 1 0 
0 0 0 0 0 0 0 0 
0 0 0 1 1 0 1 0 
0 1 0 0 1 1 0 0 
0 0 0 0 1 0 0 0 
0 0 0 0 0 1 1 1 

JOBS [8] - [4, 0, 16, 13, 14, 12, 11, 18]
TOOL SWITCHES : 6
MAKESPAN : 41

# -------------------------- #

--- TOTAL TOOL SWITCHES : 21
--- HIGHEST MAKESPAN : 41
--- TOTAL FLOWTIME : 462
--- RUNNING TIME : 2.20658

# -------------------------- #
RUN : 1 - instancias_txt/SSP-NPM-I/ins160_m=3_j=20_t=20_var=20.txt

- MACHINE [0]

0 0 0 0 1 0 
1 1 1 0 1 0 
1 0 1 0 1 0 
1 0 0 1 1 0 
0 0 0 0 0 0 
0 0 0 0 0 1 
0 0 0 1 0 0 
1 1 0 0 0 0 
0 0 1 0 0 0 
0 0 0 1 0 0 
0 0 0 0 0 0 
1 1 0 0 0 0 
0 0 0 0 0 1 
0 0 0 0 0 1 
0 0 1 0 0 0 
1 1 0 0 0 0 
0 0 1 1 1 0 
0 1 0 0 0 1 
0 1 1 0 0 0 
0 0 0 1 0 1 

JOBS [6] - [16, 4, 5, 1, 14, 11]
TOOL SWITCHES : 13
MAKESPAN : 44

- MACHINE [1]

0 0 0 0 0 0 0 0 
0 0 1 0 0 1 1 1 
0 0 0 0 0 0 0 0 
1 0 0 1 0 0 1 0 
0 1 0 1 1 0 0 0 
0 0 0 0 0 0 0 0 
0 1 0 1 0 0 0 0 
0 0 0 0 1 1 1 0 
0 0 1 1 1 1 0 0 
1 0 0 0 0 0 0 0 
0 1 0 1 1 1 0 0 
0 0 1 0 0 1 0 0 
1 0 1 0 0 1 0 1 
0 0 0 1 0 0 0 0 
1 1 1 0 0 0 0 0 
0 0 0 0 0 0 1 0 
1 0 1 0 0 0 1 1 
0 0 0 0 0 0 1 1 
1 1 0 0 0 0 0 0 
0 0 0 0 1 0 0 1 

JOBS [8] - [10, 9, 3, 0, 19, 7, 17, 18]
TOOL SWITCHES : 7
MAKESPAN : 44

- MACHINE [2]

0 0 1 1 0 0 
0 0 0 0 1 0 
1 0 0 1 1 1 
0 0 0 0 0 0 
1 1 1 0 0 1 
1 0 1 0 0 0 
0 1 1 0 0 0 
1 1 0 1 1 1 
0 0 0 0 0 0 
0 0 1 1 0 1 
0 0 1 0 0 0 
0 0 0 0 0 0 
0 1 0 0 0 0 
0 0 0 0 1 1 
0 0 0 0 0 0 
0 0 0 1 0 1 
1 1 0 0 1 0 
0 0 0 0 0 0 
0 0 0 1 0 0 
1 1 1 0 0 0 

JOBS [6] - [2, 6, 8, 15, 13, 12]
TOOL SWITCHES : 2
MAKESPAN : 43

# -------------------------- #

--- TOTAL TOOL SWITCHES : 22
--- HIGHEST MAKESPAN : 44
--- TOTAL FLOWTIME : 425
--- RUNNING TIME : 2.37559

# -------------------------- #


avg : 42.5
