RUN : 1 - instancias_txt/SSP-NPM-I/ins141_m=3_j=20_t=20_var=1.txt

- MACHINE [0]

0 0 0 0 0 
1 0 0 0 0 
0 0 0 0 0 
0 0 0 0 1 
0 1 1 0 1 
0 0 1 1 1 
0 0 0 1 0 
0 0 0 0 0 
0 0 0 1 0 
0 1 0 1 0 
0 0 1 1 1 
1 1 0 0 0 
1 1 1 0 0 
0 0 1 1 0 
0 1 1 1 0 
1 1 0 0 0 
1 0 0 0 0 
0 0 0 0 1 
1 0 0 0 0 
0 0 0 0 1 

JOBS [5] - [12, 11, 15, 10, 16]
TOOL SWITCHES : 11
MAKESPAN : 47

- MACHINE [1]

0 0 0 0 0 0 
1 0 0 0 0 1 
1 0 1 1 1 0 
0 0 0 0 0 0 
0 0 0 0 0 1 
1 1 1 0 0 0 
1 1 1 0 0 0 
0 0 0 1 1 1 
0 0 0 0 1 1 
0 0 0 0 0 0 
0 1 0 1 0 0 
1 0 1 1 1 0 
0 0 0 1 0 0 
1 1 0 0 1 0 
0 0 0 1 1 1 
0 0 0 0 1 1 
0 1 1 0 0 0 
0 0 0 0 0 0 
1 1 0 0 0 1 
0 0 0 0 0 0 

JOBS [6] - [5, 13, 3, 7, 9, 18]
TOOL SWITCHES : 5
MAKESPAN : 46

- MACHINE [2]

0 1 0 1 1 1 0 1 0 
1 0 0 1 0 0 1 0 0 
1 0 0 1 1 0 0 0 0 
0 0 1 1 0 0 0 0 0 
0 0 0 0 0 0 0 0 0 
0 0 0 0 0 0 0 0 0 
1 1 1 0 0 0 0 0 0 
0 1 0 0 0 0 1 0 0 
0 0 1 1 1 0 0 1 0 
0 0 0 0 0 1 1 1 1 
0 0 0 0 1 0 0 1 1 
0 0 0 0 0 0 0 0 0 
1 0 1 0 0 1 1 0 0 
0 0 0 0 1 0 1 1 0 
1 1 0 0 0 1 0 0 1 
0 0 0 0 0 1 0 0 1 
0 0 0 0 0 0 1 1 0 
0 1 0 1 0 0 0 0 1 
0 1 1 0 0 1 0 0 0 
1 0 0 0 1 0 0 0 0 

JOBS [9] - [0, 2, 6, 4, 14, 1, 8, 17, 19]
TOOL SWITCHES : 4
MAKESPAN : 48

# -------------------------- #

--- TOTAL TOOL SWITCHES : 20
--- HIGHEST MAKESPAN : 48
--- TOTAL FLOWTIME : 500
--- RUNNING TIME : 2.42075

# -------------------------- #
RUN : 1 - instancias_txt/SSP-NPM-I/ins142_m=3_j=20_t=20_var=2.txt

- MACHINE [0]

1 0 1 0 0 0 
1 0 0 0 0 0 
0 0 0 1 1 1 
1 1 1 1 1 0 
0 1 0 1 0 1 
0 0 1 0 0 1 
0 0 0 1 1 1 
1 1 1 0 0 0 
0 0 0 0 0 0 
0 0 0 0 0 0 
1 0 0 0 0 0 
0 0 0 0 1 0 
0 0 0 0 1 1 
1 0 0 0 0 0 
0 0 0 0 0 0 
0 1 0 1 0 0 
0 1 0 0 0 0 
0 0 0 0 0 1 
0 0 0 0 0 0 
0 0 1 1 0 0 

JOBS [6] - [3, 9, 8, 4, 16, 13]
TOOL SWITCHES : 9
MAKESPAN : 41

- MACHINE [1]

0 0 0 0 0 0 
1 0 0 1 0 1 
0 1 0 0 1 0 
0 0 0 0 0 0 
0 0 0 1 0 1 
1 0 1 0 0 0 
0 0 1 1 0 0 
1 1 0 1 1 1 
0 0 0 0 1 0 
1 1 0 0 0 0 
1 0 1 1 0 1 
0 0 0 0 0 0 
0 0 0 0 1 0 
0 0 1 0 1 1 
1 1 1 1 0 0 
0 1 0 0 0 0 
0 1 0 0 1 0 
1 0 0 0 0 0 
0 1 1 1 1 0 
0 0 0 0 0 1 

JOBS [6] - [1, 11, 14, 15, 2, 10]
TOOL SWITCHES : 7
MAKESPAN : 42

- MACHINE [2]

0 1 0 0 1 1 1 0 
0 0 0 0 0 0 0 0 
0 0 0 0 0 0 0 1 
0 0 0 0 0 0 0 0 
0 1 0 0 0 0 0 0 
1 1 1 0 0 0 0 0 
0 0 0 1 0 0 0 0 
1 0 1 0 1 1 0 0 
0 0 0 1 1 0 0 1 
0 1 1 0 0 0 0 0 
0 0 0 0 0 0 0 0 
0 0 0 1 0 1 0 0 
0 0 1 0 0 1 0 0 
1 0 0 1 0 0 1 1 
0 1 0 0 0 0 1 0 
0 0 0 0 0 0 0 0 
0 0 0 0 0 1 1 0 
1 0 1 0 1 1 0 1 
0 1 1 1 1 0 0 1 
1 1 0 0 0 0 1 0 

JOBS [8] - [6, 18, 12, 5, 0, 19, 7, 17]
TOOL SWITCHES : 3
MAKESPAN : 41

# -------------------------- #

--- TOTAL TOOL SWITCHES : 19
--- HIGHEST MAKESPAN : 42
--- TOTAL FLOWTIME : 439
--- RUNNING TIME : 2.28888

# -------------------------- #
RUN : 1 - instancias_txt/SSP-NPM-I/ins143_m=3_j=20_t=20_var=3.txt

- MACHINE [0]

1 1 0 0 0 0 0 
0 1 0 0 0 0 0 
0 0 0 0 1 0 0 
1 1 0 0 0 0 0 
0 0 0 1 1 1 1 
1 1 1 0 1 1 1 
0 0 0 0 0 0 0 
0 1 0 1 0 0 0 
1 0 1 1 1 1 0 
0 0 0 0 0 0 0 
0 0 0 0 0 0 1 
0 0 1 0 0 0 0 
0 0 0 0 0 1 0 
0 0 0 0 1 1 1 
0 0 1 0 0 0 1 
1 0 0 0 0 1 0 
0 0 1 0 0 0 0 
0 0 0 1 1 0 0 
0 0 0 1 0 0 1 
0 1 1 1 0 0 0 

JOBS [7] - [14, 9, 17, 11, 19, 5, 2]
TOOL SWITCHES : 13
MAKESPAN : 42

- MACHINE [1]

0 0 0 0 0 0 
0 0 0 0 0 0 
0 0 0 1 1 0 
1 0 1 1 0 0 
0 0 0 1 1 1 
0 0 0 0 0 0 
1 0 0 0 0 1 
0 0 0 0 1 0 
0 1 1 1 0 1 
0 0 0 0 0 0 
0 1 0 0 0 0 
1 1 0 0 0 0 
0 0 0 0 0 0 
0 0 1 0 0 0 
0 0 0 1 0 0 
1 1 1 0 1 0 
0 1 1 0 1 0 
1 0 1 0 0 0 
0 1 0 0 0 1 
0 0 0 1 1 1 

JOBS [6] - [15, 3, 10, 18, 13, 16]
TOOL SWITCHES : 5
MAKESPAN : 42

- MACHINE [2]

0 0 0 1 1 0 1 
0 0 1 1 0 1 1 
1 1 0 0 0 0 0 
0 0 1 0 0 0 1 
1 1 0 0 0 0 0 
0 1 1 1 0 0 0 
0 0 0 1 0 0 1 
1 0 0 0 0 1 1 
0 0 0 0 0 0 0 
0 1 0 0 1 1 0 
0 0 0 1 0 1 0 
1 0 1 0 0 0 0 
0 0 0 0 0 0 1 
0 0 0 0 0 1 0 
1 0 1 0 1 1 0 
1 0 0 0 0 0 0 
0 0 0 0 1 0 1 
0 0 0 0 0 0 0 
1 1 1 0 0 0 0 
0 0 0 1 1 0 0 

JOBS [7] - [0, 6, 8, 4, 1, 12, 7]
TOOL SWITCHES : 5
MAKESPAN : 38

# -------------------------- #

--- TOTAL TOOL SWITCHES : 23
--- HIGHEST MAKESPAN : 42
--- TOTAL FLOWTIME : 395
--- RUNNING TIME : 2.03714

# -------------------------- #
RUN : 1 - instancias_txt/SSP-NPM-I/ins144_m=3_j=20_t=20_var=4.txt

- MACHINE [0]

1 1 1 0 1 1 
0 0 0 0 0 0 
0 0 0 1 1 1 
1 1 1 0 0 0 
0 0 0 0 0 0 
0 0 0 1 1 0 
0 0 0 0 0 1 
0 0 0 1 1 0 
1 0 0 1 0 1 
1 1 0 0 0 0 
1 0 0 0 0 0 
0 0 0 1 1 0 
0 0 1 0 0 0 
0 0 0 0 0 0 
0 1 1 0 0 0 
0 1 0 0 0 0 
0 0 0 0 0 1 
0 0 1 1 0 1 
0 1 1 0 0 0 
1 1 0 0 0 0 

JOBS [6] - [2, 9, 5, 10, 18, 11]
TOOL SWITCHES : 11
MAKESPAN : 39

- MACHINE [1]

1 0 0 0 0 
0 0 1 0 0 
0 0 0 1 1 
0 0 0 1 1 
0 1 1 0 0 
1 1 1 0 0 
1 0 0 0 0 
0 1 0 0 1 
0 1 1 0 1 
1 1 1 0 0 
0 1 0 0 0 
0 0 0 0 0 
1 0 0 0 0 
1 0 0 1 0 
0 0 1 1 0 
0 0 0 1 1 
0 0 0 0 0 
0 0 1 1 1 
0 0 0 0 0 
1 0 0 0 1 

JOBS [5] - [1, 17, 12, 3, 6]
TOOL SWITCHES : 7
MAKESPAN : 36

- MACHINE [2]

0 1 0 0 0 0 0 0 0 
1 0 0 0 0 1 0 0 1 
0 0 0 0 0 0 1 1 0 
1 0 0 1 0 0 1 1 0 
0 0 0 0 0 0 0 0 0 
0 0 0 0 0 0 0 0 0 
0 1 1 0 0 1 1 0 0 
0 1 1 1 1 0 0 0 0 
0 0 1 1 0 0 0 0 1 
0 0 1 0 0 0 1 1 0 
1 0 1 0 1 1 0 1 0 
0 0 0 0 0 0 0 1 1 
0 0 1 0 0 0 1 0 0 
0 0 0 0 1 1 0 0 1 
0 1 0 0 1 0 1 1 0 
1 1 0 1 0 1 0 0 1 
1 0 0 0 1 1 0 0 0 
0 0 0 0 0 0 0 0 0 
0 0 0 1 0 0 0 1 1 
0 1 1 1 0 0 0 0 0 

JOBS [9] - [0, 7, 4, 8, 15, 14, 16, 13, 19]
TOOL SWITCHES : 4
MAKESPAN : 38

# -------------------------- #

--- TOTAL TOOL SWITCHES : 22
--- HIGHEST MAKESPAN : 39
--- TOTAL FLOWTIME : 398
--- RUNNING TIME : 2.13992

# -------------------------- #
RUN : 1 - instancias_txt/SSP-NPM-I/ins145_m=3_j=20_t=20_var=5.txt

- MACHINE [0]

0 0 0 0 0 0 
0 0 0 1 1 1 
1 0 1 0 0 0 
1 0 0 0 0 0 
1 1 1 0 1 1 
1 1 0 0 0 0 
0 0 0 0 0 0 
0 0 0 1 1 1 
0 0 0 1 0 0 
0 0 1 1 0 1 
0 1 0 0 0 1 
1 0 0 0 0 0 
0 0 0 0 1 0 
0 0 0 0 1 0 
0 0 0 0 0 0 
1 1 1 0 0 0 
0 0 1 1 0 1 
0 0 1 0 0 0 
0 0 0 0 0 0 
0 1 1 1 0 0 

JOBS [6] - [17, 13, 12, 5, 4, 8]
TOOL SWITCHES : 10
MAKESPAN : 43

- MACHINE [1]

0 1 1 0 0 
0 0 0 1 0 
1 1 0 0 0 
0 0 0 1 1 
0 0 0 0 0 
1 0 0 0 0 
0 1 0 1 1 
0 1 1 0 0 
1 1 0 0 0 
0 0 0 0 1 
0 0 0 1 1 
0 0 0 0 0 
0 0 0 0 0 
1 0 1 0 0 
0 0 1 0 1 
0 0 0 1 1 
1 0 0 0 0 
0 0 1 0 0 
1 0 0 1 0 
0 0 1 0 1 

JOBS [5] - [6, 10, 2, 15, 1]
TOOL SWITCHES : 7
MAKESPAN : 46

- MACHINE [2]

1 0 1 0 0 0 1 0 0 
0 1 0 0 1 0 0 0 0 
1 0 0 0 1 0 1 0 0 
0 0 0 0 0 0 0 0 0 
0 1 0 1 0 0 1 0 0 
0 0 1 0 0 1 0 0 1 
0 0 0 0 0 0 0 0 0 
1 0 1 0 0 0 0 0 0 
1 1 0 0 0 0 0 0 0 
0 1 1 1 1 0 1 1 0 
1 0 0 1 0 1 0 1 1 
1 1 0 0 1 1 0 0 1 
0 1 0 0 1 1 0 1 1 
1 0 0 0 0 1 1 1 0 
0 0 0 0 0 0 0 0 0 
0 0 0 1 1 1 0 1 0 
0 0 0 0 0 1 0 0 0 
0 0 1 0 0 0 0 1 1 
0 1 1 1 1 0 1 0 1 
0 0 0 0 0 0 0 0 0 

JOBS [9] - [0, 3, 7, 11, 9, 18, 19, 14, 16]
TOOL SWITCHES : 3
MAKESPAN : 46

# -------------------------- #

--- TOTAL TOOL SWITCHES : 20
--- HIGHEST MAKESPAN : 46
--- TOTAL FLOWTIME : 473
--- RUNNING TIME : 2.27014

# -------------------------- #
RUN : 1 - instancias_txt/SSP-NPM-I/ins146_m=3_j=20_t=20_var=6.txt

- MACHINE [0]

0 0 0 1 0 
0 0 0 0 1 
0 0 0 0 0 
1 1 1 1 1 
0 1 1 0 0 
0 0 0 0 1 
1 1 0 0 0 
0 0 0 0 0 
0 0 0 0 1 
1 0 0 0 0 
0 0 1 0 0 
0 0 0 0 0 
0 1 0 0 0 
0 0 0 1 0 
0 0 0 0 0 
0 0 0 0 0 
1 1 1 1 1 
1 1 1 1 0 
1 1 0 1 0 
0 0 0 0 1 

JOBS [5] - [19, 8, 6, 13, 0]
TOOL SWITCHES : 8
MAKESPAN : 46

- MACHINE [1]

0 0 0 1 1 1 0 
0 0 0 0 1 0 1 
0 0 0 1 0 1 0 
0 0 0 0 0 0 0 
1 0 0 0 1 0 0 
0 1 1 1 1 1 1 
0 0 0 0 0 1 1 
0 0 0 0 0 0 0 
0 1 1 1 0 1 0 
0 0 0 0 0 0 0 
1 1 1 0 0 0 1 
0 0 0 0 0 0 1 
1 0 1 0 1 0 1 
0 0 0 0 0 0 0 
1 1 1 0 0 0 0 
0 0 0 0 1 0 0 
0 0 0 1 0 0 0 
0 0 0 0 0 1 0 
1 1 0 0 0 0 0 
1 0 1 1 0 1 1 

JOBS [7] - [2, 10, 14, 9, 17, 16, 3]
TOOL SWITCHES : 6
MAKESPAN : 47

- MACHINE [2]

0 0 0 0 0 0 0 0 
0 0 0 0 0 0 0 0 
1 0 1 0 1 1 0 1 
1 1 0 0 0 0 0 0 
0 0 0 0 0 0 0 0 
1 0 1 0 1 1 1 0 
0 1 0 1 0 0 0 0 
0 1 0 1 1 0 0 0 
1 0 0 0 1 0 1 0 
0 0 1 0 0 0 1 0 
0 0 1 0 0 1 1 0 
0 0 1 1 0 0 0 0 
0 0 0 1 1 0 0 1 
1 0 1 0 0 0 0 0 
1 0 0 1 1 1 0 1 
0 1 0 0 0 1 1 1 
0 1 0 0 1 0 0 0 
0 0 0 0 0 0 0 0 
0 0 0 0 0 0 0 0 
0 0 1 0 0 1 1 1 

JOBS [8] - [15, 11, 18, 4, 12, 7, 1, 5]
TOOL SWITCHES : 2
MAKESPAN : 45

# -------------------------- #

--- TOTAL TOOL SWITCHES : 16
--- HIGHEST MAKESPAN : 47
--- TOTAL FLOWTIME : 476
--- RUNNING TIME : 2.64341

# -------------------------- #
RUN : 1 - instancias_txt/SSP-NPM-I/ins147_m=3_j=20_t=20_var=7.txt

- MACHINE [0]

0 0 0 0 0 1 
0 0 0 1 0 0 
1 0 0 0 0 0 
0 0 0 0 0 0 
0 0 0 0 0 0 
1 1 1 0 0 0 
0 0 0 0 0 0 
0 0 0 0 1 1 
0 0 0 0 0 1 
0 0 0 0 0 0 
0 0 1 0 0 0 
0 1 1 0 0 0 
1 0 0 0 0 0 
0 0 0 1 1 1 
0 0 0 0 1 0 
0 1 0 1 0 1 
0 1 1 1 1 0 
1 1 1 1 1 0 
1 0 0 1 1 0 
1 0 1 0 0 0 

JOBS [6] - [19, 14, 8, 17, 9, 13]
TOOL SWITCHES : 10
MAKESPAN : 39

- MACHINE [1]

1 0 1 0 1 1 0 
0 1 1 1 1 0 0 
0 0 0 0 0 0 1 
0 0 0 1 0 1 0 
0 0 0 0 0 0 0 
0 1 0 0 1 0 1 
1 0 0 1 0 0 0 
0 0 0 0 0 0 0 
0 0 0 0 0 0 0 
0 0 0 0 0 1 1 
1 1 0 0 0 0 0 
0 0 0 0 0 0 0 
0 1 0 1 0 0 1 
0 0 1 1 0 0 1 
0 0 1 1 1 1 0 
1 0 1 0 0 0 0 
1 1 0 1 0 0 0 
1 0 1 0 0 1 0 
0 0 0 0 1 0 1 
0 0 0 0 0 0 0 

JOBS [7] - [18, 12, 7, 11, 2, 5, 6]
TOOL SWITCHES : 5
MAKESPAN : 40

- MACHINE [2]

0 0 0 0 0 1 0 
0 0 0 0 0 0 0 
0 1 0 0 1 0 0 
0 1 0 0 0 1 0 
1 1 0 0 1 1 0 
0 0 1 0 0 0 1 
0 0 0 0 1 0 0 
0 1 1 0 0 0 0 
0 0 1 1 0 0 0 
1 0 0 1 0 0 1 
1 1 0 1 0 0 0 
1 0 1 0 1 1 1 
0 0 0 0 0 0 0 
0 0 0 0 0 0 0 
0 0 0 1 0 0 1 
0 0 0 1 0 0 0 
1 0 0 1 1 0 0 
0 0 0 0 0 0 0 
0 0 0 1 0 1 1 
1 1 1 0 0 0 0 

JOBS [7] - [1, 10, 4, 15, 16, 0, 3]
TOOL SWITCHES : 3
MAKESPAN : 40

# -------------------------- #

--- TOTAL TOOL SWITCHES : 18
--- HIGHEST MAKESPAN : 40
--- TOTAL FLOWTIME : 408
--- RUNNING TIME : 2.09658

# -------------------------- #
RUN : 1 - instancias_txt/SSP-NPM-I/ins148_m=3_j=20_t=20_var=8.txt

- MACHINE [0]

0 0 1 1 0 0 
0 0 0 0 0 0 
0 1 0 0 0 0 
0 0 0 0 1 1 
0 0 1 1 1 0 
0 0 0 0 0 0 
0 0 0 1 1 0 
0 0 0 1 1 1 
0 0 0 0 0 0 
1 0 1 0 0 0 
1 0 0 0 0 1 
0 0 0 0 0 0 
1 0 0 0 0 0 
1 1 0 0 0 0 
1 1 0 1 1 0 
1 1 0 0 1 1 
0 0 0 0 0 0 
0 1 1 0 0 1 
0 1 1 0 0 0 
0 0 1 1 0 1 

JOBS [6] - [7, 6, 3, 10, 19, 0]
TOOL SWITCHES : 11
MAKESPAN : 41

- MACHINE [1]

1 0 0 0 0 0 0 
1 1 1 1 1 0 1 
0 0 0 0 0 1 0 
0 0 0 0 0 1 0 
0 0 0 0 0 1 1 
0 0 1 1 0 1 0 
0 1 0 0 1 1 0 
0 0 1 1 0 0 0 
0 1 1 0 1 0 0 
0 0 0 0 0 0 0 
1 0 0 1 1 1 0 
0 0 0 1 1 0 1 
0 0 0 0 0 0 1 
0 1 0 1 1 0 1 
0 0 1 0 0 0 0 
0 0 0 0 0 0 0 
0 1 1 0 0 0 1 
1 0 0 0 0 0 0 
0 0 0 0 0 0 0 
1 0 1 0 0 0 0 

JOBS [7] - [11, 8, 12, 4, 5, 15, 9]
TOOL SWITCHES : 7
MAKESPAN : 41

- MACHINE [2]

0 1 0 1 0 0 0 
1 0 0 0 0 1 0 
0 0 1 0 1 0 1 
0 0 0 0 0 0 0 
0 0 0 1 0 1 0 
0 1 0 0 0 0 1 
1 0 0 1 0 0 0 
0 1 1 0 0 1 0 
0 0 1 0 1 0 0 
1 0 0 0 0 0 0 
0 0 0 0 1 1 0 
0 0 0 0 0 0 0 
0 0 0 0 1 0 1 
0 0 0 0 0 0 0 
1 1 0 0 1 0 1 
1 1 1 1 0 0 0 
0 1 0 1 0 0 1 
1 0 1 1 0 1 1 
0 0 1 0 0 1 0 
0 0 0 0 0 0 0 

JOBS [7] - [17, 14, 13, 1, 18, 2, 16]
TOOL SWITCHES : 3
MAKESPAN : 37

# -------------------------- #

--- TOTAL TOOL SWITCHES : 21
--- HIGHEST MAKESPAN : 41
--- TOTAL FLOWTIME : 441
--- RUNNING TIME : 1.99454

# -------------------------- #
RUN : 1 - instancias_txt/SSP-NPM-I/ins149_m=3_j=20_t=20_var=9.txt

- MACHINE [0]

0 1 0 0 0 
0 0 1 1 0 
1 0 0 0 1 
0 0 0 1 1 
0 0 0 0 0 
1 0 0 0 0 
1 0 1 0 0 
1 0 0 0 0 
0 0 0 0 1 
1 1 0 1 0 
0 0 0 0 0 
0 1 1 0 0 
0 0 1 1 0 
1 1 0 0 0 
0 0 0 1 1 
0 1 1 0 0 
0 0 0 0 1 
1 0 0 1 1 
0 0 0 1 0 
0 0 0 0 0 

JOBS [5] - [8, 19, 15, 7, 13]
TOOL SWITCHES : 11
MAKESPAN : 41

- MACHINE [1]

1 1 0 1 0 0 
0 1 1 0 0 0 
0 0 0 0 0 0 
1 0 1 0 0 0 
0 0 0 0 1 0 
0 0 0 0 0 0 
1 0 0 0 0 0 
0 0 1 1 0 1 
0 0 1 0 1 1 
0 0 0 0 0 1 
0 0 0 1 1 0 
0 0 1 1 0 0 
0 0 0 0 0 0 
1 1 1 0 1 0 
0 0 0 0 1 1 
0 0 1 1 0 1 
0 0 0 1 0 1 
0 1 0 1 0 0 
1 1 0 0 0 1 
1 1 0 0 0 0 

JOBS [6] - [1, 2, 5, 17, 4, 0]
TOOL SWITCHES : 7
MAKESPAN : 41

- MACHINE [2]

0 1 0 0 0 1 0 0 0 
0 1 1 0 1 1 1 1 0 
0 0 0 1 1 0 0 1 0 
0 0 0 0 0 0 0 0 0 
0 0 1 0 1 1 0 1 1 
1 0 0 0 0 0 0 1 1 
1 0 1 1 0 0 0 0 0 
1 0 0 0 1 0 1 0 0 
0 0 0 0 0 0 0 0 0 
1 1 0 1 1 0 1 1 0 
0 0 0 0 0 1 1 1 0 
1 0 1 0 0 0 1 0 1 
0 0 0 0 0 0 0 0 0 
0 1 1 1 1 1 0 0 0 
0 1 0 1 1 0 0 1 1 
0 0 0 1 0 1 1 0 0 
0 1 0 0 0 0 0 0 0 
1 0 1 0 0 0 0 0 0 
0 0 0 0 0 0 0 0 1 
1 0 0 0 0 0 0 0 1 

JOBS [9] - [18, 9, 11, 12, 3, 16, 10, 6, 14]
TOOL SWITCHES : 4
MAKESPAN : 41

# -------------------------- #

--- TOTAL TOOL SWITCHES : 22
--- HIGHEST MAKESPAN : 41
--- TOTAL FLOWTIME : 413
--- RUNNING TIME : 2.3852

# -------------------------- #
RUN : 1 - instancias_txt/SSP-NPM-I/ins150_m=3_j=20_t=20_var=10.txt

- MACHINE [0]

0 0 0 0 0 0 
0 0 0 0 0 0 
0 1 0 0 0 1 
0 0 1 1 0 0 
0 0 0 0 0 1 
0 1 1 1 1 0 
0 0 0 0 1 1 
0 0 0 0 0 0 
0 0 0 1 1 0 
0 0 0 0 0 0 
1 1 0 0 0 1 
1 0 0 0 0 1 
1 1 1 0 1 1 
1 0 1 0 0 0 
0 0 0 0 0 0 
0 1 0 1 0 0 
1 1 1 0 0 0 
0 0 0 1 1 0 
0 0 0 0 1 0 
0 0 1 1 1 0 

JOBS [6] - [4, 0, 18, 13, 7, 8]
TOOL SWITCHES : 11
MAKESPAN : 43

- MACHINE [1]

1 1 0 0 1 0 0 
0 0 0 0 0 1 0 
0 1 0 0 0 0 1 
0 0 0 0 0 0 0 
0 0 0 0 0 0 0 
0 0 0 0 1 1 0 
0 0 0 0 0 0 0 
1 0 1 0 0 0 0 
0 0 0 0 1 0 0 
0 0 0 0 0 0 0 
0 0 1 1 0 1 1 
0 1 1 1 1 1 1 
0 0 0 0 1 1 0 
1 0 1 1 0 0 0 
1 1 1 0 0 0 0 
0 0 0 0 0 1 0 
1 1 0 0 1 0 0 
0 0 0 0 0 1 1 
0 0 0 1 0 0 1 
1 0 0 1 0 0 0 

JOBS [7] - [19, 1, 15, 14, 17, 12, 3]
TOOL SWITCHES : 6
MAKESPAN : 43

- MACHINE [2]

0 0 0 1 0 0 0 
1 1 0 1 0 0 0 
0 0 1 0 0 0 1 
1 0 1 1 1 0 1 
1 0 0 0 1 0 1 
0 0 1 0 0 0 1 
1 1 1 1 0 1 0 
0 1 0 0 0 0 0 
0 0 0 0 1 1 0 
0 0 1 1 0 0 1 
0 0 0 0 1 1 0 
0 0 0 0 0 0 0 
0 0 0 0 0 0 0 
0 0 0 0 0 1 0 
0 0 1 0 0 0 1 
0 1 0 0 1 0 1 
0 0 0 0 0 0 0 
1 1 0 0 0 1 0 
0 0 0 1 1 0 0 
1 1 0 1 1 1 0 

JOBS [7] - [16, 11, 10, 9, 6, 5, 2]
TOOL SWITCHES : 4
MAKESPAN : 43

# -------------------------- #

--- TOTAL TOOL SWITCHES : 21
--- HIGHEST MAKESPAN : 43
--- TOTAL FLOWTIME : 432
--- RUNNING TIME : 2.15346

# -------------------------- #
RUN : 1 - instancias_txt/SSP-NPM-I/ins151_m=3_j=20_t=20_var=11.txt

- MACHINE [0]

0 0 0 0 0 0 1 
1 1 1 1 1 0 0 
0 0 0 0 0 0 0 
0 0 0 0 0 0 1 
1 0 0 1 0 0 0 
0 0 0 0 0 0 0 
1 0 0 0 0 1 0 
0 0 1 1 1 1 1 
0 0 0 0 0 0 1 
0 0 0 0 0 1 0 
0 0 0 0 1 1 0 
0 0 1 0 1 0 1 
1 1 0 0 0 0 0 
0 1 0 0 0 0 0 
0 0 0 0 0 0 0 
0 0 0 0 0 1 0 
1 1 1 1 0 0 0 
0 0 0 1 0 1 1 
1 1 1 0 1 0 0 
1 1 1 0 0 0 0 

JOBS [7] - [9, 16, 4, 11, 1, 2, 10]
TOOL SWITCHES : 11
MAKESPAN : 43

- MACHINE [1]

0 0 0 0 0 1 
0 0 0 0 0 0 
0 1 1 0 0 0 
1 0 0 0 0 0 
0 1 1 1 0 0 
0 0 0 0 1 0 
1 1 1 0 0 0 
0 1 1 0 1 1 
0 1 0 0 1 0 
1 1 0 1 0 0 
1 0 0 0 0 1 
0 0 0 0 0 0 
0 0 0 0 0 0 
0 0 0 0 1 1 
0 0 1 0 0 0 
0 0 0 1 1 1 
0 0 0 0 0 0 
1 0 1 1 0 0 
0 0 0 1 0 0 
1 0 0 1 0 0 

JOBS [6] - [5, 3, 0, 14, 13, 6]
TOOL SWITCHES : 6
MAKESPAN : 43

- MACHINE [2]

0 1 0 1 1 0 1 
0 0 0 0 1 0 0 
1 0 0 0 0 0 1 
1 0 1 0 0 1 1 
0 0 0 0 0 0 1 
0 0 0 0 0 0 0 
1 1 0 1 0 1 0 
0 1 1 0 1 0 0 
0 0 0 0 0 0 0 
0 1 0 1 1 0 0 
0 1 1 0 0 1 0 
0 0 0 0 0 0 1 
0 1 0 0 1 0 0 
1 0 1 0 0 0 1 
0 0 0 1 0 1 1 
0 0 1 0 0 1 0 
0 0 1 0 1 0 0 
0 0 0 0 0 0 0 
0 0 0 0 0 1 0 
1 0 1 1 0 0 0 

JOBS [7] - [17, 7, 19, 8, 18, 12, 15]
TOOL SWITCHES : 4
MAKESPAN : 43

# -------------------------- #

--- TOTAL TOOL SWITCHES : 21
--- HIGHEST MAKESPAN : 43
--- TOTAL FLOWTIME : 402
--- RUNNING TIME : 2.43615

# -------------------------- #
RUN : 1 - instancias_txt/SSP-NPM-I/ins152_m=3_j=20_t=20_var=12.txt

- MACHINE [0]

0 1 0 0 0 0 
0 1 1 1 0 0 
0 0 0 0 0 0 
1 1 0 1 1 0 
0 0 1 0 0 0 
0 0 0 0 0 0 
1 0 0 0 0 1 
0 1 0 0 0 0 
0 0 1 1 1 0 
0 1 1 1 0 1 
0 0 0 0 0 1 
0 0 0 0 0 1 
1 1 0 1 1 0 
1 0 1 1 0 0 
0 0 0 1 1 0 
0 0 0 0 0 0 
1 0 0 0 1 1 
0 0 0 0 1 1 
0 0 0 0 0 1 
1 0 0 0 0 0 

JOBS [6] - [8, 3, 17, 2, 0, 4]
TOOL SWITCHES : 12
MAKESPAN : 39

- MACHINE [1]

0 0 1 0 0 1 0 
1 0 1 0 1 0 1 
0 0 0 0 1 0 1 
0 0 1 0 1 1 0 
0 1 1 0 0 0 0 
0 0 0 0 0 1 0 
0 0 0 0 0 0 1 
0 1 0 0 0 0 0 
0 1 1 1 1 0 1 
0 0 1 1 0 1 0 
0 0 0 0 0 0 0 
1 1 0 1 0 0 0 
0 0 0 0 0 0 0 
1 0 0 0 0 0 0 
0 0 0 0 0 0 0 
1 0 0 1 0 1 0 
0 0 0 1 1 0 0 
1 0 0 0 0 1 1 
1 1 0 0 0 0 0 
0 1 0 1 1 0 1 

JOBS [7] - [14, 10, 15, 18, 6, 1, 7]
TOOL SWITCHES : 7
MAKESPAN : 37

- MACHINE [2]

0 1 1 1 1 1 1 
1 0 0 0 0 1 0 
1 1 0 0 0 0 1 
1 0 0 0 0 0 0 
0 0 0 1 1 1 0 
0 0 0 1 0 0 0 
0 1 1 0 0 0 1 
0 0 0 0 1 1 0 
0 0 1 0 0 0 0 
0 0 0 0 0 0 0 
1 1 0 0 0 0 1 
0 0 0 0 0 0 0 
0 0 0 1 1 0 0 
0 0 1 0 0 1 0 
0 1 0 0 0 0 0 
1 1 0 0 1 1 1 
0 0 0 1 0 0 0 
1 0 0 0 0 0 0 
0 0 1 0 1 0 0 
1 0 0 0 0 0 1 

JOBS [7] - [16, 5, 9, 12, 13, 19, 11]
TOOL SWITCHES : 5
MAKESPAN : 38

# -------------------------- #

--- TOTAL TOOL SWITCHES : 24
--- HIGHEST MAKESPAN : 39
--- TOTAL FLOWTIME : 424
--- RUNNING TIME : 1.76704

# -------------------------- #
RUN : 1 - instancias_txt/SSP-NPM-I/ins153_m=3_j=20_t=20_var=13.txt

- MACHINE [0]

0 0 1 1 0 0 
0 0 0 0 0 1 
0 0 0 1 1 1 
0 0 1 0 1 1 
0 1 1 0 0 0 
0 1 0 1 1 1 
0 0 0 0 0 0 
0 0 0 1 1 0 
1 0 1 0 1 1 
1 1 0 0 1 0 
0 1 1 1 0 0 
1 0 0 0 0 0 
0 0 0 0 0 1 
0 0 1 1 1 1 
1 0 0 0 0 0 
1 1 0 0 0 0 
1 0 0 0 0 0 
0 0 0 0 0 0 
0 0 0 0 0 0 
0 0 0 0 0 0 

JOBS [6] - [0, 17, 2, 10, 12, 15]
TOOL SWITCHES : 11
MAKESPAN : 44

- MACHINE [1]

0 0 0 1 1 1 0 
0 0 0 0 1 1 1 
0 0 0 0 0 0 1 
1 1 0 0 0 0 0 
0 0 0 0 0 0 0 
0 0 0 1 0 0 0 
0 0 0 1 0 1 0 
1 1 0 0 0 0 1 
0 1 1 1 0 0 1 
0 1 1 0 0 0 0 
0 0 0 0 0 0 0 
0 0 1 0 1 0 0 
0 0 0 0 1 0 1 
1 0 0 0 0 0 0 
0 0 0 0 1 0 0 
0 0 0 0 0 1 1 
1 0 1 1 0 1 1 
0 0 1 1 0 0 0 
1 1 0 0 0 0 0 
0 0 1 0 1 0 0 

JOBS [7] - [16, 4, 13, 9, 6, 5, 8]
TOOL SWITCHES : 8
MAKESPAN : 45

- MACHINE [2]

0 0 0 0 0 0 0 
1 1 0 0 1 0 1 
0 0 0 0 0 0 1 
1 0 0 1 0 0 0 
1 1 1 0 0 0 0 
0 0 0 0 1 1 0 
1 0 0 1 0 0 0 
1 1 1 0 0 1 0 
0 0 0 0 0 0 0 
0 0 0 1 0 1 0 
1 1 0 1 0 0 0 
0 0 1 0 0 0 0 
0 0 1 0 0 0 1 
0 1 0 1 1 0 0 
0 0 0 0 0 0 0 
0 0 1 0 1 1 1 
0 0 0 0 0 0 0 
0 1 1 0 1 0 0 
0 0 0 0 1 1 1 
0 1 0 1 0 0 1 

JOBS [7] - [1, 7, 18, 3, 11, 14, 19]
TOOL SWITCHES : 3
MAKESPAN : 43

# -------------------------- #

--- TOTAL TOOL SWITCHES : 22
--- HIGHEST MAKESPAN : 45
--- TOTAL FLOWTIME : 490
--- RUNNING TIME : 2.15542

# -------------------------- #
RUN : 1 - instancias_txt/SSP-NPM-I/ins154_m=3_j=20_t=20_var=14.txt

- MACHINE [0]

0 0 0 1 0 0 
1 0 0 0 0 0 
0 0 0 1 1 0 
1 1 0 1 0 0 
1 1 1 0 0 0 
1 0 0 1 0 1 
0 0 0 0 0 0 
1 1 0 0 0 1 
0 0 0 0 0 0 
1 1 0 0 0 0 
0 0 0 0 1 0 
0 0 0 0 1 1 
0 1 1 0 0 0 
0 0 1 1 1 1 
0 0 1 0 1 0 
0 0 0 0 1 1 
0 0 0 0 0 0 
0 0 0 0 0 0 
1 0 0 0 0 0 
0 1 1 0 1 1 

JOBS [6] - [1, 11, 0, 9, 15, 19]
TOOL SWITCHES : 11
MAKESPAN : 43

- MACHINE [1]

0 1 0 0 0 0 
1 1 1 0 0 0 
0 0 0 0 0 0 
0 0 0 0 0 0 
0 1 1 0 1 1 
1 0 1 1 0 1 
1 0 0 0 1 1 
1 1 0 0 0 0 
0 1 0 1 1 1 
0 0 0 0 0 0 
0 1 0 0 0 0 
1 0 0 1 1 0 
1 0 0 1 0 0 
0 0 1 1 0 1 
0 0 0 0 0 0 
0 0 1 1 0 1 
0 0 0 0 1 0 
0 0 1 0 0 0 
0 0 0 0 0 0 
0 0 0 0 0 0 

JOBS [6] - [8, 2, 3, 6, 14, 5]
TOOL SWITCHES : 4
MAKESPAN : 43

- MACHINE [2]

1 0 0 0 0 0 0 0 
0 0 0 0 0 0 0 0 
1 0 1 1 1 0 0 0 
0 0 0 0 0 1 1 1 
0 0 0 0 0 1 0 0 
0 0 0 0 0 0 0 0 
1 0 0 0 0 0 0 1 
0 0 0 0 0 1 0 0 
1 1 0 0 0 0 0 0 
0 1 1 0 1 1 0 1 
0 1 0 1 1 0 0 1 
0 0 0 0 0 0 0 0 
0 0 1 1 1 0 1 1 
0 0 0 0 0 1 0 0 
0 0 1 0 0 0 0 0 
0 1 0 0 0 0 1 0 
1 1 1 0 0 0 0 0 
0 0 0 1 1 0 1 0 
0 0 1 0 1 0 1 0 
1 1 0 1 0 0 1 1 

JOBS [8] - [13, 7, 4, 16, 10, 12, 17, 18]
TOOL SWITCHES : 4
MAKESPAN : 42

# -------------------------- #

--- TOTAL TOOL SWITCHES : 19
--- HIGHEST MAKESPAN : 43
--- TOTAL FLOWTIME : 455
--- RUNNING TIME : 1.99877

# -------------------------- #
RUN : 1 - instancias_txt/SSP-NPM-I/ins155_m=3_j=20_t=20_var=15.txt

- MACHINE [0]

0 0 0 0 0 0 
0 1 0 1 0 0 
0 0 0 0 1 0 
0 0 1 1 0 0 
0 0 0 1 1 0 
0 1 1 0 0 0 
0 0 0 0 1 1 
1 0 0 0 0 0 
0 0 0 0 0 1 
0 0 1 1 1 0 
0 0 0 0 0 0 
0 0 0 0 1 1 
1 1 0 0 0 0 
0 1 0 1 0 0 
0 0 0 0 1 1 
0 1 0 0 0 0 
1 0 0 0 0 0 
1 1 1 1 0 1 
0 0 1 1 0 0 
1 0 0 0 0 0 

JOBS [6] - [16, 7, 10, 1, 15, 13]
TOOL SWITCHES : 11
MAKESPAN : 40

- MACHINE [1]

1 0 0 1 0 0 
0 1 0 0 0 0 
0 0 0 0 0 1 
1 1 1 1 0 0 
0 0 1 1 1 0 
0 0 0 1 0 0 
0 0 0 0 0 0 
0 0 0 0 0 0 
0 1 1 0 0 0 
0 0 1 1 1 1 
1 1 1 0 1 0 
0 1 0 0 0 0 
0 0 0 0 0 0 
0 0 1 1 0 1 
0 0 0 0 0 0 
0 0 0 1 1 1 
1 1 0 0 0 0 
0 0 0 0 0 1 
1 0 0 0 0 1 
1 1 0 0 1 0 

JOBS [6] - [4, 11, 8, 14, 17, 12]
TOOL SWITCHES : 6
MAKESPAN : 40

- MACHINE [2]

1 0 1 1 1 1 0 0 
0 0 1 1 1 0 0 0 
1 0 1 0 1 1 0 1 
0 0 0 1 1 1 1 0 
0 0 0 0 1 1 0 1 
0 1 1 1 0 0 0 0 
0 0 0 0 0 0 1 0 
0 1 0 0 0 0 0 1 
0 0 1 1 0 0 1 0 
0 0 0 0 0 0 0 0 
0 1 1 0 0 0 0 0 
0 0 0 0 0 0 0 0 
0 0 0 0 0 0 0 0 
0 0 0 0 0 0 0 0 
1 1 0 0 0 1 1 1 
1 1 0 0 0 0 1 1 
1 0 0 1 1 0 1 1 
1 1 0 0 0 1 1 0 
0 0 0 0 1 1 0 0 
0 1 0 0 0 0 0 1 

JOBS [8] - [19, 0, 9, 3, 2, 5, 6, 18]
TOOL SWITCHES : 3
MAKESPAN : 38

# -------------------------- #

--- TOTAL TOOL SWITCHES : 20
--- HIGHEST MAKESPAN : 40
--- TOTAL FLOWTIME : 359
--- RUNNING TIME : 2.17964

# -------------------------- #
RUN : 1 - instancias_txt/SSP-NPM-I/ins156_m=3_j=20_t=20_var=16.txt

- MACHINE [0]

0 0 0 1 1 
0 0 1 1 0 
0 0 0 0 0 
1 0 0 1 1 
0 0 0 0 0 
0 0 0 0 1 
0 1 1 1 1 
0 0 1 1 0 
0 0 0 0 0 
0 0 0 0 0 
0 1 1 0 1 
0 0 0 0 0 
1 1 0 0 0 
0 1 0 0 0 
1 1 0 1 0 
0 0 0 0 1 
1 1 0 0 0 
1 0 0 0 1 
0 1 1 0 0 
1 0 0 0 0 

JOBS [5] - [6, 8, 7, 2, 18]
TOOL SWITCHES : 10
MAKESPAN : 41

- MACHINE [1]

1 0 0 0 0 
1 0 0 1 1 
0 0 1 0 0 
0 1 0 0 0 
0 0 1 1 0 
0 0 1 0 1 
0 0 0 0 0 
0 0 0 0 0 
0 0 1 1 0 
0 1 1 0 0 
1 1 0 0 1 
1 1 0 0 0 
0 0 0 1 1 
0 0 0 0 1 
0 0 0 0 0 
0 1 0 1 0 
0 0 0 0 0 
1 0 0 0 0 
0 1 1 1 0 
0 0 0 0 0 

JOBS [5] - [4, 3, 10, 1, 19]
TOOL SWITCHES : 5
MAKESPAN : 42

- MACHINE [2]

0 1 0 1 1 1 0 0 0 0 
0 1 1 0 0 0 1 1 0 1 
0 0 0 1 0 0 1 0 1 0 
0 0 0 0 0 0 0 0 0 0 
0 0 0 0 1 0 0 1 1 1 
0 1 0 0 0 0 0 1 0 1 
0 0 0 0 0 1 0 0 0 1 
0 0 0 0 0 0 0 0 0 0 
0 0 0 0 0 1 0 1 1 1 
1 1 1 0 0 0 0 0 0 0 
0 1 1 0 0 0 0 0 0 0 
1 1 0 1 0 1 1 1 0 1 
0 0 0 1 0 0 0 0 1 0 
0 0 0 0 0 0 0 0 0 0 
1 0 1 0 0 0 0 0 0 0 
0 0 0 0 1 0 1 0 1 0 
0 0 0 0 1 1 0 0 0 0 
0 0 1 0 1 0 1 0 0 0 
1 0 1 0 0 1 1 0 1 0 
1 0 0 1 1 0 0 0 0 0 

JOBS [10] - [13, 14, 17, 12, 11, 5, 16, 15, 9, 0]
TOOL SWITCHES : 4
MAKESPAN : 42

# -------------------------- #

--- TOTAL TOOL SWITCHES : 19
--- HIGHEST MAKESPAN : 42
--- TOTAL FLOWTIME : 463
--- RUNNING TIME : 2.33981

# -------------------------- #
RUN : 1 - instancias_txt/SSP-NPM-I/ins157_m=3_j=20_t=20_var=17.txt

- MACHINE [0]

1 0 1 1 0 0 
0 0 1 0 0 1 
0 0 0 1 1 0 
1 0 0 0 0 0 
0 0 0 0 0 0 
0 0 0 1 0 1 
1 1 1 1 0 0 
0 0 0 0 0 0 
1 1 0 1 1 0 
0 0 0 0 0 0 
1 0 0 0 0 1 
0 0 0 0 0 0 
0 0 0 0 0 1 
1 1 1 0 1 0 
0 0 0 0 1 0 
0 1 0 0 0 0 
0 0 0 0 1 1 
0 0 1 1 1 1 
0 1 1 0 0 0 
1 1 0 0 0 0 

JOBS [6] - [18, 9, 6, 7, 15, 1]
TOOL SWITCHES : 11
MAKESPAN : 39

- MACHINE [1]

0 0 0 0 0 0 
1 0 0 0 0 0 
0 1 0 0 1 0 
1 0 0 1 1 1 
0 1 1 1 0 0 
0 1 0 0 0 0 
0 1 0 0 0 1 
0 0 0 0 0 0 
0 1 0 0 0 0 
0 0 0 0 0 1 
1 1 1 0 1 0 
0 0 0 1 0 0 
0 0 1 0 1 1 
1 0 1 1 0 1 
0 0 0 0 1 0 
0 1 1 1 0 0 
1 0 0 0 0 0 
0 0 0 0 0 0 
1 0 1 0 0 1 
0 0 1 0 0 0 

JOBS [6] - [10, 3, 5, 0, 12, 4]
TOOL SWITCHES : 7
MAKESPAN : 41

- MACHINE [2]

1 1 0 1 1 0 0 0 
0 0 0 0 0 0 0 0 
0 0 0 0 1 1 1 1 
1 1 0 0 0 0 0 0 
0 1 1 1 1 1 0 1 
0 0 1 1 0 0 1 1 
0 0 0 0 0 0 0 0 
0 0 1 1 0 1 1 1 
1 0 0 1 0 0 0 0 
0 0 1 0 0 0 1 1 
0 0 0 0 0 0 0 0 
0 0 0 0 0 0 0 0 
1 0 0 0 1 0 0 0 
0 0 0 0 0 1 0 0 
0 1 1 0 0 0 0 0 
1 1 0 1 0 0 1 0 
0 1 0 1 1 1 0 0 
1 0 1 0 0 0 0 1 
1 0 0 0 0 0 0 0 
0 0 0 0 1 0 1 0 

JOBS [8] - [2, 8, 11, 16, 13, 17, 19, 14]
TOOL SWITCHES : 3
MAKESPAN : 41

# -------------------------- #

--- TOTAL TOOL SWITCHES : 21
--- HIGHEST MAKESPAN : 41
--- TOTAL FLOWTIME : 402
--- RUNNING TIME : 2.31766

# -------------------------- #
RUN : 1 - instancias_txt/SSP-NPM-I/ins158_m=3_j=20_t=20_var=18.txt

- MACHINE [0]

1 1 1 1 0 0 1 
0 0 0 0 0 0 0 
0 1 0 0 0 0 1 
0 0 0 1 0 0 0 
0 0 0 0 0 0 0 
0 0 0 0 1 1 1 
1 0 0 0 0 0 0 
0 0 0 0 0 0 0 
0 0 0 0 1 1 0 
0 0 0 0 0 1 1 
1 1 1 0 0 0 0 
0 1 1 1 1 1 0 
1 0 0 0 0 0 1 
1 1 0 1 1 0 0 
0 0 1 0 0 0 0 
1 0 0 0 0 0 0 
0 0 0 1 0 0 0 
1 0 0 0 1 1 0 
0 1 1 1 1 1 1 
0 0 1 0 0 0 0 

JOBS [7] - [15, 2, 9, 11, 5, 16, 7]
TOOL SWITCHES : 13
MAKESPAN : 42

- MACHINE [1]

1 1 0 1 1 0 
0 0 0 0 1 1 
0 0 0 0 0 0 
1 0 0 0 0 0 
0 0 1 0 1 0 
1 1 0 0 0 0 
0 0 0 0 0 0 
1 0 0 0 0 1 
0 1 0 0 0 0 
0 0 1 1 0 1 
1 0 0 0 0 0 
0 1 1 0 0 0 
0 0 1 0 1 1 
0 0 0 0 0 0 
1 0 0 0 0 1 
0 0 1 1 0 1 
0 0 0 0 0 0 
0 1 0 1 0 0 
0 0 0 0 0 0 
0 1 0 1 1 0 

JOBS [6] - [1, 14, 17, 13, 8, 3]
TOOL SWITCHES : 5
MAKESPAN : 42

- MACHINE [2]

0 0 0 0 0 0 0 
0 0 1 1 1 0 0 
1 0 0 0 0 0 0 
0 0 0 1 1 0 0 
0 0 0 0 0 0 0 
0 0 0 0 0 0 0 
1 1 1 0 0 0 1 
0 0 0 0 0 1 0 
1 1 1 1 1 0 0 
0 0 0 0 0 0 0 
0 1 0 0 1 1 1 
0 0 0 1 0 0 0 
0 0 0 1 0 1 0 
0 0 0 1 0 1 0 
1 0 0 0 0 1 0 
1 1 1 0 0 1 0 
0 1 1 0 0 0 1 
0 0 1 0 1 0 0 
0 1 1 0 1 0 1 
1 0 0 0 1 0 1 

JOBS [7] - [18, 0, 4, 12, 6, 10, 19]
TOOL SWITCHES : 4
MAKESPAN : 42

# -------------------------- #

--- TOTAL TOOL SWITCHES : 22
--- HIGHEST MAKESPAN : 42
--- TOTAL FLOWTIME : 465
--- RUNNING TIME : 1.93659

# -------------------------- #
RUN : 1 - instancias_txt/SSP-NPM-I/ins159_m=3_j=20_t=20_var=19.txt

- MACHINE [0]

0 0 1 0 0 
1 1 0 0 0 
0 0 1 1 1 
0 0 0 1 1 
0 1 0 0 0 
1 0 0 0 0 
0 0 0 0 0 
0 0 0 0 0 
1 1 0 0 0 
0 0 0 0 0 
0 0 0 0 0 
0 0 0 0 1 
1 0 0 1 1 
0 0 0 0 0 
1 1 1 1 0 
1 1 1 0 1 
0 1 1 1 1 
0 0 0 0 0 
0 0 0 0 0 
0 0 1 1 0 

JOBS [5] - [8, 2, 19, 7, 15]
TOOL SWITCHES : 6
MAKESPAN : 40

- MACHINE [1]

1 1 0 0 1 1 0 
0 0 0 0 0 0 0 
0 0 1 0 0 0 0 
0 1 0 1 0 0 0 
1 0 1 1 0 0 0 
1 0 1 0 0 0 0 
0 0 0 0 0 0 0 
0 0 0 0 0 1 0 
0 0 0 0 0 1 1 
0 0 0 0 0 0 1 
0 0 0 0 1 0 0 
0 0 0 1 1 0 1 
0 0 0 0 0 0 0 
0 0 1 0 1 0 1 
1 1 0 0 1 0 1 
0 1 0 1 0 0 0 
0 0 1 0 0 1 1 
0 0 0 1 1 1 0 
1 1 1 0 0 1 0 
0 0 0 0 0 0 1 

JOBS [7] - [10, 1, 9, 17, 5, 14, 3]
TOOL SWITCHES : 7
MAKESPAN : 40

- MACHINE [2]

0 1 0 1 0 1 1 0 
0 0 0 0 0 1 0 1 
0 0 0 1 1 0 0 1 
1 0 0 0 1 1 1 0 
0 0 0 0 0 0 1 0 
0 1 0 0 1 0 0 0 
0 0 0 0 0 1 1 1 
1 0 0 1 1 0 0 1 
0 0 1 0 1 1 0 0 
1 0 1 0 0 0 0 0 
0 1 0 1 0 0 0 0 
0 1 0 0 0 1 0 0 
1 1 1 0 1 0 0 1 
0 0 0 1 0 0 1 0 
0 1 1 0 0 0 0 0 
0 0 0 0 0 0 0 0 
1 0 1 1 0 0 0 0 
1 1 0 0 0 0 0 1 
0 0 0 0 0 0 0 0 
1 0 1 0 0 0 1 1 

JOBS [8] - [6, 0, 11, 13, 4, 16, 18, 12]
TOOL SWITCHES : 5
MAKESPAN : 41

# -------------------------- #

--- TOTAL TOOL SWITCHES : 18
--- HIGHEST MAKESPAN : 41
--- TOTAL FLOWTIME : 431
--- RUNNING TIME : 2.16998

# -------------------------- #
RUN : 1 - instancias_txt/SSP-NPM-I/ins160_m=3_j=20_t=20_var=20.txt

- MACHINE [0]

0 0 0 0 1 0 
1 1 1 1 1 0 
1 0 1 1 1 0 
1 0 0 0 1 0 
0 0 0 0 0 0 
0 0 0 0 0 1 
0 0 0 0 0 0 
1 1 0 1 0 0 
0 0 1 0 0 0 
0 0 0 0 0 0 
0 0 0 0 0 0 
1 1 0 0 0 0 
0 0 0 0 0 1 
0 0 0 1 0 1 
0 0 1 0 0 0 
1 1 0 0 0 0 
0 0 1 1 1 0 
0 1 0 0 0 1 
0 1 1 0 0 0 
0 0 0 0 0 1 

JOBS [6] - [16, 4, 5, 13, 14, 11]
TOOL SWITCHES : 11
MAKESPAN : 43

- MACHINE [1]

0 0 0 0 0 0 0 0 
0 0 0 0 1 1 1 1 
0 0 0 0 0 0 0 0 
1 0 0 1 0 0 1 0 
1 1 1 0 0 0 0 0 
0 0 0 0 0 0 0 0 
1 0 1 0 0 0 0 0 
0 1 0 0 0 1 1 0 
1 1 0 0 1 1 0 0 
0 0 0 1 0 0 0 0 
1 1 1 0 0 1 0 0 
0 0 0 0 1 1 0 0 
0 0 0 1 1 1 0 1 
1 0 0 0 0 0 0 0 
0 0 1 1 1 0 0 0 
0 0 0 0 0 0 1 0 
0 0 0 1 1 0 1 1 
0 0 0 0 0 0 1 1 
0 0 1 1 0 0 0 0 
0 1 0 0 0 0 0 1 

JOBS [8] - [0, 19, 9, 10, 3, 7, 17, 18]
TOOL SWITCHES : 7
MAKESPAN : 44

- MACHINE [2]

0 1 0 1 0 0 
0 0 0 0 0 0 
1 1 1 0 0 0 
0 0 0 0 0 1 
1 0 1 1 1 0 
1 0 0 1 0 0 
0 0 0 1 1 1 
1 1 1 0 1 0 
0 0 0 0 0 0 
0 1 1 1 0 1 
0 0 0 1 0 0 
0 0 0 0 0 0 
0 0 0 0 1 0 
0 0 1 0 0 0 
0 0 0 0 0 0 
0 1 1 0 0 0 
1 0 0 0 1 1 
0 0 0 0 0 0 
0 1 0 0 0 0 
1 0 0 1 1 1 

JOBS [6] - [2, 15, 12, 8, 6, 1]
TOOL SWITCHES : 2
MAKESPAN : 42

# -------------------------- #

--- TOTAL TOOL SWITCHES : 20
--- HIGHEST MAKESPAN : 44
--- TOTAL FLOWTIME : 411
--- RUNNING TIME : 2.35621

# -------------------------- #


avg : 42.45
