RUN : 1 - instancias_txt/SSP-NPM-I/ins141_m=3_j=20_t=20_var=1.txt

- MACHINE [0]

0 0 0 0 0 0 
1 1 1 0 1 0 
0 0 0 1 1 0 
0 0 0 0 0 1 
1 0 0 0 0 1 
0 0 0 1 1 1 
0 0 0 1 1 0 
1 0 1 0 0 0 
1 0 0 0 0 0 
0 0 1 0 0 0 
0 0 0 0 0 1 
0 1 0 1 1 0 
0 1 1 0 0 0 
0 0 1 0 1 0 
1 0 0 0 0 0 
1 1 0 0 0 0 
0 1 1 1 0 0 
0 0 0 0 0 1 
1 1 0 0 1 0 
0 0 0 0 0 1 

JOBS [6] - [18, 12, 8, 3, 5, 16]
TOOL SWITCHES : 14
MAKESPAN : 49

- MACHINE [1]

0 0 0 0 0 0 
0 0 0 0 0 0 
1 1 0 0 0 0 
0 0 0 0 0 0 
0 0 1 0 0 1 
0 0 0 1 0 1 
0 0 0 1 0 0 
1 1 0 0 0 0 
0 1 0 1 0 0 
0 0 1 1 1 0 
1 0 0 1 1 1 
1 1 1 0 0 0 
1 0 1 0 0 1 
0 1 0 1 0 1 
1 1 1 1 1 1 
0 1 1 0 1 0 
0 0 0 0 0 0 
0 0 0 0 1 0 
0 0 0 0 0 0 
0 0 0 0 0 0 

JOBS [6] - [7, 9, 11, 10, 19, 15]
TOOL SWITCHES : 4
MAKESPAN : 47

- MACHINE [2]

1 0 0 1 0 1 1 1 
0 1 0 0 0 0 1 0 
0 1 0 0 0 1 1 0 
0 0 0 0 1 0 1 0 
0 0 0 0 0 0 0 0 
0 0 1 0 0 0 0 0 
0 1 1 0 1 0 0 1 
0 0 0 0 0 0 0 1 
0 0 0 1 1 1 1 0 
1 0 0 1 0 0 0 0 
0 0 1 1 0 1 0 0 
0 0 0 0 0 0 0 0 
1 1 0 0 1 0 0 0 
0 0 1 1 0 1 0 0 
1 1 0 0 0 0 0 1 
1 0 0 0 0 0 0 0 
0 0 1 1 0 0 0 0 
0 0 0 0 0 0 1 1 
1 0 1 0 1 0 0 1 
0 1 0 0 0 1 0 0 

JOBS [8] - [1, 0, 13, 17, 6, 14, 4, 2]
TOOL SWITCHES : 5
MAKESPAN : 49

# -------------------------- #

--- TOTAL TOOL SWITCHES : 23
--- HIGHEST MAKESPAN : 49
--- TOTAL FLOWTIME : 522
--- RUNNING TIME : 2.20093

# -------------------------- #
RUN : 1 - instancias_txt/SSP-NPM-I/ins142_m=3_j=20_t=20_var=2.txt

- MACHINE [0]

0 0 0 1 0 1 
0 0 0 1 0 0 
1 0 1 0 0 0 
0 1 1 1 0 0 
1 1 1 0 0 1 
1 0 0 0 1 1 
1 0 1 0 1 0 
0 1 0 1 0 0 
0 0 0 0 0 0 
0 0 0 0 0 1 
0 0 0 1 1 0 
0 0 0 0 0 0 
1 0 0 0 0 0 
0 0 0 1 1 0 
0 0 0 0 1 1 
0 1 1 0 0 0 
0 1 0 0 0 0 
1 0 0 0 0 0 
0 0 0 0 1 1 
0 0 1 0 0 1 

JOBS [6] - [13, 9, 4, 3, 14, 18]
TOOL SWITCHES : 14
MAKESPAN : 42

- MACHINE [1]

0 0 0 0 0 0 
1 0 1 1 0 0 
0 0 0 0 1 1 
0 0 0 0 0 0 
0 0 1 1 0 0 
1 1 0 0 0 0 
0 0 0 1 0 0 
1 1 1 1 1 1 
0 0 0 0 1 0 
1 0 0 0 0 1 
1 0 1 1 0 0 
0 0 0 0 0 0 
0 0 0 0 1 0 
0 1 1 0 1 0 
1 0 0 1 0 1 
0 0 0 0 0 1 
0 0 0 0 1 1 
1 1 0 0 0 0 
0 0 0 1 1 1 
0 1 1 0 0 0 

JOBS [6] - [1, 6, 10, 15, 2, 11]
TOOL SWITCHES : 7
MAKESPAN : 40

- MACHINE [2]

1 1 1 1 0 0 0 0 
0 0 0 0 0 0 0 0 
0 0 0 0 1 0 1 0 
1 0 0 0 0 0 1 0 
0 0 0 0 0 0 0 0 
1 0 0 0 0 1 0 0 
0 0 0 0 0 0 1 1 
1 1 1 0 0 1 0 0 
0 0 1 0 1 0 0 1 
0 0 0 0 0 1 0 0 
0 0 0 0 0 0 0 0 
0 1 0 0 0 0 1 1 
0 1 0 0 0 1 1 0 
0 0 0 1 1 0 0 1 
0 0 0 1 0 0 0 0 
0 0 0 0 0 0 0 0 
0 1 0 1 0 0 0 0 
0 1 1 0 1 1 0 0 
0 0 1 0 1 1 0 1 
1 0 0 1 0 0 0 0 

JOBS [8] - [8, 19, 0, 7, 17, 12, 16, 5]
TOOL SWITCHES : 3
MAKESPAN : 42

# -------------------------- #

--- TOTAL TOOL SWITCHES : 24
--- HIGHEST MAKESPAN : 42
--- TOTAL FLOWTIME : 416
--- RUNNING TIME : 2.37439

# -------------------------- #
RUN : 1 - instancias_txt/SSP-NPM-I/ins143_m=3_j=20_t=20_var=3.txt

- MACHINE [0]

1 1 1 0 0 0 
1 1 0 0 0 0 
0 0 0 0 1 0 
1 1 1 0 0 0 
0 0 0 1 1 1 
0 1 1 0 1 1 
1 0 0 0 0 0 
1 1 0 1 0 0 
0 0 1 1 1 0 
0 0 0 0 0 0 
0 0 0 0 0 1 
0 0 0 0 0 0 
1 0 0 0 0 0 
0 0 0 0 1 1 
0 0 0 0 0 1 
0 0 1 0 0 0 
1 0 0 0 0 0 
0 0 0 1 1 0 
0 0 0 1 0 1 
0 1 0 1 0 0 

JOBS [6] - [7, 9, 14, 11, 19, 2]
TOOL SWITCHES : 11
MAKESPAN : 42

- MACHINE [1]

0 0 0 0 0 0 
0 0 0 0 0 0 
0 1 1 0 0 0 
0 1 0 1 1 0 
1 1 1 0 0 0 
0 0 0 0 0 0 
1 0 0 0 1 0 
0 0 1 0 0 0 
1 1 0 1 0 1 
0 0 0 0 0 0 
0 0 0 0 0 1 
0 0 0 0 1 1 
0 0 0 0 0 0 
0 0 0 1 0 0 
0 1 0 0 0 0 
0 0 1 1 1 1 
0 0 1 1 0 1 
0 0 0 1 1 0 
1 0 0 0 0 1 
1 1 1 0 0 0 

JOBS [6] - [16, 18, 13, 10, 15, 3]
TOOL SWITCHES : 5
MAKESPAN : 42

- MACHINE [2]

0 0 0 0 1 1 0 0 
0 0 0 1 0 1 0 1 
1 1 0 0 0 0 0 0 
0 0 0 1 0 0 0 0 
1 1 1 0 0 0 0 0 
0 1 1 1 0 1 1 0 
0 0 0 0 0 1 0 0 
1 0 0 0 0 0 0 1 
0 0 1 0 0 0 1 0 
0 1 0 0 1 0 0 1 
0 0 0 0 0 1 0 1 
1 0 0 1 0 0 1 0 
0 0 1 0 0 0 0 0 
0 0 1 0 0 0 0 1 
1 0 0 1 1 0 1 1 
1 0 1 0 0 0 0 0 
0 0 0 0 1 0 1 0 
0 0 0 0 0 0 0 0 
1 1 0 1 0 0 0 0 
0 0 0 0 1 1 1 0 

JOBS [8] - [0, 6, 5, 8, 1, 4, 17, 12]
TOOL SWITCHES : 6
MAKESPAN : 42

# -------------------------- #

--- TOTAL TOOL SWITCHES : 22
--- HIGHEST MAKESPAN : 42
--- TOTAL FLOWTIME : 467
--- RUNNING TIME : 2.04293

# -------------------------- #
RUN : 1 - instancias_txt/SSP-NPM-I/ins144_m=3_j=20_t=20_var=4.txt

- MACHINE [0]

1 1 1 1 0 1 
0 0 0 0 0 0 
0 0 0 1 1 1 
1 1 1 0 0 0 
0 0 0 0 0 0 
0 0 0 1 1 0 
0 0 0 0 0 1 
0 0 0 1 1 0 
0 0 1 0 1 1 
1 0 1 0 0 0 
0 0 1 0 0 0 
0 0 0 1 1 0 
0 1 0 0 0 0 
0 0 0 0 0 0 
1 1 0 0 0 0 
1 0 0 0 0 0 
0 0 0 0 0 1 
0 1 0 0 1 1 
1 1 0 0 0 0 
1 0 1 0 0 0 

JOBS [6] - [9, 5, 2, 18, 10, 11]
TOOL SWITCHES : 11
MAKESPAN : 39

- MACHINE [1]

0 0 1 0 0 
0 0 0 1 0 
1 1 0 0 0 
1 1 0 0 0 
0 0 0 1 1 
0 0 1 1 1 
0 0 1 0 0 
1 0 0 0 1 
1 0 0 1 1 
0 0 1 1 1 
0 0 0 0 1 
0 0 0 0 0 
0 0 1 0 0 
0 1 1 0 0 
0 1 0 1 0 
1 1 0 0 0 
0 0 0 0 0 
1 1 0 1 0 
0 0 0 0 0 
1 0 1 0 0 

JOBS [5] - [6, 3, 1, 12, 17]
TOOL SWITCHES : 8
MAKESPAN : 39

- MACHINE [2]

0 0 0 1 0 0 0 0 0 
0 0 0 0 1 0 1 1 0 
0 1 0 0 0 1 0 0 0 
0 1 1 0 0 1 0 1 0 
0 0 0 0 0 0 0 0 0 
0 0 0 0 0 0 0 0 0 
1 1 0 1 0 0 1 0 0 
1 0 1 1 0 0 0 0 1 
1 0 1 0 1 0 0 0 0 
1 1 0 0 0 1 0 0 0 
1 0 0 0 0 1 1 1 1 
0 0 0 0 1 1 0 0 0 
1 1 0 0 0 0 0 0 0 
0 0 0 0 1 0 1 0 1 
0 1 0 1 0 1 0 0 1 
0 0 1 1 1 0 1 1 0 
0 0 0 0 0 0 1 1 1 
0 0 0 0 0 0 0 0 0 
0 0 1 0 1 1 0 0 0 
1 0 1 1 0 0 0 0 0 

JOBS [9] - [4, 16, 8, 7, 19, 13, 14, 0, 15]
TOOL SWITCHES : 4
MAKESPAN : 38

# -------------------------- #

--- TOTAL TOOL SWITCHES : 23
--- HIGHEST MAKESPAN : 39
--- TOTAL FLOWTIME : 431
--- RUNNING TIME : 2.21545

# -------------------------- #
RUN : 1 - instancias_txt/SSP-NPM-I/ins145_m=3_j=20_t=20_var=5.txt

- MACHINE [0]

0 0 0 0 0 0 
1 1 0 0 0 1 
0 0 1 0 1 0 
0 0 0 0 1 1 
0 1 1 1 1 0 
0 0 0 1 1 0 
0 0 0 0 0 1 
1 1 0 0 0 0 
1 0 0 0 0 0 
1 1 1 0 0 0 
0 1 0 1 0 1 
0 0 0 0 1 0 
0 0 0 0 0 0 
0 0 0 0 0 0 
0 0 0 0 0 0 
0 0 1 1 1 1 
1 1 1 0 0 0 
0 0 1 0 0 0 
0 0 0 0 0 1 
1 0 1 1 0 0 

JOBS [6] - [5, 8, 12, 13, 17, 15]
TOOL SWITCHES : 11
MAKESPAN : 45

- MACHINE [1]

0 0 0 0 0 0 0 0 
0 0 0 0 1 0 1 1 
1 0 0 0 1 0 0 0 
0 0 0 0 0 0 0 0 
0 0 0 0 0 1 1 1 
1 1 1 0 0 0 0 0 
0 0 0 0 0 0 0 0 
0 0 0 0 0 0 1 0 
1 0 0 0 0 0 0 1 
0 0 0 1 1 1 0 1 
0 1 1 1 0 1 0 0 
0 1 1 0 1 0 0 1 
0 1 1 1 1 0 1 1 
1 1 0 1 0 0 1 0 
0 0 0 0 0 0 0 0 
0 1 0 1 1 1 0 0 
1 1 0 0 0 0 0 0 
0 0 1 1 0 0 0 0 
1 0 1 0 1 1 0 1 
0 0 0 0 0 0 0 0 

JOBS [8] - [6, 18, 16, 14, 9, 11, 4, 3]
TOOL SWITCHES : 5
MAKESPAN : 45

- MACHINE [2]

0 1 1 1 1 1 
0 0 0 0 0 0 
0 0 1 1 0 1 
1 0 0 0 0 0 
0 0 0 0 0 1 
0 1 0 0 0 0 
1 0 1 0 0 0 
0 1 1 1 1 0 
0 0 1 1 0 0 
1 1 0 0 0 1 
1 0 0 1 0 0 
0 0 0 1 0 0 
0 0 0 0 0 0 
0 0 0 1 1 1 
1 0 0 0 1 0 
1 0 0 0 0 0 
0 0 0 0 0 0 
0 1 0 0 1 0 
0 1 0 0 0 1 
1 0 0 0 1 0 

JOBS [6] - [1, 7, 10, 0, 2, 19]
TOOL SWITCHES : 4
MAKESPAN : 46

# -------------------------- #

--- TOTAL TOOL SWITCHES : 20
--- HIGHEST MAKESPAN : 46
--- TOTAL FLOWTIME : 510
--- RUNNING TIME : 2.07381

# -------------------------- #
RUN : 1 - instancias_txt/SSP-NPM-I/ins146_m=3_j=20_t=20_var=6.txt

- MACHINE [0]

1 0 0 0 0 
0 0 0 1 0 
1 0 1 0 0 
0 0 0 0 0 
0 0 0 0 0 
1 1 1 1 0 
0 0 0 1 1 
0 0 0 0 1 
1 1 0 0 0 
0 1 1 0 0 
0 1 1 1 0 
0 0 1 1 1 
0 0 0 1 1 
0 0 1 0 0 
0 0 0 0 1 
0 1 0 0 0 
1 0 0 0 0 
0 0 0 0 0 
0 0 0 0 0 
1 1 1 1 0 

JOBS [5] - [9, 1, 18, 3, 4]
TOOL SWITCHES : 9
MAKESPAN : 47

- MACHINE [1]

0 1 0 0 0 1 
0 0 0 0 0 0 
0 1 1 0 0 0 
0 0 1 0 1 1 
0 0 0 0 0 0 
1 1 1 1 0 0 
0 1 0 0 1 0 
0 0 0 0 0 0 
1 1 1 1 0 0 
0 0 0 0 1 0 
1 0 0 1 0 0 
0 0 0 0 0 0 
1 0 0 0 0 0 
0 0 1 0 0 1 
1 0 1 1 0 0 
0 0 0 0 0 0 
0 0 0 0 1 1 
0 1 0 0 1 1 
0 0 0 1 1 1 
1 1 0 0 0 0 

JOBS [6] - [14, 16, 15, 10, 19, 13]
TOOL SWITCHES : 5
MAKESPAN : 45

- MACHINE [2]

1 0 0 0 0 0 0 0 0 
1 0 0 1 0 0 0 0 0 
0 0 0 0 0 1 0 1 1 
0 1 0 1 1 0 1 0 0 
1 1 1 0 1 0 0 0 0 
1 0 0 1 0 1 0 1 0 
0 1 0 0 0 0 1 0 0 
0 0 0 0 0 0 1 1 0 
0 0 0 1 0 0 0 1 0 
0 0 0 0 0 0 0 0 0 
0 0 1 0 1 1 0 0 0 
0 0 0 0 0 0 0 0 0 
1 1 1 0 0 0 0 1 1 
0 0 0 0 0 0 0 0 0 
0 0 1 0 0 1 0 1 1 
1 0 0 0 0 1 1 0 1 
0 1 0 1 1 0 1 1 0 
0 1 0 0 1 0 0 0 0 
0 1 1 0 0 0 0 0 0 
0 0 1 1 0 1 0 0 1 

JOBS [9] - [17, 8, 2, 0, 6, 7, 11, 12, 5]
TOOL SWITCHES : 4
MAKESPAN : 47

# -------------------------- #

--- TOTAL TOOL SWITCHES : 18
--- HIGHEST MAKESPAN : 47
--- TOTAL FLOWTIME : 500
--- RUNNING TIME : 2.25488

# -------------------------- #
RUN : 1 - instancias_txt/SSP-NPM-I/ins147_m=3_j=20_t=20_var=7.txt

- MACHINE [0]

0 0 0 0 0 1 
0 0 0 0 0 0 
1 0 0 0 1 0 
0 0 0 0 1 1 
0 0 0 1 1 1 
1 1 1 0 0 0 
0 0 0 0 0 0 
0 0 0 0 1 0 
0 0 0 0 0 0 
0 0 0 1 0 0 
0 0 1 1 1 0 
0 1 1 1 0 1 
1 0 0 0 0 0 
0 0 0 0 0 0 
0 0 0 0 0 0 
0 1 0 0 0 0 
0 1 1 1 0 0 
1 1 1 0 0 0 
1 0 0 0 0 1 
1 0 1 1 1 0 

JOBS [6] - [19, 14, 8, 1, 10, 0]
TOOL SWITCHES : 9
MAKESPAN : 41

- MACHINE [1]

0 0 0 0 0 1 1 
0 0 0 1 1 0 0 
1 1 0 0 0 0 0 
0 0 0 0 1 0 1 
0 1 0 0 0 0 0 
1 0 1 1 0 0 0 
0 1 0 0 1 1 0 
0 0 0 0 0 0 0 
0 0 0 0 0 0 0 
1 0 1 0 0 0 1 
0 0 0 1 0 1 0 
0 1 1 0 0 0 0 
1 0 0 1 1 0 0 
1 0 0 0 1 0 0 
0 0 1 0 1 0 1 
0 0 0 0 0 1 0 
0 1 0 1 1 1 0 
0 0 0 0 0 1 1 
1 0 1 0 0 0 0 
0 0 0 0 0 0 0 

JOBS [7] - [6, 16, 3, 12, 11, 18, 5]
TOOL SWITCHES : 7
MAKESPAN : 39

- MACHINE [2]

1 0 0 1 0 1 0 
1 0 0 1 1 0 0 
0 0 0 0 0 0 0 
0 0 0 0 0 0 0 
0 0 0 0 0 0 0 
0 1 0 1 0 0 0 
0 0 0 0 0 0 0 
0 1 1 0 0 1 0 
0 1 0 0 0 1 1 
0 0 0 0 0 0 1 
0 0 0 0 0 0 1 
0 1 0 0 0 0 0 
0 0 0 0 0 0 0 
1 0 1 0 1 1 0 
1 0 1 1 0 0 1 
1 0 0 0 1 1 1 
0 0 1 0 1 0 1 
1 0 1 0 1 0 0 
0 0 1 1 1 0 1 
0 1 0 0 0 0 0 

JOBS [7] - [7, 4, 9, 2, 17, 13, 15]
TOOL SWITCHES : 2
MAKESPAN : 41

# -------------------------- #

--- TOTAL TOOL SWITCHES : 18
--- HIGHEST MAKESPAN : 41
--- TOTAL FLOWTIME : 404
--- RUNNING TIME : 2.04342

# -------------------------- #
RUN : 1 - instancias_txt/SSP-NPM-I/ins148_m=3_j=20_t=20_var=8.txt

- MACHINE [0]

0 1 1 0 0 0 
0 1 0 1 1 0 
0 0 0 0 0 0 
1 0 0 0 0 0 
0 0 1 0 1 0 
0 0 0 0 0 0 
0 0 1 1 0 0 
1 0 1 0 0 0 
0 0 0 1 0 0 
0 0 0 0 0 1 
1 1 0 0 0 1 
0 0 0 0 1 0 
0 0 0 0 1 1 
0 0 0 1 1 1 
0 0 1 0 0 1 
1 0 0 0 0 1 
0 0 0 1 1 0 
1 1 0 0 0 0 
0 0 0 0 0 0 
1 1 1 0 0 0 

JOBS [6] - [0, 11, 10, 8, 9, 7]
TOOL SWITCHES : 12
MAKESPAN : 40

- MACHINE [1]

0 0 0 0 0 0 0 
1 1 1 0 0 0 0 
0 0 0 1 0 1 1 
0 0 0 1 1 0 0 
0 0 0 1 1 0 0 
1 1 0 1 0 0 1 
0 0 1 1 1 0 0 
1 1 0 0 1 0 0 
0 1 1 0 0 0 0 
0 0 0 0 0 0 0 
1 0 1 1 0 0 0 
1 0 1 0 0 0 0 
0 0 0 0 0 0 1 
1 0 1 0 0 1 0 
0 1 0 0 1 1 1 
0 0 0 0 1 1 0 
0 1 0 0 0 0 1 
0 0 0 0 0 1 1 
0 0 0 0 0 1 0 
0 1 0 0 0 0 0 

JOBS [7] - [4, 12, 5, 15, 19, 6, 16]
TOOL SWITCHES : 8
MAKESPAN : 42

- MACHINE [2]

0 1 0 1 0 1 0 
0 0 0 0 1 0 1 
1 0 1 0 0 0 0 
0 0 0 0 0 0 0 
0 1 0 1 1 0 0 
0 0 0 0 0 1 0 
0 0 0 1 0 0 1 
0 0 1 0 1 1 0 
1 0 1 0 0 0 0 
0 1 0 0 0 0 1 
1 0 0 0 1 0 0 
0 0 0 0 0 0 0 
1 0 0 0 0 0 0 
0 0 0 0 0 0 0 
1 0 0 0 0 1 1 
0 0 1 1 0 1 1 
0 0 0 1 0 1 0 
0 1 1 1 1 0 1 
0 1 1 0 1 0 0 
0 1 0 0 0 0 0 

JOBS [7] - [18, 3, 13, 1, 2, 14, 17]
TOOL SWITCHES : 4
MAKESPAN : 38

# -------------------------- #

--- TOTAL TOOL SWITCHES : 24
--- HIGHEST MAKESPAN : 42
--- TOTAL FLOWTIME : 403
--- RUNNING TIME : 2.17951

# -------------------------- #
RUN : 1 - instancias_txt/SSP-NPM-I/ins149_m=3_j=20_t=20_var=9.txt

- MACHINE [0]

0 1 1 0 0 
1 0 1 0 1 
0 0 0 1 0 
0 0 0 1 1 
0 0 0 0 0 
0 0 0 0 0 
1 0 0 0 0 
0 0 0 0 0 
0 0 0 1 0 
0 1 1 0 1 
0 0 0 0 0 
1 1 0 0 0 
1 0 0 0 1 
0 1 1 0 0 
0 0 1 1 1 
1 1 0 0 0 
0 0 1 1 0 
0 0 0 1 1 
0 0 0 0 1 
0 0 0 0 0 

JOBS [5] - [15, 19, 9, 13, 7]
TOOL SWITCHES : 10
MAKESPAN : 41

- MACHINE [1]

0 0 1 0 1 1 
0 0 0 1 0 1 
0 0 0 0 0 0 
0 0 0 1 1 0 
1 0 0 0 0 0 
0 0 0 0 0 0 
0 0 0 0 1 0 
0 1 1 1 0 0 
1 1 0 1 0 0 
0 1 0 0 0 0 
1 0 1 0 0 0 
0 0 1 1 0 0 
0 0 0 0 0 0 
1 0 0 1 1 1 
1 1 0 0 0 0 
0 1 1 1 0 0 
0 1 1 0 0 0 
0 0 1 0 0 1 
0 1 0 0 1 1 
0 0 0 0 1 1 

JOBS [6] - [4, 0, 17, 5, 1, 2]
TOOL SWITCHES : 7
MAKESPAN : 41

- MACHINE [2]

0 0 1 0 0 0 0 0 0 
1 0 1 0 1 0 1 0 1 
0 1 0 0 1 1 0 0 1 
0 0 0 0 0 0 0 0 0 
0 0 1 0 1 0 1 1 1 
0 0 0 1 0 1 0 1 1 
0 1 0 1 0 1 1 0 0 
1 0 0 1 1 1 0 0 0 
0 0 0 0 0 0 0 0 0 
1 1 0 1 1 1 0 0 1 
1 0 1 0 0 0 0 0 1 
1 0 0 1 0 0 1 1 0 
0 0 0 0 0 0 0 0 0 
0 1 1 0 1 1 1 0 0 
0 1 0 0 1 0 0 1 1 
1 1 1 0 0 0 0 0 0 
0 0 0 0 0 0 0 0 0 
0 0 0 1 0 1 1 0 0 
0 0 0 0 0 0 0 1 0 
0 0 0 1 0 0 0 1 0 

JOBS [9] - [10, 12, 16, 18, 3, 8, 11, 14, 6]
TOOL SWITCHES : 3
MAKESPAN : 41

# -------------------------- #

--- TOTAL TOOL SWITCHES : 20
--- HIGHEST MAKESPAN : 41
--- TOTAL FLOWTIME : 450
--- RUNNING TIME : 2.16056

# -------------------------- #
RUN : 1 - instancias_txt/SSP-NPM-I/ins150_m=3_j=20_t=20_var=10.txt

- MACHINE [0]

0 0 0 1 0 0 
0 0 0 0 0 0 
0 0 0 0 1 0 
0 1 1 0 0 0 
0 0 0 0 0 0 
1 1 1 1 1 0 
1 0 0 0 0 0 
0 0 0 0 0 0 
1 0 1 1 0 0 
0 0 0 0 0 0 
0 0 0 0 1 1 
0 0 0 1 0 1 
1 1 0 1 1 1 
0 1 0 0 0 1 
0 0 0 0 0 0 
0 0 1 0 1 0 
0 1 0 1 1 1 
1 0 1 0 0 0 
1 0 0 0 0 0 
1 1 1 0 0 0 

JOBS [6] - [7, 18, 13, 17, 0, 4]
TOOL SWITCHES : 11
MAKESPAN : 43

- MACHINE [1]

1 1 0 0 0 0 0 
0 0 0 0 1 0 0 
1 0 0 0 0 1 1 
0 0 0 0 0 0 0 
0 0 0 0 0 0 1 
0 0 0 0 1 0 0 
0 0 0 0 0 0 1 
0 1 1 0 0 0 0 
0 0 0 0 0 0 0 
0 0 0 0 0 0 0 
0 0 1 1 1 1 1 
1 0 1 1 1 1 1 
0 0 0 0 1 0 1 
0 1 1 1 0 0 0 
1 1 1 0 0 0 0 
0 0 0 0 1 0 0 
1 1 0 0 0 0 0 
0 0 0 0 1 1 0 
0 0 0 1 0 1 0 
0 1 0 1 0 0 0 

JOBS [7] - [1, 19, 15, 14, 12, 3, 8]
TOOL SWITCHES : 7
MAKESPAN : 43

- MACHINE [2]

1 0 0 0 0 0 0 
1 1 1 0 0 0 0 
0 0 0 1 0 1 0 
1 0 1 1 1 1 0 
0 0 1 1 1 0 0 
0 0 0 1 0 1 0 
1 1 1 0 0 1 1 
0 1 0 0 0 0 0 
0 0 0 0 1 0 1 
1 0 0 1 0 1 0 
0 0 0 0 1 0 1 
0 0 0 0 0 0 0 
0 0 0 0 0 0 0 
0 0 0 0 0 0 1 
0 0 0 1 0 1 0 
0 1 0 1 1 0 0 
0 0 0 0 0 0 0 
0 1 1 0 0 0 1 
1 0 0 0 1 0 0 
1 1 1 0 1 0 1 

JOBS [7] - [9, 11, 16, 2, 6, 10, 5]
TOOL SWITCHES : 4
MAKESPAN : 43

# -------------------------- #

--- TOTAL TOOL SWITCHES : 22
--- HIGHEST MAKESPAN : 43
--- TOTAL FLOWTIME : 437
--- RUNNING TIME : 1.83904

# -------------------------- #
RUN : 1 - instancias_txt/SSP-NPM-I/ins151_m=3_j=20_t=20_var=11.txt

- MACHINE [0]

0 0 0 0 0 0 0 
1 1 1 1 1 0 0 
0 0 0 0 0 0 1 
0 0 0 0 0 0 0 
0 1 0 1 0 0 1 
0 0 0 0 0 0 0 
0 1 0 0 0 1 1 
0 0 1 1 1 1 1 
0 0 0 0 0 0 1 
0 0 0 0 0 1 1 
0 0 0 0 1 1 0 
0 0 1 0 1 0 0 
1 1 0 0 0 0 0 
1 0 0 0 0 0 0 
0 0 0 0 0 0 0 
0 0 0 0 0 1 0 
1 1 1 1 0 0 0 
0 0 0 1 0 1 0 
1 1 1 0 1 0 0 
1 1 1 0 0 0 0 

JOBS [7] - [16, 9, 4, 11, 1, 2, 3]
TOOL SWITCHES : 10
MAKESPAN : 42

- MACHINE [1]

0 0 0 0 1 1 1 
0 0 0 0 0 0 0 
0 0 1 1 0 0 1 
1 0 1 0 0 1 1 
0 1 0 1 0 0 1 
0 0 0 0 0 0 0 
1 0 1 1 0 0 0 
0 0 0 1 1 1 0 
0 0 0 0 0 1 0 
1 1 0 0 0 0 0 
1 0 0 0 1 0 0 
0 0 0 0 0 1 1 
0 0 0 0 0 0 0 
0 0 1 0 1 0 1 
0 0 0 1 0 0 1 
0 1 0 0 1 0 0 
0 0 0 0 0 0 0 
1 1 0 1 0 1 0 
0 1 0 0 0 0 0 
1 1 1 0 0 0 0 

JOBS [7] - [5, 14, 17, 0, 6, 10, 15]
TOOL SWITCHES : 6
MAKESPAN : 41

- MACHINE [2]

0 0 0 1 1 1 
0 0 0 1 0 0 
0 0 0 0 0 0 
1 0 1 0 0 0 
0 0 0 0 0 0 
0 1 0 0 0 0 
0 0 1 0 1 1 
1 1 0 1 1 0 
0 1 0 0 0 0 
0 0 0 1 1 1 
1 0 1 0 1 0 
0 0 0 0 0 0 
0 0 0 1 1 0 
1 1 0 0 0 0 
0 0 1 0 0 1 
1 1 1 0 0 0 
1 0 0 1 0 0 
0 0 0 0 0 0 
0 0 1 0 0 0 
1 0 0 0 0 1 

JOBS [6] - [19, 13, 12, 18, 7, 8]
TOOL SWITCHES : 3
MAKESPAN : 43

# -------------------------- #

--- TOTAL TOOL SWITCHES : 19
--- HIGHEST MAKESPAN : 43
--- TOTAL FLOWTIME : 407
--- RUNNING TIME : 2.10614

# -------------------------- #
RUN : 1 - instancias_txt/SSP-NPM-I/ins152_m=3_j=20_t=20_var=12.txt

- MACHINE [0]

0 0 0 0 0 1 
0 0 0 1 1 1 
0 0 0 0 0 0 
0 1 1 0 1 1 
0 0 0 1 0 0 
0 0 0 0 0 0 
1 0 1 0 0 0 
0 0 0 0 0 1 
0 1 0 1 1 0 
1 0 0 1 1 1 
1 0 0 0 0 0 
1 0 0 0 0 0 
0 1 1 0 1 1 
0 0 1 1 1 0 
0 1 0 0 1 0 
0 0 0 0 0 0 
1 1 1 0 0 0 
1 1 0 0 0 0 
1 0 0 0 0 0 
0 0 1 0 0 0 

JOBS [6] - [4, 0, 8, 17, 2, 3]
TOOL SWITCHES : 12
MAKESPAN : 39

- MACHINE [1]

0 1 0 1 1 0 0 
0 0 0 0 1 1 1 
0 0 0 0 0 1 1 
0 0 0 1 1 0 1 
1 1 0 0 1 0 0 
0 1 0 1 0 0 0 
0 0 0 0 0 1 0 
1 0 0 0 0 0 0 
1 0 1 0 1 1 1 
0 0 1 1 1 0 0 
0 0 0 0 0 0 0 
1 0 1 0 0 0 0 
0 1 0 0 0 0 0 
0 0 0 0 0 0 0 
0 0 0 0 0 0 0 
0 0 1 1 0 0 0 
0 1 1 0 0 0 1 
0 0 0 1 0 1 0 
1 0 0 0 0 0 0 
1 0 1 0 0 1 1 

JOBS [7] - [10, 12, 18, 1, 15, 7, 6]
TOOL SWITCHES : 7
MAKESPAN : 37

- MACHINE [2]

1 1 0 1 0 1 1 
0 1 1 0 1 0 0 
0 0 0 1 1 0 1 
0 0 0 0 1 0 0 
0 1 0 0 0 1 0 
0 0 0 0 0 0 0 
1 0 0 1 0 0 1 
0 1 0 0 0 1 0 
1 0 0 0 0 0 0 
0 0 0 0 0 0 0 
0 0 0 1 1 0 1 
0 0 1 0 0 0 0 
0 0 0 0 0 1 0 
1 1 1 0 0 0 0 
0 0 0 1 0 0 0 
0 1 1 1 1 1 1 
0 0 0 0 0 0 0 
0 0 1 0 1 0 0 
1 0 1 0 0 1 0 
0 0 0 0 1 0 1 

JOBS [7] - [9, 19, 14, 5, 16, 13, 11]
TOOL SWITCHES : 4
MAKESPAN : 38

# -------------------------- #

--- TOTAL TOOL SWITCHES : 23
--- HIGHEST MAKESPAN : 39
--- TOTAL FLOWTIME : 409
--- RUNNING TIME : 1.83662

# -------------------------- #
RUN : 1 - instancias_txt/SSP-NPM-I/ins153_m=3_j=20_t=20_var=13.txt

- MACHINE [0]

0 1 0 0 0 0 
1 0 1 0 0 0 
0 0 1 1 0 0 
1 1 1 1 0 0 
1 1 0 0 0 1 
0 0 1 1 0 0 
1 0 0 0 0 0 
1 0 0 1 0 1 
0 1 1 1 1 0 
0 0 0 1 1 0 
1 1 0 0 0 0 
0 0 0 0 1 1 
0 0 1 0 0 1 
0 1 1 1 0 0 
0 0 0 0 1 0 
0 0 0 0 1 1 
0 0 0 0 1 0 
0 0 0 0 0 1 
0 0 0 0 0 0 
0 0 0 0 0 0 

JOBS [6] - [1, 2, 15, 12, 0, 18]
TOOL SWITCHES : 14
MAKESPAN : 45

- MACHINE [1]

0 0 0 1 0 1 1 
1 0 1 1 0 1 0 
1 0 1 0 0 0 0 
0 1 0 0 0 0 0 
0 0 0 0 0 0 0 
0 0 0 0 0 0 1 
0 0 0 1 0 0 1 
0 1 1 0 0 0 0 
0 1 1 0 1 0 1 
0 1 0 0 1 0 0 
0 0 0 0 0 0 0 
0 0 0 0 1 1 0 
1 0 1 0 0 1 0 
0 0 0 0 0 0 0 
0 0 0 0 0 1 0 
1 0 1 1 0 0 0 
0 0 1 1 1 0 1 
0 0 0 0 1 0 1 
1 1 0 0 0 0 0 
1 0 0 0 1 1 0 

JOBS [7] - [19, 4, 8, 5, 13, 6, 9]
TOOL SWITCHES : 7
MAKESPAN : 43

- MACHINE [2]

0 0 0 1 0 0 0 
1 1 0 0 0 0 0 
0 0 0 1 0 0 0 
0 0 1 0 1 0 0 
1 0 0 0 0 1 0 
0 1 0 1 0 1 1 
0 0 1 0 0 0 0 
1 0 0 1 1 0 1 
0 0 0 0 0 0 0 
0 0 1 0 0 1 1 
1 0 1 1 0 1 0 
0 0 0 0 0 0 0 
0 0 0 0 0 0 0 
1 1 1 1 1 0 0 
0 0 0 0 0 0 0 
0 1 0 0 0 1 1 
0 0 0 0 1 0 0 
1 1 0 0 0 0 0 
0 1 0 0 1 0 1 
1 0 1 0 0 0 0 

JOBS [7] - [7, 11, 3, 10, 16, 17, 14]
TOOL SWITCHES : 3
MAKESPAN : 43

# -------------------------- #

--- TOTAL TOOL SWITCHES : 24
--- HIGHEST MAKESPAN : 45
--- TOTAL FLOWTIME : 477
--- RUNNING TIME : 2.29525

# -------------------------- #
RUN : 1 - instancias_txt/SSP-NPM-I/ins154_m=3_j=20_t=20_var=14.txt

- MACHINE [0]

1 0 1 0 0 0 0 
0 0 0 0 0 0 0 
1 0 1 0 0 1 0 
0 0 1 0 0 0 0 
0 1 0 0 0 0 1 
0 0 1 1 1 0 0 
1 1 0 0 0 0 0 
0 0 0 0 1 0 0 
1 1 0 1 0 0 0 
0 0 0 0 0 0 0 
0 0 0 0 0 1 0 
0 1 0 1 1 1 0 
0 0 0 1 0 0 1 
0 0 1 1 1 1 1 
0 0 0 0 0 1 1 
0 0 0 1 1 1 0 
1 1 0 0 0 0 0 
0 0 0 0 0 0 0 
0 0 0 0 0 0 0 
1 0 0 0 1 1 1 

JOBS [7] - [13, 14, 9, 6, 19, 15, 0]
TOOL SWITCHES : 12
MAKESPAN : 42

- MACHINE [1]

0 0 0 0 0 0 
0 0 0 1 0 1 
0 0 0 0 0 0 
1 1 1 0 0 0 
1 0 1 0 1 1 
0 0 0 1 1 1 
0 1 0 1 1 0 
1 0 1 1 0 0 
0 0 0 0 1 0 
1 1 1 0 0 0 
0 1 0 0 0 0 
0 0 0 1 0 0 
0 1 1 1 0 0 
1 0 0 0 1 1 
0 0 0 0 0 0 
0 0 0 0 1 1 
0 0 0 0 0 0 
0 0 0 0 0 1 
0 0 0 0 0 0 
0 1 1 0 0 0 

JOBS [6] - [12, 18, 11, 8, 5, 3]
TOOL SWITCHES : 5
MAKESPAN : 41

- MACHINE [2]

0 0 0 0 0 0 1 
0 0 0 0 0 1 1 
1 0 1 1 0 0 0 
0 0 0 0 1 1 0 
0 0 0 0 0 1 1 
0 0 0 0 0 1 0 
0 0 0 0 0 0 0 
0 0 0 0 0 1 1 
0 1 0 0 0 0 1 
1 1 1 0 0 1 0 
0 1 1 1 0 0 1 
0 0 0 0 0 0 0 
1 0 1 1 1 0 0 
0 0 0 0 0 0 0 
1 0 0 0 0 0 0 
0 1 0 0 1 0 0 
1 1 0 0 0 0 0 
0 0 1 1 1 0 0 
1 0 1 0 1 1 0 
0 1 0 1 1 0 0 

JOBS [7] - [4, 7, 10, 16, 17, 1, 2]
TOOL SWITCHES : 4
MAKESPAN : 41

# -------------------------- #

--- TOTAL TOOL SWITCHES : 21
--- HIGHEST MAKESPAN : 42
--- TOTAL FLOWTIME : 404
--- RUNNING TIME : 2.09516

# -------------------------- #
RUN : 1 - instancias_txt/SSP-NPM-I/ins155_m=3_j=20_t=20_var=15.txt

- MACHINE [0]

0 1 0 0 0 0 
0 0 0 1 1 0 
1 0 0 0 0 0 
0 1 1 1 0 0 
1 1 0 1 0 0 
0 1 1 0 1 0 
1 0 0 0 0 0 
0 0 0 0 0 1 
0 0 0 0 0 0 
1 1 1 1 0 0 
0 0 0 0 0 0 
1 0 0 0 0 0 
0 0 0 0 1 1 
0 1 0 1 1 0 
1 0 0 0 0 0 
0 1 0 0 1 0 
0 0 0 0 0 1 
0 0 1 1 1 1 
0 0 1 1 0 0 
0 0 0 0 0 1 

JOBS [6] - [15, 14, 10, 1, 7, 16]
TOOL SWITCHES : 13
MAKESPAN : 38

- MACHINE [1]

0 0 0 0 0 0 
0 1 0 0 0 0 
0 0 0 1 0 0 
0 1 1 0 0 1 
0 0 0 0 1 1 
0 0 0 0 0 0 
1 0 1 0 0 0 
0 0 0 0 0 0 
1 1 1 0 0 1 
0 0 0 1 1 1 
0 1 0 0 1 1 
1 1 0 0 0 0 
0 0 0 0 0 0 
0 0 0 1 0 1 
1 0 1 0 0 0 
0 0 1 1 1 0 
0 1 1 0 0 0 
1 0 1 1 0 0 
0 0 0 1 0 0 
0 1 0 0 1 0 

JOBS [6] - [13, 11, 6, 12, 17, 8]
TOOL SWITCHES : 6
MAKESPAN : 38

- MACHINE [2]

1 1 1 1 0 1 1 0 
0 0 1 0 0 1 1 0 
1 0 1 1 0 1 0 1 
0 1 1 1 0 0 1 0 
0 0 1 1 0 0 0 1 
0 0 0 0 1 1 1 0 
0 0 0 0 0 0 0 0 
0 0 0 0 1 0 0 1 
0 0 0 0 0 1 1 0 
0 0 0 0 0 0 0 0 
0 1 0 0 1 1 0 0 
0 0 0 0 0 0 0 0 
0 0 0 0 0 0 0 0 
0 0 0 0 0 0 0 0 
1 0 0 1 1 0 0 1 
1 0 0 0 1 0 0 1 
1 1 1 0 0 0 1 1 
1 0 0 1 1 0 0 0 
0 1 1 1 0 0 0 0 
0 1 0 0 1 0 0 1 

JOBS [8] - [19, 4, 2, 5, 0, 9, 3, 18]
TOOL SWITCHES : 2
MAKESPAN : 38

# -------------------------- #

--- TOTAL TOOL SWITCHES : 21
--- HIGHEST MAKESPAN : 38
--- TOTAL FLOWTIME : 408
--- RUNNING TIME : 1.96058

# -------------------------- #
RUN : 1 - instancias_txt/SSP-NPM-I/ins156_m=3_j=20_t=20_var=16.txt

- MACHINE [0]

0 1 0 1 0 
0 0 1 1 1 
0 1 1 0 0 
1 0 0 0 0 
0 0 0 0 0 
0 0 0 0 0 
0 0 0 0 1 
0 0 0 0 1 
0 0 0 0 0 
0 0 0 0 0 
0 0 0 1 1 
0 1 1 1 0 
1 1 0 0 0 
0 0 0 0 0 
1 0 0 0 0 
0 0 1 0 0 
1 0 0 0 0 
1 0 1 1 0 
0 0 1 0 1 
1 1 0 0 0 

JOBS [5] - [6, 12, 16, 4, 7]
TOOL SWITCHES : 8
MAKESPAN : 38

- MACHINE [1]

0 0 0 1 1 1 
1 0 0 0 0 1 
0 0 0 0 0 0 
0 1 0 0 1 1 
0 0 0 1 0 0 
0 0 0 0 1 0 
0 0 0 0 1 1 
0 0 0 0 0 1 
0 0 0 0 0 0 
1 1 1 0 0 0 
1 1 0 0 1 0 
0 1 1 0 0 0 
0 0 0 0 0 0 
0 0 0 0 0 0 
1 0 1 0 0 1 
0 1 0 1 1 0 
0 0 0 1 0 0 
1 0 0 1 1 0 
1 1 1 0 0 0 
0 0 1 1 0 0 

JOBS [6] - [17, 3, 13, 11, 18, 2]
TOOL SWITCHES : 6
MAKESPAN : 42

- MACHINE [2]

0 0 0 0 0 0 1 1 0 
0 0 0 1 1 1 1 0 1 
1 0 1 0 0 0 0 0 0 
0 0 0 0 0 0 0 0 0 
1 0 1 1 1 1 0 0 0 
0 0 1 0 1 1 1 0 1 
0 1 0 0 1 0 0 1 0 
0 0 0 0 0 0 0 0 0 
1 0 1 1 1 1 0 1 0 
0 0 1 0 0 0 1 0 0 
0 1 0 0 0 0 1 0 1 
0 0 0 0 1 1 1 1 0 
1 1 0 1 0 0 0 0 1 
0 1 0 0 0 0 0 0 1 
0 1 0 0 0 0 0 0 0 
1 0 0 1 0 0 0 0 0 
0 1 0 0 0 0 0 1 0 
0 0 0 0 0 0 0 0 0 
1 1 1 1 0 0 0 1 0 
0 0 0 0 0 0 0 0 0 

JOBS [9] - [9, 8, 10, 1, 0, 15, 14, 5, 19]
TOOL SWITCHES : 3
MAKESPAN : 42

# -------------------------- #

--- TOTAL TOOL SWITCHES : 17
--- HIGHEST MAKESPAN : 42
--- TOTAL FLOWTIME : 467
--- RUNNING TIME : 2.30157

# -------------------------- #
RUN : 1 - instancias_txt/SSP-NPM-I/ins157_m=3_j=20_t=20_var=17.txt

- MACHINE [0]

1 0 1 1 0 0 
0 0 1 0 1 0 
0 0 0 1 0 1 
1 0 0 0 0 0 
0 0 0 0 0 0 
0 0 0 1 1 0 
1 1 1 1 0 0 
0 0 0 0 0 0 
1 1 0 1 0 1 
0 0 0 0 0 0 
1 0 0 0 1 0 
0 0 0 0 0 0 
0 0 0 0 1 0 
1 1 1 0 0 1 
0 0 0 0 0 1 
0 1 0 0 0 0 
0 0 0 0 1 1 
0 0 1 1 1 1 
0 1 1 0 0 0 
1 1 0 0 0 0 

JOBS [6] - [18, 9, 6, 7, 1, 15]
TOOL SWITCHES : 12
MAKESPAN : 41

- MACHINE [1]

0 0 0 0 0 0 
1 0 0 0 0 0 
0 0 1 0 0 1 
1 1 0 1 0 1 
0 1 1 0 1 0 
0 0 1 0 0 0 
0 0 1 1 0 0 
0 0 0 0 0 0 
0 0 1 0 0 0 
0 0 0 1 0 0 
1 0 1 0 1 1 
0 1 0 0 0 0 
0 0 0 1 1 1 
1 1 0 1 1 0 
0 0 0 0 0 1 
0 1 1 0 1 0 
1 0 0 0 0 0 
0 0 0 0 0 0 
1 0 0 1 1 0 
0 0 0 0 1 0 

JOBS [6] - [10, 0, 3, 4, 5, 12]
TOOL SWITCHES : 7
MAKESPAN : 41

- MACHINE [2]

1 1 1 0 0 1 0 0 
0 0 0 0 0 0 0 0 
0 0 0 1 1 1 0 1 
1 1 0 0 0 0 0 0 
0 1 1 0 1 1 1 1 
0 0 1 1 1 0 1 0 
0 0 0 0 0 0 0 0 
0 0 1 1 1 0 1 1 
1 0 1 0 0 0 0 0 
0 0 0 1 1 0 1 0 
0 0 0 0 0 0 0 0 
0 0 0 0 0 0 0 0 
1 0 0 0 0 1 0 0 
0 0 0 0 0 0 0 1 
0 1 0 0 0 0 1 0 
1 1 1 1 0 0 0 0 
0 1 1 0 0 1 0 1 
1 0 0 0 1 0 1 0 
1 0 0 0 0 0 0 0 
0 0 0 1 0 1 0 0 

JOBS [8] - [2, 8, 16, 19, 14, 13, 11, 17]
TOOL SWITCHES : 3
MAKESPAN : 41

# -------------------------- #

--- TOTAL TOOL SWITCHES : 22
--- HIGHEST MAKESPAN : 41
--- TOTAL FLOWTIME : 427
--- RUNNING TIME : 2.31719

# -------------------------- #
RUN : 1 - instancias_txt/SSP-NPM-I/ins158_m=3_j=20_t=20_var=18.txt

- MACHINE [0]

1 1 1 0 0 0 1 
0 0 0 0 0 0 0 
0 0 1 0 0 0 0 
1 0 0 0 0 0 0 
0 0 0 0 0 1 0 
0 0 0 1 1 0 0 
0 0 0 0 0 0 1 
0 0 0 0 0 0 0 
0 0 0 1 1 0 0 
0 0 0 1 0 1 0 
0 1 1 0 0 0 1 
1 1 1 1 1 1 0 
0 0 0 0 0 1 1 
1 0 1 0 1 0 1 
0 1 0 0 0 0 0 
0 0 0 0 0 1 1 
1 0 0 0 0 0 0 
0 0 0 1 1 0 1 
1 1 1 1 1 0 0 
0 1 0 0 0 0 0 

JOBS [7] - [11, 9, 2, 16, 5, 17, 15]
TOOL SWITCHES : 13
MAKESPAN : 42

- MACHINE [1]

1 1 0 1 1 1 
0 1 1 0 0 0 
0 0 0 1 0 0 
1 0 0 0 0 0 
0 1 0 0 0 0 
1 0 0 1 1 0 
0 0 0 0 0 0 
1 0 1 0 0 0 
0 0 0 0 1 0 
0 0 1 1 0 1 
1 0 0 0 0 0 
0 0 0 0 1 0 
0 1 1 1 0 0 
0 0 0 0 0 0 
1 0 1 0 0 0 
0 0 1 0 0 1 
0 0 0 0 0 0 
0 0 0 0 1 1 
0 0 0 1 0 0 
0 1 0 0 1 1 

JOBS [6] - [1, 8, 3, 7, 14, 13]
TOOL SWITCHES : 7
MAKESPAN : 42

- MACHINE [2]

0 0 0 0 0 0 0 
0 0 1 1 0 1 0 
0 0 0 0 0 0 1 
0 0 1 1 0 0 0 
0 0 0 0 0 0 0 
0 0 0 0 0 0 0 
1 1 0 0 0 1 1 
0 0 0 0 1 0 0 
1 0 1 1 0 1 1 
0 0 0 0 0 0 0 
1 1 1 0 1 0 0 
0 0 0 1 0 0 0 
0 0 0 1 1 0 0 
0 0 0 1 1 0 0 
0 0 0 0 1 0 1 
1 0 0 0 1 1 1 
1 1 0 0 0 1 0 
0 0 1 0 0 1 0 
1 1 1 0 0 1 0 
0 1 1 0 0 0 1 

JOBS [7] - [0, 19, 6, 12, 10, 4, 18]
TOOL SWITCHES : 3
MAKESPAN : 38

# -------------------------- #

--- TOTAL TOOL SWITCHES : 23
--- HIGHEST MAKESPAN : 42
--- TOTAL FLOWTIME : 398
--- RUNNING TIME : 2.08778

# -------------------------- #
RUN : 1 - instancias_txt/SSP-NPM-I/ins159_m=3_j=20_t=20_var=19.txt

- MACHINE [0]

0 0 0 1 1 
1 1 0 0 0 
0 0 1 1 0 
0 0 1 0 1 
1 0 0 0 0 
0 1 0 0 0 
0 0 0 0 0 
0 0 0 0 0 
1 1 0 0 0 
0 0 0 0 0 
0 0 0 0 0 
0 0 0 0 0 
0 1 1 0 0 
0 0 0 0 0 
1 1 1 1 1 
1 1 0 1 1 
1 0 1 1 0 
0 0 0 0 0 
0 0 0 0 1 
0 0 1 1 0 

JOBS [5] - [2, 8, 7, 19, 1]
TOOL SWITCHES : 6
MAKESPAN : 36

- MACHINE [1]

1 0 1 0 0 0 0 
0 0 0 0 0 0 0 
0 1 0 1 0 0 0 
0 0 0 1 1 1 0 
0 1 1 0 1 0 0 
0 1 1 0 0 0 0 
0 0 0 0 0 0 0 
0 0 0 0 0 1 0 
0 0 0 0 0 0 1 
0 0 0 0 0 1 1 
1 0 0 0 0 0 0 
1 0 0 1 1 0 1 
0 0 0 1 0 1 0 
1 1 0 0 0 0 1 
1 0 1 0 0 0 1 
0 0 0 1 1 0 0 
0 1 0 1 0 1 1 
1 0 0 0 1 1 0 
0 1 1 0 0 0 0 
0 0 0 0 0 1 1 

JOBS [7] - [5, 9, 10, 15, 17, 6, 3]
TOOL SWITCHES : 8
MAKESPAN : 40

- MACHINE [2]

1 0 1 0 1 1 1 0 
0 0 1 1 0 0 0 0 
0 1 0 1 0 0 1 0 
1 1 1 0 0 0 0 0 
1 0 0 0 0 0 0 0 
0 1 0 0 1 0 0 0 
1 0 1 1 0 0 0 0 
0 1 0 1 0 1 1 0 
0 1 1 0 0 1 0 1 
0 0 0 0 0 0 0 1 
0 0 0 0 1 0 1 0 
0 0 1 0 1 0 0 0 
0 1 0 1 1 0 0 1 
1 0 0 0 0 0 1 0 
0 0 0 0 1 0 0 1 
0 0 0 0 0 0 0 0 
0 0 0 0 0 1 1 1 
0 0 0 1 1 1 0 0 
0 0 0 0 0 1 0 0 
1 0 0 1 0 0 0 1 

JOBS [8] - [18, 4, 16, 12, 0, 14, 13, 11]
TOOL SWITCHES : 6
MAKESPAN : 41

# -------------------------- #

--- TOTAL TOOL SWITCHES : 20
--- HIGHEST MAKESPAN : 41
--- TOTAL FLOWTIME : 413
--- RUNNING TIME : 2.3321

# -------------------------- #
RUN : 1 - instancias_txt/SSP-NPM-I/ins160_m=3_j=20_t=20_var=20.txt

- MACHINE [0]

0 0 1 0 0 0 
1 1 1 1 1 0 
0 1 1 1 1 0 
0 1 1 0 0 1 
0 0 0 0 0 0 
0 0 0 0 0 0 
0 0 0 0 0 1 
1 1 0 0 1 0 
0 0 0 1 0 0 
0 0 0 0 0 1 
0 0 0 0 0 0 
1 1 0 0 0 0 
0 0 0 0 0 0 
0 0 0 0 1 0 
0 0 0 1 0 0 
1 1 0 0 0 0 
0 0 1 1 1 1 
1 0 0 0 0 0 
1 0 0 1 0 0 
0 0 0 0 0 1 

JOBS [6] - [4, 16, 14, 5, 13, 1]
TOOL SWITCHES : 10
MAKESPAN : 44

- MACHINE [1]

0 0 0 0 0 0 0 0 
0 0 0 1 0 1 1 1 
0 0 0 0 0 0 0 0 
1 1 0 0 0 0 1 0 
1 0 1 0 1 0 0 0 
0 0 0 0 0 0 0 0 
1 0 1 0 0 0 0 0 
0 0 0 0 1 1 1 0 
1 0 0 1 1 1 0 0 
0 1 0 0 0 0 0 0 
1 0 1 0 1 1 0 0 
0 0 0 1 0 1 0 0 
0 1 0 1 0 1 0 1 
1 0 0 0 0 0 0 0 
0 1 1 1 0 0 0 0 
0 0 0 0 0 0 1 0 
0 1 0 1 0 0 1 1 
0 0 0 0 0 0 1 1 
0 1 1 0 0 0 0 0 
0 0 0 0 1 0 0 1 

JOBS [8] - [0, 10, 9, 3, 19, 7, 17, 18]
TOOL SWITCHES : 7
MAKESPAN : 44

- MACHINE [2]

0 0 1 0 1 0 
0 0 0 0 0 0 
0 1 0 1 1 0 
0 0 0 0 0 0 
1 1 1 1 0 0 
0 0 1 1 0 1 
1 0 1 0 0 0 
1 1 0 1 1 0 
0 0 0 0 0 0 
0 1 1 0 1 0 
0 0 1 0 0 0 
0 0 0 0 0 0 
1 0 0 0 0 1 
0 1 0 0 0 1 
0 0 0 0 0 0 
0 1 0 0 1 0 
1 0 0 1 0 0 
0 0 0 0 0 1 
0 0 0 0 1 0 
1 0 1 1 0 1 

JOBS [6] - [6, 12, 8, 2, 15, 11]
TOOL SWITCHES : 2
MAKESPAN : 37

# -------------------------- #

--- TOTAL TOOL SWITCHES : 19
--- HIGHEST MAKESPAN : 44
--- TOTAL FLOWTIME : 416
--- RUNNING TIME : 2.40671

# -------------------------- #


avg : 42.45
