RUN : 1 - instancias_txt/SSP-NPM-I/ins141_m=3_j=20_t=20_var=1.txt

- MACHINE [0]

0 0 0 0 0 0 
0 0 0 0 1 1 
0 0 0 0 0 0 
1 0 0 0 0 0 
1 1 0 1 0 0 
1 1 0 0 0 0 
0 0 0 0 0 0 
0 0 0 0 0 1 
0 0 0 0 0 0 
0 0 1 1 0 1 
1 1 1 0 0 0 
0 0 0 1 1 0 
0 1 0 1 1 1 
0 1 0 0 0 1 
0 1 1 1 0 0 
0 0 1 1 1 0 
0 0 0 0 1 1 
1 0 1 0 0 0 
0 0 0 0 1 0 
1 0 0 0 0 0 

JOBS [6] - [16, 15, 19, 11, 12, 8]
TOOL SWITCHES : 10
MAKESPAN : 49

- MACHINE [1]

0 0 0 0 0 0 
1 0 0 0 0 1 
0 1 1 1 0 1 
0 0 0 0 0 0 
1 0 0 0 0 0 
0 0 0 1 1 1 
0 0 0 1 1 1 
1 1 1 0 0 0 
1 0 1 0 1 0 
0 0 0 0 1 0 
0 1 0 0 1 0 
0 1 1 1 0 1 
0 1 0 0 0 0 
0 0 1 0 1 1 
1 1 1 0 1 0 
1 0 1 0 0 0 
0 0 0 1 0 0 
0 0 0 0 0 0 
1 0 0 0 0 1 
0 0 0 0 0 0 

JOBS [6] - [18, 7, 9, 3, 10, 5]
TOOL SWITCHES : 7
MAKESPAN : 48

- MACHINE [2]

0 1 1 1 1 1 0 0 
1 0 1 0 0 0 0 0 
1 1 1 0 0 0 0 0 
0 0 1 0 0 0 0 1 
0 0 0 0 0 0 0 0 
0 0 0 0 0 0 1 0 
1 0 0 0 1 0 1 1 
0 0 0 0 1 0 0 0 
0 1 1 0 0 1 0 1 
0 0 0 1 0 1 0 0 
0 1 0 0 0 1 1 0 
0 0 0 0 0 0 0 0 
1 0 0 1 0 0 0 1 
0 1 0 0 0 1 1 0 
1 0 0 1 1 0 0 0 
0 0 0 1 0 0 0 0 
0 0 0 0 0 1 1 0 
0 0 1 0 1 0 0 0 
0 0 0 1 1 0 1 1 
1 1 0 0 0 0 0 0 

JOBS [8] - [0, 14, 4, 1, 2, 17, 13, 6]
TOOL SWITCHES : 5
MAKESPAN : 49

# -------------------------- #

--- TOTAL TOOL SWITCHES : 22
--- HIGHEST MAKESPAN : 49
--- TOTAL FLOWTIME : 527
--- RUNNING TIME : 5.09654

# -------------------------- #
RUN : 1 - instancias_txt/SSP-NPM-I/ins142_m=3_j=20_t=20_var=2.txt

- MACHINE [0]

1 1 0 0 0 0 
1 0 0 0 0 0 
0 0 0 1 1 1 
1 1 1 1 0 1 
0 0 1 1 1 0 
0 1 0 0 1 0 
0 0 0 1 1 1 
1 1 1 0 0 0 
0 0 0 0 0 0 
0 0 0 0 0 0 
1 0 0 0 0 0 
0 0 0 0 0 1 
0 0 0 0 1 1 
1 0 0 0 0 0 
0 0 0 0 0 0 
0 0 1 1 0 0 
0 0 1 0 0 0 
0 0 0 0 1 0 
0 0 0 0 0 0 
0 1 0 1 0 0 

JOBS [6] - [3, 8, 9, 4, 13, 16]
TOOL SWITCHES : 9
MAKESPAN : 41

- MACHINE [1]

0 0 0 0 0 0 
0 0 0 1 1 1 
1 1 0 0 0 0 
0 0 0 0 0 0 
0 0 0 0 1 1 
0 0 1 1 0 0 
0 0 1 0 0 1 
1 1 0 1 1 1 
0 1 0 0 0 0 
1 0 0 1 0 0 
0 0 1 1 1 1 
0 0 0 0 0 0 
0 1 0 0 0 0 
0 1 1 0 1 0 
1 0 1 1 0 1 
1 0 0 0 0 0 
1 1 0 0 0 0 
0 0 0 1 0 0 
1 1 1 0 0 1 
0 0 0 0 1 0 

JOBS [6] - [11, 2, 14, 1, 10, 15]
TOOL SWITCHES : 7
MAKESPAN : 42

- MACHINE [2]

1 1 0 0 1 1 0 0 
0 0 0 0 0 0 0 0 
0 0 0 0 0 0 0 1 
0 0 0 0 0 0 0 0 
0 1 0 0 0 0 0 0 
0 1 0 1 0 0 1 0 
0 0 1 0 0 0 0 0 
0 0 0 1 1 1 1 0 
0 0 1 0 0 1 0 1 
0 1 0 0 0 0 1 0 
0 0 0 0 0 0 0 0 
0 0 1 0 1 0 0 0 
0 0 0 0 1 0 1 0 
1 0 1 1 0 0 0 1 
1 1 0 0 0 0 0 0 
0 0 0 0 0 0 0 0 
1 0 0 0 1 0 0 0 
0 0 0 1 1 1 1 1 
0 1 1 0 0 1 1 1 
1 1 0 1 0 0 0 0 

JOBS [8] - [7, 18, 5, 6, 19, 0, 12, 17]
TOOL SWITCHES : 3
MAKESPAN : 41

# -------------------------- #

--- TOTAL TOOL SWITCHES : 19
--- HIGHEST MAKESPAN : 42
--- TOTAL FLOWTIME : 424
--- RUNNING TIME : 5.08483

# -------------------------- #
RUN : 1 - instancias_txt/SSP-NPM-I/ins143_m=3_j=20_t=20_var=3.txt

- MACHINE [0]

1 1 0 0 0 0 0 
1 0 0 0 0 0 0 
0 0 0 1 0 0 0 
1 1 0 0 0 0 0 
0 0 1 1 1 1 0 
1 1 0 1 1 1 1 
0 0 0 0 0 0 0 
1 0 1 0 0 0 0 
0 1 1 1 1 0 1 
0 0 0 0 0 0 0 
0 0 0 0 0 1 0 
0 0 0 0 0 0 1 
0 0 0 0 1 0 0 
0 0 0 1 1 1 0 
0 0 0 0 0 1 1 
0 1 0 0 1 0 0 
0 0 0 0 0 0 1 
0 0 1 1 0 0 0 
0 0 1 0 0 1 0 
1 0 1 0 0 0 1 

JOBS [7] - [9, 14, 11, 19, 5, 2, 17]
TOOL SWITCHES : 13
MAKESPAN : 42

- MACHINE [1]

0 0 0 0 0 0 
0 0 0 0 0 0 
1 0 1 0 0 0 
1 1 0 0 1 0 
1 0 1 1 0 0 
0 0 0 0 0 0 
0 0 0 1 1 0 
0 0 1 0 0 0 
1 1 0 1 0 1 
0 0 0 0 0 0 
0 0 0 0 0 1 
0 0 0 0 1 1 
0 0 0 0 0 0 
0 1 0 0 0 0 
1 0 0 0 0 0 
0 1 1 0 1 1 
0 1 1 0 0 1 
0 1 0 0 1 0 
0 0 0 1 0 1 
1 0 1 1 0 0 

JOBS [6] - [18, 10, 13, 16, 15, 3]
TOOL SWITCHES : 5
MAKESPAN : 42

- MACHINE [2]

0 1 0 0 0 1 1 
0 1 1 0 1 0 1 
1 0 0 1 0 0 0 
0 0 1 0 0 0 1 
1 0 0 1 0 0 0 
1 1 1 0 0 0 0 
0 1 0 0 0 0 1 
0 0 0 1 1 0 1 
0 0 0 0 0 0 0 
1 0 0 0 1 1 0 
0 1 0 0 1 0 0 
0 0 1 1 0 0 0 
0 0 0 0 0 0 1 
0 0 0 0 1 0 0 
0 0 1 1 1 1 0 
0 0 0 1 0 0 0 
0 0 0 0 0 1 1 
0 0 0 0 0 0 0 
1 0 1 1 0 0 0 
0 1 0 0 0 1 0 

JOBS [7] - [6, 4, 8, 0, 12, 1, 7]
TOOL SWITCHES : 6
MAKESPAN : 42

# -------------------------- #

--- TOTAL TOOL SWITCHES : 24
--- HIGHEST MAKESPAN : 42
--- TOTAL FLOWTIME : 393
--- RUNNING TIME : 4.80718

# -------------------------- #
RUN : 1 - instancias_txt/SSP-NPM-I/ins144_m=3_j=20_t=20_var=4.txt

- MACHINE [0]

0 1 1 0 
0 0 0 0 
0 0 0 1 
1 1 1 1 
0 0 0 0 
0 0 0 0 
0 0 0 0 
1 0 0 0 
1 0 0 0 
0 0 1 1 
0 0 0 1 
0 0 0 1 
0 1 0 0 
0 0 0 0 
0 1 1 1 
1 0 1 0 
0 0 0 0 
0 1 0 0 
1 1 1 1 
1 0 1 0 

JOBS [4] - [8, 5, 9, 13]
TOOL SWITCHES : 8
MAKESPAN : 39

- MACHINE [1]

0 0 0 1 0 0 
1 0 0 0 0 1 
0 0 1 1 1 0 
0 0 1 0 0 0 
1 1 0 0 0 0 
1 1 0 1 1 0 
0 0 0 0 0 0 
0 1 0 1 1 0 
1 1 0 0 1 1 
1 1 0 0 0 0 
0 1 0 0 0 0 
0 0 0 1 1 1 
0 0 0 0 0 0 
0 0 1 0 0 1 
1 0 1 0 0 0 
0 0 1 0 0 1 
0 0 0 0 0 0 
1 0 1 0 1 0 
0 0 0 0 0 1 
0 0 0 0 0 0 

JOBS [6] - [12, 17, 3, 18, 10, 19]
TOOL SWITCHES : 6
MAKESPAN : 39

- MACHINE [2]

0 1 1 0 0 0 0 0 1 1 
0 0 0 1 0 1 0 0 0 0 
1 0 1 0 0 0 1 0 0 0 
1 1 0 1 0 0 1 0 0 0 
0 0 0 0 0 0 0 0 0 0 
0 0 0 0 0 0 0 0 0 1 
0 0 1 0 1 1 1 0 1 1 
1 0 0 0 1 0 0 1 1 0 
1 1 1 0 1 0 0 0 0 0 
0 1 0 0 1 0 1 0 0 1 
0 1 0 1 1 1 0 1 0 0 
0 0 0 0 0 0 0 0 0 0 
0 0 0 0 1 0 1 0 0 1 
0 0 0 0 0 1 0 1 0 1 
0 0 0 0 0 0 1 1 1 0 
1 0 0 1 0 1 0 0 1 0 
0 0 1 1 0 1 0 1 0 0 
1 0 1 0 0 0 0 0 0 0 
0 0 0 0 0 0 0 0 0 0 
1 1 0 0 1 0 0 0 1 1 

JOBS [10] - [6, 2, 11, 0, 4, 14, 16, 15, 7, 1]
TOOL SWITCHES : 4
MAKESPAN : 38

# -------------------------- #

--- TOTAL TOOL SWITCHES : 18
--- HIGHEST MAKESPAN : 39
--- TOTAL FLOWTIME : 385
--- RUNNING TIME : 5.94951

# -------------------------- #
RUN : 1 - instancias_txt/SSP-NPM-I/ins145_m=3_j=20_t=20_var=5.txt

- MACHINE [0]

0 0 0 0 0 0 
0 0 0 1 1 1 
1 0 1 0 0 0 
1 0 0 0 0 0 
1 1 1 0 1 1 
1 1 0 0 0 0 
0 0 0 0 0 0 
0 0 0 1 1 1 
0 0 0 1 0 0 
0 0 1 1 0 1 
0 1 0 0 0 1 
1 0 0 0 0 0 
0 0 0 0 1 0 
0 0 0 0 1 0 
0 0 0 0 0 0 
1 1 1 0 0 0 
0 0 1 1 0 1 
0 0 1 0 0 0 
0 0 0 0 0 0 
0 1 1 1 0 0 

JOBS [6] - [17, 13, 12, 5, 4, 8]
TOOL SWITCHES : 10
MAKESPAN : 43

- MACHINE [1]

0 0 0 1 1 
0 1 0 0 0 
0 0 1 0 1 
1 1 0 0 0 
0 0 0 0 0 
0 0 1 0 0 
1 1 0 0 1 
0 0 0 1 1 
0 0 1 0 1 
1 0 0 0 0 
1 1 0 0 0 
0 0 0 0 0 
0 0 0 0 0 
0 0 1 1 0 
1 0 0 1 0 
1 1 0 0 0 
0 0 1 0 0 
0 0 0 1 0 
0 1 1 0 0 
1 0 0 1 0 

JOBS [5] - [1, 15, 6, 2, 10]
TOOL SWITCHES : 7
MAKESPAN : 46

- MACHINE [2]

1 1 1 0 0 0 0 0 0 
0 0 0 0 0 0 0 1 1 
1 0 1 0 0 0 0 0 1 
0 0 0 0 0 0 0 0 0 
1 0 0 1 0 0 0 1 0 
0 1 0 0 0 1 1 0 0 
0 0 0 0 0 0 0 0 0 
0 1 1 0 0 0 0 0 0 
0 0 1 0 0 0 0 1 0 
1 1 0 1 1 0 0 1 1 
0 0 1 1 1 1 1 0 0 
0 0 1 0 0 1 1 1 1 
0 0 0 0 1 1 1 1 1 
1 0 1 0 1 1 0 0 0 
0 0 0 0 0 0 0 0 0 
0 0 0 1 1 1 0 0 1 
0 0 0 0 0 1 0 0 0 
0 1 0 0 1 0 1 0 0 
1 1 0 1 0 0 1 1 1 
0 0 0 0 0 0 0 0 0 

JOBS [9] - [19, 7, 0, 11, 14, 18, 16, 3, 9]
TOOL SWITCHES : 3
MAKESPAN : 46

# -------------------------- #

--- TOTAL TOOL SWITCHES : 20
--- HIGHEST MAKESPAN : 46
--- TOTAL FLOWTIME : 434
--- RUNNING TIME : 5.31751

# -------------------------- #
RUN : 1 - instancias_txt/SSP-NPM-I/ins146_m=3_j=20_t=20_var=6.txt

- MACHINE [0]

0 0 0 0 0 
0 0 0 1 0 
1 0 0 0 0 
0 0 0 0 0 
0 0 0 0 0 
1 1 1 1 0 
0 0 0 1 1 
0 0 0 0 1 
0 1 1 0 0 
1 1 0 0 0 
1 1 1 1 0 
1 0 0 1 1 
0 0 0 1 1 
1 0 0 0 0 
0 0 1 0 1 
0 1 0 0 0 
0 0 0 0 0 
0 0 0 0 0 
0 0 1 0 0 
1 1 0 1 0 

JOBS [5] - [18, 1, 10, 3, 4]
TOOL SWITCHES : 9
MAKESPAN : 47

- MACHINE [1]

0 1 1 0 0 1 
0 0 0 0 0 0 
0 0 1 1 0 1 
1 1 0 1 0 0 
0 0 0 0 0 0 
0 0 1 1 1 1 
1 0 1 0 0 0 
0 0 0 0 0 0 
0 0 1 1 1 1 
1 0 0 0 0 0 
0 0 0 0 1 0 
0 0 0 0 0 0 
0 0 0 0 1 0 
0 1 0 1 0 0 
0 0 0 1 1 0 
0 0 0 0 0 0 
1 1 0 0 0 1 
1 1 1 0 0 0 
1 1 0 0 0 0 
0 0 1 0 1 1 

JOBS [6] - [19, 13, 16, 15, 14, 9]
TOOL SWITCHES : 5
MAKESPAN : 45

- MACHINE [2]

0 0 0 0 0 0 0 1 0 
0 1 0 0 0 0 0 1 0 
1 0 0 0 1 1 0 0 0 
0 1 1 0 0 0 1 0 1 
0 0 0 1 0 0 1 1 1 
1 1 0 0 0 1 0 1 0 
0 0 1 0 0 0 1 0 0 
1 0 1 0 0 0 0 0 0 
1 1 0 0 0 0 0 0 0 
0 0 0 0 0 0 0 0 0 
0 0 0 1 0 1 0 0 1 
0 0 0 0 0 0 0 0 0 
1 0 0 1 1 0 1 1 0 
0 0 0 0 0 0 0 0 0 
1 0 0 1 1 1 0 0 0 
0 0 1 0 1 1 0 1 0 
1 1 1 0 0 0 1 0 1 
0 0 0 0 0 0 1 0 1 
0 0 0 1 0 0 1 0 0 
0 1 0 1 1 1 0 0 0 

JOBS [9] - [12, 0, 11, 2, 5, 7, 8, 17, 6]
TOOL SWITCHES : 4
MAKESPAN : 47

# -------------------------- #

--- TOTAL TOOL SWITCHES : 18
--- HIGHEST MAKESPAN : 47
--- TOTAL FLOWTIME : 512
--- RUNNING TIME : 5.05241

# -------------------------- #
RUN : 1 - instancias_txt/SSP-NPM-I/ins147_m=3_j=20_t=20_var=7.txt

- MACHINE [0]

1 1 0 0 0 0 
0 1 0 0 0 0 
0 0 0 0 1 1 
0 0 0 0 0 0 
0 0 0 0 0 0 
0 0 1 1 1 1 
0 0 0 0 0 0 
1 0 0 0 0 0 
1 0 0 0 0 0 
0 0 0 0 0 1 
0 0 0 1 0 0 
0 0 1 1 0 0 
0 0 0 0 1 1 
1 1 0 0 0 1 
0 1 0 0 0 0 
1 1 1 0 0 0 
0 0 1 1 0 0 
0 1 1 1 1 0 
0 0 0 0 1 1 
0 0 0 1 1 0 

JOBS [6] - [13, 7, 14, 8, 19, 6]
TOOL SWITCHES : 10
MAKESPAN : 40

- MACHINE [1]

1 0 0 1 1 0 0 
0 1 1 1 0 1 0 
0 0 0 0 0 0 0 
1 1 0 0 0 0 0 
0 0 0 0 0 0 0 
0 0 1 1 0 0 0 
0 1 0 0 1 0 0 
0 0 0 0 0 0 1 
0 0 0 0 0 0 0 
1 0 0 0 0 0 0 
0 0 1 0 1 0 0 
0 0 0 0 0 0 0 
0 1 1 0 0 0 0 
0 1 0 0 0 1 1 
1 1 0 1 0 0 1 
0 0 0 0 1 1 0 
0 1 1 0 1 1 1 
1 0 0 0 1 1 1 
0 0 0 1 0 1 1 
0 0 0 0 0 0 0 

JOBS [7] - [5, 11, 12, 2, 18, 17, 9]
TOOL SWITCHES : 5
MAKESPAN : 39

- MACHINE [2]

0 0 0 0 0 1 0 
0 0 0 0 0 0 0 
0 0 0 1 0 0 1 
0 0 0 1 0 1 0 
0 0 1 1 0 1 1 
1 0 0 0 1 0 0 
0 0 0 0 0 0 1 
1 0 0 1 0 0 0 
1 1 0 0 0 0 0 
0 1 1 0 1 0 0 
0 1 1 1 0 0 0 
1 0 1 0 1 1 1 
0 0 0 0 0 0 0 
0 0 0 0 0 0 0 
0 1 0 0 1 0 0 
0 1 0 0 0 0 0 
0 1 1 0 0 0 1 
0 0 0 0 0 0 0 
0 1 0 0 1 1 0 
1 0 1 1 0 0 0 

JOBS [7] - [4, 15, 1, 10, 3, 0, 16]
TOOL SWITCHES : 3
MAKESPAN : 40

# -------------------------- #

--- TOTAL TOOL SWITCHES : 18
--- HIGHEST MAKESPAN : 40
--- TOTAL FLOWTIME : 420
--- RUNNING TIME : 4.36202

# -------------------------- #
RUN : 1 - instancias_txt/SSP-NPM-I/ins148_m=3_j=20_t=20_var=8.txt

- MACHINE [0]

0 1 0 0 1 1 
0 1 0 0 0 0 
0 0 0 0 0 0 
0 0 1 1 0 0 
0 0 0 1 1 1 
0 0 0 0 0 0 
0 0 0 1 1 0 
0 0 1 1 1 0 
0 0 0 0 0 0 
1 0 0 0 0 1 
1 1 1 0 0 0 
0 0 0 0 0 0 
1 0 0 0 0 0 
1 0 0 0 0 0 
1 0 0 1 1 0 
1 0 1 1 0 0 
0 0 0 0 0 0 
0 1 1 0 0 1 
0 0 0 0 0 1 
0 1 1 0 1 1 

JOBS [6] - [7, 11, 0, 19, 10, 3]
TOOL SWITCHES : 11
MAKESPAN : 39

- MACHINE [1]

0 0 0 0 0 0 0 
0 1 0 1 0 1 1 
1 0 1 0 1 0 0 
0 0 0 0 1 0 0 
0 1 0 0 1 0 0 
0 0 1 0 1 0 1 
0 0 0 1 1 1 0 
0 0 0 0 0 0 1 
0 0 0 1 0 1 0 
0 0 0 0 0 0 0 
0 0 0 0 1 1 1 
0 1 0 0 0 1 1 
0 1 1 0 0 0 0 
1 1 0 1 0 1 1 
1 0 1 0 0 0 0 
1 0 0 0 0 0 0 
0 1 1 1 0 0 0 
1 0 1 0 0 0 0 
1 0 0 0 0 0 0 
0 0 0 0 0 0 0 

JOBS [7] - [6, 9, 16, 8, 15, 5, 4]
TOOL SWITCHES : 7
MAKESPAN : 42

- MACHINE [2]

1 0 1 0 0 0 0 
0 0 0 1 0 1 1 
0 1 0 0 1 0 0 
0 0 0 0 0 0 0 
0 0 1 1 0 0 0 
1 0 0 0 0 1 0 
0 0 1 0 0 0 1 
1 0 0 1 1 1 0 
0 1 0 0 1 1 0 
0 0 0 0 0 0 1 
0 1 0 1 0 0 0 
0 0 0 0 0 0 0 
0 1 0 0 0 0 0 
0 0 0 0 0 0 0 
1 1 0 0 0 1 1 
1 0 1 0 1 0 1 
1 0 1 0 0 1 0 
0 0 1 1 1 0 1 
0 0 0 1 1 0 0 
0 0 0 0 0 1 0 

JOBS [7] - [14, 18, 1, 2, 13, 12, 17]
TOOL SWITCHES : 4
MAKESPAN : 41

# -------------------------- #

--- TOTAL TOOL SWITCHES : 22
--- HIGHEST MAKESPAN : 42
--- TOTAL FLOWTIME : 425
--- RUNNING TIME : 5.69321

# -------------------------- #
RUN : 1 - instancias_txt/SSP-NPM-I/ins149_m=3_j=20_t=20_var=9.txt

- MACHINE [0]

0 0 0 1 0 
0 1 1 0 0 
1 0 0 0 1 
1 1 0 0 0 
0 0 0 0 0 
0 0 0 0 0 
0 0 1 0 1 
0 0 0 0 0 
1 0 0 0 0 
0 1 0 1 1 
0 0 0 0 0 
0 0 1 1 0 
0 1 1 0 0 
0 0 0 1 1 
1 1 0 0 1 
0 0 1 1 1 
1 0 0 0 0 
1 1 0 0 0 
0 1 0 0 0 
0 0 0 0 0 

JOBS [5] - [13, 7, 15, 19, 12]
TOOL SWITCHES : 9
MAKESPAN : 42

- MACHINE [1]

1 1 0 0 0 0 
0 0 1 1 0 0 
0 0 0 0 0 0 
1 0 1 0 0 0 
0 0 0 0 0 1 
0 0 0 0 0 0 
1 0 0 0 0 0 
0 1 1 1 1 0 
0 0 1 0 1 1 
0 0 0 1 1 0 
0 1 0 1 0 1 
0 1 1 1 0 0 
0 0 0 0 0 0 
1 0 1 0 0 1 
0 0 0 0 1 1 
0 1 1 1 1 0 
0 1 0 0 1 0 
0 1 0 0 0 0 
1 0 0 0 1 0 
1 0 0 0 0 0 

JOBS [6] - [1, 17, 5, 10, 0, 4]
TOOL SWITCHES : 7
MAKESPAN : 42

- MACHINE [2]

0 1 0 1 0 0 0 1 0 
1 1 1 1 1 0 0 1 0 
1 0 0 0 1 0 1 0 0 
0 0 0 0 0 0 0 0 0 
1 1 1 0 1 0 0 0 1 
0 0 0 0 1 1 1 0 1 
0 0 1 0 0 1 1 0 0 
1 0 0 0 0 1 1 0 0 
0 0 0 0 0 0 0 0 0 
1 0 0 1 1 1 1 0 0 
0 1 0 0 1 0 0 0 0 
0 0 1 0 0 1 0 0 1 
0 0 0 0 0 0 0 0 0 
1 1 1 1 0 0 1 1 0 
1 0 0 1 1 0 0 0 1 
0 1 0 0 0 0 0 0 0 
0 0 0 1 0 0 0 0 0 
0 0 1 0 0 1 1 1 0 
0 0 0 0 0 0 0 1 1 
0 0 0 0 0 1 0 1 1 

JOBS [9] - [3, 16, 11, 9, 6, 18, 8, 2, 14]
TOOL SWITCHES : 4
MAKESPAN : 42

# -------------------------- #

--- TOTAL TOOL SWITCHES : 20
--- HIGHEST MAKESPAN : 42
--- TOTAL FLOWTIME : 451
--- RUNNING TIME : 5.63353

# -------------------------- #
RUN : 1 - instancias_txt/SSP-NPM-I/ins150_m=3_j=20_t=20_var=10.txt

- MACHINE [0]

1 0 0 0 0 0 
0 0 0 0 0 0 
0 0 0 0 0 0 
0 0 0 0 1 1 
0 0 0 0 0 0 
0 0 0 0 1 1 
0 0 0 0 0 0 
1 1 0 0 0 0 
0 0 0 0 0 1 
0 0 0 0 0 0 
0 1 1 1 0 0 
0 1 1 1 0 0 
0 0 1 0 1 0 
1 1 1 1 1 0 
1 1 0 0 0 0 
0 0 0 0 0 1 
1 0 1 0 1 0 
0 0 0 0 0 1 
0 0 0 1 0 0 
1 0 0 1 1 1 

JOBS [6] - [19, 15, 4, 14, 18, 13]
TOOL SWITCHES : 8
MAKESPAN : 43

- MACHINE [1]

0 0 1 1 0 0 0 
1 0 0 0 0 0 0 
0 1 1 0 1 1 0 
0 0 0 0 0 0 0 
0 0 0 0 1 0 0 
1 1 0 1 0 0 1 
0 0 0 0 1 0 1 
0 0 0 0 0 0 0 
0 0 0 1 0 0 1 
0 0 0 0 0 0 0 
1 1 0 0 1 1 0 
1 0 1 1 1 1 0 
1 1 0 1 1 0 1 
0 0 0 0 0 0 0 
0 0 1 0 0 0 0 
1 1 0 0 0 0 0 
0 1 1 1 0 0 0 
1 0 0 0 0 1 1 
0 0 0 0 0 1 1 
0 0 0 0 0 0 1 

JOBS [7] - [12, 0, 1, 17, 8, 3, 7]
TOOL SWITCHES : 6
MAKESPAN : 42

- MACHINE [2]

1 0 0 0 0 0 0 
1 1 1 0 0 0 0 
0 0 0 0 1 0 1 
1 1 0 1 1 0 1 
0 1 0 1 0 0 1 
0 0 0 0 1 0 1 
1 1 1 0 1 1 0 
0 0 1 0 0 0 0 
0 0 0 1 0 1 0 
1 0 0 0 1 0 1 
0 0 0 1 0 1 0 
0 0 0 0 0 0 0 
0 0 0 0 0 0 0 
0 0 0 0 0 1 0 
0 0 0 0 1 0 1 
0 0 1 1 0 0 1 
0 0 0 0 0 0 0 
0 1 1 0 0 1 0 
1 0 0 1 0 0 0 
1 1 1 1 0 1 0 

JOBS [7] - [9, 16, 11, 6, 10, 5, 2]
TOOL SWITCHES : 4
MAKESPAN : 43

# -------------------------- #

--- TOTAL TOOL SWITCHES : 18
--- HIGHEST MAKESPAN : 43
--- TOTAL FLOWTIME : 470
--- RUNNING TIME : 3.96082

# -------------------------- #
RUN : 1 - instancias_txt/SSP-NPM-I/ins151_m=3_j=20_t=20_var=11.txt

- MACHINE [0]

0 0 0 0 0 0 
1 1 1 0 0 0 
0 0 0 1 0 0 
0 0 0 0 0 0 
0 0 1 1 0 0 
0 0 0 0 0 1 
0 0 1 1 1 0 
0 1 0 1 1 1 
0 0 0 1 0 1 
0 0 0 1 1 0 
0 0 0 0 1 0 
0 1 0 0 0 0 
1 0 1 0 0 0 
1 0 0 0 0 1 
0 0 0 0 0 0 
0 0 0 0 1 1 
1 1 1 0 0 0 
0 0 0 0 1 0 
1 1 1 0 0 0 
1 1 1 0 0 0 

JOBS [6] - [16, 4, 9, 3, 2, 13]
TOOL SWITCHES : 12
MAKESPAN : 43

- MACHINE [1]

0 0 0 0 1 0 1 
1 0 0 0 0 0 0 
0 1 0 0 0 0 0 
0 0 0 1 0 1 0 
0 1 1 0 0 0 0 
0 0 0 0 0 0 0 
0 1 0 1 1 1 0 
1 1 0 0 0 0 1 
0 0 0 0 0 0 0 
0 0 1 0 1 1 0 
1 0 0 1 0 1 1 
1 0 0 0 0 0 0 
0 0 0 0 0 0 0 
0 0 0 0 0 0 1 
0 1 0 1 1 0 0 
0 0 1 1 0 0 1 
0 0 0 0 0 0 0 
0 1 1 0 0 1 0 
1 0 1 1 0 0 0 
0 0 1 0 1 1 0 

JOBS [7] - [1, 0, 14, 12, 8, 5, 6]
TOOL SWITCHES : 6
MAKESPAN : 42

- MACHINE [2]

1 0 0 1 1 1 0 
0 0 0 0 0 1 1 
0 1 0 1 0 0 0 
0 1 1 1 1 0 0 
0 0 0 1 0 0 1 
0 0 0 0 0 0 0 
1 1 0 0 0 0 0 
1 0 1 0 1 1 1 
0 0 0 0 1 0 0 
1 0 0 0 0 1 0 
1 0 1 0 0 0 0 
0 0 0 1 1 0 0 
1 0 0 0 0 1 0 
0 1 1 1 0 0 0 
0 0 0 1 0 0 0 
0 0 1 0 0 0 0 
0 0 1 0 0 1 1 
0 0 0 0 1 0 1 
0 0 0 0 0 0 0 
0 1 1 0 0 0 0 

JOBS [7] - [7, 17, 19, 15, 10, 18, 11]
TOOL SWITCHES : 5
MAKESPAN : 44

# -------------------------- #

--- TOTAL TOOL SWITCHES : 23
--- HIGHEST MAKESPAN : 44
--- TOTAL FLOWTIME : 416
--- RUNNING TIME : 4.31077

# -------------------------- #
RUN : 1 - instancias_txt/SSP-NPM-I/ins152_m=3_j=20_t=20_var=12.txt

- MACHINE [0]

0 0 0 0 0 1 
0 0 0 1 1 1 
0 0 0 0 0 0 
0 1 1 1 0 1 
0 0 0 0 1 0 
0 0 0 0 0 0 
1 1 0 0 0 0 
0 0 0 0 0 1 
0 0 1 1 1 0 
1 0 0 1 1 1 
1 0 0 0 0 0 
1 0 0 0 0 0 
0 1 1 1 0 1 
0 1 0 1 1 0 
0 0 1 1 0 0 
0 0 0 0 0 0 
1 1 1 0 0 0 
1 0 1 0 0 0 
1 0 0 0 0 0 
0 1 0 0 0 0 

JOBS [6] - [4, 8, 0, 2, 17, 3]
TOOL SWITCHES : 11
MAKESPAN : 37

- MACHINE [1]

0 0 1 1 0 1 0 
0 0 0 0 1 1 1 
0 0 0 0 1 0 1 
0 0 0 1 1 1 0 
0 1 1 0 0 1 0 
0 0 1 1 0 0 0 
0 0 0 0 0 0 1 
0 1 0 0 0 0 0 
1 1 0 0 1 1 1 
1 0 0 1 0 1 0 
0 0 0 0 0 0 0 
1 1 0 0 0 0 0 
0 0 1 0 0 0 0 
0 0 0 0 0 0 0 
0 0 0 0 0 0 0 
1 0 0 1 0 0 0 
1 0 1 0 1 0 0 
0 0 0 1 0 0 1 
0 1 0 0 0 0 0 
1 1 0 0 1 0 1 

JOBS [7] - [18, 10, 12, 1, 6, 15, 7]
TOOL SWITCHES : 7
MAKESPAN : 37

- MACHINE [2]

1 1 1 1 0 0 1 
0 0 0 0 1 1 1 
0 1 0 1 1 0 0 
0 0 0 0 1 0 0 
0 0 1 0 0 0 1 
0 0 0 0 0 0 0 
1 1 0 1 0 0 0 
0 0 1 0 0 0 1 
1 0 0 0 0 0 0 
0 0 0 0 0 0 0 
0 1 0 1 1 0 0 
0 0 0 0 0 1 0 
0 0 1 0 0 0 0 
1 0 0 0 0 1 1 
0 0 0 1 0 0 0 
0 1 1 1 1 1 1 
0 0 0 0 0 0 0 
0 0 0 0 1 1 0 
1 0 1 0 0 1 0 
0 1 0 0 1 0 0 

JOBS [7] - [9, 11, 13, 5, 16, 14, 19]
TOOL SWITCHES : 4
MAKESPAN : 38

# -------------------------- #

--- TOTAL TOOL SWITCHES : 22
--- HIGHEST MAKESPAN : 38
--- TOTAL FLOWTIME : 384
--- RUNNING TIME : 4.29913

# -------------------------- #
RUN : 1 - instancias_txt/SSP-NPM-I/ins153_m=3_j=20_t=20_var=13.txt

- MACHINE [0]

0 0 1 1 0 0 
0 0 0 0 0 1 
0 0 0 1 1 1 
0 0 1 0 1 1 
0 1 1 0 0 0 
0 1 0 1 1 1 
0 0 0 0 0 0 
0 0 0 1 1 0 
1 0 1 0 1 1 
1 1 0 0 1 0 
0 1 1 1 0 0 
1 0 0 0 0 0 
0 0 0 0 0 1 
0 0 1 1 1 1 
1 0 0 0 0 0 
1 1 0 0 0 0 
1 0 0 0 0 0 
0 0 0 0 0 0 
0 0 0 0 0 0 
0 0 0 0 0 0 

JOBS [6] - [0, 17, 2, 10, 12, 15]
TOOL SWITCHES : 11
MAKESPAN : 44

- MACHINE [1]

1 0 1 0 0 1 0 
1 1 0 0 0 1 0 
0 1 0 0 0 0 0 
0 0 0 0 0 0 1 
0 0 0 1 0 0 0 
0 0 1 0 0 0 0 
1 0 1 0 0 0 0 
0 1 0 1 0 0 1 
0 1 1 0 1 0 1 
0 0 0 0 1 0 1 
0 0 0 0 0 0 0 
0 0 0 1 1 1 0 
0 1 0 1 0 1 0 
0 0 0 0 0 0 0 
0 0 0 0 0 1 0 
1 1 0 1 0 0 0 
1 1 1 0 1 0 0 
0 0 1 1 1 0 0 
0 0 0 0 0 0 1 
0 0 0 0 1 1 0 

JOBS [7] - [5, 8, 9, 18, 13, 6, 4]
TOOL SWITCHES : 8
MAKESPAN : 44

- MACHINE [2]

0 0 0 0 0 0 0 
1 0 1 0 1 1 0 
0 0 0 0 0 1 0 
1 1 0 1 0 0 0 
1 0 0 0 1 0 0 
0 0 1 0 0 0 1 
1 0 0 1 0 0 0 
1 1 0 0 1 0 1 
0 0 0 0 0 0 0 
0 0 0 1 0 0 1 
1 0 0 1 1 0 0 
0 0 0 0 0 0 0 
0 0 0 0 0 1 0 
0 1 1 1 1 0 0 
0 0 0 0 0 0 0 
0 0 1 0 0 1 1 
0 1 0 0 0 0 0 
0 0 1 0 1 0 0 
0 1 1 0 0 1 1 
0 0 0 1 1 1 0 

JOBS [7] - [1, 16, 11, 3, 7, 19, 14]
TOOL SWITCHES : 3
MAKESPAN : 43

# -------------------------- #

--- TOTAL TOOL SWITCHES : 22
--- HIGHEST MAKESPAN : 44
--- TOTAL FLOWTIME : 472
--- RUNNING TIME : 4.34582

# -------------------------- #
RUN : 1 - instancias_txt/SSP-NPM-I/ins154_m=3_j=20_t=20_var=14.txt

- MACHINE [0]

0 0 0 0 1 1 0 
0 0 0 0 0 0 0 
0 0 0 1 1 1 0 
0 0 0 0 1 0 0 
0 0 1 0 0 0 1 
1 1 0 0 1 0 0 
0 0 0 0 0 1 1 
0 1 0 0 0 0 0 
1 0 0 0 0 1 1 
0 0 0 0 0 0 0 
0 0 0 1 0 0 0 
1 1 0 1 0 0 1 
1 0 1 0 0 0 0 
1 1 1 1 1 0 0 
0 0 1 1 0 0 0 
1 1 0 1 0 0 0 
0 0 0 0 0 1 1 
0 0 0 0 0 0 0 
0 0 0 0 0 0 0 
0 1 1 1 0 1 0 

JOBS [7] - [6, 19, 0, 15, 9, 13, 14]
TOOL SWITCHES : 12
MAKESPAN : 42

- MACHINE [1]

0 0 0 0 0 0 
0 1 1 0 0 1 
0 0 0 0 0 0 
0 0 0 1 1 1 
1 0 1 1 1 1 
1 1 1 0 0 1 
1 1 0 0 0 0 
0 1 0 1 1 1 
1 0 0 0 0 0 
0 0 0 1 1 1 
0 0 0 0 0 0 
0 1 0 0 0 0 
0 1 0 1 0 0 
1 0 1 0 1 0 
0 0 0 0 0 0 
1 0 1 0 0 0 
0 0 0 0 0 0 
0 0 1 0 0 0 
0 0 0 0 0 1 
0 0 0 1 0 0 

JOBS [6] - [5, 8, 3, 11, 12, 1]
TOOL SWITCHES : 5
MAKESPAN : 42

- MACHINE [2]

0 0 0 0 0 0 1 
0 0 0 0 0 0 1 
0 0 1 1 0 1 0 
0 1 0 0 1 0 0 
0 0 0 0 0 0 1 
0 0 0 0 0 0 0 
0 0 0 0 1 0 0 
0 0 0 0 0 0 1 
1 0 0 0 0 0 1 
1 0 1 1 1 0 0 
1 0 0 1 1 1 1 
0 0 0 0 0 0 0 
0 1 1 1 1 1 0 
0 0 0 0 0 0 0 
0 0 1 0 0 0 0 
1 1 0 0 0 0 0 
1 0 1 0 0 0 0 
0 1 0 1 0 1 0 
0 1 1 1 0 0 0 
1 1 0 0 1 1 0 

JOBS [7] - [7, 17, 4, 10, 18, 16, 2]
TOOL SWITCHES : 4
MAKESPAN : 39

# -------------------------- #

--- TOTAL TOOL SWITCHES : 21
--- HIGHEST MAKESPAN : 42
--- TOTAL FLOWTIME : 382
--- RUNNING TIME : 4.41512

# -------------------------- #
RUN : 1 - instancias_txt/SSP-NPM-I/ins155_m=3_j=20_t=20_var=15.txt

- MACHINE [0]

0 0 0 0 0 0 
0 1 0 1 0 0 
0 0 0 0 1 1 
0 0 1 1 0 0 
0 0 0 1 0 1 
0 1 1 0 0 0 
0 0 0 0 0 1 
1 0 0 0 0 0 
0 0 0 0 0 0 
0 0 1 1 1 1 
0 0 0 0 0 0 
0 0 0 0 0 1 
1 1 0 0 0 0 
0 1 0 1 1 0 
0 0 0 0 0 1 
0 1 0 0 1 0 
1 0 0 0 0 0 
1 1 1 1 1 0 
0 0 1 1 1 0 
1 0 0 0 0 0 

JOBS [6] - [16, 7, 10, 1, 12, 15]
TOOL SWITCHES : 11
MAKESPAN : 38

- MACHINE [1]

1 0 0 0 0 0 
0 0 0 0 0 1 
0 0 0 0 0 0 
1 1 0 1 0 1 
1 1 1 0 0 0 
1 0 0 0 0 0 
0 0 0 1 1 0 
0 0 0 0 0 0 
0 1 0 1 1 1 
1 1 1 0 0 0 
0 1 1 0 0 1 
0 0 0 0 1 1 
0 0 0 0 0 0 
1 1 0 0 0 0 
0 0 0 1 1 0 
1 0 1 1 0 0 
0 0 0 1 0 1 
0 0 0 1 1 0 
0 0 0 0 0 0 
0 0 1 0 0 1 

JOBS [6] - [14, 8, 17, 6, 13, 11]
TOOL SWITCHES : 6
MAKESPAN : 36

- MACHINE [2]

1 1 1 1 0 1 1 0 
1 0 1 0 0 0 1 0 
1 1 0 0 0 1 1 1 
1 1 1 1 0 0 0 0 
1 1 0 0 0 0 0 1 
0 0 1 0 1 0 1 0 
0 0 0 0 0 0 0 0 
0 0 0 0 1 0 0 1 
0 0 1 0 0 0 1 0 
0 0 0 0 0 0 0 0 
0 0 0 1 1 0 1 0 
0 0 0 0 0 0 0 0 
0 0 0 0 0 0 0 0 
0 0 0 0 0 0 0 0 
0 1 0 0 1 1 0 1 
0 0 0 0 1 1 0 1 
1 0 1 1 0 1 0 1 
0 1 0 0 1 1 0 0 
1 1 0 1 0 0 0 0 
0 0 0 1 1 0 0 1 

JOBS [8] - [2, 5, 3, 4, 0, 19, 9, 18]
TOOL SWITCHES : 2
MAKESPAN : 38

# -------------------------- #

--- TOTAL TOOL SWITCHES : 19
--- HIGHEST MAKESPAN : 38
--- TOTAL FLOWTIME : 358
--- RUNNING TIME : 4.63534

# -------------------------- #
RUN : 1 - instancias_txt/SSP-NPM-I/ins156_m=3_j=20_t=20_var=16.txt

- MACHINE [0]

0 1 0 1 0 
0 1 1 1 1 
0 0 0 0 1 
1 1 0 0 0 
0 0 0 0 0 
0 0 0 0 0 
0 1 1 0 0 
0 1 1 0 0 
0 0 0 0 0 
0 0 0 0 0 
0 0 1 1 0 
0 0 0 1 1 
1 0 0 0 0 
0 0 0 0 0 
1 1 0 0 0 
0 0 0 0 1 
1 0 0 0 0 
1 0 0 1 1 
0 0 1 0 1 
1 0 0 0 0 

JOBS [5] - [6, 2, 7, 4, 16]
TOOL SWITCHES : 8
MAKESPAN : 41

- MACHINE [1]

0 1 0 1 0 
0 0 0 0 0 
1 1 1 0 0 
0 0 0 1 1 
1 0 1 0 0 
1 0 0 1 0 
0 0 0 1 0 
0 0 0 0 0 
1 0 1 0 0 
1 0 0 0 1 
0 0 0 1 1 
0 1 0 0 1 
0 1 1 0 0 
0 0 0 0 0 
0 0 0 0 0 
0 0 1 1 1 
0 0 0 0 0 
0 0 0 1 0 
1 0 1 0 1 
0 1 0 0 0 

JOBS [5] - [10, 12, 9, 18, 3]
TOOL SWITCHES : 5
MAKESPAN : 40

- MACHINE [2]

1 0 0 0 0 0 0 1 0 1 
0 0 1 0 1 1 1 0 1 1 
0 0 0 0 0 0 0 0 0 0 
0 0 0 0 0 0 0 0 0 0 
1 0 0 0 1 1 0 0 1 0 
0 0 0 0 0 1 1 0 1 1 
0 0 0 1 0 1 0 1 0 0 
0 0 0 0 0 0 0 0 0 0 
0 0 0 0 1 1 0 1 1 0 
0 1 1 0 0 0 0 0 0 1 
0 0 1 1 0 0 1 0 0 1 
0 1 0 0 0 1 0 1 1 1 
0 0 0 1 1 0 1 0 0 0 
0 0 0 1 0 0 1 0 0 0 
0 1 1 1 0 0 0 0 0 0 
1 0 0 0 1 0 0 0 0 0 
1 0 0 1 0 0 0 1 0 0 
1 0 1 0 0 0 0 0 0 0 
0 1 1 1 1 0 0 1 0 0 
1 1 0 0 0 0 0 0 0 0 

JOBS [10] - [11, 13, 17, 8, 1, 0, 19, 5, 15, 14]
TOOL SWITCHES : 4
MAKESPAN : 41

# -------------------------- #

--- TOTAL TOOL SWITCHES : 17
--- HIGHEST MAKESPAN : 41
--- TOTAL FLOWTIME : 448
--- RUNNING TIME : 5.61452

# -------------------------- #
RUN : 1 - instancias_txt/SSP-NPM-I/ins157_m=3_j=20_t=20_var=17.txt

- MACHINE [0]

0 1 1 1 0 0 
0 0 1 0 0 1 
0 0 0 1 1 0 
0 1 0 0 0 0 
0 0 0 0 0 0 
0 0 0 1 0 1 
1 1 1 1 0 0 
0 0 0 0 0 0 
1 1 0 1 1 0 
0 0 0 0 0 0 
0 1 0 0 0 1 
0 0 0 0 0 0 
0 0 0 0 0 1 
1 1 1 0 1 0 
0 0 0 0 1 0 
1 0 0 0 0 0 
0 0 0 0 1 1 
0 0 1 1 1 1 
1 0 1 0 0 0 
1 1 0 0 0 0 

JOBS [6] - [9, 18, 6, 7, 15, 1]
TOOL SWITCHES : 12
MAKESPAN : 41

- MACHINE [1]

0 0 0 0 0 0 
0 0 1 0 0 0 
1 0 0 0 0 1 
0 1 1 1 0 1 
1 0 0 1 1 0 
1 0 0 0 0 0 
1 1 0 0 0 0 
0 0 0 0 0 0 
1 0 0 0 0 0 
0 1 0 0 0 0 
1 0 1 0 1 1 
0 0 0 1 0 0 
0 1 0 0 1 1 
0 1 1 1 1 0 
0 0 0 0 0 1 
1 0 0 1 1 0 
0 0 1 0 0 0 
0 0 0 0 0 0 
0 1 1 0 1 0 
0 0 0 0 1 0 

JOBS [6] - [3, 4, 10, 0, 5, 12]
TOOL SWITCHES : 7
MAKESPAN : 41

- MACHINE [2]

1 1 1 0 0 0 0 1 
0 0 0 0 0 0 0 0 
0 0 1 1 1 1 0 0 
1 1 0 0 0 0 0 0 
0 1 1 0 1 1 1 1 
0 0 0 1 1 0 1 1 
0 0 0 0 0 0 0 0 
0 0 0 1 1 1 1 1 
1 0 0 0 0 0 0 1 
0 0 0 1 1 0 1 0 
0 0 0 0 0 0 0 0 
0 0 0 0 0 0 0 0 
1 0 1 0 0 0 0 0 
0 0 0 0 0 1 0 0 
0 1 0 0 0 0 1 0 
1 1 0 1 0 0 0 1 
0 1 1 0 0 1 0 1 
1 0 0 0 1 0 1 0 
1 0 0 0 0 0 0 0 
0 0 1 1 0 0 0 0 

JOBS [8] - [2, 8, 13, 19, 14, 17, 11, 16]
TOOL SWITCHES : 3
MAKESPAN : 41

# -------------------------- #

--- TOTAL TOOL SWITCHES : 22
--- HIGHEST MAKESPAN : 41
--- TOTAL FLOWTIME : 463
--- RUNNING TIME : 5.24747

# -------------------------- #
RUN : 1 - instancias_txt/SSP-NPM-I/ins158_m=3_j=20_t=20_var=18.txt

- MACHINE [0]

1 1 1 1 0 0 1 
0 0 0 0 0 0 0 
0 1 0 1 0 0 0 
1 0 0 0 0 0 0 
0 0 0 0 0 0 0 
0 0 0 1 1 1 0 
0 0 0 0 0 0 1 
0 0 0 0 0 0 0 
0 0 0 0 1 1 0 
0 0 0 1 1 0 0 
0 1 1 0 0 0 1 
1 1 1 0 1 1 0 
0 0 0 1 0 0 1 
1 1 0 0 0 1 1 
0 0 1 0 0 0 0 
0 0 0 0 0 0 1 
1 0 0 0 0 0 0 
0 0 0 0 1 1 1 
1 1 1 1 1 1 0 
0 0 1 0 0 0 0 

JOBS [7] - [11, 2, 9, 7, 16, 5, 15]
TOOL SWITCHES : 13
MAKESPAN : 42

- MACHINE [1]

1 1 1 0 0 1 
0 0 0 0 1 1 
0 0 0 0 0 0 
0 1 0 0 0 0 
0 0 0 1 0 1 
0 1 1 0 0 0 
0 0 0 0 0 0 
0 1 0 0 1 0 
0 0 1 0 0 0 
1 0 0 1 1 0 
0 1 0 0 0 0 
0 0 1 1 0 0 
0 0 0 1 1 1 
0 0 0 0 0 0 
0 1 0 0 1 0 
1 0 0 1 1 0 
0 0 0 0 0 0 
1 0 1 0 0 0 
0 0 0 0 0 0 
1 0 1 0 0 1 

JOBS [6] - [13, 1, 14, 17, 3, 8]
TOOL SWITCHES : 5
MAKESPAN : 42

- MACHINE [2]

0 0 0 0 0 0 0 
1 0 1 1 0 0 0 
0 0 0 0 0 1 0 
1 0 0 1 0 0 0 
0 0 0 0 0 0 0 
0 0 0 0 0 0 0 
0 1 1 0 0 1 1 
0 0 0 0 1 0 0 
1 1 1 1 0 1 0 
0 0 0 0 0 0 0 
1 1 0 0 1 0 1 
0 0 0 1 0 0 0 
0 0 0 1 1 0 0 
0 0 0 1 1 0 0 
0 0 0 0 1 1 0 
0 1 1 0 1 1 0 
0 1 1 0 0 0 1 
1 0 1 0 0 0 0 
1 1 1 0 0 0 1 
1 0 0 0 0 1 1 

JOBS [7] - [6, 0, 4, 12, 10, 18, 19]
TOOL SWITCHES : 3
MAKESPAN : 38

# -------------------------- #

--- TOTAL TOOL SWITCHES : 21
--- HIGHEST MAKESPAN : 42
--- TOTAL FLOWTIME : 442
--- RUNNING TIME : 4.21317

# -------------------------- #
RUN : 1 - instancias_txt/SSP-NPM-I/ins159_m=3_j=20_t=20_var=19.txt

- MACHINE [0]

0 0 0 1 1 
1 1 0 0 0 
0 0 1 1 0 
0 0 1 0 1 
1 0 0 0 0 
0 1 0 0 0 
0 0 0 0 0 
0 0 0 0 0 
1 1 0 0 0 
0 0 0 0 0 
0 0 0 0 0 
0 0 0 0 0 
0 1 1 0 0 
0 0 0 0 0 
1 1 1 1 1 
1 1 0 1 1 
1 0 1 1 0 
0 0 0 0 0 
0 0 0 0 1 
0 0 1 1 0 

JOBS [5] - [2, 8, 7, 19, 1]
TOOL SWITCHES : 6
MAKESPAN : 36

- MACHINE [1]

0 0 0 1 1 1 0 
0 0 0 0 0 0 0 
0 1 1 0 0 0 0 
1 1 0 0 0 0 0 
1 0 1 1 0 0 0 
0 0 1 1 0 0 0 
0 0 0 0 0 0 0 
0 0 0 0 1 0 0 
0 0 0 0 1 0 1 
0 0 0 0 0 0 1 
0 0 0 0 0 1 0 
1 1 0 0 0 1 1 
0 1 0 0 0 0 0 
0 0 1 0 0 1 1 
0 0 0 1 0 1 1 
1 1 0 0 0 0 0 
0 1 1 0 1 0 1 
1 0 0 0 1 1 0 
0 0 1 1 1 0 0 
0 0 0 0 0 0 1 

JOBS [7] - [17, 15, 9, 10, 14, 5, 3]
TOOL SWITCHES : 8
MAKESPAN : 41

- MACHINE [2]

1 0 1 0 1 1 0 0 
0 1 1 0 0 0 0 0 
0 1 0 1 0 1 0 0 
1 0 1 1 0 0 1 0 
1 0 0 0 0 0 0 0 
0 0 0 1 1 0 0 0 
1 1 1 0 0 0 0 0 
0 1 0 1 0 1 1 0 
0 0 1 1 0 0 0 1 
0 0 0 0 0 0 1 1 
0 0 0 0 1 1 0 0 
0 0 1 0 1 0 0 0 
0 1 0 1 1 0 1 1 
1 0 0 0 0 1 0 0 
0 0 0 0 1 0 0 1 
0 0 0 0 0 0 0 0 
0 0 0 0 0 1 1 1 
0 1 0 0 1 0 1 0 
0 0 0 0 0 0 0 0 
1 1 0 0 0 0 1 1 

JOBS [8] - [18, 12, 16, 4, 0, 13, 6, 11]
TOOL SWITCHES : 5
MAKESPAN : 41

# -------------------------- #

--- TOTAL TOOL SWITCHES : 19
--- HIGHEST MAKESPAN : 41
--- TOTAL FLOWTIME : 416
--- RUNNING TIME : 5.9935

# -------------------------- #
RUN : 1 - instancias_txt/SSP-NPM-I/ins160_m=3_j=20_t=20_var=20.txt

- MACHINE [0]

0 0 1 0 0 0 
1 1 1 1 1 0 
0 1 1 1 1 0 
0 1 1 0 0 0 
0 0 0 0 0 0 
0 0 0 0 0 1 
0 0 0 0 0 0 
1 1 0 0 1 0 
0 0 0 1 0 0 
0 0 0 0 0 0 
0 0 0 0 0 0 
1 1 0 0 0 0 
0 0 0 0 0 1 
0 0 0 0 1 1 
0 0 0 1 0 0 
1 1 0 0 0 0 
0 0 1 1 1 0 
1 0 0 0 0 1 
1 0 0 1 0 0 
0 0 0 0 0 1 

JOBS [6] - [4, 16, 14, 5, 13, 11]
TOOL SWITCHES : 10
MAKESPAN : 41

- MACHINE [1]

0 0 0 0 0 0 0 0 
0 0 0 0 1 1 1 1 
0 0 0 0 0 0 0 0 
1 0 1 0 0 0 1 0 
0 1 0 1 0 0 0 0 
0 0 0 0 0 0 0 0 
0 1 1 0 0 0 0 0 
0 0 0 1 0 1 1 0 
0 0 0 1 0 1 0 1 
1 0 1 0 0 0 0 0 
0 1 0 1 0 1 0 0 
0 0 0 0 0 1 0 1 
1 0 0 0 1 1 0 1 
0 0 0 0 0 0 0 0 
1 1 0 0 0 0 0 1 
0 0 0 0 0 0 1 0 
1 0 1 0 1 0 1 1 
0 0 0 0 1 0 1 0 
1 1 0 0 0 0 0 0 
0 0 1 1 1 0 0 0 

JOBS [8] - [10, 9, 1, 19, 18, 7, 17, 3]
TOOL SWITCHES : 6
MAKESPAN : 44

- MACHINE [2]

1 0 0 0 1 0 
0 0 0 0 0 0 
0 1 1 0 1 0 
0 0 0 0 0 1 
1 1 1 1 0 1 
1 1 0 0 0 0 
1 0 0 1 0 1 
0 1 1 1 1 0 
0 0 0 0 0 1 
1 0 1 0 1 0 
1 0 0 0 0 1 
0 0 0 0 0 0 
0 0 0 1 0 0 
0 0 1 0 0 1 
0 0 0 0 0 0 
0 0 1 0 1 0 
0 1 0 1 0 0 
0 0 0 0 0 0 
0 0 0 0 1 0 
1 1 0 1 0 0 

JOBS [6] - [8, 2, 12, 6, 15, 0]
TOOL SWITCHES : 3
MAKESPAN : 38

# -------------------------- #

--- TOTAL TOOL SWITCHES : 19
--- HIGHEST MAKESPAN : 44
--- TOTAL FLOWTIME : 436
--- RUNNING TIME : 4.1143

# -------------------------- #


avg : 42.35
