RUN : 1 - instancias_txt/SSP-NPM-I/ins141_m=3_j=20_t=20_var=1.txt

- MACHINE [0]

0 0 0 0 1 0 
1 0 1 1 1 0 
0 0 0 0 1 0 
0 1 0 0 1 1 
0 0 0 1 0 1 
0 0 0 0 0 1 
0 1 0 0 0 0 
1 0 0 1 0 0 
0 1 0 1 1 0 
1 0 0 0 0 0 
0 0 0 0 0 1 
0 0 1 0 0 0 
1 1 1 0 0 0 
1 0 0 0 0 0 
0 0 0 1 0 0 
0 0 1 1 0 0 
1 0 1 0 0 0 
0 0 0 0 1 1 
0 1 1 1 0 0 
0 0 0 0 0 1 

JOBS [6] - [8, 6, 12, 18, 4, 16]
TOOL SWITCHES : 15
MAKESPAN : 48

- MACHINE [1]

0 0 0 0 0 0 
0 0 0 0 1 1 
0 0 0 1 1 1 
0 0 0 0 0 0 
0 1 0 0 0 0 
1 1 1 1 1 0 
1 0 1 1 1 1 
0 0 0 0 0 0 
1 0 0 0 0 0 
1 0 0 0 0 0 
1 1 1 0 0 0 
0 0 0 1 1 0 
0 1 0 0 0 1 
1 1 1 0 1 0 
1 1 0 0 0 1 
0 0 0 0 0 0 
0 0 1 1 0 0 
0 0 0 0 0 0 
0 0 1 0 1 0 
0 0 0 0 0 1 

JOBS [6] - [10, 15, 13, 3, 5, 0]
TOOL SWITCHES : 5
MAKESPAN : 49

- MACHINE [2]

0 1 0 0 1 1 0 1 
0 0 0 0 0 0 0 0 
0 1 1 1 0 0 0 0 
0 0 0 0 0 0 0 0 
1 0 0 0 0 0 0 0 
0 0 0 0 0 0 0 0 
0 0 0 0 0 1 0 0 
0 0 1 1 0 1 0 0 
0 1 0 1 0 0 0 1 
1 0 0 0 1 0 1 1 
0 1 1 0 0 0 1 1 
1 0 1 1 0 0 0 0 
1 0 1 0 1 0 0 0 
0 1 0 1 0 0 0 1 
1 0 1 1 1 1 1 0 
1 0 0 1 1 0 1 0 
0 0 0 0 0 0 0 1 
0 0 0 0 0 1 1 0 
0 0 0 0 1 1 0 0 
0 1 0 0 0 0 0 0 

JOBS [8] - [11, 14, 7, 9, 1, 2, 19, 17]
TOOL SWITCHES : 4
MAKESPAN : 49

# -------------------------- #

--- TOTAL TOOL SWITCHES : 24
--- HIGHEST MAKESPAN : 49
--- TOTAL FLOWTIME : 540
--- RUNNING TIME : 2.07954

# -------------------------- #
RUN : 1 - instancias_txt/SSP-NPM-I/ins142_m=3_j=20_t=20_var=2.txt

- MACHINE [0]

1 1 0 0 0 0 
1 0 0 0 0 0 
0 0 0 1 1 1 
1 1 1 1 0 1 
0 0 1 1 1 0 
0 1 0 0 1 0 
0 0 0 1 1 1 
1 1 1 0 0 0 
0 0 0 0 0 0 
0 0 0 0 0 0 
1 0 0 0 0 0 
0 0 0 0 0 1 
0 0 0 0 1 1 
1 0 0 0 0 0 
0 0 0 0 0 0 
0 0 1 1 0 0 
0 0 1 0 0 0 
0 0 0 0 1 0 
0 0 0 0 0 0 
0 1 0 1 0 0 

JOBS [6] - [3, 8, 9, 4, 13, 16]
TOOL SWITCHES : 9
MAKESPAN : 41

- MACHINE [1]

0 0 0 0 0 0 
0 0 1 1 1 0 
1 1 0 0 0 0 
0 0 0 0 0 0 
0 0 0 1 1 0 
0 0 1 0 0 1 
0 0 0 1 0 1 
1 1 1 1 1 0 
0 1 0 0 0 0 
1 0 1 0 0 0 
0 0 1 1 1 1 
0 0 0 0 0 0 
0 1 0 0 0 0 
0 1 0 0 1 1 
1 0 1 1 0 1 
1 0 0 0 0 0 
1 1 0 0 0 0 
0 0 1 0 0 0 
1 1 0 1 0 1 
0 0 0 0 1 0 

JOBS [6] - [11, 2, 1, 15, 10, 14]
TOOL SWITCHES : 7
MAKESPAN : 42

- MACHINE [2]

1 1 0 0 1 0 1 0 
0 0 0 0 0 0 0 0 
0 0 0 0 0 0 0 1 
0 0 0 0 0 0 0 0 
0 0 0 0 0 0 1 0 
0 0 1 0 0 1 1 0 
0 0 0 1 0 0 0 0 
0 1 1 0 1 1 0 0 
0 0 0 1 1 0 0 1 
0 0 1 0 0 0 1 0 
0 0 0 0 0 0 0 0 
0 1 0 1 0 0 0 0 
0 1 1 0 0 0 0 0 
1 0 0 1 0 1 0 1 
1 0 0 0 0 0 1 0 
0 0 0 0 0 0 0 0 
1 1 0 0 0 0 0 0 
0 1 1 0 1 1 0 1 
0 0 1 1 1 0 1 1 
1 0 0 0 0 1 1 0 

JOBS [8] - [7, 19, 12, 5, 0, 6, 18, 17]
TOOL SWITCHES : 3
MAKESPAN : 41

# -------------------------- #

--- TOTAL TOOL SWITCHES : 19
--- HIGHEST MAKESPAN : 42
--- TOTAL FLOWTIME : 433
--- RUNNING TIME : 2.52894

# -------------------------- #
RUN : 1 - instancias_txt/SSP-NPM-I/ins143_m=3_j=20_t=20_var=3.txt

- MACHINE [0]

0 0 0 0 0 1 1 
0 0 0 0 0 1 0 
0 0 0 1 0 0 0 
0 0 0 0 0 1 1 
0 1 1 1 1 0 0 
1 1 1 1 0 1 1 
0 0 0 0 0 0 0 
0 0 0 0 1 1 0 
1 0 1 1 1 0 1 
0 0 0 0 0 0 0 
0 1 0 0 0 0 0 
1 0 0 0 0 0 0 
0 0 1 0 0 0 0 
0 1 1 1 0 0 0 
1 1 0 0 0 0 0 
0 0 1 0 0 0 1 
1 0 0 0 0 0 0 
0 0 0 1 1 0 0 
0 1 0 0 1 0 0 
1 0 0 0 1 1 0 

JOBS [7] - [17, 2, 5, 19, 11, 9, 14]
TOOL SWITCHES : 13
MAKESPAN : 42

- MACHINE [1]

0 0 0 0 0 0 
0 0 0 0 0 0 
1 1 0 0 0 0 
0 1 1 0 0 1 
1 1 0 0 1 0 
0 0 0 0 0 0 
0 0 0 0 1 1 
1 0 0 0 0 0 
0 1 1 1 1 0 
0 0 0 0 0 0 
0 0 0 1 0 0 
0 0 0 1 0 1 
0 0 0 0 0 0 
0 0 1 0 0 0 
0 1 0 0 0 0 
1 0 1 1 0 1 
1 0 1 1 0 0 
0 0 1 0 0 1 
0 0 0 1 1 0 
1 1 0 0 1 0 

JOBS [6] - [13, 18, 10, 3, 16, 15]
TOOL SWITCHES : 5
MAKESPAN : 42

- MACHINE [2]

0 0 1 0 1 0 1 
0 0 1 1 0 1 1 
1 1 0 0 0 0 0 
0 0 0 0 0 1 1 
1 1 0 0 0 0 0 
1 0 1 0 0 1 0 
0 0 1 0 0 0 1 
0 1 0 1 0 0 1 
0 0 0 0 0 0 0 
1 0 0 1 1 0 0 
0 0 1 1 0 0 0 
0 1 0 0 0 1 0 
0 0 0 0 0 0 1 
0 0 0 1 0 0 0 
0 1 0 1 1 1 0 
0 1 0 0 0 0 0 
0 0 0 0 1 0 1 
0 0 0 0 0 0 0 
1 1 0 0 0 1 0 
0 0 1 0 1 0 0 

JOBS [7] - [6, 0, 4, 12, 1, 8, 7]
TOOL SWITCHES : 5
MAKESPAN : 38

# -------------------------- #

--- TOTAL TOOL SWITCHES : 23
--- HIGHEST MAKESPAN : 42
--- TOTAL FLOWTIME : 430
--- RUNNING TIME : 1.84241

# -------------------------- #
RUN : 1 - instancias_txt/SSP-NPM-I/ins144_m=3_j=20_t=20_var=4.txt

- MACHINE [0]

1 1 1 1 1 
0 0 0 0 0 
1 1 0 0 0 
0 0 1 1 1 
0 0 0 0 0 
1 0 0 0 0 
0 1 0 0 0 
1 0 0 0 0 
0 1 0 1 0 
0 0 0 1 1 
0 0 0 1 0 
1 0 0 0 0 
0 0 1 0 0 
0 0 0 0 0 
0 0 1 0 1 
0 0 0 0 1 
0 1 0 0 0 
0 1 1 0 0 
0 0 1 0 1 
0 0 0 1 1 

JOBS [5] - [18, 11, 5, 2, 9]
TOOL SWITCHES : 11
MAKESPAN : 38

- MACHINE [1]

0 0 0 0 0 0 
0 1 0 0 0 0 
0 0 1 1 1 0 
0 0 0 1 1 0 
1 1 0 0 0 0 
1 1 1 0 0 0 
0 0 0 0 0 0 
1 0 1 1 0 1 
1 1 1 1 0 0 
1 1 0 0 0 0 
1 0 0 0 0 1 
0 0 1 0 0 0 
0 0 0 0 0 0 
0 0 0 0 1 1 
0 1 0 0 1 1 
0 0 0 1 1 0 
0 0 0 0 0 1 
0 1 1 1 1 0 
0 0 0 0 0 0 
0 0 0 1 0 0 

JOBS [6] - [17, 12, 10, 6, 3, 15]
TOOL SWITCHES : 6
MAKESPAN : 39

- MACHINE [2]

0 0 0 0 0 0 1 0 1 
1 1 1 0 0 0 0 0 0 
0 0 0 0 1 1 0 0 0 
1 0 0 1 1 1 0 0 0 
0 0 0 0 0 0 0 0 0 
0 0 0 0 0 0 1 0 0 
0 0 1 0 0 1 1 1 1 
0 0 0 1 0 0 0 1 1 
0 1 0 1 0 0 0 1 0 
0 0 0 0 1 1 1 1 0 
1 0 1 0 1 0 0 1 0 
0 1 0 0 1 0 0 0 0 
0 0 0 0 0 1 1 1 0 
0 1 1 0 0 0 1 0 0 
0 0 0 0 1 1 0 0 1 
1 1 1 1 0 0 0 0 1 
1 0 1 0 0 0 0 0 0 
0 0 0 0 0 0 0 0 0 
0 1 0 1 1 0 0 0 0 
0 0 0 1 0 0 1 1 1 

JOBS [9] - [0, 19, 14, 8, 13, 16, 1, 4, 7]
TOOL SWITCHES : 5
MAKESPAN : 39

# -------------------------- #

--- TOTAL TOOL SWITCHES : 22
--- HIGHEST MAKESPAN : 39
--- TOTAL FLOWTIME : 376
--- RUNNING TIME : 2.44081

# -------------------------- #
RUN : 1 - instancias_txt/SSP-NPM-I/ins145_m=3_j=20_t=20_var=5.txt

- MACHINE [0]

1 0 0 0 0 0 
0 1 1 0 0 0 
1 0 0 0 1 1 
0 0 0 0 0 1 
1 1 0 1 1 1 
0 0 0 1 0 1 
0 0 0 0 0 0 
0 1 1 0 0 0 
0 0 1 0 0 0 
1 1 1 0 1 0 
0 1 0 1 0 0 
0 0 0 0 0 1 
0 0 0 0 0 0 
1 0 0 0 0 0 
0 0 0 0 0 0 
0 0 0 1 1 1 
0 1 1 0 1 0 
0 0 0 0 1 0 
1 0 0 0 0 0 
0 0 1 1 1 0 

JOBS [6] - [19, 8, 5, 13, 12, 17]
TOOL SWITCHES : 13
MAKESPAN : 45

- MACHINE [1]

0 0 0 0 0 0 0 0 
0 1 0 1 1 1 0 0 
0 0 0 0 0 1 0 1 
1 1 0 0 0 0 0 0 
0 0 1 1 1 0 0 0 
0 0 0 0 0 0 1 1 
1 1 0 0 0 0 0 0 
0 0 0 1 0 0 0 0 
0 0 0 0 1 0 0 1 
1 0 1 0 1 1 0 0 
1 1 1 0 0 0 1 0 
0 0 0 0 1 1 1 0 
0 0 0 1 1 1 1 0 
0 0 0 1 0 0 1 1 
1 0 0 0 0 0 0 0 
1 1 1 0 0 1 1 0 
0 0 0 0 0 0 1 1 
0 0 0 0 0 0 0 0 
0 1 1 0 1 1 0 1 
1 0 0 0 0 0 0 0 

JOBS [8] - [1, 15, 11, 4, 3, 9, 18, 6]
TOOL SWITCHES : 8
MAKESPAN : 45

- MACHINE [2]

1 1 1 0 1 0 
0 0 0 0 0 0 
1 1 0 0 0 0 
0 0 0 0 0 0 
0 0 0 0 0 0 
0 0 1 1 0 0 
0 1 0 0 0 0 
1 1 1 0 1 0 
1 1 0 0 0 0 
0 0 1 0 0 1 
1 0 0 1 0 1 
1 0 0 1 0 0 
0 0 0 1 0 1 
1 0 0 0 1 1 
0 0 0 0 1 0 
0 0 0 0 0 1 
0 0 0 0 0 0 
0 0 1 1 1 1 
0 0 1 1 0 0 
0 0 0 0 1 0 

JOBS [6] - [0, 10, 7, 16, 2, 14]
TOOL SWITCHES : 3
MAKESPAN : 46

# -------------------------- #

--- TOTAL TOOL SWITCHES : 24
--- HIGHEST MAKESPAN : 46
--- TOTAL FLOWTIME : 477
--- RUNNING TIME : 1.8073

# -------------------------- #
RUN : 1 - instancias_txt/SSP-NPM-I/ins146_m=3_j=20_t=20_var=6.txt

- MACHINE [0]

0 0 0 0 0 
0 1 0 0 0 
0 0 1 1 0 
0 0 0 1 0 
0 0 0 0 0 
0 1 1 1 1 
1 1 0 0 0 
1 0 0 0 0 
0 0 0 1 1 
0 0 1 0 0 
0 1 1 0 1 
1 1 1 0 0 
1 1 0 0 0 
0 0 1 1 0 
1 0 0 1 1 
0 0 0 0 0 
0 0 0 0 0 
0 0 0 0 0 
0 0 0 0 1 
0 1 1 0 0 

JOBS [5] - [4, 3, 18, 15, 10]
TOOL SWITCHES : 9
MAKESPAN : 47

- MACHINE [1]

0 0 1 1 0 1 
0 0 0 0 0 0 
0 0 1 1 0 0 
0 0 0 0 1 1 
0 0 0 0 0 0 
1 1 1 1 0 0 
0 0 0 1 1 0 
0 0 0 0 0 0 
1 1 1 1 0 0 
1 0 0 0 1 0 
1 1 0 0 0 0 
0 0 0 0 0 0 
0 1 0 0 0 0 
0 0 0 0 0 1 
0 1 0 0 0 0 
1 0 0 0 0 0 
0 0 1 0 1 1 
0 0 0 1 1 1 
0 0 0 0 1 1 
1 1 1 1 0 0 

JOBS [6] - [1, 14, 9, 16, 19, 13]
TOOL SWITCHES : 6
MAKESPAN : 45

- MACHINE [2]

0 0 0 0 1 0 0 0 0 
0 0 0 1 1 0 0 0 0 
1 1 0 0 0 0 1 0 0 
0 0 0 1 0 1 0 1 1 
0 0 1 0 1 0 0 1 1 
1 0 0 1 1 0 1 0 0 
0 0 0 0 0 1 0 1 0 
0 0 0 0 0 1 1 0 0 
0 0 0 1 0 0 1 0 0 
0 0 0 0 0 0 0 0 0 
1 0 1 0 0 0 0 0 1 
0 0 0 0 0 0 0 0 0 
0 1 1 0 1 0 1 1 0 
0 0 0 0 0 0 0 0 0 
1 1 1 0 0 0 1 0 0 
1 1 0 0 1 1 0 0 0 
0 0 0 1 0 1 1 1 1 
0 0 0 0 0 0 0 1 1 
0 0 1 0 0 0 0 1 0 
1 1 1 1 0 0 0 0 0 

JOBS [9] - [7, 5, 2, 0, 17, 11, 12, 8, 6]
TOOL SWITCHES : 4
MAKESPAN : 47

# -------------------------- #

--- TOTAL TOOL SWITCHES : 19
--- HIGHEST MAKESPAN : 47
--- TOTAL FLOWTIME : 496
--- RUNNING TIME : 2.30925

# -------------------------- #
RUN : 1 - instancias_txt/SSP-NPM-I/ins147_m=3_j=20_t=20_var=7.txt

- MACHINE [0]

0 0 0 0 0 1 
0 0 0 0 0 0 
1 1 0 0 0 0 
0 0 0 0 0 0 
0 0 0 0 0 0 
1 1 1 1 0 0 
0 0 0 0 0 0 
0 0 0 0 1 1 
0 0 0 0 0 1 
1 0 0 0 0 0 
0 0 0 1 0 0 
0 0 1 1 0 0 
1 1 0 0 0 0 
1 0 0 0 1 1 
0 0 0 0 1 0 
0 0 1 0 0 1 
0 0 1 1 1 0 
0 1 1 1 1 0 
1 1 0 0 1 0 
0 1 0 1 0 0 

JOBS [6] - [6, 19, 14, 8, 9, 13]
TOOL SWITCHES : 11
MAKESPAN : 40

- MACHINE [1]

1 1 0 1 0 1 0 
0 1 1 0 1 1 1 
0 0 0 0 0 0 0 
1 0 1 0 0 0 0 
0 0 0 0 0 0 0 
0 0 0 0 1 1 0 
0 0 1 1 0 0 0 
0 0 0 0 0 0 0 
0 0 0 0 0 0 0 
1 0 0 0 0 0 0 
0 0 0 1 1 0 0 
0 0 0 0 0 0 0 
0 0 1 0 1 0 0 
0 1 1 0 0 0 1 
1 1 1 0 0 1 0 
0 1 0 1 0 0 1 
0 0 1 1 1 0 1 
1 1 0 1 0 0 1 
0 0 0 0 0 1 1 
0 0 0 0 0 0 0 

JOBS [7] - [5, 7, 11, 18, 12, 2, 17]
TOOL SWITCHES : 4
MAKESPAN : 38

- MACHINE [2]

0 0 0 0 0 1 0 
0 0 0 0 0 0 0 
0 0 1 0 0 0 1 
0 0 0 0 0 1 1 
1 0 1 0 0 1 1 
0 1 0 1 0 0 0 
0 0 1 0 0 0 0 
0 0 0 1 0 0 1 
0 0 0 1 1 0 0 
1 1 0 0 1 0 0 
1 0 0 0 1 0 1 
1 1 1 1 0 1 0 
0 0 0 0 0 0 0 
0 0 0 0 0 0 0 
0 1 0 0 1 0 0 
0 0 0 0 1 0 0 
1 0 1 0 1 0 0 
0 0 0 0 0 0 0 
0 1 0 0 1 1 0 
1 0 0 1 0 0 1 

JOBS [7] - [1, 3, 16, 4, 15, 0, 10]
TOOL SWITCHES : 3
MAKESPAN : 40

# -------------------------- #

--- TOTAL TOOL SWITCHES : 18
--- HIGHEST MAKESPAN : 40
--- TOTAL FLOWTIME : 389
--- RUNNING TIME : 2.33986

# -------------------------- #
RUN : 1 - instancias_txt/SSP-NPM-I/ins148_m=3_j=20_t=20_var=8.txt

- MACHINE [0]

1 0 0 0 0 0 
1 0 0 1 0 0 
0 0 0 0 0 1 
0 1 1 0 0 0 
0 0 1 0 0 0 
0 0 0 0 0 0 
0 0 1 1 0 0 
0 1 1 0 0 0 
0 0 0 1 0 1 
0 0 0 0 1 0 
1 1 0 0 1 1 
0 0 0 0 0 0 
0 0 0 0 1 1 
0 0 0 1 1 0 
0 0 1 0 1 1 
0 1 1 0 1 0 
0 0 0 1 0 0 
1 1 0 0 0 0 
0 0 0 0 0 0 
1 1 0 0 0 0 

JOBS [6] - [11, 0, 19, 8, 7, 18]
TOOL SWITCHES : 11
MAKESPAN : 41

- MACHINE [1]

0 0 0 0 0 0 0 
0 0 1 1 1 0 1 
1 1 0 0 0 1 0 
0 1 0 0 0 0 0 
0 1 1 0 0 0 1 
0 1 0 1 0 1 0 
0 1 0 0 1 0 0 
0 0 1 1 0 0 0 
0 0 0 0 1 0 0 
0 0 0 0 0 0 0 
0 1 1 1 1 0 0 
0 0 0 1 1 0 1 
0 0 0 0 0 1 1 
1 0 0 1 1 0 1 
1 0 0 0 0 1 0 
1 0 0 0 0 0 0 
0 0 0 0 0 1 1 
1 0 1 0 0 1 0 
1 0 1 0 0 0 0 
0 0 0 0 0 0 0 

JOBS [7] - [6, 15, 2, 4, 5, 16, 9]
TOOL SWITCHES : 8
MAKESPAN : 41

- MACHINE [2]

1 0 0 1 0 1 1 
0 0 1 0 1 0 0 
0 1 0 0 0 0 0 
0 0 0 0 0 0 0 
1 0 0 1 0 1 0 
0 0 0 0 1 0 1 
0 0 1 1 0 1 0 
0 1 0 0 1 1 1 
0 1 0 0 1 0 0 
1 0 1 0 0 0 0 
0 0 0 0 0 0 0 
0 0 0 0 0 0 0 
0 0 0 0 0 0 0 
0 0 0 0 0 0 0 
0 0 1 0 1 1 1 
0 1 1 1 0 0 1 
0 0 0 1 1 0 1 
1 1 1 1 0 0 0 
1 1 0 0 0 0 0 
1 0 0 0 1 1 0 

JOBS [7] - [3, 13, 17, 1, 12, 10, 14]
TOOL SWITCHES : 2
MAKESPAN : 42

# -------------------------- #

--- TOTAL TOOL SWITCHES : 21
--- HIGHEST MAKESPAN : 42
--- TOTAL FLOWTIME : 435
--- RUNNING TIME : 2.20853

# -------------------------- #
RUN : 1 - instancias_txt/SSP-NPM-I/ins149_m=3_j=20_t=20_var=9.txt

- MACHINE [0]

0 0 0 0 0 
1 0 0 1 0 
0 1 0 1 1 
1 1 0 0 0 
0 0 1 1 0 
0 0 0 1 1 
0 0 0 0 1 
0 0 0 0 1 
0 1 1 0 0 
1 0 0 1 1 
0 0 1 1 0 
0 0 0 0 0 
1 0 0 0 0 
0 0 1 0 1 
1 1 1 1 0 
0 0 0 0 0 
0 1 0 0 0 
1 1 0 0 1 
1 0 0 0 0 
0 0 0 0 0 

JOBS [5] - [7, 13, 4, 6, 8]
TOOL SWITCHES : 12
MAKESPAN : 42

- MACHINE [1]

1 0 0 1 0 
0 1 1 0 0 
0 0 0 0 0 
1 1 0 0 0 
0 0 0 0 0 
0 0 0 0 0 
1 0 1 0 0 
0 1 0 1 1 
0 1 0 0 1 
0 0 0 0 1 
0 0 0 1 0 
0 1 1 1 0 
0 0 1 0 0 
1 1 0 0 0 
0 0 0 0 1 
0 1 1 1 1 
0 0 0 1 1 
0 0 0 1 0 
1 0 0 0 1 
1 0 0 0 0 

JOBS [5] - [1, 5, 15, 17, 0]
TOOL SWITCHES : 7
MAKESPAN : 43

- MACHINE [2]

0 1 1 0 0 1 1 0 0 0 
0 1 1 0 1 0 1 1 0 1 
0 0 0 0 1 0 0 0 1 0 
0 0 0 0 0 0 0 0 0 0 
0 0 0 1 1 0 1 1 0 0 
1 0 0 1 0 0 0 0 0 0 
1 0 0 0 0 0 0 1 1 0 
1 0 0 0 1 0 0 0 0 1 
0 0 0 0 0 0 0 0 0 0 
1 0 1 0 1 1 0 0 1 1 
0 0 0 0 0 0 1 0 0 1 
1 0 0 1 0 1 0 1 0 1 
0 0 0 0 0 0 0 0 0 0 
0 1 1 0 1 1 1 1 1 0 
0 0 1 1 1 0 0 0 1 0 
0 0 0 0 0 1 1 0 1 1 
0 0 1 0 0 0 0 0 0 0 
1 1 0 0 0 0 0 1 0 0 
0 1 0 1 0 0 0 0 0 0 
1 1 0 1 0 0 0 0 0 0 

JOBS [10] - [18, 2, 9, 14, 3, 19, 16, 11, 12, 10]
TOOL SWITCHES : 4
MAKESPAN : 43

# -------------------------- #

--- TOTAL TOOL SWITCHES : 23
--- HIGHEST MAKESPAN : 43
--- TOTAL FLOWTIME : 458
--- RUNNING TIME : 2.57803

# -------------------------- #
RUN : 1 - instancias_txt/SSP-NPM-I/ins150_m=3_j=20_t=20_var=10.txt

- MACHINE [0]

0 0 0 1 0 0 
0 0 0 0 0 0 
1 0 0 0 0 0 
0 0 1 0 1 0 
0 0 0 0 0 0 
1 0 1 1 1 1 
0 0 0 0 0 1 
0 0 0 0 0 0 
0 0 0 1 1 1 
0 0 0 0 0 0 
1 1 0 0 0 0 
0 1 0 1 0 0 
1 1 1 1 0 1 
0 1 1 0 0 0 
0 0 0 0 0 0 
1 0 0 0 1 0 
1 1 1 1 0 0 
0 0 0 0 1 1 
0 0 0 0 0 1 
0 0 1 0 1 1 

JOBS [6] - [0, 4, 18, 17, 13, 7]
TOOL SWITCHES : 10
MAKESPAN : 41

- MACHINE [1]

1 0 1 0 0 0 0 
0 0 0 0 0 0 1 
0 0 1 1 1 0 0 
0 0 0 0 0 0 0 
0 0 0 0 1 0 0 
0 0 0 0 0 0 1 
0 0 0 0 1 0 0 
1 0 0 0 0 1 0 
0 0 0 0 0 0 0 
0 0 0 0 0 0 0 
0 1 0 1 1 1 1 
0 1 1 1 1 1 1 
0 0 0 0 1 0 1 
1 1 0 0 0 1 0 
1 0 1 0 0 1 0 
0 0 0 0 0 0 1 
1 0 1 0 0 0 0 
0 0 0 1 0 0 1 
0 1 0 1 0 0 0 
1 1 0 0 0 0 0 

JOBS [7] - [19, 14, 1, 3, 8, 15, 12]
TOOL SWITCHES : 7
MAKESPAN : 43

- MACHINE [2]

0 0 1 0 0 0 0 
1 0 1 1 0 0 0 
0 1 0 0 0 1 0 
0 1 1 1 1 1 0 
0 1 0 1 1 0 0 
0 1 0 0 0 1 0 
1 0 1 1 0 1 1 
1 0 0 0 0 0 0 
0 0 0 0 1 0 1 
0 1 1 0 0 1 0 
0 0 0 0 1 0 1 
0 0 0 0 0 0 0 
0 0 0 0 0 0 0 
0 0 0 0 0 0 1 
0 1 0 0 0 1 0 
1 1 0 0 1 0 0 
0 0 0 0 0 0 0 
1 0 0 1 0 0 1 
0 0 1 0 1 0 0 
1 0 1 1 1 0 1 

JOBS [7] - [11, 2, 9, 16, 6, 10, 5]
TOOL SWITCHES : 4
MAKESPAN : 43

# -------------------------- #

--- TOTAL TOOL SWITCHES : 21
--- HIGHEST MAKESPAN : 43
--- TOTAL FLOWTIME : 427
--- RUNNING TIME : 1.94819

# -------------------------- #
RUN : 1 - instancias_txt/SSP-NPM-I/ins151_m=3_j=20_t=20_var=11.txt

- MACHINE [0]

0 0 0 0 0 0 
1 1 1 1 0 0 
0 0 0 0 0 0 
0 0 0 0 1 0 
1 0 0 0 0 0 
0 0 0 0 0 1 
1 0 0 0 0 0 
0 0 1 1 1 1 
0 0 0 0 0 1 
0 0 0 0 0 0 
0 0 0 1 1 0 
0 0 1 1 0 0 
1 1 0 0 0 0 
0 1 0 0 1 1 
0 0 0 0 0 0 
0 0 0 0 1 1 
1 1 1 0 1 0 
0 0 0 0 0 0 
1 1 1 1 0 0 
1 1 1 0 1 0 

JOBS [6] - [9, 16, 4, 1, 19, 13]
TOOL SWITCHES : 9
MAKESPAN : 43

- MACHINE [1]

0 0 0 0 1 1 0 
0 0 0 0 0 0 0 
0 0 0 1 0 0 0 
0 0 1 0 0 0 1 
1 0 0 1 0 0 0 
0 0 0 0 0 0 0 
0 1 1 1 0 1 1 
0 1 0 1 1 0 0 
0 0 0 0 0 0 0 
1 1 0 0 0 1 1 
0 1 1 0 1 0 1 
0 0 0 0 0 0 0 
0 0 0 0 0 0 0 
0 0 0 0 1 0 0 
0 0 1 1 0 1 0 
1 1 1 0 1 0 0 
0 0 0 0 0 0 0 
1 1 0 1 0 0 1 
1 0 1 0 0 0 0 
1 0 0 0 0 1 1 

JOBS [7] - [14, 2, 12, 0, 6, 8, 5]
TOOL SWITCHES : 5
MAKESPAN : 44

- MACHINE [2]

0 1 1 0 0 1 1 
0 0 0 1 0 0 1 
1 0 1 0 1 0 0 
1 0 1 0 0 1 0 
0 0 1 1 1 0 0 
0 0 0 0 0 0 0 
1 1 0 0 1 0 0 
0 1 0 1 1 1 1 
0 0 0 0 1 1 0 
0 1 0 0 1 0 1 
0 1 0 0 0 0 0 
0 0 1 0 0 1 0 
0 1 0 0 0 0 1 
1 0 1 0 0 0 0 
0 0 1 0 0 0 0 
0 0 0 0 0 0 0 
0 0 0 1 0 0 1 
0 0 0 1 0 1 0 
0 0 0 0 0 0 0 
1 0 0 0 0 0 0 

JOBS [7] - [17, 7, 15, 11, 3, 10, 18]
TOOL SWITCHES : 4
MAKESPAN : 44

# -------------------------- #

--- TOTAL TOOL SWITCHES : 18
--- HIGHEST MAKESPAN : 44
--- TOTAL FLOWTIME : 426
--- RUNNING TIME : 2.39909

# -------------------------- #
RUN : 1 - instancias_txt/SSP-NPM-I/ins152_m=3_j=20_t=20_var=12.txt

- MACHINE [0]

0 0 1 0 0 0 
0 0 1 1 1 0 
0 0 0 0 0 0 
0 1 1 0 1 1 
0 0 0 1 0 0 
0 0 0 0 0 0 
1 1 0 0 0 0 
0 0 1 0 0 0 
0 0 0 1 1 1 
1 0 1 1 1 0 
1 0 0 0 0 0 
1 0 0 0 0 0 
0 1 1 0 1 1 
0 1 0 1 1 0 
0 0 0 0 1 1 
0 0 0 0 0 0 
1 1 0 0 0 1 
1 0 0 0 0 1 
1 0 0 0 0 0 
0 1 0 0 0 0 

JOBS [6] - [4, 8, 3, 17, 2, 0]
TOOL SWITCHES : 12
MAKESPAN : 39

- MACHINE [1]

0 0 1 0 1 1 1 
0 1 1 0 0 0 0 
0 1 0 0 0 0 0 
0 1 1 0 0 0 1 
0 0 1 1 1 1 0 
0 0 0 0 0 1 1 
0 0 0 0 0 0 0 
0 0 0 1 1 0 0 
1 1 1 1 0 0 0 
1 0 1 0 0 0 1 
0 0 0 0 0 0 0 
1 0 0 1 0 0 0 
0 0 0 0 1 1 0 
0 0 0 0 0 0 0 
0 0 0 0 0 0 0 
1 0 0 0 1 0 1 
1 1 0 0 0 1 0 
0 0 0 0 0 0 1 
0 0 0 1 1 0 0 
1 1 0 1 0 0 0 

JOBS [7] - [18, 6, 15, 10, 13, 12, 1]
TOOL SWITCHES : 7
MAKESPAN : 38

- MACHINE [2]

0 1 1 1 0 1 0 
1 0 1 0 1 0 1 
1 1 0 0 1 1 0 
1 0 0 0 0 0 0 
0 0 1 0 0 0 0 
0 0 0 0 0 0 0 
0 1 0 1 1 1 0 
0 0 1 0 0 0 0 
0 0 0 1 1 0 0 
0 0 0 0 0 0 0 
1 1 0 0 0 1 0 
0 0 0 0 0 0 1 
0 0 0 0 0 0 0 
0 0 1 1 0 0 1 
0 0 0 0 0 1 0 
1 1 1 0 0 1 1 
0 0 0 0 0 0 0 
1 0 0 0 1 0 1 
0 0 0 1 0 0 1 
1 1 0 0 1 0 0 

JOBS [7] - [16, 11, 19, 9, 7, 5, 14]
TOOL SWITCHES : 3
MAKESPAN : 37

# -------------------------- #

--- TOTAL TOOL SWITCHES : 22
--- HIGHEST MAKESPAN : 39
--- TOTAL FLOWTIME : 370
--- RUNNING TIME : 1.89492

# -------------------------- #
RUN : 1 - instancias_txt/SSP-NPM-I/ins153_m=3_j=20_t=20_var=13.txt

- MACHINE [0]

0 1 0 0 0 0 
1 0 1 0 0 0 
0 0 1 1 0 0 
1 1 1 1 1 0 
1 1 0 0 0 0 
0 0 1 1 0 0 
1 0 0 0 0 0 
1 0 0 1 1 0 
0 1 1 1 1 1 
0 0 0 1 1 1 
1 1 0 0 0 0 
0 0 0 0 0 1 
0 0 1 0 0 0 
0 1 1 1 0 0 
0 0 0 0 0 1 
0 0 0 0 0 1 
0 0 0 0 0 1 
0 0 0 0 0 0 
0 0 0 0 1 0 
0 0 0 0 0 0 

JOBS [6] - [1, 2, 15, 12, 4, 0]
TOOL SWITCHES : 12
MAKESPAN : 45

- MACHINE [1]

0 0 0 1 0 1 1 
0 1 1 1 0 1 0 
0 1 1 0 0 0 0 
0 0 0 0 0 0 0 
1 0 0 0 0 0 0 
0 0 0 0 0 0 1 
0 0 0 0 0 1 1 
1 0 1 0 0 0 0 
0 0 1 0 1 0 1 
0 0 0 0 1 0 0 
0 0 0 0 0 0 0 
1 0 0 1 1 0 0 
1 1 1 1 0 0 0 
0 0 0 0 0 0 0 
0 0 0 1 0 0 0 
1 1 1 0 0 1 0 
0 0 1 0 1 1 1 
1 0 0 0 1 0 1 
0 1 0 0 0 0 0 
0 1 0 1 1 0 0 

JOBS [7] - [18, 19, 8, 6, 13, 5, 9]
TOOL SWITCHES : 7
MAKESPAN : 44

- MACHINE [2]

0 0 0 0 0 1 0 
1 1 0 0 0 0 0 
0 0 0 0 0 1 0 
0 0 0 1 0 0 1 
0 1 0 0 1 0 0 
1 0 1 0 1 1 0 
0 0 0 0 0 0 1 
0 1 1 1 0 1 0 
0 0 0 0 0 0 0 
0 0 1 0 1 0 1 
0 1 0 0 1 1 1 
0 0 0 0 0 0 0 
0 0 0 0 0 0 0 
1 1 0 1 0 1 1 
0 0 0 0 0 0 0 
1 0 1 0 1 0 0 
0 0 0 1 0 0 0 
1 1 0 0 0 0 0 
1 0 1 1 0 0 0 
0 1 0 0 0 0 1 

JOBS [7] - [11, 7, 14, 16, 17, 10, 3]
TOOL SWITCHES : 3
MAKESPAN : 43

# -------------------------- #

--- TOTAL TOOL SWITCHES : 22
--- HIGHEST MAKESPAN : 45
--- TOTAL FLOWTIME : 451
--- RUNNING TIME : 2.12146

# -------------------------- #
RUN : 1 - instancias_txt/SSP-NPM-I/ins154_m=3_j=20_t=20_var=14.txt

- MACHINE [0]

0 1 1 0 0 0 0 
0 0 0 0 0 0 0 
0 1 1 0 0 1 0 
0 0 1 0 0 0 0 
1 0 0 0 0 0 1 
0 0 1 1 1 0 0 
1 1 0 0 0 0 0 
0 0 0 0 1 0 0 
1 1 0 1 0 0 0 
0 0 0 0 0 0 0 
0 0 0 0 0 1 0 
1 0 0 1 1 1 0 
0 0 0 1 0 0 1 
0 0 1 1 1 1 1 
0 0 0 0 0 1 1 
0 0 0 1 1 1 0 
1 1 0 0 0 0 0 
0 0 0 0 0 0 0 
0 0 0 0 0 0 0 
0 1 0 0 1 1 1 

JOBS [7] - [14, 13, 9, 6, 19, 15, 0]
TOOL SWITCHES : 12
MAKESPAN : 42

- MACHINE [1]

0 0 0 0 0 0 
0 1 0 0 1 1 
0 0 0 0 0 0 
1 1 1 0 0 0 
1 1 1 1 1 0 
0 1 0 1 1 1 
0 0 0 1 0 1 
1 1 1 0 0 1 
0 0 0 1 0 0 
1 1 1 0 0 0 
0 0 0 0 0 0 
0 0 0 0 0 1 
0 0 1 0 0 1 
1 0 0 1 1 0 
0 0 0 0 0 0 
0 0 0 1 1 0 
0 0 0 0 0 0 
0 0 0 0 1 0 
0 1 0 0 0 0 
0 0 1 0 0 0 

JOBS [6] - [12, 1, 11, 5, 3, 8]
TOOL SWITCHES : 5
MAKESPAN : 42

- MACHINE [2]

0 0 0 1 0 0 0 
0 0 0 1 0 0 0 
1 1 0 0 0 0 1 
0 0 1 0 1 0 0 
0 0 0 1 0 0 0 
0 0 0 0 0 0 0 
0 0 1 0 0 0 0 
0 0 0 1 0 0 0 
0 0 0 1 0 1 0 
0 1 1 0 0 1 1 
1 1 1 1 0 1 0 
0 0 0 0 0 0 0 
1 1 1 0 1 0 1 
0 0 0 0 0 0 0 
0 0 0 0 0 0 1 
0 0 0 0 1 1 0 
0 0 0 0 0 1 1 
1 1 0 0 1 0 0 
0 1 0 0 1 0 1 
1 0 1 0 1 1 0 

JOBS [7] - [16, 10, 18, 2, 17, 7, 4]
TOOL SWITCHES : 4
MAKESPAN : 39

# -------------------------- #

--- TOTAL TOOL SWITCHES : 21
--- HIGHEST MAKESPAN : 42
--- TOTAL FLOWTIME : 428
--- RUNNING TIME : 1.81168

# -------------------------- #
RUN : 1 - instancias_txt/SSP-NPM-I/ins155_m=3_j=20_t=20_var=15.txt

- MACHINE [0]

0 0 1 1 0 0 0 
0 0 0 0 1 0 1 
0 1 1 1 0 0 0 
0 0 0 1 1 1 0 
0 1 0 1 1 0 0 
0 0 0 0 0 1 1 
0 0 0 0 0 0 0 
1 1 0 0 0 0 0 
0 0 0 0 0 0 0 
0 0 0 0 1 1 0 
0 0 0 0 0 0 0 
0 0 0 0 0 0 0 
1 0 0 0 0 0 1 
0 0 0 0 1 0 1 
0 1 1 1 0 0 0 
0 1 1 0 0 0 1 
1 1 1 0 0 0 0 
1 0 1 1 1 1 1 
0 0 0 1 1 1 0 
1 1 0 0 0 0 0 

JOBS [7] - [16, 18, 19, 5, 1, 10, 7]
TOOL SWITCHES : 12
MAKESPAN : 40

- MACHINE [1]

1 1 0 0 0 1 
1 0 0 0 0 0 
1 0 0 0 1 0 
1 1 0 1 0 1 
1 0 1 1 0 1 
0 0 0 0 0 1 
0 0 0 0 0 0 
0 0 0 0 0 0 
0 0 0 1 0 0 
0 0 1 1 1 1 
0 1 1 1 0 0 
0 0 0 0 0 0 
0 0 0 0 0 0 
0 0 0 1 1 1 
0 0 0 0 0 0 
0 0 1 0 1 1 
1 1 0 0 0 0 
0 0 0 0 1 0 
1 1 0 0 1 0 
0 1 1 0 0 0 

JOBS [6] - [2, 4, 17, 8, 12, 14]
TOOL SWITCHES : 5
MAKESPAN : 38

- MACHINE [2]

0 1 0 0 0 1 0 
0 1 0 0 1 1 0 
0 0 0 0 0 1 1 
0 1 1 0 1 0 0 
0 0 0 0 0 0 1 
1 1 0 0 0 1 0 
0 0 1 1 0 0 1 
1 0 0 0 0 0 0 
0 1 1 1 1 1 0 
0 0 0 0 0 0 1 
1 0 0 0 1 1 0 
0 0 0 1 1 0 1 
0 0 0 0 0 0 0 
0 0 0 0 0 0 0 
1 0 1 1 0 0 1 
1 0 1 0 0 0 0 
0 1 1 0 1 0 0 
1 0 1 1 0 0 0 
0 0 0 0 0 0 0 
1 0 0 0 1 0 0 

JOBS [7] - [0, 3, 6, 13, 11, 9, 15]
TOOL SWITCHES : 4
MAKESPAN : 41

# -------------------------- #

--- TOTAL TOOL SWITCHES : 21
--- HIGHEST MAKESPAN : 41
--- TOTAL FLOWTIME : 422
--- RUNNING TIME : 1.94767

# -------------------------- #
RUN : 1 - instancias_txt/SSP-NPM-I/ins156_m=3_j=20_t=20_var=16.txt

- MACHINE [0]

0 1 0 0 1 1 
0 0 0 1 1 0 
0 1 0 0 0 0 
0 0 1 0 1 1 
0 0 0 0 0 0 
0 0 0 0 0 1 
0 0 0 1 1 1 
0 0 0 1 1 0 
0 0 0 0 0 0 
1 0 0 0 0 0 
0 0 0 1 0 1 
1 1 0 0 0 0 
0 1 1 0 0 0 
0 0 0 0 0 0 
1 0 1 0 1 0 
0 0 0 0 0 1 
0 0 1 0 0 0 
0 0 1 0 0 1 
1 0 0 1 0 0 
1 1 1 0 0 0 

JOBS [6] - [13, 12, 6, 7, 2, 18]
TOOL SWITCHES : 12
MAKESPAN : 42

- MACHINE [1]

0 0 0 0 0 0 
0 0 1 1 0 1 
1 1 0 1 0 0 
0 0 0 0 1 0 
1 1 1 0 0 0 
1 0 0 0 0 0 
0 0 0 0 0 0 
0 0 0 0 0 0 
1 1 1 0 0 0 
1 0 0 0 1 1 
0 0 0 0 1 1 
0 0 0 1 1 0 
0 1 1 0 0 0 
0 0 0 0 0 0 
0 0 0 0 0 1 
0 1 1 1 1 0 
0 0 0 0 0 0 
0 0 0 1 0 1 
1 1 1 1 1 1 
0 0 0 0 0 0 

JOBS [6] - [10, 9, 1, 16, 3, 17]
TOOL SWITCHES : 4
MAKESPAN : 41

- MACHINE [2]

1 1 1 0 0 0 0 1 
1 0 1 0 1 1 1 0 
0 0 0 0 0 0 0 0 
0 0 0 0 0 0 0 0 
0 1 0 0 1 1 0 0 
0 0 1 0 1 1 1 0 
0 0 0 1 1 0 0 1 
0 0 0 0 0 0 0 0 
0 0 0 0 1 1 0 1 
0 0 1 0 0 0 0 0 
1 0 1 1 0 0 1 0 
1 0 1 0 1 1 0 1 
0 0 0 1 0 0 1 0 
0 0 0 1 0 0 1 0 
0 0 0 1 0 0 0 0 
0 1 0 0 0 0 0 0 
0 1 0 1 0 0 0 1 
1 1 0 0 0 0 0 0 
0 0 0 1 0 0 0 1 
0 1 0 0 0 0 0 0 

JOBS [8] - [4, 11, 14, 8, 0, 15, 19, 5]
TOOL SWITCHES : 4
MAKESPAN : 42

# -------------------------- #

--- TOTAL TOOL SWITCHES : 20
--- HIGHEST MAKESPAN : 42
--- TOTAL FLOWTIME : 469
--- RUNNING TIME : 2.22347

# -------------------------- #
RUN : 1 - instancias_txt/SSP-NPM-I/ins157_m=3_j=20_t=20_var=17.txt

- MACHINE [0]

0 0 1 1 0 1 
1 0 0 0 0 1 
0 1 1 0 0 0 
0 0 0 1 0 0 
0 0 0 0 0 0 
1 0 1 0 0 0 
0 0 1 1 1 1 
0 0 0 0 0 0 
0 1 1 1 1 0 
0 0 0 0 0 0 
1 0 0 1 0 0 
0 0 0 0 0 0 
1 0 0 0 0 0 
0 1 0 1 1 1 
0 1 0 0 0 0 
0 0 0 0 1 0 
1 1 0 0 0 0 
1 1 1 0 0 1 
0 0 0 0 1 1 
0 0 0 1 1 0 

JOBS [6] - [1, 15, 7, 18, 9, 6]
TOOL SWITCHES : 12
MAKESPAN : 41

- MACHINE [1]

0 0 0 0 0 0 
0 0 0 1 0 0 
1 0 0 0 1 0 
0 1 0 1 1 1 
1 0 1 0 0 1 
1 0 0 0 0 0 
1 1 0 0 0 0 
0 0 0 0 0 0 
1 0 0 0 0 0 
0 1 0 0 0 0 
1 0 1 1 1 0 
0 0 0 0 0 1 
0 1 1 0 1 0 
0 1 1 1 0 1 
0 0 0 0 1 0 
1 0 1 0 0 1 
0 0 0 1 0 0 
0 0 0 0 0 0 
0 1 1 1 0 0 
0 0 1 0 0 0 

JOBS [6] - [3, 4, 5, 10, 12, 0]
TOOL SWITCHES : 7
MAKESPAN : 41

- MACHINE [2]

0 1 0 1 0 1 0 1 
0 0 0 0 0 0 0 0 
0 0 1 0 1 0 1 1 
0 0 0 1 0 1 0 0 
1 1 1 1 1 0 0 1 
1 1 0 0 1 0 1 0 
0 0 0 0 0 0 0 0 
1 1 1 0 1 0 1 0 
0 1 0 0 0 1 0 0 
1 0 0 0 1 0 1 0 
0 0 0 0 0 0 0 0 
0 0 0 0 0 0 0 0 
0 0 0 0 0 1 0 1 
0 0 1 0 0 0 0 0 
1 0 0 1 0 0 0 0 
0 1 0 1 0 1 1 0 
0 1 1 1 0 0 0 1 
1 0 0 0 1 1 0 0 
0 0 0 0 0 1 0 0 
0 0 0 0 0 0 1 1 

JOBS [8] - [11, 16, 17, 8, 14, 2, 19, 13]
TOOL SWITCHES : 3
MAKESPAN : 41

# -------------------------- #

--- TOTAL TOOL SWITCHES : 22
--- HIGHEST MAKESPAN : 41
--- TOTAL FLOWTIME : 425
--- RUNNING TIME : 2.10123

# -------------------------- #
RUN : 1 - instancias_txt/SSP-NPM-I/ins158_m=3_j=20_t=20_var=18.txt

- MACHINE [0]

0 0 1 1 1 0 
0 0 0 0 0 0 
0 0 1 1 0 1 
0 0 0 0 0 0 
0 1 0 0 0 0 
1 0 1 0 0 0 
0 0 0 0 0 1 
0 0 0 0 0 0 
1 0 0 0 0 1 
1 1 1 0 0 0 
0 0 0 1 1 0 
1 1 0 1 1 0 
0 1 1 0 0 0 
0 0 0 1 0 0 
0 0 0 0 1 1 
0 1 0 0 0 1 
0 0 0 0 0 0 
1 0 0 0 0 0 
1 0 1 1 1 0 
0 0 0 0 1 1 

JOBS [6] - [16, 17, 7, 2, 9, 18]
TOOL SWITCHES : 11
MAKESPAN : 42

- MACHINE [1]

1 0 1 1 1 0 
0 0 0 1 0 1 
0 0 0 0 0 0 
0 0 1 0 0 0 
0 0 0 1 0 0 
0 0 1 0 0 0 
1 0 0 0 0 0 
0 1 1 0 0 1 
0 0 0 0 0 0 
0 0 0 0 1 1 
1 1 1 0 0 0 
0 0 0 0 0 0 
1 1 0 1 0 1 
1 1 0 0 0 0 
0 1 1 0 0 1 
1 1 0 0 1 1 
0 0 0 0 0 0 
1 0 0 0 1 0 
0 0 0 0 0 0 
0 0 0 1 1 0 

JOBS [6] - [15, 10, 1, 8, 13, 3]
TOOL SWITCHES : 5
MAKESPAN : 43

- MACHINE [2]

0 0 0 1 0 1 0 0 
1 1 1 0 0 0 0 0 
0 0 0 0 0 0 0 0 
1 0 1 0 0 1 0 0 
0 0 0 0 0 0 0 0 
0 0 0 1 1 0 0 0 
0 1 0 0 0 0 1 1 
0 0 0 0 0 0 0 0 
1 1 1 1 1 0 1 0 
0 0 0 0 0 0 0 0 
0 0 1 0 0 0 1 1 
1 0 0 1 1 1 0 0 
1 0 0 0 0 0 0 0 
1 0 0 0 1 1 0 0 
0 0 0 0 0 0 0 0 
0 1 0 0 0 0 1 0 
0 1 0 0 0 1 1 1 
0 1 1 1 1 0 0 0 
0 1 1 0 1 1 1 1 
0 0 1 1 0 0 0 1 

JOBS [8] - [12, 4, 6, 14, 5, 11, 0, 19]
TOOL SWITCHES : 2
MAKESPAN : 42

# -------------------------- #

--- TOTAL TOOL SWITCHES : 18
--- HIGHEST MAKESPAN : 43
--- TOTAL FLOWTIME : 457
--- RUNNING TIME : 2.20782

# -------------------------- #
RUN : 1 - instancias_txt/SSP-NPM-I/ins159_m=3_j=20_t=20_var=19.txt

- MACHINE [0]

1 1 1 0 1 1 
0 0 0 0 0 0 
0 0 1 1 1 0 
1 1 0 1 0 0 
1 0 0 0 0 0 
0 0 0 0 0 0 
1 0 0 0 0 0 
0 0 0 0 1 0 
0 0 0 0 0 0 
0 0 0 0 0 0 
0 0 0 0 1 1 
0 0 0 0 0 1 
0 0 0 1 0 0 
1 0 0 0 1 1 
0 1 1 1 0 1 
0 1 1 0 0 0 
0 0 1 1 1 0 
0 0 0 0 0 1 
0 1 0 0 0 0 
1 0 1 1 0 0 

JOBS [6] - [18, 1, 19, 7, 13, 5]
TOOL SWITCHES : 10
MAKESPAN : 41

- MACHINE [1]

0 0 0 0 1 1 0 
0 0 0 1 0 0 0 
0 0 0 0 0 0 1 
1 0 1 0 0 0 0 
0 0 1 1 1 0 1 
0 0 0 0 1 0 1 
0 0 0 0 0 0 0 
1 0 0 0 0 1 0 
0 1 0 1 0 1 0 
1 1 0 0 0 0 0 
0 0 0 0 0 0 0 
0 1 1 0 0 0 0 
1 0 0 0 0 0 0 
0 1 0 0 0 0 1 
0 1 0 1 1 0 0 
0 0 1 1 0 0 0 
1 1 0 1 0 1 1 
1 0 1 0 0 1 0 
0 0 0 0 1 1 1 
1 1 0 0 0 0 0 

JOBS [7] - [6, 3, 17, 2, 10, 14, 9]
TOOL SWITCHES : 8
MAKESPAN : 39

- MACHINE [2]

0 1 0 0 0 1 0 
1 1 0 0 1 0 0 
1 0 0 1 0 0 1 
0 1 0 1 0 0 1 
0 0 0 0 0 0 0 
0 0 0 0 1 1 1 
1 1 0 0 0 0 0 
1 0 0 0 0 0 1 
0 1 1 0 1 0 1 
0 0 1 0 0 0 0 
0 0 0 0 0 1 0 
0 1 0 1 0 1 0 
1 0 1 1 1 1 1 
0 0 0 0 0 0 0 
0 0 1 0 1 1 0 
0 0 0 1 1 0 0 
0 0 1 1 0 0 0 
1 0 0 0 0 1 0 
0 0 0 0 0 0 0 
1 0 1 0 0 0 0 

JOBS [7] - [12, 16, 11, 15, 8, 0, 4]
TOOL SWITCHES : 4
MAKESPAN : 41

# -------------------------- #

--- TOTAL TOOL SWITCHES : 22
--- HIGHEST MAKESPAN : 41
--- TOTAL FLOWTIME : 423
--- RUNNING TIME : 2.08054

# -------------------------- #
RUN : 1 - instancias_txt/SSP-NPM-I/ins160_m=3_j=20_t=20_var=20.txt

- MACHINE [0]

0 0 0 0 0 1 
1 0 1 1 1 1 
1 0 0 1 1 1 
0 0 0 1 0 1 
0 0 0 0 0 0 
0 1 0 0 0 0 
0 0 0 0 0 0 
1 0 1 1 0 0 
0 0 0 0 1 0 
0 0 0 0 0 0 
0 0 0 0 0 0 
0 0 1 1 0 0 
0 1 0 0 0 0 
1 1 0 0 0 0 
0 0 0 0 1 0 
0 0 1 1 0 0 
1 0 0 0 1 1 
0 1 1 0 0 0 
0 0 1 0 1 0 
0 1 0 0 0 0 

JOBS [6] - [13, 11, 4, 16, 5, 14]
TOOL SWITCHES : 11
MAKESPAN : 43

- MACHINE [1]

0 0 0 0 0 0 0 
1 1 1 1 0 0 0 
0 0 0 0 0 0 0 
1 0 0 0 0 1 1 
0 0 0 0 1 0 0 
0 0 0 0 0 0 0 
0 0 0 0 1 0 1 
1 0 1 0 0 0 0 
0 0 1 1 0 0 0 
0 0 0 0 0 1 1 
0 0 1 0 1 0 0 
0 0 1 1 0 0 0 
0 1 1 1 0 1 0 
0 0 0 0 0 0 0 
0 0 0 1 1 1 0 
1 0 0 0 0 0 0 
1 1 0 1 0 1 1 
1 1 0 0 0 0 0 
0 0 0 0 1 1 0 
0 1 0 0 0 0 1 

JOBS [7] - [17, 18, 7, 3, 9, 10, 1]
TOOL SWITCHES : 6
MAKESPAN : 43

- MACHINE [2]

0 1 0 0 0 1 0 
0 0 0 0 0 0 0 
1 1 1 0 0 0 0 
0 0 0 1 0 0 0 
1 0 1 1 1 1 1 
0 0 1 0 0 1 0 
0 0 0 1 1 1 0 
1 1 1 0 1 0 1 
0 0 0 1 0 0 1 
1 1 0 0 0 1 0 
0 0 0 1 0 1 1 
0 0 0 0 0 0 0 
0 0 0 0 1 0 0 
1 0 0 1 0 0 0 
0 0 0 0 0 0 0 
1 1 0 0 0 0 0 
0 0 1 0 1 0 0 
0 0 0 0 0 0 0 
0 1 0 0 0 0 0 
0 0 1 0 1 1 1 

JOBS [7] - [12, 15, 2, 0, 6, 8, 19]
TOOL SWITCHES : 3
MAKESPAN : 44

# -------------------------- #

--- TOTAL TOOL SWITCHES : 20
--- HIGHEST MAKESPAN : 44
--- TOTAL FLOWTIME : 479
--- RUNNING TIME : 2.06357

# -------------------------- #


avg : 42.75
