RUN : 1 - instancias_txt/SSP-NPM-I/ins141_m=3_j=20_t=20_var=1.txt

- MACHINE [0]

0 0 0 0 1 
1 0 0 0 0 
0 0 0 0 1 
0 0 0 1 0 
0 1 1 1 0 
0 0 1 1 0 
0 0 0 0 0 
1 0 0 0 0 
0 0 0 0 1 
1 1 0 0 0 
0 0 1 1 1 
0 1 0 0 0 
1 1 1 0 0 
1 0 1 0 1 
0 1 1 0 0 
0 1 0 0 0 
1 0 0 0 0 
0 0 0 1 0 
0 0 0 0 0 
0 0 0 1 1 

JOBS [5] - [8, 11, 15, 16, 14]
TOOL SWITCHES : 11
MAKESPAN : 48

- MACHINE [1]

0 0 0 0 0 0 0 
1 0 1 1 0 0 1 
0 1 1 1 1 1 0 
0 0 0 0 0 0 0 
0 0 0 0 0 0 1 
0 1 1 0 0 0 0 
0 1 1 1 0 0 0 
0 0 0 0 1 1 1 
0 0 0 0 1 0 1 
0 0 0 0 0 0 0 
0 0 0 0 0 1 0 
1 1 1 0 1 1 0 
1 0 0 1 0 1 0 
0 0 1 0 1 0 0 
0 0 0 1 1 1 1 
1 0 0 0 1 0 1 
1 1 0 0 0 0 0 
0 0 0 0 0 0 0 
1 0 1 0 0 0 1 
0 0 0 1 0 0 0 

JOBS [7] - [12, 3, 5, 0, 9, 7, 18]
TOOL SWITCHES : 6
MAKESPAN : 48

- MACHINE [2]

1 1 0 0 1 0 0 1 
0 0 0 0 0 0 0 1 
0 0 0 0 0 0 0 1 
0 0 0 0 0 0 1 1 
0 0 0 0 0 0 0 0 
0 0 1 0 0 1 0 0 
0 1 1 0 0 1 1 0 
0 1 0 0 0 0 0 0 
0 0 0 0 1 1 1 1 
1 0 0 1 1 1 0 0 
0 0 1 1 1 1 0 0 
0 0 0 0 0 0 0 0 
1 0 0 0 0 0 1 0 
0 0 1 0 1 1 0 0 
1 1 0 1 0 1 0 0 
1 0 0 1 0 0 0 0 
0 0 1 0 1 0 0 0 
0 1 0 1 0 0 0 1 
1 1 1 0 0 0 1 0 
0 0 0 0 0 0 0 0 

JOBS [8] - [1, 2, 13, 19, 17, 10, 6, 4]
TOOL SWITCHES : 4
MAKESPAN : 48

# -------------------------- #

--- TOTAL TOOL SWITCHES : 21
--- HIGHEST MAKESPAN : 48
--- TOTAL FLOWTIME : 472
--- RUNNING TIME : 2.54523

# -------------------------- #
RUN : 1 - instancias_txt/SSP-NPM-I/ins142_m=3_j=20_t=20_var=2.txt

- MACHINE [0]

1 0 1 0 0 0 
1 0 0 0 0 0 
0 0 0 1 1 1 
1 1 1 1 0 1 
0 1 0 1 1 0 
0 0 1 0 1 0 
0 0 0 1 1 1 
1 1 1 0 0 0 
0 0 0 0 0 0 
0 0 0 0 0 0 
1 0 0 0 0 0 
0 0 0 0 0 1 
0 0 0 0 1 1 
1 0 0 0 0 0 
0 0 0 0 0 0 
0 1 0 1 0 0 
0 1 0 0 0 0 
0 0 0 0 1 0 
0 0 0 0 0 0 
0 0 1 1 0 0 

JOBS [6] - [3, 9, 8, 4, 13, 16]
TOOL SWITCHES : 9
MAKESPAN : 41

- MACHINE [1]

0 0 0 0 0 0 
0 1 1 1 0 0 
0 0 0 0 1 1 
0 0 0 0 0 0 
0 1 1 0 0 0 
1 0 0 1 0 0 
1 0 1 0 0 0 
0 1 1 1 1 1 
0 0 0 0 0 1 
0 0 0 1 1 0 
1 1 1 1 0 0 
0 0 0 0 0 0 
0 0 0 0 0 1 
1 1 0 0 0 1 
1 0 1 1 1 0 
0 0 0 0 1 0 
0 0 0 0 1 1 
0 0 0 1 0 0 
1 0 1 0 1 1 
0 1 0 0 0 0 

JOBS [6] - [14, 10, 15, 1, 11, 2]
TOOL SWITCHES : 7
MAKESPAN : 42

- MACHINE [2]

0 0 0 0 1 1 1 1 
0 0 0 0 0 0 0 0 
1 0 0 0 0 0 0 0 
0 0 0 0 0 0 0 0 
0 0 0 0 1 0 0 0 
0 0 1 1 1 0 0 0 
0 1 0 0 0 0 0 0 
0 0 1 1 0 1 0 1 
1 1 0 0 0 1 0 0 
0 0 0 1 1 0 0 0 
0 0 0 0 0 0 0 0 
0 1 0 0 0 0 0 1 
0 0 0 1 0 0 0 1 
1 1 1 0 0 0 1 0 
0 0 0 0 1 0 1 0 
0 0 0 0 0 0 0 0 
0 0 0 0 0 0 1 1 
1 0 1 1 0 1 0 1 
1 1 0 1 1 1 0 0 
0 0 1 0 1 0 1 0 

JOBS [8] - [17, 5, 6, 12, 18, 0, 7, 19]
TOOL SWITCHES : 3
MAKESPAN : 41

# -------------------------- #

--- TOTAL TOOL SWITCHES : 19
--- HIGHEST MAKESPAN : 42
--- TOTAL FLOWTIME : 409
--- RUNNING TIME : 2.24432

# -------------------------- #
RUN : 1 - instancias_txt/SSP-NPM-I/ins143_m=3_j=20_t=20_var=3.txt

- MACHINE [0]

1 1 0 0 0 0 
1 0 0 0 0 0 
0 0 1 0 0 0 
1 1 0 0 0 0 
0 0 1 1 1 1 
1 1 0 0 0 1 
0 0 0 0 1 0 
1 0 1 1 0 0 
0 1 0 1 1 0 
0 0 0 0 0 0 
0 0 0 0 0 1 
0 0 0 0 0 0 
0 0 0 0 0 0 
0 0 0 0 0 1 
0 0 0 0 0 1 
0 1 1 0 0 0 
0 0 1 0 0 0 
0 0 0 1 0 0 
0 0 0 1 1 1 
1 0 1 1 1 0 

JOBS [6] - [9, 14, 13, 11, 16, 2]
TOOL SWITCHES : 11
MAKESPAN : 41

- MACHINE [1]

0 0 0 0 0 0 
0 0 0 0 0 0 
0 1 1 0 0 0 
1 0 0 1 0 0 
0 1 1 0 1 0 
0 0 1 0 1 0 
1 0 0 0 0 0 
0 1 0 0 0 0 
0 0 1 1 1 1 
0 0 0 0 0 0 
0 0 0 0 0 1 
1 1 0 0 0 1 
0 0 0 0 1 0 
0 0 1 1 1 0 
0 1 0 0 0 0 
1 1 0 1 1 1 
0 0 0 1 0 1 
1 0 1 1 0 0 
0 1 0 0 0 1 
0 0 0 0 0 0 

JOBS [6] - [15, 0, 19, 10, 5, 3]
TOOL SWITCHES : 6
MAKESPAN : 41

- MACHINE [2]

0 0 1 0 1 0 1 0 
0 1 0 0 1 1 1 0 
1 0 0 1 0 0 0 0 
0 0 0 1 1 1 0 0 
1 0 0 1 0 0 0 0 
1 0 0 0 0 1 1 1 
0 0 0 0 1 0 1 0 
0 1 0 0 1 0 0 0 
0 0 0 1 0 0 0 1 
1 1 1 0 0 0 0 0 
0 1 0 0 0 0 1 0 
0 0 0 0 0 1 0 1 
0 0 0 0 1 0 0 0 
0 1 0 0 0 0 0 0 
0 1 1 1 0 1 0 1 
0 0 0 0 0 0 0 0 
0 0 1 0 1 0 0 1 
0 0 0 0 0 0 0 0 
1 0 0 0 0 1 0 0 
0 0 1 1 0 0 1 1 

JOBS [8] - [6, 12, 1, 18, 7, 8, 4, 17]
TOOL SWITCHES : 5
MAKESPAN : 42

# -------------------------- #

--- TOTAL TOOL SWITCHES : 22
--- HIGHEST MAKESPAN : 42
--- TOTAL FLOWTIME : 440
--- RUNNING TIME : 2.13088

# -------------------------- #
RUN : 1 - instancias_txt/SSP-NPM-I/ins144_m=3_j=20_t=20_var=4.txt

- MACHINE [0]

1 1 1 0 1 
0 0 0 0 0 
0 0 0 0 1 
1 1 1 0 0 
0 0 0 0 0 
0 0 0 0 0 
0 0 0 0 1 
0 0 0 1 0 
0 0 1 0 1 
0 1 1 0 0 
0 0 1 1 0 
0 0 0 0 0 
1 0 0 0 0 
0 0 0 1 0 
1 1 0 1 0 
0 1 0 0 0 
0 0 0 1 1 
1 0 0 0 1 
1 1 0 0 0 
0 1 1 0 0 

JOBS [5] - [5, 9, 2, 15, 11]
TOOL SWITCHES : 10
MAKESPAN : 39

- MACHINE [1]

0 1 0 0 0 0 
0 0 0 1 0 0 
0 1 1 0 1 1 
0 0 0 0 1 1 
1 0 0 1 0 0 
1 1 1 1 0 0 
0 0 0 0 0 0 
1 1 1 0 0 1 
1 0 1 1 0 1 
1 0 0 1 0 0 
1 0 0 0 0 0 
0 1 1 0 0 0 
0 0 0 0 0 0 
0 0 0 0 1 0 
0 0 0 1 1 0 
0 0 0 0 1 1 
0 0 0 0 0 0 
0 0 1 1 1 1 
0 0 0 0 0 0 
0 0 0 0 0 1 

JOBS [6] - [17, 18, 10, 12, 3, 6]
TOOL SWITCHES : 6
MAKESPAN : 38

- MACHINE [2]

0 0 0 1 0 1 0 0 0 
0 0 0 0 0 0 1 1 1 
0 1 1 0 0 0 0 0 0 
1 1 1 0 0 0 0 0 1 
0 0 0 0 0 0 0 0 0 
0 0 0 0 0 1 0 0 0 
0 0 1 1 1 1 0 1 0 
1 0 0 1 1 0 0 0 0 
1 0 0 0 1 0 1 0 0 
0 1 1 0 1 1 0 0 0 
0 1 0 0 1 0 0 1 1 
0 1 0 0 0 0 1 0 0 
0 0 1 0 1 1 0 0 0 
0 0 0 0 0 1 1 1 0 
0 1 1 1 0 0 0 0 0 
1 0 0 1 0 0 1 1 1 
0 0 0 0 0 0 0 1 1 
0 0 0 0 0 0 0 0 0 
1 1 0 0 0 0 1 0 0 
1 0 0 1 1 1 0 0 0 

JOBS [9] - [8, 13, 16, 7, 4, 1, 19, 14, 0]
TOOL SWITCHES : 5
MAKESPAN : 39

# -------------------------- #

--- TOTAL TOOL SWITCHES : 21
--- HIGHEST MAKESPAN : 39
--- TOTAL FLOWTIME : 389
--- RUNNING TIME : 2.23011

# -------------------------- #
RUN : 1 - instancias_txt/SSP-NPM-I/ins145_m=3_j=20_t=20_var=5.txt

- MACHINE [0]

0 0 0 0 0 0 
1 1 0 0 0 1 
0 0 1 0 1 0 
0 0 0 0 1 1 
0 1 1 1 1 0 
0 0 0 1 1 0 
0 0 0 0 0 1 
1 1 0 0 0 0 
1 0 0 0 0 0 
1 1 1 0 0 0 
0 1 0 1 0 1 
0 0 0 0 1 0 
0 0 0 0 0 0 
0 0 0 0 0 0 
0 0 0 0 0 0 
0 0 1 1 1 1 
1 1 1 0 0 0 
0 0 1 0 0 0 
0 0 0 0 0 1 
1 0 1 1 0 0 

JOBS [6] - [5, 8, 12, 13, 17, 15]
TOOL SWITCHES : 11
MAKESPAN : 45

- MACHINE [1]

0 0 0 0 0 0 0 0 
0 0 0 0 1 1 1 0 
1 0 0 0 1 0 0 0 
0 0 0 0 0 0 0 0 
0 0 0 0 0 1 1 1 
1 1 1 0 0 0 0 0 
0 0 0 0 0 0 0 0 
0 0 0 0 0 0 1 0 
1 0 0 0 0 1 0 0 
0 0 0 1 1 1 0 1 
0 1 1 1 0 0 0 1 
0 1 1 0 1 1 0 0 
0 1 1 1 1 1 1 0 
1 1 0 1 0 0 1 0 
0 0 0 0 0 0 0 0 
0 1 0 1 1 0 0 1 
1 1 0 0 0 0 0 0 
0 0 1 1 0 0 0 0 
1 0 1 0 1 1 0 1 
0 0 0 0 0 0 0 0 

JOBS [8] - [6, 18, 16, 14, 9, 3, 4, 11]
TOOL SWITCHES : 5
MAKESPAN : 45

- MACHINE [2]

0 1 1 1 1 1 
0 0 0 0 0 0 
0 0 0 1 1 1 
1 0 0 0 0 0 
0 0 0 0 0 1 
0 1 0 0 0 0 
1 0 0 0 1 0 
0 1 1 1 1 0 
0 0 0 1 1 0 
1 1 0 0 0 1 
1 0 0 1 0 0 
0 0 0 1 0 0 
0 0 0 0 0 0 
0 0 1 1 0 1 
1 0 1 0 0 0 
1 0 0 0 0 0 
0 0 0 0 0 0 
0 1 1 0 0 0 
0 1 0 0 0 1 
1 0 1 0 0 0 

JOBS [6] - [1, 7, 2, 0, 10, 19]
TOOL SWITCHES : 4
MAKESPAN : 46

# -------------------------- #

--- TOTAL TOOL SWITCHES : 20
--- HIGHEST MAKESPAN : 46
--- TOTAL FLOWTIME : 506
--- RUNNING TIME : 2.23534

# -------------------------- #
RUN : 1 - instancias_txt/SSP-NPM-I/ins146_m=3_j=20_t=20_var=6.txt

- MACHINE [0]

0 0 0 1 1 
0 0 0 0 0 
0 0 0 0 1 
1 1 1 1 0 
0 1 1 0 0 
0 0 0 0 1 
1 0 1 0 0 
0 0 0 0 0 
0 0 0 0 1 
1 0 0 0 0 
0 1 0 0 0 
0 0 0 0 0 
0 0 1 0 0 
0 0 0 1 0 
0 0 0 0 0 
0 0 0 0 0 
1 1 1 1 1 
1 1 1 1 0 
1 0 1 1 0 
0 0 0 0 1 

JOBS [5] - [19, 6, 8, 13, 9]
TOOL SWITCHES : 8
MAKESPAN : 44

- MACHINE [1]

0 1 0 0 0 0 1 
0 0 0 0 0 1 1 
0 1 0 0 1 0 0 
0 0 0 0 0 0 0 
0 0 0 1 0 0 1 
1 1 1 0 0 1 1 
0 1 0 0 0 1 0 
0 0 0 0 0 0 0 
1 1 1 0 0 0 0 
0 0 0 0 0 0 0 
1 0 1 1 0 1 0 
0 0 0 0 0 1 0 
0 0 1 1 1 1 1 
0 0 0 0 0 0 0 
1 0 1 1 1 0 0 
0 0 0 0 1 0 1 
0 0 0 0 0 0 0 
0 1 0 0 0 0 0 
1 0 0 1 0 0 0 
0 1 1 1 1 1 0 

JOBS [7] - [10, 16, 14, 2, 5, 3, 17]
TOOL SWITCHES : 5
MAKESPAN : 47

- MACHINE [2]

0 0 0 0 0 0 0 0 
0 0 0 0 0 0 0 1 
1 1 1 0 0 1 0 0 
1 0 0 1 0 0 0 1 
0 0 0 0 0 0 0 0 
1 1 1 0 1 1 0 1 
0 0 0 1 0 0 1 0 
0 0 0 1 0 1 1 0 
1 0 0 0 1 1 0 1 
0 0 1 0 1 0 0 0 
0 1 1 0 1 0 0 0 
0 0 1 0 0 0 1 0 
0 0 0 0 0 1 1 0 
1 0 1 0 0 0 0 0 
1 1 0 0 0 1 1 0 
0 1 0 1 1 0 0 0 
0 0 0 1 0 1 0 1 
0 0 0 0 0 0 0 0 
0 0 0 0 0 0 0 0 
0 1 1 0 1 0 0 1 

JOBS [8] - [15, 7, 18, 11, 1, 12, 4, 0]
TOOL SWITCHES : 3
MAKESPAN : 47

# -------------------------- #

--- TOTAL TOOL SWITCHES : 16
--- HIGHEST MAKESPAN : 47
--- TOTAL FLOWTIME : 481
--- RUNNING TIME : 2.28798

# -------------------------- #
RUN : 1 - instancias_txt/SSP-NPM-I/ins147_m=3_j=20_t=20_var=7.txt

- MACHINE [0]

1 0 0 0 0 0 
0 0 0 0 0 0 
0 0 0 0 1 1 
0 0 0 0 0 0 
0 0 0 0 0 0 
0 0 1 1 1 1 
0 0 0 0 0 0 
1 1 0 0 0 0 
1 0 0 0 0 0 
0 0 0 0 0 1 
0 0 0 1 0 0 
0 0 1 1 0 0 
0 0 0 0 1 1 
1 1 0 0 0 1 
0 1 0 0 0 0 
1 0 1 0 0 0 
0 1 1 1 0 0 
0 1 1 1 1 0 
0 1 0 0 1 1 
0 0 0 1 1 0 

JOBS [6] - [13, 9, 14, 8, 19, 6]
TOOL SWITCHES : 10
MAKESPAN : 38

- MACHINE [1]

0 1 1 1 0 0 1 
1 1 1 0 1 1 0 
0 0 0 0 0 0 0 
0 0 0 0 0 1 1 
0 0 0 0 0 0 0 
0 1 0 0 1 0 0 
0 0 0 1 0 1 0 
0 0 0 0 0 0 0 
0 0 0 0 0 0 0 
0 0 0 0 0 0 1 
0 0 0 1 1 0 0 
0 0 0 0 0 0 0 
0 0 0 0 1 1 0 
1 0 1 0 0 1 0 
0 1 1 0 0 1 1 
1 0 1 1 0 0 0 
1 0 0 1 1 1 0 
1 0 1 1 0 0 1 
1 1 0 0 0 0 0 
0 0 0 0 0 0 0 

JOBS [7] - [17, 2, 7, 18, 12, 11, 5]
TOOL SWITCHES : 4
MAKESPAN : 38

- MACHINE [2]

0 0 1 0 0 0 0 
0 0 0 0 0 0 0 
0 1 0 0 0 1 0 
0 1 1 0 0 0 0 
0 1 1 1 0 1 0 
1 0 0 0 1 0 0 
0 0 0 0 0 1 0 
0 1 0 0 1 0 0 
0 0 0 0 1 0 1 
1 0 0 1 0 0 1 
0 1 0 1 0 0 1 
1 0 1 1 1 1 0 
0 0 0 0 0 0 0 
0 0 0 0 0 0 0 
1 0 0 0 0 0 1 
0 0 0 0 0 0 1 
0 0 0 1 0 1 1 
0 0 0 0 0 0 0 
1 0 1 0 0 0 1 
0 1 0 1 1 0 0 

JOBS [7] - [3, 10, 0, 1, 4, 16, 15]
TOOL SWITCHES : 3
MAKESPAN : 40

# -------------------------- #

--- TOTAL TOOL SWITCHES : 17
--- HIGHEST MAKESPAN : 40
--- TOTAL FLOWTIME : 408
--- RUNNING TIME : 1.95569

# -------------------------- #
RUN : 1 - instancias_txt/SSP-NPM-I/ins148_m=3_j=20_t=20_var=8.txt

- MACHINE [0]

1 0 0 0 0 0 
0 0 0 0 1 1 
0 0 0 0 0 0 
0 1 1 0 0 0 
1 1 0 0 0 0 
0 0 0 0 1 0 
1 1 0 0 0 1 
1 1 1 0 1 0 
0 0 0 0 1 1 
0 0 0 1 0 0 
0 0 1 1 0 0 
0 0 0 0 0 0 
0 0 0 1 0 0 
0 0 0 1 0 1 
1 1 0 1 1 0 
0 1 1 1 0 0 
0 0 0 0 1 1 
0 0 1 0 0 0 
0 0 0 0 0 0 
1 0 1 0 1 0 

JOBS [6] - [10, 19, 0, 7, 12, 8]
TOOL SWITCHES : 13
MAKESPAN : 42

- MACHINE [1]

0 0 0 1 1 0 
1 0 1 1 0 0 
0 1 0 0 0 1 
0 0 0 0 0 1 
0 0 0 0 1 1 
0 0 0 0 0 1 
1 0 1 0 0 1 
0 0 0 0 0 0 
1 0 0 0 0 0 
0 0 1 0 1 0 
1 0 0 1 0 1 
1 0 0 0 0 0 
0 0 0 0 0 0 
1 1 0 0 0 0 
0 1 1 0 0 0 
0 1 1 0 0 0 
0 0 0 0 0 0 
0 1 1 1 1 0 
0 1 0 0 1 0 
0 0 0 1 1 0 

JOBS [6] - [5, 6, 17, 11, 3, 15]
TOOL SWITCHES : 7
MAKESPAN : 40

- MACHINE [2]

0 0 0 0 1 1 0 0 
1 0 0 1 0 0 0 1 
0 1 1 0 0 0 1 0 
0 0 0 0 0 0 0 0 
1 0 0 0 0 1 0 1 
0 0 0 1 1 0 1 0 
0 0 0 0 0 1 0 0 
1 1 0 1 1 0 0 0 
0 1 1 0 0 0 0 0 
0 0 0 0 0 0 0 0 
1 0 1 1 0 0 0 0 
0 0 0 1 0 0 0 1 
0 0 1 0 0 0 1 1 
0 0 0 1 0 0 0 1 
0 0 1 0 1 0 1 0 
0 1 0 0 1 1 0 0 
0 0 0 0 1 1 1 1 
1 1 0 0 0 1 1 0 
1 1 0 0 0 0 0 0 
0 0 0 0 0 0 0 0 

JOBS [8] - [2, 13, 18, 4, 14, 1, 16, 9]
TOOL SWITCHES : 4
MAKESPAN : 42

# -------------------------- #

--- TOTAL TOOL SWITCHES : 24
--- HIGHEST MAKESPAN : 42
--- TOTAL FLOWTIME : 395
--- RUNNING TIME : 2.30693

# -------------------------- #
RUN : 1 - instancias_txt/SSP-NPM-I/ins149_m=3_j=20_t=20_var=9.txt

- MACHINE [0]

0 1 1 0 0 
1 0 1 0 1 
0 0 0 1 0 
0 0 0 1 1 
0 0 0 0 0 
0 0 0 0 0 
1 0 0 0 0 
0 0 0 0 0 
0 0 0 1 0 
0 1 1 0 1 
0 0 0 0 0 
1 1 0 0 0 
1 0 0 0 1 
0 1 1 0 0 
0 0 1 1 1 
1 1 0 0 0 
0 0 1 1 0 
0 0 0 1 1 
0 0 0 0 1 
0 0 0 0 0 

JOBS [5] - [15, 19, 9, 13, 7]
TOOL SWITCHES : 10
MAKESPAN : 41

- MACHINE [1]

1 1 0 0 0 0 
0 0 1 1 0 0 
0 0 0 0 0 0 
1 0 1 0 0 0 
0 0 0 0 1 0 
0 0 0 0 0 0 
1 0 0 0 0 0 
0 1 1 1 0 1 
0 0 1 0 1 1 
0 0 0 1 0 1 
0 1 0 1 1 0 
0 1 1 1 0 0 
0 0 0 0 0 0 
1 0 1 0 1 0 
0 0 0 0 1 1 
0 1 1 1 0 1 
0 1 0 0 0 1 
0 1 0 0 0 0 
1 0 0 0 0 1 
1 0 0 0 0 0 

JOBS [6] - [1, 17, 5, 10, 4, 0]
TOOL SWITCHES : 7
MAKESPAN : 42

- MACHINE [2]

1 0 0 0 0 0 0 1 0 
1 0 0 1 1 0 1 1 0 
0 0 0 0 1 1 1 0 1 
0 0 0 0 0 0 0 0 0 
0 1 0 1 1 0 1 1 0 
0 1 1 0 1 0 0 0 1 
0 0 1 1 0 1 0 0 1 
0 0 1 0 0 0 1 0 1 
0 0 0 0 0 0 0 0 0 
0 0 1 0 1 1 1 0 1 
0 0 0 0 1 0 0 1 0 
0 1 1 1 0 0 0 0 0 
0 0 0 0 0 0 0 0 0 
1 0 0 1 0 1 1 1 1 
0 1 0 0 1 1 1 0 0 
0 0 0 0 0 1 0 1 0 
0 0 0 0 0 0 0 0 0 
1 0 1 1 0 0 0 0 1 
1 1 0 0 0 0 0 0 0 
1 1 1 0 0 0 0 0 0 

JOBS [9] - [2, 14, 18, 11, 6, 12, 3, 16, 8]
TOOL SWITCHES : 3
MAKESPAN : 41

# -------------------------- #

--- TOTAL TOOL SWITCHES : 20
--- HIGHEST MAKESPAN : 42
--- TOTAL FLOWTIME : 450
--- RUNNING TIME : 2.31183

# -------------------------- #
RUN : 1 - instancias_txt/SSP-NPM-I/ins150_m=3_j=20_t=20_var=10.txt

- MACHINE [0]

0 0 0 0 0 1 
0 0 0 0 0 0 
0 0 0 1 0 0 
0 1 1 0 0 0 
0 0 0 0 0 0 
1 1 1 1 0 1 
1 0 0 0 0 0 
0 0 0 0 0 0 
1 1 0 0 0 1 
0 0 0 0 0 0 
0 0 0 1 1 0 
0 0 0 0 1 1 
1 0 1 1 1 1 
0 0 1 0 1 0 
0 0 0 0 0 0 
0 1 0 1 0 0 
0 0 1 1 1 1 
1 1 0 0 0 0 
1 0 0 0 0 0 
1 1 1 0 0 0 

JOBS [6] - [7, 13, 18, 0, 4, 17]
TOOL SWITCHES : 9
MAKESPAN : 39

- MACHINE [1]

0 0 0 1 0 1 0 
0 0 1 0 0 0 0 
0 1 0 0 0 1 1 
0 0 0 0 0 0 0 
0 0 0 0 0 0 1 
0 0 1 0 0 0 0 
0 0 0 0 0 0 1 
0 0 0 1 1 0 0 
0 0 0 0 0 0 0 
0 0 0 0 0 0 0 
1 1 1 0 1 0 1 
1 1 1 0 1 1 1 
0 0 1 0 0 0 1 
1 0 0 1 1 0 0 
0 0 0 1 1 1 0 
0 0 1 0 0 0 0 
0 0 0 1 0 1 0 
0 1 1 0 0 0 0 
1 1 0 0 0 0 0 
1 0 0 1 0 0 0 

JOBS [7] - [14, 3, 12, 19, 15, 1, 8]
TOOL SWITCHES : 7
MAKESPAN : 43

- MACHINE [2]

0 0 0 0 0 0 1 
0 0 0 1 1 0 1 
1 0 1 0 0 0 0 
1 1 1 1 0 0 1 
0 1 1 1 0 0 0 
1 0 1 0 0 0 0 
1 0 0 1 1 1 1 
0 0 0 0 1 0 0 
0 1 0 0 0 1 0 
1 0 1 0 0 0 1 
0 1 0 0 0 1 0 
0 0 0 0 0 0 0 
0 0 0 0 0 0 0 
0 0 0 0 0 1 0 
1 0 1 0 0 0 0 
0 1 1 0 1 0 0 
0 0 0 0 0 0 0 
0 0 0 1 1 1 0 
0 1 0 0 0 0 1 
0 1 0 1 1 1 1 

JOBS [7] - [10, 6, 2, 16, 11, 5, 9]
TOOL SWITCHES : 4
MAKESPAN : 43

# -------------------------- #

--- TOTAL TOOL SWITCHES : 20
--- HIGHEST MAKESPAN : 43
--- TOTAL FLOWTIME : 426
--- RUNNING TIME : 2.1741

# -------------------------- #
RUN : 1 - instancias_txt/SSP-NPM-I/ins151_m=3_j=20_t=20_var=11.txt

- MACHINE [0]

0 0 0 0 0 0 1 
1 1 1 1 1 0 0 
0 0 0 0 0 0 0 
0 0 0 0 0 0 1 
1 0 0 0 1 0 0 
0 0 0 0 0 0 0 
1 0 0 0 0 1 0 
0 0 1 1 1 1 1 
0 0 0 0 0 0 1 
0 0 0 0 0 1 0 
0 0 0 1 0 1 0 
0 0 1 1 0 0 1 
1 1 0 0 0 0 0 
0 1 0 0 0 0 0 
0 0 0 0 0 0 0 
0 0 0 0 0 1 0 
1 1 1 0 1 0 0 
0 0 0 0 1 1 1 
1 1 1 1 0 0 0 
1 1 1 0 0 0 0 

JOBS [7] - [9, 16, 4, 1, 11, 2, 10]
TOOL SWITCHES : 11
MAKESPAN : 43

- MACHINE [1]

0 0 0 0 0 1 
0 0 0 0 0 0 
1 0 1 0 0 0 
0 0 0 0 1 0 
1 1 1 0 0 0 
0 0 0 1 0 0 
1 0 1 0 1 0 
1 0 1 1 0 1 
0 0 1 1 0 0 
0 1 1 0 1 0 
0 0 0 0 1 1 
0 0 0 0 0 0 
0 0 0 0 0 0 
0 0 0 1 0 1 
1 0 0 0 0 0 
0 1 0 1 0 1 
0 0 0 0 0 0 
1 1 0 0 1 0 
0 1 0 0 0 0 
0 1 0 0 1 0 

JOBS [6] - [0, 14, 3, 13, 5, 6]
TOOL SWITCHES : 6
MAKESPAN : 43

- MACHINE [2]

0 0 1 1 1 0 1 
0 0 0 0 1 0 0 
1 0 1 0 0 0 0 
1 1 1 0 0 1 0 
0 0 1 0 0 0 0 
0 0 0 0 0 0 0 
1 0 0 1 0 1 1 
0 1 0 0 1 0 1 
0 0 0 0 0 0 0 
0 0 0 1 1 0 1 
0 1 0 0 0 1 1 
0 0 1 0 0 0 0 
0 0 0 0 1 0 1 
1 1 1 0 0 0 0 
0 0 1 1 0 1 0 
0 1 0 0 0 1 0 
0 1 0 0 1 0 0 
0 0 0 0 0 0 0 
0 0 0 0 0 1 0 
1 1 0 1 0 0 0 

JOBS [7] - [17, 19, 15, 8, 18, 12, 7]
TOOL SWITCHES : 4
MAKESPAN : 43

# -------------------------- #

--- TOTAL TOOL SWITCHES : 21
--- HIGHEST MAKESPAN : 43
--- TOTAL FLOWTIME : 428
--- RUNNING TIME : 2.44371

# -------------------------- #
RUN : 1 - instancias_txt/SSP-NPM-I/ins152_m=3_j=20_t=20_var=12.txt

- MACHINE [0]

0 1 0 0 0 0 
0 1 1 1 0 0 
0 0 0 0 0 0 
1 1 0 1 1 0 
0 0 1 0 0 0 
0 0 0 0 0 0 
1 0 0 0 0 1 
0 1 0 0 0 0 
0 0 1 1 1 0 
0 1 1 1 0 1 
0 0 0 0 0 1 
0 0 0 0 0 1 
1 1 0 1 1 0 
1 0 1 1 0 0 
0 0 0 1 1 0 
0 0 0 0 0 0 
1 0 0 0 1 1 
0 0 0 0 1 1 
0 0 0 0 0 1 
1 0 0 0 0 0 

JOBS [6] - [8, 3, 17, 2, 0, 4]
TOOL SWITCHES : 12
MAKESPAN : 39

- MACHINE [1]

0 0 0 1 1 0 0 
1 1 0 0 1 1 0 
1 1 0 0 0 0 0 
0 1 0 1 1 0 0 
0 0 0 0 1 0 1 
0 0 0 1 0 0 0 
1 0 0 0 0 0 0 
0 0 0 0 0 0 1 
1 1 1 0 1 0 1 
0 0 1 1 1 0 0 
0 0 0 0 0 0 0 
0 0 1 0 0 1 1 
0 0 0 0 0 0 0 
0 0 0 0 0 1 0 
0 0 0 0 0 0 0 
0 0 1 1 0 1 0 
0 1 1 0 0 0 0 
1 0 0 1 0 1 0 
0 0 0 0 0 1 1 
1 1 1 0 0 0 1 

JOBS [7] - [7, 6, 18, 1, 15, 14, 10]
TOOL SWITCHES : 7
MAKESPAN : 37

- MACHINE [2]

1 1 1 1 1 1 0 
1 0 0 0 0 0 1 
0 1 0 0 0 1 1 
0 0 0 0 0 0 1 
1 0 1 0 1 0 0 
0 0 0 0 1 0 0 
0 1 0 1 0 1 0 
1 0 1 0 0 0 0 
0 0 0 1 0 0 0 
0 0 0 0 0 0 0 
0 1 0 0 0 1 1 
0 0 0 0 0 0 0 
0 0 1 0 1 0 0 
1 0 0 1 0 0 0 
0 0 0 0 0 1 0 
1 1 1 0 0 1 1 
0 0 0 0 1 0 0 
0 0 0 0 0 0 1 
0 0 1 1 0 0 0 
0 1 0 0 0 0 1 

JOBS [7] - [19, 11, 13, 9, 12, 5, 16]
TOOL SWITCHES : 5
MAKESPAN : 38

# -------------------------- #

--- TOTAL TOOL SWITCHES : 24
--- HIGHEST MAKESPAN : 39
--- TOTAL FLOWTIME : 332
--- RUNNING TIME : 2.07107

# -------------------------- #
RUN : 1 - instancias_txt/SSP-NPM-I/ins153_m=3_j=20_t=20_var=13.txt

- MACHINE [0]

0 1 0 0 0 0 
1 0 1 0 0 0 
0 0 1 1 0 0 
1 1 1 1 0 0 
1 1 0 0 0 1 
0 0 1 1 0 0 
1 0 0 0 0 0 
1 0 0 1 0 1 
0 1 1 1 1 0 
0 0 0 1 1 0 
1 1 0 0 0 0 
0 0 0 0 1 1 
0 0 1 0 0 1 
0 1 1 1 0 0 
0 0 0 0 1 0 
0 0 0 0 1 1 
0 0 0 0 1 0 
0 0 0 0 0 1 
0 0 0 0 0 0 
0 0 0 0 0 0 

JOBS [6] - [1, 2, 15, 12, 0, 18]
TOOL SWITCHES : 14
MAKESPAN : 45

- MACHINE [1]

0 0 0 0 1 1 1 
1 0 1 0 1 1 0 
1 0 1 0 0 0 0 
0 1 0 0 0 0 0 
0 0 0 0 0 0 0 
0 0 0 0 0 0 1 
0 0 0 0 1 0 1 
1 1 0 0 0 0 0 
1 1 0 1 0 0 1 
0 1 0 1 0 0 0 
0 0 0 0 0 0 0 
0 0 0 1 0 1 0 
1 0 1 0 0 1 0 
0 0 0 0 0 0 0 
0 0 0 0 0 1 0 
1 0 1 0 1 0 0 
1 0 0 1 1 0 1 
0 0 0 1 0 0 1 
0 1 1 0 0 0 0 
0 0 1 1 0 1 0 

JOBS [7] - [8, 4, 19, 13, 5, 6, 9]
TOOL SWITCHES : 7
MAKESPAN : 43

- MACHINE [2]

0 0 0 0 0 1 0 
1 1 0 0 0 0 0 
0 0 0 0 0 1 0 
0 0 0 1 0 0 1 
1 0 1 0 0 0 0 
0 1 1 0 1 1 0 
0 0 0 1 0 0 0 
1 0 0 0 1 1 1 
0 0 0 0 0 0 0 
0 0 1 1 1 0 0 
1 0 1 1 0 1 0 
0 0 0 0 0 0 0 
0 0 0 0 0 0 0 
1 1 0 1 0 1 1 
0 0 0 0 0 0 0 
0 1 1 0 1 0 0 
0 0 0 0 0 0 1 
1 1 0 0 0 0 0 
0 1 0 0 1 0 1 
1 0 0 1 0 0 0 

JOBS [7] - [7, 11, 17, 3, 14, 10, 16]
TOOL SWITCHES : 3
MAKESPAN : 43

# -------------------------- #

--- TOTAL TOOL SWITCHES : 24
--- HIGHEST MAKESPAN : 45
--- TOTAL FLOWTIME : 433
--- RUNNING TIME : 2.3507

# -------------------------- #
RUN : 1 - instancias_txt/SSP-NPM-I/ins154_m=3_j=20_t=20_var=14.txt

- MACHINE [0]

1 0 0 0 0 0 1 
0 0 0 0 0 0 0 
1 0 0 1 0 0 1 
1 0 0 0 0 0 0 
0 0 0 0 1 1 0 
1 1 1 0 0 0 0 
0 0 0 0 0 1 1 
0 0 1 0 0 0 0 
0 1 0 0 0 1 1 
0 0 0 0 0 0 0 
0 0 0 1 0 0 0 
0 1 1 1 0 1 0 
0 1 0 0 1 0 0 
1 1 1 1 1 0 0 
0 0 0 1 1 0 0 
0 1 1 1 0 0 0 
0 0 0 0 0 1 1 
0 0 0 0 0 0 0 
0 0 0 0 0 0 0 
0 0 1 1 1 0 1 

JOBS [7] - [9, 6, 19, 15, 0, 14, 13]
TOOL SWITCHES : 12
MAKESPAN : 42

- MACHINE [1]

0 0 0 0 0 0 
0 1 0 0 1 1 
0 0 0 0 0 0 
1 0 1 0 0 1 
1 0 1 1 1 1 
0 1 0 1 1 1 
0 1 0 1 0 0 
1 1 1 0 0 1 
0 0 0 1 0 0 
1 0 1 0 0 1 
0 0 0 0 0 0 
0 1 0 0 0 0 
1 1 0 0 0 0 
0 0 1 1 1 0 
0 0 0 0 0 0 
0 0 0 1 1 0 
0 0 0 0 0 0 
0 0 0 0 1 0 
0 0 0 0 0 1 
1 0 0 0 0 0 

JOBS [6] - [11, 8, 12, 5, 3, 1]
TOOL SWITCHES : 5
MAKESPAN : 42

- MACHINE [2]

0 0 0 0 0 1 0 
0 0 0 0 0 1 0 
0 1 1 0 0 0 1 
1 0 0 1 0 0 0 
0 0 0 0 0 1 0 
0 0 0 0 0 0 0 
1 0 0 0 0 0 0 
0 0 0 0 0 1 0 
0 0 0 0 1 1 0 
1 1 0 0 1 0 1 
1 0 1 0 1 1 1 
0 0 0 0 0 0 0 
1 1 1 1 0 0 1 
0 0 0 0 0 0 0 
0 1 0 0 0 0 0 
0 0 0 1 1 0 0 
0 1 0 0 1 0 0 
0 0 1 1 0 0 1 
0 1 0 1 0 0 1 
1 0 1 1 1 0 0 

JOBS [7] - [18, 4, 16, 17, 7, 2, 10]
TOOL SWITCHES : 4
MAKESPAN : 39

# -------------------------- #

--- TOTAL TOOL SWITCHES : 21
--- HIGHEST MAKESPAN : 42
--- TOTAL FLOWTIME : 416
--- RUNNING TIME : 1.85791

# -------------------------- #
RUN : 1 - instancias_txt/SSP-NPM-I/ins155_m=3_j=20_t=20_var=15.txt

- MACHINE [0]

0 0 0 0 0 0 
0 0 1 0 1 0 
1 1 0 0 0 0 
0 0 1 1 0 0 
1 0 1 0 0 0 
0 0 0 1 1 0 
1 0 0 0 0 0 
0 0 0 0 0 1 
0 0 0 0 0 0 
1 1 1 1 0 0 
0 0 0 0 0 0 
1 0 0 0 0 0 
0 0 0 0 1 1 
0 1 1 0 1 0 
1 0 0 0 0 0 
0 1 0 0 1 0 
0 0 0 0 0 1 
0 1 1 1 1 1 
0 1 1 1 0 0 
0 0 0 0 0 1 

JOBS [6] - [15, 12, 1, 10, 7, 16]
TOOL SWITCHES : 11
MAKESPAN : 38

- MACHINE [1]

0 0 0 0 0 1 
0 0 1 0 0 0 
0 0 0 0 0 0 
1 0 1 1 0 1 
0 0 0 1 1 1 
0 0 0 0 0 1 
1 1 0 0 0 0 
0 0 0 0 0 0 
1 1 1 1 0 0 
0 0 0 1 1 1 
0 0 1 1 1 0 
0 1 1 0 0 0 
0 0 0 0 0 0 
0 0 0 1 0 1 
1 1 0 0 0 0 
1 0 0 0 1 1 
1 0 1 0 0 0 
1 1 0 0 0 0 
0 0 0 0 0 0 
0 0 1 0 1 0 

JOBS [6] - [6, 13, 11, 8, 17, 14]
TOOL SWITCHES : 6
MAKESPAN : 36

- MACHINE [2]

1 1 1 0 0 1 1 1 
1 1 1 0 0 0 0 0 
1 1 0 0 1 1 1 0 
0 1 1 0 0 1 0 1 
0 1 0 0 1 1 0 0 
1 0 1 1 0 0 0 0 
0 0 0 0 0 0 0 0 
0 0 0 1 1 0 0 0 
1 0 1 0 0 0 0 0 
0 0 0 0 0 0 0 0 
1 0 0 1 0 0 0 1 
0 0 0 0 0 0 0 0 
0 0 0 0 0 0 0 0 
0 0 0 0 0 0 0 0 
0 0 0 1 1 1 1 0 
0 0 0 1 1 0 1 0 
0 1 1 0 1 0 1 1 
0 0 0 1 0 1 1 0 
0 1 0 0 0 1 0 1 
0 0 0 1 1 0 0 1 

JOBS [8] - [9, 2, 3, 0, 18, 5, 19, 4]
TOOL SWITCHES : 2
MAKESPAN : 38

# -------------------------- #

--- TOTAL TOOL SWITCHES : 19
--- HIGHEST MAKESPAN : 38
--- TOTAL FLOWTIME : 395
--- RUNNING TIME : 1.9865

# -------------------------- #
RUN : 1 - instancias_txt/SSP-NPM-I/ins156_m=3_j=20_t=20_var=16.txt

- MACHINE [0]

0 0 1 1 1 
0 1 1 1 0 
0 0 0 0 0 
1 0 1 0 1 
0 0 0 0 0 
0 0 0 0 1 
0 1 1 0 1 
0 1 1 0 0 
0 0 0 0 0 
0 0 0 0 0 
0 1 0 1 1 
0 0 0 1 0 
1 0 0 0 0 
0 0 0 0 0 
1 0 1 0 0 
0 0 0 0 1 
1 0 0 0 0 
1 0 0 1 1 
0 1 0 0 0 
1 0 0 0 0 

JOBS [5] - [6, 7, 2, 4, 18]
TOOL SWITCHES : 9
MAKESPAN : 42

- MACHINE [1]

0 0 0 0 0 0 
0 1 1 0 0 1 
1 0 0 1 0 1 
0 0 0 0 1 0 
1 1 0 1 0 0 
0 0 0 1 0 0 
0 0 0 0 0 0 
0 0 0 0 0 0 
1 1 0 1 0 0 
0 0 1 1 1 0 
0 0 1 0 1 0 
0 0 0 0 1 1 
1 1 0 0 0 0 
0 0 0 0 0 0 
0 0 1 0 0 0 
1 1 0 0 1 1 
0 0 0 0 0 0 
0 0 1 0 0 1 
1 1 1 1 1 1 
0 0 0 0 0 0 

JOBS [6] - [9, 1, 17, 10, 3, 16]
TOOL SWITCHES : 4
MAKESPAN : 41

- MACHINE [2]

0 0 0 1 1 1 0 0 1 
0 0 1 0 1 0 1 1 0 
0 0 0 0 0 0 0 0 1 
0 0 0 0 0 0 0 0 0 
0 0 0 0 0 1 1 1 0 
0 0 1 0 1 0 1 1 0 
0 1 0 1 0 0 1 0 0 
0 0 0 0 0 0 0 0 0 
0 0 0 1 0 0 1 1 0 
1 0 0 0 1 0 0 0 0 
0 1 1 0 1 0 0 0 0 
1 0 0 1 1 0 1 1 1 
0 1 1 0 0 0 0 0 1 
0 1 1 0 0 0 0 0 0 
1 1 0 0 0 0 0 0 0 
0 0 0 0 0 1 0 0 0 
0 1 0 1 0 1 0 0 0 
0 0 0 0 0 1 0 0 0 
1 1 0 1 0 0 0 0 0 
1 0 0 0 0 1 0 0 1 

JOBS [9] - [13, 8, 19, 5, 14, 11, 0, 15, 12]
TOOL SWITCHES : 5
MAKESPAN : 42

# -------------------------- #

--- TOTAL TOOL SWITCHES : 18
--- HIGHEST MAKESPAN : 42
--- TOTAL FLOWTIME : 413
--- RUNNING TIME : 2.52536

# -------------------------- #
RUN : 1 - instancias_txt/SSP-NPM-I/ins157_m=3_j=20_t=20_var=17.txt

- MACHINE [0]

0 0 1 1 0 1 
1 0 0 1 0 0 
0 1 1 0 0 0 
0 0 0 0 0 1 
0 0 0 0 0 0 
1 0 1 0 0 0 
0 0 1 1 1 1 
0 0 0 0 0 0 
0 1 1 0 1 1 
0 0 0 0 0 0 
1 0 0 0 0 1 
0 0 0 0 0 0 
1 0 0 0 0 0 
0 1 0 1 1 1 
0 1 0 0 0 0 
0 0 0 0 1 0 
1 1 0 0 0 0 
1 1 1 1 0 0 
0 0 0 1 1 0 
0 0 0 0 1 1 

JOBS [6] - [1, 15, 7, 6, 9, 18]
TOOL SWITCHES : 11
MAKESPAN : 39

- MACHINE [1]

0 0 0 0 0 0 
1 0 0 0 0 0 
0 0 0 1 0 1 
1 1 0 1 1 0 
0 0 1 0 1 1 
0 0 0 0 0 1 
0 1 0 0 0 1 
0 0 0 0 0 0 
0 0 0 0 0 1 
0 1 0 0 0 0 
1 0 1 1 0 1 
0 0 0 0 1 0 
0 1 1 1 0 0 
1 1 1 0 1 0 
0 0 0 1 0 0 
0 0 1 0 1 1 
1 0 0 0 0 0 
0 0 0 0 0 0 
1 1 1 0 0 0 
0 0 1 0 0 0 

JOBS [6] - [10, 4, 5, 12, 0, 3]
TOOL SWITCHES : 7
MAKESPAN : 41

- MACHINE [2]

0 0 1 1 0 1 0 1 
0 0 0 0 0 0 0 0 
1 1 0 0 0 0 1 1 
0 0 0 1 0 1 0 0 
1 1 1 1 1 0 0 1 
0 1 1 0 1 0 1 0 
0 0 0 0 0 0 0 0 
1 1 1 0 1 0 1 0 
0 0 1 0 0 1 0 0 
0 1 0 0 1 0 1 0 
0 0 0 0 0 0 0 0 
0 0 0 0 0 0 0 0 
0 0 0 0 0 1 0 1 
1 0 0 0 0 0 0 0 
0 0 0 1 1 0 0 0 
0 0 1 1 0 1 1 0 
1 0 1 1 0 0 0 1 
0 1 0 0 1 1 0 0 
0 0 0 0 0 1 0 0 
0 0 0 0 0 0 1 1 

JOBS [8] - [17, 14, 16, 8, 11, 2, 19, 13]
TOOL SWITCHES : 3
MAKESPAN : 41

# -------------------------- #

--- TOTAL TOOL SWITCHES : 21
--- HIGHEST MAKESPAN : 41
--- TOTAL FLOWTIME : 432
--- RUNNING TIME : 1.98751

# -------------------------- #
RUN : 1 - instancias_txt/SSP-NPM-I/ins158_m=3_j=20_t=20_var=18.txt

- MACHINE [0]

1 0 0 1 1 1 1 
0 0 0 0 0 0 0 
1 0 0 0 1 0 0 
0 0 0 1 0 0 0 
0 0 0 0 0 0 0 
1 1 1 0 0 0 0 
0 0 0 0 0 0 1 
0 0 0 0 0 0 0 
0 1 1 0 0 0 0 
1 1 0 0 0 0 0 
0 0 0 0 1 1 1 
0 1 1 1 1 1 0 
1 0 0 0 0 0 1 
0 0 1 1 1 0 1 
0 0 0 0 0 1 0 
0 0 0 0 0 0 1 
0 0 0 1 0 0 0 
0 1 1 0 0 0 1 
1 1 1 1 1 1 0 
0 0 0 0 0 1 0 

JOBS [7] - [7, 16, 5, 11, 2, 9, 15]
TOOL SWITCHES : 13
MAKESPAN : 42

- MACHINE [1]

0 0 1 1 1 1 
0 1 1 0 0 0 
0 0 0 0 0 0 
0 0 0 1 0 0 
1 0 1 0 0 0 
0 0 0 1 0 1 
0 0 0 0 0 0 
0 1 0 1 0 0 
0 0 0 0 0 1 
1 1 0 0 1 0 
0 0 0 1 0 0 
1 0 0 0 0 1 
1 1 1 0 0 0 
0 0 0 0 0 0 
0 1 0 1 0 0 
1 1 0 0 1 0 
0 0 0 0 0 0 
0 0 0 0 1 1 
0 0 0 0 0 0 
0 0 1 0 1 1 

JOBS [6] - [17, 3, 8, 1, 13, 14]
TOOL SWITCHES : 5
MAKESPAN : 42

- MACHINE [2]

0 0 0 0 0 0 0 
0 1 1 0 0 0 1 
0 0 0 1 0 0 0 
0 0 1 0 0 0 1 
0 0 0 0 0 0 0 
0 0 0 0 0 0 0 
1 1 0 1 1 0 0 
0 0 0 0 0 1 0 
1 1 1 1 0 0 1 
0 0 0 0 0 0 0 
1 0 1 0 1 1 0 
0 0 0 0 0 0 1 
0 0 0 0 0 1 1 
0 0 0 0 0 1 1 
0 0 0 1 0 1 0 
1 1 0 1 0 1 0 
1 1 0 0 1 0 0 
0 1 1 0 0 0 0 
1 1 1 0 1 0 0 
0 0 1 1 1 0 0 

JOBS [7] - [0, 4, 6, 18, 19, 10, 12]
TOOL SWITCHES : 3
MAKESPAN : 38

# -------------------------- #

--- TOTAL TOOL SWITCHES : 21
--- HIGHEST MAKESPAN : 42
--- TOTAL FLOWTIME : 406
--- RUNNING TIME : 2.15895

# -------------------------- #
RUN : 1 - instancias_txt/SSP-NPM-I/ins159_m=3_j=20_t=20_var=19.txt

- MACHINE [0]

0 0 1 0 1 
1 1 0 0 0 
0 0 0 1 1 
0 0 1 1 0 
0 1 0 0 0 
1 0 0 0 0 
0 0 0 0 0 
0 0 0 0 0 
1 1 0 0 0 
0 0 0 0 0 
0 0 0 0 0 
0 0 0 0 0 
1 0 0 1 0 
0 0 0 0 0 
1 1 1 1 1 
1 1 1 0 1 
0 1 0 1 1 
0 0 0 0 0 
0 0 1 0 0 
0 0 0 1 1 

JOBS [5] - [8, 2, 1, 7, 19]
TOOL SWITCHES : 7
MAKESPAN : 38

- MACHINE [1]

0 1 0 1 0 0 0 
0 0 0 0 0 0 0 
1 0 0 0 1 0 0 
0 0 1 0 1 0 1 
1 1 1 0 0 0 0 
1 1 0 0 0 0 0 
0 0 0 0 0 0 0 
0 0 0 0 0 0 1 
0 0 0 0 0 1 0 
0 0 0 0 0 1 1 
0 0 0 1 0 0 0 
0 0 1 1 1 1 0 
0 0 0 0 1 0 1 
1 0 0 1 0 1 0 
0 1 0 1 0 1 0 
0 0 1 0 1 0 0 
1 0 0 0 1 1 1 
0 0 1 1 0 0 1 
1 1 0 0 0 0 0 
0 0 0 0 0 1 1 

JOBS [7] - [9, 10, 17, 5, 15, 3, 6]
TOOL SWITCHES : 8
MAKESPAN : 40

- MACHINE [2]

1 0 1 1 1 0 0 1 
0 0 0 0 1 1 0 0 
0 0 1 0 0 1 1 0 
1 0 0 0 1 0 1 0 
1 0 0 0 0 0 0 0 
0 0 0 0 0 0 1 1 
1 0 0 0 1 1 0 0 
0 0 1 1 0 1 1 0 
0 1 0 1 1 0 1 0 
0 1 0 0 0 0 0 0 
0 0 1 0 0 0 0 1 
0 0 0 0 1 0 0 1 
0 1 0 0 0 1 1 1 
1 0 1 0 0 0 0 0 
0 1 0 0 0 0 0 1 
0 0 0 0 0 0 0 0 
0 1 1 1 0 0 0 0 
0 0 0 1 0 1 0 1 
0 0 0 1 0 0 0 0 
1 1 0 0 0 1 0 0 

JOBS [8] - [18, 11, 13, 14, 16, 12, 4, 0]
TOOL SWITCHES : 6
MAKESPAN : 41

# -------------------------- #

--- TOTAL TOOL SWITCHES : 21
--- HIGHEST MAKESPAN : 41
--- TOTAL FLOWTIME : 428
--- RUNNING TIME : 2.2628

# -------------------------- #
RUN : 1 - instancias_txt/SSP-NPM-I/ins160_m=3_j=20_t=20_var=20.txt

- MACHINE [0]

1 0 0 0 0 0 
1 1 1 1 0 1 
1 1 1 0 0 1 
1 0 1 0 0 0 
0 0 0 0 0 0 
0 0 0 0 1 0 
0 0 0 0 0 0 
0 0 1 1 0 1 
0 1 0 0 0 0 
0 0 0 0 0 0 
0 0 0 0 0 0 
0 0 1 1 0 0 
0 0 0 0 1 0 
0 0 0 0 1 1 
0 1 0 0 0 0 
0 0 1 1 0 0 
1 1 0 0 0 1 
0 0 0 1 1 0 
0 1 0 1 0 0 
0 0 0 0 1 0 

JOBS [6] - [14, 5, 16, 4, 11, 13]
TOOL SWITCHES : 11
MAKESPAN : 43

- MACHINE [1]

0 0 0 0 0 0 0 0 
1 1 1 0 1 0 0 0 
0 0 0 0 0 0 0 0 
1 0 0 0 0 1 0 1 
0 0 0 1 0 0 1 1 
0 0 0 0 0 0 0 0 
0 0 0 0 0 0 1 1 
1 0 1 1 0 0 0 0 
0 0 1 1 1 0 0 1 
0 0 0 0 0 1 0 0 
0 0 1 1 0 0 1 1 
0 0 1 0 1 0 0 0 
0 1 1 0 1 1 0 0 
0 0 0 0 0 0 0 1 
0 0 0 0 1 1 1 0 
1 0 0 0 0 0 0 0 
1 1 0 0 1 1 0 0 
1 1 0 0 0 0 0 0 
0 0 0 0 0 1 1 0 
0 1 0 1 0 0 0 0 

JOBS [8] - [17, 18, 7, 19, 3, 10, 9, 0]
TOOL SWITCHES : 7
MAKESPAN : 44

- MACHINE [2]

1 0 1 0 0 0 
0 0 0 0 0 0 
0 1 1 0 0 1 
0 0 0 1 0 0 
1 1 0 0 1 1 
1 0 0 0 0 1 
1 0 0 1 1 0 
0 1 1 0 1 1 
0 0 0 0 0 0 
1 1 1 1 0 0 
1 0 0 0 0 0 
0 0 0 0 0 0 
0 0 0 0 1 0 
0 1 0 0 0 0 
0 0 0 0 0 0 
0 1 1 0 0 0 
0 0 0 1 1 1 
0 0 0 0 0 0 
0 0 1 0 0 0 
1 0 0 1 1 1 

JOBS [6] - [8, 12, 15, 1, 6, 2]
TOOL SWITCHES : 2
MAKESPAN : 42

# -------------------------- #

--- TOTAL TOOL SWITCHES : 20
--- HIGHEST MAKESPAN : 44
--- TOTAL FLOWTIME : 462
--- RUNNING TIME : 2.19237

# -------------------------- #


avg : 42.4
