2 15 15
5 7
2 4
3 1 2 6 8 8 8 1 2 8 7 4 10 3 5
4 7 6 2 7 2 3 3 1 4 2 8 7 2 9
0 0 0 0 0 1 1 0 0 0 0 0 0 0 1
0 1 0 0 0 1 1 1 1 0 0 1 1 0 0
0 0 0 1 0 1 1 1 0 0 0 0 0 0 1
0 0 0 0 1 0 0 0 0 0 0 0 0 0 0
1 0 0 0 0 0 1 0 0 1 0 0 0 0 0
1 0 0 0 1 0 0 0 0 1 1 0 0 0 0
1 0 1 0 0 0 0 0 0 0 0 1 0 0 1
0 0 0 1 0 0 0 0 0 1 0 1 0 0 0
0 1 1 0 0 0 0 0 1 0 0 0 0 0 0
0 0 1 1 0 0 0 0 0 0 0 0 0 0 0
0 1 0 0 1 0 0 0 0 0 0 1 1 1 0
0 1 0 0 0 0 0 0 0 1 0 0 1 1 0
0 0 1 0 1 0 0 0 1 0 0 0 0 0 0
0 0 0 0 0 0 0 1 0 0 1 0 1 0 1
1 0 0 1 0 1 0 0 0 0 1 0 0 1 0
