RUN : 1 - instancias_txt/SSP-NPM-I/ins141_m=3_j=20_t=20_var=1.txt

- MACHINE [0]

0 0 0 1 0 1 
1 1 1 1 0 0 
0 0 0 1 0 1 
0 0 0 1 1 0 
0 0 1 0 1 0 
0 0 0 0 1 0 
0 0 0 0 0 0 
1 0 1 0 0 0 
0 0 1 1 0 1 
1 0 0 0 0 0 
0 0 0 0 1 1 
0 1 0 0 0 0 
1 1 0 0 0 0 
1 0 0 0 0 1 
0 0 1 0 0 0 
0 1 1 0 0 0 
1 1 0 0 0 0 
0 0 0 1 1 0 
0 1 1 0 0 0 
0 0 0 0 1 1 

JOBS [6] - [8, 12, 18, 4, 16, 14]
TOOL SWITCHES : 15
MAKESPAN : 47

- MACHINE [1]

0 0 0 0 0 0 
0 1 0 1 0 0 
0 1 1 1 0 1 
1 0 0 0 0 0 
0 0 0 0 0 0 
0 1 1 0 1 0 
1 1 1 1 1 0 
0 0 0 0 0 1 
1 0 0 0 1 0 
0 0 0 0 1 0 
0 0 0 0 1 1 
0 1 1 0 0 1 
1 0 0 1 0 1 
0 1 0 0 1 0 
0 0 0 1 1 1 
0 0 0 0 0 0 
0 0 1 0 0 0 
0 0 0 0 0 0 
1 1 0 0 0 0 
0 0 0 1 0 0 

JOBS [6] - [6, 5, 3, 0, 10, 7]
TOOL SWITCHES : 6
MAKESPAN : 43

- MACHINE [2]

0 1 1 0 1 0 0 0 
0 0 0 0 0 0 0 0 
0 0 0 0 0 1 0 0 
0 0 0 0 0 0 0 0 
0 0 0 0 0 0 1 1 
0 0 0 1 0 0 0 1 
0 1 0 1 0 0 0 0 
0 1 0 0 0 1 0 0 
0 0 0 0 1 1 0 0 
1 0 1 0 1 0 1 0 
1 0 0 1 1 0 0 1 
0 0 0 0 0 1 1 0 
0 0 1 0 0 0 1 1 
0 0 0 1 1 1 0 1 
1 1 1 0 0 1 1 1 
1 0 1 0 0 1 1 0 
0 0 0 1 1 0 0 0 
1 1 0 0 0 0 0 0 
0 1 1 1 0 0 0 0 
0 0 0 0 0 0 0 0 

JOBS [8] - [19, 2, 1, 13, 17, 9, 11, 15]
TOOL SWITCHES : 4
MAKESPAN : 49

# -------------------------- #

--- TOTAL TOOL SWITCHES : 25
--- HIGHEST MAKESPAN : 49
--- TOTAL FLOWTIME : 417
--- RUNNING TIME : 11.323

# -------------------------- #
RUN : 1 - instancias_txt/SSP-NPM-I/ins142_m=3_j=20_t=20_var=2.txt

- MACHINE [0]

0 0 0 0 0 0 
0 0 0 0 0 1 
1 0 1 0 0 0 
1 1 0 0 0 0 
1 1 1 0 0 1 
0 0 1 1 1 0 
1 0 1 0 1 1 
0 1 0 1 0 1 
0 0 0 0 0 0 
0 0 0 1 0 0 
0 0 0 0 1 1 
0 0 0 0 0 0 
0 0 1 1 0 0 
0 0 0 0 1 0 
0 0 0 0 1 1 
1 1 0 0 0 0 
0 1 0 0 0 0 
0 0 1 1 0 0 
0 0 0 1 1 1 
1 0 0 0 0 0 

JOBS [6] - [4, 9, 13, 12, 14, 15]
TOOL SWITCHES : 11
MAKESPAN : 43

- MACHINE [1]

0 0 1 1 0 1 0 
1 0 1 0 1 0 0 
0 0 0 0 0 0 1 
0 0 1 1 0 0 0 
1 0 0 0 0 1 0 
0 1 0 1 1 1 0 
0 0 0 0 0 0 0 
1 1 1 1 1 0 1 
0 0 0 0 0 0 0 
0 0 0 0 1 1 1 
1 0 1 0 1 0 0 
0 0 0 0 0 0 0 
0 0 0 0 0 0 0 
1 1 1 0 0 0 0 
0 0 0 0 1 1 1 
0 0 0 0 0 0 1 
0 0 0 0 0 0 1 
0 1 0 0 1 0 0 
0 0 0 0 0 1 1 
1 1 0 1 0 1 0 

JOBS [7] - [10, 6, 3, 8, 1, 18, 11]
TOOL SWITCHES : 6
MAKESPAN : 48

- MACHINE [2]

0 0 1 0 1 1 0 
0 0 0 0 0 0 0 
1 1 0 0 0 0 1 
1 0 0 0 0 0 0 
0 0 0 0 0 0 0 
0 0 0 0 0 0 0 
1 0 0 1 0 0 0 
0 0 0 0 1 1 1 
0 1 0 1 0 1 1 
0 0 0 0 0 0 0 
0 0 0 0 0 0 0 
1 0 0 1 1 0 0 
1 0 0 0 1 0 1 
0 1 1 1 0 0 1 
0 0 1 0 0 0 0 
0 0 0 0 0 0 0 
0 0 1 0 1 0 1 
0 1 0 0 1 1 0 
0 1 0 1 0 1 1 
0 0 1 0 0 0 0 

JOBS [7] - [16, 17, 7, 5, 19, 0, 2]
TOOL SWITCHES : 1
MAKESPAN : 36

# -------------------------- #

--- TOTAL TOOL SWITCHES : 18
--- HIGHEST MAKESPAN : 48
--- TOTAL FLOWTIME : 354
--- RUNNING TIME : 12.1478

# -------------------------- #
RUN : 1 - instancias_txt/SSP-NPM-I/ins143_m=3_j=20_t=20_var=3.txt

- MACHINE [0]

1 1 0 0 0 0 
0 1 0 0 0 0 
0 0 0 1 0 0 
1 1 0 0 0 0 
0 0 1 1 1 1 
1 1 0 1 1 1 
0 0 0 0 0 0 
0 1 1 0 0 0 
1 0 1 1 0 1 
0 0 0 0 0 0 
0 0 0 0 1 0 
0 0 0 0 0 0 
0 0 0 0 0 1 
0 0 0 1 1 1 
0 0 0 0 1 0 
1 0 0 0 0 1 
0 0 0 0 0 0 
0 0 1 1 0 0 
0 0 1 0 1 0 
0 1 1 0 0 0 

JOBS [6] - [14, 9, 11, 19, 2, 5]
TOOL SWITCHES : 10
MAKESPAN : 34

- MACHINE [1]

0 0 0 0 0 0 
0 0 0 0 0 0 
0 0 0 0 1 1 
0 1 1 0 0 0 
0 0 0 1 1 1 
0 0 0 0 0 0 
0 0 1 1 0 0 
0 0 0 0 1 1 
1 1 0 1 0 0 
0 0 0 0 0 0 
1 0 0 0 0 0 
1 0 1 0 1 0 
0 0 0 0 0 0 
0 1 0 0 0 0 
0 0 0 0 1 0 
1 1 1 0 1 1 
1 1 0 0 0 1 
0 1 1 0 0 0 
1 0 0 1 1 0 
0 0 0 1 0 1 

JOBS [6] - [3, 10, 15, 16, 0, 13]
TOOL SWITCHES : 5
MAKESPAN : 43

- MACHINE [2]

1 0 0 0 0 1 0 1 
0 1 0 0 0 1 1 1 
0 0 1 1 0 0 0 0 
0 1 0 1 0 0 0 1 
0 0 1 1 0 0 0 0 
0 1 1 0 1 1 0 0 
0 0 0 0 0 1 0 1 
0 0 0 0 0 0 1 1 
0 0 0 1 1 0 0 0 
1 0 1 0 0 0 1 0 
0 0 0 0 0 1 1 0 
0 1 0 0 1 0 0 0 
0 0 0 0 0 0 0 1 
0 0 0 0 0 0 1 0 
1 1 0 1 1 0 1 0 
0 0 0 0 0 0 0 0 
1 0 0 0 1 0 0 1 
0 0 0 0 0 0 0 0 
0 1 1 0 0 0 0 0 
1 0 0 1 1 1 0 0 

JOBS [8] - [1, 8, 6, 18, 17, 4, 12, 7]
TOOL SWITCHES : 5
MAKESPAN : 42

# -------------------------- #

--- TOTAL TOOL SWITCHES : 20
--- HIGHEST MAKESPAN : 43
--- TOTAL FLOWTIME : 341
--- RUNNING TIME : 10.1685

# -------------------------- #
RUN : 1 - instancias_txt/SSP-NPM-I/ins144_m=3_j=20_t=20_var=4.txt

- MACHINE [0]

0 1 1 0 0 0 
0 0 0 1 1 1 
1 1 1 0 0 0 
0 0 0 1 0 0 
0 0 0 0 0 0 
1 1 0 0 0 0 
0 0 1 0 1 0 
1 1 0 0 0 0 
1 0 1 0 0 1 
0 0 0 0 0 0 
0 0 0 1 1 0 
1 1 0 0 0 1 
0 0 0 0 0 0 
0 0 0 0 1 1 
0 0 0 0 0 0 
0 0 0 1 1 1 
0 0 1 1 1 0 
1 0 1 0 0 0 
0 0 0 0 0 1 
0 0 0 0 0 0 

JOBS [6] - [10, 18, 11, 0, 14, 19]
TOOL SWITCHES : 9
MAKESPAN : 36

- MACHINE [1]

0 0 0 0 1 
0 1 0 0 0 
0 0 0 1 0 
0 0 0 1 0 
1 1 0 0 0 
1 1 0 0 1 
0 0 0 0 1 
1 0 1 0 0 
1 1 0 0 0 
1 1 0 0 1 
1 0 1 0 0 
0 0 0 0 0 
0 0 0 0 1 
0 0 1 1 1 
0 1 1 1 0 
0 0 0 1 0 
0 0 1 0 0 
0 1 0 1 0 
0 0 0 0 0 
0 0 0 0 1 

JOBS [5] - [17, 12, 15, 3, 1]
TOOL SWITCHES : 8
MAKESPAN : 36

- MACHINE [2]

0 0 0 1 1 0 1 0 1 
0 0 0 0 0 0 0 0 0 
0 1 1 0 0 0 0 1 0 
0 1 1 1 0 1 1 1 1 
0 0 0 0 0 0 0 0 0 
0 0 0 0 0 0 0 0 0 
1 0 1 0 1 0 0 0 0 
1 1 0 0 1 1 0 0 0 
1 1 0 1 0 1 0 0 0 
1 0 1 1 0 0 0 1 1 
1 0 0 1 0 0 0 1 0 
0 0 0 0 0 0 0 1 0 
1 0 1 0 0 0 1 0 0 
0 0 0 0 0 0 0 0 0 
0 0 1 0 1 0 1 1 1 
0 1 0 0 1 1 0 0 1 
0 0 0 0 0 0 0 0 0 
0 1 0 0 0 0 1 0 0 
0 0 0 0 0 1 1 1 1 
1 1 0 1 1 1 0 0 1 

JOBS [9] - [4, 6, 16, 2, 7, 8, 5, 13, 9]
TOOL SWITCHES : 2
MAKESPAN : 41

# -------------------------- #

--- TOTAL TOOL SWITCHES : 19
--- HIGHEST MAKESPAN : 41
--- TOTAL FLOWTIME : 321
--- RUNNING TIME : 9.7976

# -------------------------- #
RUN : 1 - instancias_txt/SSP-NPM-I/ins145_m=3_j=20_t=20_var=5.txt

- MACHINE [0]

0 0 0 0 0 1 
0 0 0 1 1 0 
1 0 1 0 0 1 
1 0 0 0 0 0 
1 1 1 0 1 0 
1 1 0 0 0 0 
0 0 0 0 0 1 
0 0 0 1 1 1 
0 0 0 1 0 1 
0 0 1 1 1 0 
0 1 0 0 1 0 
1 0 0 0 0 0 
0 0 0 0 0 0 
0 0 0 0 0 0 
0 0 0 0 0 0 
1 1 1 0 0 0 
0 0 1 1 1 0 
0 0 1 0 0 0 
0 0 0 0 0 0 
0 1 1 1 0 0 

JOBS [6] - [17, 13, 12, 5, 8, 10]
TOOL SWITCHES : 11
MAKESPAN : 49

- MACHINE [1]

0 0 0 0 0 0 0 
1 1 1 0 0 1 0 
1 0 0 1 0 0 0 
0 0 0 0 0 1 1 
0 1 1 0 0 0 0 
0 0 0 1 1 0 0 
0 0 0 0 0 1 1 
0 1 0 0 0 0 0 
0 0 1 1 0 0 0 
1 0 1 0 0 0 1 
0 0 0 0 1 1 1 
1 0 1 0 1 0 0 
1 1 1 0 1 0 0 
0 1 0 1 1 0 0 
0 0 0 0 0 0 1 
1 0 0 0 1 1 1 
0 0 0 1 1 0 0 
0 0 0 0 0 0 0 
1 0 1 1 0 1 0 
0 0 0 0 0 0 1 

JOBS [7] - [9, 4, 3, 6, 18, 15, 1]
TOOL SWITCHES : 9
MAKESPAN : 47

- MACHINE [2]

0 1 1 0 0 1 1 
0 0 0 0 0 0 0 
0 1 1 0 0 0 0 
0 0 0 0 0 0 0 
1 1 0 0 0 0 0 
0 0 0 0 1 1 0 
0 0 0 0 0 0 0 
0 0 1 0 0 1 1 
0 0 1 0 0 0 0 
1 1 0 1 0 1 0 
1 0 1 1 1 0 0 
0 0 1 0 1 0 0 
0 0 0 1 1 0 0 
0 1 1 1 0 0 1 
0 0 0 0 0 0 1 
1 0 0 1 0 0 0 
0 0 0 0 0 0 0 
0 0 0 1 1 1 1 
1 1 0 0 1 1 0 
0 0 0 0 0 0 1 

JOBS [7] - [11, 19, 0, 14, 16, 7, 2]
TOOL SWITCHES : 3
MAKESPAN : 40

# -------------------------- #

--- TOTAL TOOL SWITCHES : 23
--- HIGHEST MAKESPAN : 49
--- TOTAL FLOWTIME : 376
--- RUNNING TIME : 7.85039

# -------------------------- #
RUN : 1 - instancias_txt/SSP-NPM-I/ins146_m=3_j=20_t=20_var=6.txt

- MACHINE [0]

0 0 0 0 0 
0 0 0 1 0 
0 0 0 0 0 
1 1 1 0 0 
1 0 1 0 0 
0 0 0 1 1 
0 1 1 1 0 
0 0 0 0 0 
0 0 0 0 1 
0 1 0 0 1 
1 0 0 1 1 
0 0 0 1 0 
0 0 1 1 0 
0 0 0 0 0 
0 0 0 0 0 
0 0 0 0 1 
1 1 1 0 0 
1 1 1 0 0 
0 1 1 0 0 
0 0 0 1 1 

JOBS [5] - [6, 19, 8, 3, 1]
TOOL SWITCHES : 10
MAKESPAN : 45

- MACHINE [1]

0 0 1 1 1 0 
0 0 0 0 0 0 
0 0 1 1 0 1 
0 0 0 0 1 1 
0 0 0 0 0 0 
1 1 1 1 0 1 
0 0 0 1 0 0 
0 0 0 0 0 0 
1 1 1 1 0 1 
0 0 0 0 0 0 
1 1 0 0 0 0 
0 0 0 0 0 0 
0 1 0 0 0 0 
0 0 0 0 1 1 
1 1 0 0 0 1 
0 0 0 0 0 0 
0 0 1 0 1 0 
0 0 0 1 1 0 
1 0 0 0 1 0 
0 1 1 1 0 0 

JOBS [6] - [10, 14, 9, 16, 13, 15]
TOOL SWITCHES : 4
MAKESPAN : 41

- MACHINE [2]

0 1 0 0 0 0 0 0 0 
0 1 0 0 0 1 0 0 0 
0 0 1 1 1 0 0 0 1 
0 0 0 0 0 1 1 0 0 
1 1 0 0 0 0 0 0 0 
0 1 1 0 1 1 0 0 1 
0 0 0 0 0 0 1 1 0 
0 0 0 0 1 0 1 1 0 
0 0 0 0 1 1 0 0 0 
0 0 0 0 0 0 0 0 1 
1 0 1 0 0 0 0 0 1 
0 0 0 0 0 0 0 1 1 
1 1 0 1 1 0 0 1 0 
0 0 0 0 0 0 0 0 1 
1 0 1 1 1 0 0 1 0 
0 1 1 1 0 0 1 0 0 
0 0 0 0 1 1 1 0 0 
0 0 0 0 0 0 0 0 0 
1 0 0 0 0 0 0 0 0 
1 0 1 1 0 1 0 0 1 

JOBS [9] - [2, 17, 7, 5, 12, 0, 11, 4, 18]
TOOL SWITCHES : 6
MAKESPAN : 54

# -------------------------- #

--- TOTAL TOOL SWITCHES : 20
--- HIGHEST MAKESPAN : 54
--- TOTAL FLOWTIME : 434
--- RUNNING TIME : 10.7324

# -------------------------- #
RUN : 1 - instancias_txt/SSP-NPM-I/ins147_m=3_j=20_t=20_var=7.txt

- MACHINE [0]

0 0 0 0 0 1 
0 0 0 0 0 0 
1 1 0 0 1 0 
0 0 0 0 1 1 
0 0 0 1 1 1 
1 1 1 0 0 0 
0 0 0 0 0 0 
0 0 0 0 1 0 
0 0 0 0 0 0 
1 0 0 1 0 0 
0 0 1 1 1 0 
0 0 1 1 0 1 
1 1 0 0 0 0 
1 0 0 0 0 0 
0 0 0 0 0 0 
0 0 0 0 0 0 
0 0 1 1 0 0 
0 1 1 0 0 0 
1 1 0 0 0 1 
0 1 1 1 1 0 

JOBS [6] - [6, 19, 8, 1, 10, 0]
TOOL SWITCHES : 10
MAKESPAN : 37

- MACHINE [1]

1 0 1 0 0 0 
0 1 0 1 1 0 
0 0 0 0 0 1 
0 0 1 1 0 0 
0 0 0 0 0 1 
0 1 0 0 0 0 
1 0 0 1 0 1 
0 0 0 0 0 0 
0 0 0 0 0 0 
0 0 1 0 0 0 
1 1 0 0 0 0 
0 0 0 0 0 1 
0 1 0 1 0 0 
0 0 0 1 1 0 
0 0 1 1 0 0 
1 0 0 0 1 0 
1 1 0 1 1 1 
1 0 1 0 1 0 
0 0 0 0 1 0 
0 0 0 0 0 0 

JOBS [6] - [18, 12, 5, 11, 17, 16]
TOOL SWITCHES : 7
MAKESPAN : 37

- MACHINE [2]

0 1 1 1 0 0 0 0 
0 1 1 0 0 0 0 0 
0 0 0 0 0 0 0 0 
0 0 0 0 0 0 0 0 
0 0 0 0 0 0 0 0 
1 1 0 0 0 1 0 1 
0 0 0 0 0 0 0 0 
0 0 0 1 1 1 0 0 
0 0 0 1 0 1 1 0 
1 0 0 0 0 0 1 0 
0 0 0 0 0 0 1 0 
1 0 0 0 0 1 0 1 
0 0 0 0 0 0 0 0 
0 0 1 1 1 0 0 0 
1 1 1 0 1 0 1 0 
0 0 1 1 0 0 1 1 
0 0 0 0 1 0 1 1 
0 0 1 0 1 0 0 1 
1 1 0 0 1 0 1 0 
0 0 0 0 0 1 0 0 

JOBS [8] - [3, 2, 7, 13, 9, 4, 15, 14]
TOOL SWITCHES : 2
MAKESPAN : 45

# -------------------------- #

--- TOTAL TOOL SWITCHES : 19
--- HIGHEST MAKESPAN : 45
--- TOTAL FLOWTIME : 343
--- RUNNING TIME : 7.54918

# -------------------------- #
RUN : 1 - instancias_txt/SSP-NPM-I/ins148_m=3_j=20_t=20_var=8.txt

- MACHINE [0]

1 0 0 1 0 0 
0 0 0 1 0 0 
0 0 0 0 0 1 
0 1 1 0 0 0 
1 1 0 0 0 0 
0 0 0 0 0 0 
1 1 0 0 0 0 
1 1 1 0 0 0 
0 0 0 0 0 0 
0 0 0 0 1 0 
0 0 1 1 1 0 
0 0 0 0 0 0 
0 0 0 0 1 0 
0 0 0 0 1 1 
1 1 0 0 1 1 
0 1 1 0 1 1 
0 0 0 0 0 0 
0 0 1 1 0 1 
0 0 0 0 0 1 
1 0 1 1 0 0 

JOBS [6] - [10, 19, 0, 11, 7, 6]
TOOL SWITCHES : 10
MAKESPAN : 41

- MACHINE [1]

0 0 0 0 0 0 0 
0 1 1 1 1 1 0 
1 0 0 0 0 0 1 
1 0 0 0 0 0 0 
1 0 0 0 1 0 0 
1 0 1 0 0 1 1 
1 1 0 1 0 0 0 
0 0 1 0 0 1 0 
0 1 0 1 0 1 0 
0 0 0 0 0 0 0 
1 1 1 0 0 0 0 
0 1 1 0 1 0 0 
0 0 0 0 1 0 1 
0 1 1 1 1 0 0 
0 0 0 0 0 1 1 
0 0 0 0 0 0 0 
0 0 0 1 1 1 1 
0 0 0 0 0 0 1 
0 0 0 0 0 0 0 
0 0 0 0 0 1 0 

JOBS [7] - [15, 5, 4, 8, 9, 12, 16]
TOOL SWITCHES : 6
MAKESPAN : 40

- MACHINE [2]

0 0 0 0 1 1 1 
0 1 0 1 0 0 0 
1 0 1 0 0 0 0 
0 0 0 0 0 0 0 
0 1 0 0 1 1 0 
0 0 0 0 0 0 1 
0 0 0 1 1 0 0 
0 1 1 0 0 0 1 
1 0 1 0 0 0 0 
0 0 0 1 0 1 0 
1 1 0 0 0 0 0 
0 0 0 0 0 0 0 
1 0 0 0 0 0 0 
0 0 0 0 0 0 0 
1 0 0 1 0 0 1 
0 0 1 1 1 0 1 
0 0 0 0 1 0 1 
0 1 1 1 1 1 0 
0 1 1 0 0 1 0 
0 0 0 0 0 1 0 

JOBS [7] - [18, 2, 13, 17, 1, 3, 14]
TOOL SWITCHES : 4
MAKESPAN : 38

# -------------------------- #

--- TOTAL TOOL SWITCHES : 20
--- HIGHEST MAKESPAN : 41
--- TOTAL FLOWTIME : 341
--- RUNNING TIME : 10.8179

# -------------------------- #
RUN : 1 - instancias_txt/SSP-NPM-I/ins149_m=3_j=20_t=20_var=9.txt

- MACHINE [0]

1 1 0 0 0 
0 1 0 0 1 
0 0 0 1 0 
0 0 0 1 1 
0 0 1 0 0 
0 0 0 0 0 
0 0 0 0 0 
0 0 0 0 0 
0 0 1 1 0 
1 1 0 0 1 
0 0 1 0 0 
1 0 0 0 0 
0 0 0 0 1 
1 1 1 0 0 
0 1 1 1 1 
1 0 0 0 0 
0 1 0 1 0 
0 0 0 1 1 
0 0 0 0 1 
0 0 0 0 0 

JOBS [5] - [19, 9, 4, 13, 7]
TOOL SWITCHES : 10
MAKESPAN : 37

- MACHINE [1]

1 0 0 0 0 1 
0 1 1 0 0 0 
0 0 0 0 1 0 
0 0 1 0 0 1 
0 0 0 0 0 0 
0 0 0 0 0 0 
0 0 0 0 1 1 
1 1 1 1 0 0 
0 0 1 1 0 0 
0 1 0 1 1 0 
1 1 0 0 0 0 
1 1 1 0 0 0 
0 0 0 0 0 0 
0 0 1 0 1 1 
0 0 0 1 1 0 
1 1 1 1 1 0 
1 0 0 1 0 0 
1 0 0 0 0 0 
0 0 0 1 0 1 
0 0 0 0 0 1 

JOBS [6] - [17, 10, 5, 0, 12, 1]
TOOL SWITCHES : 7
MAKESPAN : 38

- MACHINE [2]

0 0 0 0 0 1 0 1 0 
1 0 1 0 0 1 1 1 1 
0 0 1 0 1 0 1 0 0 
0 0 0 0 0 0 0 0 0 
1 0 1 1 0 0 1 1 0 
0 1 0 1 1 0 1 0 0 
1 1 0 0 1 0 0 0 1 
0 1 1 0 1 0 0 0 0 
0 0 0 0 0 0 0 0 0 
0 1 1 0 1 0 1 0 0 
0 0 0 0 0 0 1 1 0 
1 1 0 1 0 0 0 0 1 
0 0 0 0 0 0 0 0 1 
1 0 1 0 1 1 0 1 0 
0 0 1 1 0 0 1 0 0 
0 0 0 0 0 0 0 1 1 
0 0 0 0 0 0 0 0 0 
1 1 0 0 1 1 0 0 0 
0 0 0 1 0 1 0 0 0 
0 1 0 1 0 1 0 0 0 

JOBS [9] - [11, 18, 3, 14, 8, 2, 6, 16, 15]
TOOL SWITCHES : 4
MAKESPAN : 46

# -------------------------- #

--- TOTAL TOOL SWITCHES : 21
--- HIGHEST MAKESPAN : 46
--- TOTAL FLOWTIME : 352
--- RUNNING TIME : 9.35366

# -------------------------- #
RUN : 1 - instancias_txt/SSP-NPM-I/ins150_m=3_j=20_t=20_var=10.txt

- MACHINE [0]

0 0 0 0 0 0 
0 0 0 0 0 0 
1 0 0 0 0 0 
0 1 1 0 0 1 
0 0 0 0 0 1 
1 1 1 1 0 0 
0 0 0 1 1 0 
0 0 0 0 0 0 
0 0 1 1 1 1 
0 0 0 0 0 0 
1 0 0 0 1 1 
0 0 0 0 0 0 
1 1 0 1 0 0 
0 1 0 0 1 0 
0 0 0 0 0 0 
1 0 1 0 0 1 
1 1 0 0 0 0 
0 0 1 1 1 0 
0 0 0 1 0 1 
0 1 1 1 1 1 

JOBS [6] - [0, 18, 13, 7, 5, 6]
TOOL SWITCHES : 11
MAKESPAN : 49

- MACHINE [1]

1 0 0 0 1 0 1 
0 0 0 0 0 0 0 
1 0 1 0 0 0 0 
0 0 0 0 0 0 0 
0 0 0 0 0 0 0 
0 0 0 0 0 0 1 
0 0 0 0 0 0 0 
0 1 0 0 1 0 0 
0 0 0 0 0 0 1 
0 0 0 0 0 0 0 
0 1 1 1 0 1 0 
1 1 1 1 0 1 1 
0 0 0 0 0 1 1 
0 1 0 1 1 1 0 
1 1 0 0 1 0 0 
0 0 0 0 0 0 0 
1 0 0 0 1 1 1 
0 0 1 0 0 0 0 
0 0 1 1 0 0 0 
0 0 0 1 1 0 0 

JOBS [7] - [1, 15, 3, 14, 19, 4, 17]
TOOL SWITCHES : 4
MAKESPAN : 40

- MACHINE [2]

0 0 0 0 0 0 1 
1 1 0 0 0 1 1 
0 0 1 1 1 0 0 
0 1 1 1 0 0 1 
0 1 1 0 1 0 0 
0 0 1 1 0 1 0 
1 1 0 1 1 0 1 
1 0 0 0 0 0 0 
0 0 0 0 0 0 0 
0 0 1 1 0 0 1 
0 0 0 0 1 1 0 
0 0 0 0 1 1 0 
0 0 0 0 1 1 0 
0 0 0 0 0 0 0 
0 0 1 1 0 0 0 
1 0 1 0 0 1 0 
0 0 0 0 0 0 0 
1 1 0 0 0 1 0 
0 0 0 0 0 0 1 
1 1 0 0 0 0 1 

JOBS [7] - [11, 16, 2, 10, 8, 12, 9]
TOOL SWITCHES : 4
MAKESPAN : 40

# -------------------------- #

--- TOTAL TOOL SWITCHES : 19
--- HIGHEST MAKESPAN : 49
--- TOTAL FLOWTIME : 341
--- RUNNING TIME : 9.34837

# -------------------------- #
RUN : 1 - instancias_txt/SSP-NPM-I/ins151_m=3_j=20_t=20_var=11.txt

- MACHINE [0]

0 0 0 0 0 1 
1 1 1 1 1 0 
0 0 0 0 0 0 
0 0 0 0 0 1 
1 0 0 1 0 0 
0 0 0 0 0 0 
1 0 0 0 0 0 
0 0 1 1 1 1 
0 0 0 0 0 1 
0 0 0 0 0 0 
0 0 0 0 1 0 
0 0 1 0 1 1 
1 1 0 0 0 0 
0 1 0 0 0 0 
0 0 0 0 0 0 
0 0 0 0 0 0 
1 1 1 1 0 0 
0 0 0 1 0 1 
1 1 1 0 1 0 
1 1 1 0 0 0 

JOBS [6] - [9, 16, 4, 11, 1, 10]
TOOL SWITCHES : 8
MAKESPAN : 35

- MACHINE [1]

0 0 0 0 0 0 0 
0 0 0 0 0 0 0 
0 0 0 1 0 1 0 
0 1 1 0 0 0 0 
1 0 0 1 0 1 0 
0 0 0 0 0 0 1 
0 1 1 1 1 1 0 
0 0 0 1 1 1 1 
0 0 0 0 0 1 1 
1 1 0 0 1 1 0 
0 1 1 0 1 0 0 
0 0 0 0 0 0 0 
0 0 0 0 0 0 0 
0 0 0 0 0 0 1 
0 0 1 1 0 0 0 
1 0 1 0 1 0 1 
0 0 0 0 0 0 0 
1 1 0 1 1 0 0 
1 0 1 0 0 0 0 
1 1 0 0 0 0 0 

JOBS [7] - [14, 5, 12, 0, 2, 3, 13]
TOOL SWITCHES : 5
MAKESPAN : 45

- MACHINE [2]

1 1 0 0 1 1 1 
0 1 0 0 0 0 0 
0 0 1 0 0 1 0 
0 0 1 1 0 1 0 
0 0 0 0 0 1 0 
0 0 0 0 0 0 0 
1 0 1 0 0 0 1 
1 1 0 1 1 0 0 
0 0 0 0 0 0 0 
1 1 0 0 0 0 1 
1 0 0 1 1 0 0 
0 0 0 0 0 1 0 
1 1 0 0 0 0 0 
0 0 1 1 1 1 0 
0 0 0 0 0 1 1 
0 0 0 1 1 0 0 
0 1 0 1 0 0 0 
0 0 0 0 0 0 0 
0 0 0 0 0 0 0 
0 0 1 1 0 0 1 

JOBS [7] - [7, 18, 17, 19, 6, 15, 8]
TOOL SWITCHES : 3
MAKESPAN : 45

# -------------------------- #

--- TOTAL TOOL SWITCHES : 16
--- HIGHEST MAKESPAN : 45
--- TOTAL FLOWTIME : 340
--- RUNNING TIME : 7.52405

# -------------------------- #
RUN : 1 - instancias_txt/SSP-NPM-I/ins152_m=3_j=20_t=20_var=12.txt

- MACHINE [0]

1 0 0 0 0 0 
1 1 1 0 0 1 
0 0 0 0 0 0 
1 1 0 1 0 0 
0 0 1 0 0 0 
0 0 0 0 0 0 
0 0 0 1 1 0 
1 0 0 0 0 0 
0 1 1 0 0 0 
1 1 1 0 1 0 
0 0 0 0 1 0 
0 0 0 0 1 1 
1 1 0 1 0 0 
0 1 1 1 0 1 
0 1 0 0 0 0 
0 0 0 0 0 1 
0 0 0 1 1 0 
0 0 0 0 1 1 
0 0 0 0 1 1 
0 0 0 1 0 0 

JOBS [6] - [3, 2, 17, 8, 4, 14]
TOOL SWITCHES : 13
MAKESPAN : 42

- MACHINE [1]

0 0 1 1 0 1 0 
1 0 1 0 0 0 0 
1 0 0 0 0 0 0 
1 0 1 1 1 0 0 
0 0 1 0 0 1 1 
0 0 0 1 0 1 0 
0 0 0 0 0 0 0 
0 0 0 0 0 0 1 
1 1 1 0 1 0 1 
0 1 1 1 0 0 0 
0 0 0 0 0 0 0 
0 1 0 0 0 0 1 
0 0 0 0 1 1 0 
0 0 0 0 0 0 0 
0 0 0 0 1 0 0 
0 1 0 1 0 0 0 
1 1 0 0 1 1 0 
0 0 0 1 1 0 0 
0 0 0 0 0 0 1 
1 1 0 0 0 0 1 

JOBS [7] - [6, 18, 15, 1, 0, 12, 10]
TOOL SWITCHES : 8
MAKESPAN : 38

- MACHINE [2]

1 1 1 1 1 0 0 
0 1 0 0 0 1 1 
0 0 1 1 0 1 1 
0 0 0 0 0 0 1 
0 1 0 0 1 0 0 
0 0 0 0 0 0 0 
1 0 1 1 0 1 0 
0 1 0 0 1 0 0 
1 0 0 0 0 1 0 
0 0 0 0 0 0 0 
0 0 1 1 0 0 1 
0 0 0 0 0 0 0 
0 0 0 0 1 0 0 
1 1 0 0 0 0 0 
0 0 0 1 0 0 0 
0 1 1 1 1 0 1 
0 0 0 0 0 0 0 
0 0 0 0 0 1 1 
1 0 0 0 1 0 0 
0 0 1 0 0 1 1 

JOBS [7] - [9, 19, 11, 5, 13, 7, 16]
TOOL SWITCHES : 3
MAKESPAN : 34

# -------------------------- #

--- TOTAL TOOL SWITCHES : 24
--- HIGHEST MAKESPAN : 42
--- TOTAL FLOWTIME : 311
--- RUNNING TIME : 7.91148

# -------------------------- #
RUN : 1 - instancias_txt/SSP-NPM-I/ins153_m=3_j=20_t=20_var=13.txt

- MACHINE [0]

0 0 1 0 0 1 
1 0 0 0 0 1 
1 1 0 0 0 0 
1 1 1 1 0 0 
0 0 1 0 0 0 
1 1 0 0 0 0 
0 0 0 1 0 0 
0 1 0 0 0 0 
1 1 1 0 1 0 
0 1 0 1 1 0 
0 0 1 1 0 0 
0 0 0 0 1 1 
1 0 0 0 0 1 
1 1 1 1 0 0 
0 0 0 0 1 1 
0 0 0 0 1 0 
0 0 0 0 1 0 
0 0 0 0 0 0 
0 0 0 0 0 0 
0 0 0 1 0 1 

JOBS [6] - [15, 12, 2, 3, 0, 6]
TOOL SWITCHES : 14
MAKESPAN : 47

- MACHINE [1]

1 0 0 1 0 0 1 
0 0 0 0 1 1 1 
0 0 0 1 0 1 0 
0 1 1 0 1 0 0 
0 0 0 0 1 0 0 
1 0 0 1 0 0 0 
1 0 0 0 1 0 1 
0 1 1 1 1 1 0 
1 1 0 0 0 1 0 
0 1 0 0 0 0 0 
0 0 0 1 1 0 0 
0 0 0 0 0 0 0 
0 0 0 0 0 1 0 
0 0 1 1 0 0 0 
0 0 0 0 0 0 0 
0 0 0 0 0 1 1 
1 0 1 0 0 1 1 
1 0 0 0 0 0 0 
0 1 1 0 0 0 0 
0 0 0 0 0 0 0 

JOBS [7] - [9, 4, 16, 10, 1, 8, 5]
TOOL SWITCHES : 7
MAKESPAN : 41

- MACHINE [2]

0 0 0 0 0 0 0 
1 1 0 0 1 0 0 
0 1 0 0 0 0 0 
0 0 0 0 0 0 0 
0 0 0 1 1 1 0 
1 0 1 1 0 0 0 
0 0 0 0 0 0 0 
0 0 1 0 1 1 0 
0 0 0 0 0 0 1 
0 0 1 1 0 0 1 
0 0 0 1 1 0 0 
0 0 0 0 0 1 1 
0 1 0 0 0 1 0 
1 0 0 0 1 0 0 
0 0 0 0 0 0 0 
1 1 1 1 0 1 0 
0 0 0 0 0 0 1 
1 0 0 0 1 1 1 
1 1 1 0 0 0 0 
0 1 0 0 1 0 1 

JOBS [7] - [11, 19, 14, 17, 7, 18, 13]
TOOL SWITCHES : 3
MAKESPAN : 38

# -------------------------- #

--- TOTAL TOOL SWITCHES : 24
--- HIGHEST MAKESPAN : 47
--- TOTAL FLOWTIME : 381
--- RUNNING TIME : 8.45602

# -------------------------- #
RUN : 1 - instancias_txt/SSP-NPM-I/ins154_m=3_j=20_t=20_var=14.txt

- MACHINE [0]

0 0 0 0 1 0 
0 0 0 0 0 0 
1 0 0 0 1 0 
0 0 0 0 1 0 
0 1 0 0 0 1 
0 0 1 1 1 0 
0 0 0 0 0 1 
0 0 0 1 0 0 
0 0 1 0 0 1 
0 0 0 0 0 0 
1 0 0 0 0 0 
1 0 1 1 0 1 
0 1 1 0 0 0 
1 1 1 1 1 0 
1 1 0 0 0 0 
1 0 1 1 0 0 
0 0 0 0 0 1 
0 0 0 0 0 0 
0 0 0 0 0 0 
1 1 0 1 0 0 

JOBS [6] - [15, 0, 6, 19, 9, 14]
TOOL SWITCHES : 11
MAKESPAN : 36

- MACHINE [1]

0 0 0 0 0 0 
1 0 1 0 1 0 
0 0 0 0 0 0 
0 1 1 0 0 1 
1 1 1 1 0 1 
1 0 1 1 1 0 
0 0 0 1 1 0 
0 1 1 0 1 1 
0 0 0 1 0 0 
0 1 1 0 0 1 
0 0 0 0 0 0 
0 0 0 0 1 0 
0 0 0 0 1 1 
1 1 0 1 0 0 
0 0 0 0 0 0 
1 0 0 1 0 0 
0 0 0 0 0 0 
1 0 0 0 0 0 
0 0 1 0 0 0 
0 0 0 0 0 1 

JOBS [6] - [3, 12, 1, 5, 8, 11]
TOOL SWITCHES : 5
MAKESPAN : 42

- MACHINE [2]

0 0 0 0 0 0 1 1 
0 0 0 0 0 0 0 1 
0 1 1 0 0 1 1 0 
0 0 0 1 1 0 0 0 
0 0 0 0 0 0 0 1 
0 0 0 0 0 0 0 0 
0 0 0 0 1 0 1 0 
0 0 0 0 0 0 0 1 
1 0 0 0 0 0 1 1 
1 0 1 0 1 1 0 0 
1 1 0 0 1 1 0 1 
0 0 0 0 0 0 0 0 
0 1 1 1 1 1 0 0 
0 0 0 0 0 0 0 0 
0 0 1 0 0 0 0 0 
1 0 0 1 0 0 0 0 
1 0 1 0 0 0 1 0 
0 1 0 1 0 1 0 0 
0 0 1 1 0 1 0 0 
1 1 0 1 1 0 1 0 

JOBS [8] - [7, 16, 4, 17, 18, 10, 13, 2]
TOOL SWITCHES : 4
MAKESPAN : 43

# -------------------------- #

--- TOTAL TOOL SWITCHES : 20
--- HIGHEST MAKESPAN : 43
--- TOTAL FLOWTIME : 326
--- RUNNING TIME : 9.34289

# -------------------------- #
RUN : 1 - instancias_txt/SSP-NPM-I/ins155_m=3_j=20_t=20_var=15.txt

- MACHINE [0]

0 0 0 0 0 0 
1 0 1 0 1 0 
0 0 0 0 0 1 
1 1 0 0 1 0 
1 0 0 0 0 1 
0 1 1 0 0 0 
0 0 0 0 0 1 
0 0 0 1 0 0 
0 0 0 0 1 0 
1 1 0 0 0 1 
0 0 0 0 1 0 
0 0 0 0 1 1 
0 0 1 1 0 0 
1 0 1 0 0 0 
0 0 0 0 0 1 
0 0 1 0 0 0 
0 0 0 1 1 0 
1 1 1 1 0 0 
1 1 0 0 0 0 
0 0 0 1 1 0 

JOBS [6] - [1, 10, 7, 16, 11, 15]
TOOL SWITCHES : 14
MAKESPAN : 40

- MACHINE [1]

1 0 0 1 0 0 
0 0 0 0 0 0 
0 0 0 0 1 0 
1 1 0 1 0 0 
1 1 1 0 0 0 
1 0 0 0 0 0 
0 0 0 0 0 1 
0 0 0 0 0 0 
0 1 0 0 0 1 
1 1 1 0 1 0 
0 1 1 1 0 0 
0 0 0 0 0 1 
0 0 0 0 0 0 
1 1 0 0 1 0 
0 0 0 0 0 1 
1 0 1 0 1 0 
0 0 0 1 0 0 
0 0 0 0 1 1 
0 0 0 1 1 0 
0 0 1 1 0 0 

JOBS [6] - [14, 8, 17, 4, 12, 13]
TOOL SWITCHES : 7
MAKESPAN : 45

- MACHINE [2]

1 1 1 1 1 0 0 0 
1 1 0 1 0 0 0 0 
1 1 1 0 1 0 0 1 
0 1 0 1 1 1 0 0 
0 1 0 0 1 0 0 1 
1 0 0 1 0 0 1 0 
0 0 0 0 0 1 0 0 
0 0 0 0 0 0 1 1 
1 0 0 1 0 1 0 0 
0 0 0 0 0 0 0 0 
1 0 0 0 0 0 1 0 
0 0 0 0 0 0 0 0 
0 0 0 0 0 0 0 0 
0 0 0 0 0 0 0 0 
0 0 1 0 1 1 1 1 
0 0 1 0 0 1 1 1 
0 1 1 1 0 1 0 1 
0 0 1 0 1 1 1 0 
0 1 0 0 1 0 0 0 
0 0 0 0 0 0 1 1 

JOBS [8] - [9, 2, 19, 3, 5, 6, 0, 18]
TOOL SWITCHES : 3
MAKESPAN : 38

# -------------------------- #

--- TOTAL TOOL SWITCHES : 24
--- HIGHEST MAKESPAN : 45
--- TOTAL FLOWTIME : 323
--- RUNNING TIME : 8.10994

# -------------------------- #
RUN : 1 - instancias_txt/SSP-NPM-I/ins156_m=3_j=20_t=20_var=16.txt

- MACHINE [0]

0 1 1 0 1 
1 1 0 0 0 
0 0 1 0 0 
0 1 0 1 1 
0 0 0 0 0 
0 0 0 0 1 
1 1 0 0 1 
1 1 0 0 0 
0 0 0 0 0 
0 0 0 0 0 
1 0 0 0 1 
0 0 1 0 0 
0 0 1 1 0 
0 0 0 0 0 
0 1 0 1 0 
0 0 0 0 1 
0 0 0 1 0 
0 0 0 1 1 
1 0 0 0 0 
0 0 1 1 0 

JOBS [5] - [7, 2, 12, 6, 18]
TOOL SWITCHES : 11
MAKESPAN : 37

- MACHINE [1]

0 0 0 0 0 
0 1 0 1 0 
1 0 1 1 0 
0 0 0 0 1 
1 1 1 0 0 
1 0 0 0 0 
0 0 0 0 0 
0 0 0 0 0 
1 1 1 0 0 
1 0 0 0 1 
0 0 0 0 1 
0 0 0 1 1 
0 1 1 0 0 
0 0 0 0 0 
0 0 0 0 0 
0 1 1 1 1 
0 0 0 0 0 
0 0 0 1 0 
1 1 1 1 1 
0 0 0 0 0 

JOBS [5] - [10, 1, 9, 16, 3]
TOOL SWITCHES : 3
MAKESPAN : 36

- MACHINE [2]

1 0 0 0 0 1 1 0 0 1 
1 0 1 1 1 0 0 1 0 1 
0 0 0 0 0 0 0 0 0 0 
0 0 0 0 0 0 0 0 0 0 
0 0 0 1 1 0 1 0 0 0 
1 0 0 1 1 0 0 1 0 0 
0 0 0 1 0 1 0 0 1 0 
0 0 0 0 0 0 0 0 0 0 
0 0 0 1 1 1 0 0 0 0 
1 1 1 0 0 0 0 0 0 0 
1 0 1 0 0 0 0 1 1 1 
1 1 0 1 1 1 0 0 0 1 
0 0 0 0 0 0 0 1 1 0 
0 0 0 0 0 0 0 1 1 0 
0 1 1 0 0 0 0 0 1 0 
0 0 0 0 0 0 1 0 0 0 
0 0 0 0 0 1 1 0 1 0 
0 0 1 0 0 0 1 0 0 1 
0 1 1 0 0 1 0 0 1 0 
0 1 0 0 0 0 1 0 0 0 

JOBS [10] - [14, 13, 17, 0, 15, 5, 11, 19, 8, 4]
TOOL SWITCHES : 4
MAKESPAN : 44

# -------------------------- #

--- TOTAL TOOL SWITCHES : 18
--- HIGHEST MAKESPAN : 44
--- TOTAL FLOWTIME : 328
--- RUNNING TIME : 10.0478

# -------------------------- #
RUN : 1 - instancias_txt/SSP-NPM-I/ins157_m=3_j=20_t=20_var=17.txt

- MACHINE [0]

1 0 0 1 1 0 
0 0 0 0 1 1 
1 1 1 1 0 0 
0 0 0 0 0 0 
1 1 0 0 0 0 
0 0 0 1 0 1 
0 0 0 1 1 0 
0 1 0 0 0 0 
0 0 1 1 0 0 
0 0 0 0 0 0 
0 0 0 0 0 1 
0 0 0 0 0 0 
1 0 0 0 0 1 
0 1 1 0 1 0 
0 0 1 0 0 0 
0 0 0 0 0 0 
1 1 1 0 0 1 
0 0 1 1 1 1 
0 0 0 0 1 0 
1 0 0 0 0 0 

JOBS [6] - [13, 17, 15, 7, 6, 1]
TOOL SWITCHES : 11
MAKESPAN : 37

- MACHINE [1]

0 0 0 0 0 1 0 
0 0 0 0 0 0 1 
0 1 1 0 0 0 0 
1 0 1 0 0 1 1 
1 1 0 1 0 0 0 
0 1 0 0 0 0 0 
0 1 0 0 1 1 0 
0 0 0 0 0 0 0 
0 1 0 0 1 1 0 
0 0 0 0 0 0 0 
0 1 1 1 0 1 1 
1 0 0 0 0 0 0 
0 0 1 1 0 0 0 
1 0 0 1 1 1 1 
0 0 1 0 0 0 0 
1 1 0 1 1 0 0 
0 0 0 0 0 0 1 
0 0 0 0 0 0 0 
0 0 0 1 1 0 1 
0 0 0 1 1 1 0 

JOBS [7] - [0, 3, 12, 5, 9, 18, 10]
TOOL SWITCHES : 7
MAKESPAN : 46

- MACHINE [2]

1 0 1 1 0 0 0 
0 0 0 0 0 0 0 
0 0 0 0 1 1 0 
1 0 0 1 0 0 1 
0 1 1 1 1 0 0 
0 1 1 0 1 1 0 
0 0 0 0 0 0 1 
0 1 1 0 1 1 0 
1 0 1 0 0 0 0 
0 1 0 0 1 1 1 
0 0 0 0 0 0 0 
0 0 0 0 0 0 0 
1 0 0 0 0 0 1 
0 0 0 0 0 0 1 
0 1 0 1 0 0 0 
1 0 1 1 0 1 0 
0 0 1 1 0 0 0 
1 1 0 0 1 0 0 
1 0 0 0 0 0 1 
0 0 0 0 0 1 0 

JOBS [7] - [2, 11, 16, 8, 14, 19, 4]
TOOL SWITCHES : 4
MAKESPAN : 43

# -------------------------- #

--- TOTAL TOOL SWITCHES : 22
--- HIGHEST MAKESPAN : 46
--- TOTAL FLOWTIME : 352
--- RUNNING TIME : 7.94611

# -------------------------- #
RUN : 1 - instancias_txt/SSP-NPM-I/ins158_m=3_j=20_t=20_var=18.txt

- MACHINE [0]

0 0 1 0 1 1 
0 0 0 0 0 0 
0 0 0 0 0 0 
0 0 1 0 0 0 
0 0 0 1 0 0 
1 1 0 0 0 0 
0 0 0 0 1 0 
0 0 0 0 0 0 
1 1 0 0 0 0 
1 0 0 1 0 1 
0 0 0 0 1 0 
1 1 1 1 0 0 
0 0 0 1 1 0 
0 1 1 0 1 0 
0 0 0 0 0 0 
0 0 0 1 1 1 
0 0 1 0 0 0 
1 1 0 0 1 1 
1 1 1 0 0 0 
0 0 0 0 0 1 

JOBS [6] - [16, 5, 11, 17, 15, 13]
TOOL SWITCHES : 11
MAKESPAN : 40

- MACHINE [1]

1 1 0 1 0 1 
0 1 1 0 1 0 
1 0 0 0 0 0 
0 0 0 1 1 0 
0 1 0 0 0 0 
1 0 0 1 0 1 
0 0 0 0 0 0 
0 0 1 1 0 0 
0 0 0 0 1 1 
1 0 1 0 0 0 
0 0 0 1 1 0 
0 0 0 0 0 1 
1 1 1 0 0 0 
0 0 0 0 0 0 
0 0 1 1 0 0 
0 0 1 0 0 0 
0 0 0 0 0 0 
0 0 0 0 1 1 
1 0 0 0 1 0 
0 1 0 0 1 1 

JOBS [6] - [7, 8, 3, 1, 6, 14]
TOOL SWITCHES : 7
MAKESPAN : 37

- MACHINE [2]

0 1 0 1 0 0 0 0 
0 0 0 0 0 0 1 1 
0 0 1 1 0 0 0 0 
0 0 0 0 0 0 0 1 
0 0 0 0 0 0 0 0 
0 0 0 0 0 0 0 0 
0 0 1 0 1 1 1 0 
1 0 0 0 0 0 0 0 
0 0 1 0 0 1 1 1 
0 0 0 0 0 0 0 0 
1 1 0 1 1 1 0 0 
0 1 0 1 0 0 0 1 
1 0 0 0 0 0 0 1 
1 0 0 1 0 0 0 1 
1 1 1 0 0 0 0 0 
1 0 1 0 0 1 1 0 
0 0 0 0 1 1 1 0 
0 0 0 0 0 0 1 0 
0 1 0 1 1 1 1 0 
0 1 1 0 1 0 0 0 

JOBS [8] - [10, 9, 18, 2, 19, 0, 4, 12]
TOOL SWITCHES : 4
MAKESPAN : 44

# -------------------------- #

--- TOTAL TOOL SWITCHES : 22
--- HIGHEST MAKESPAN : 44
--- TOTAL FLOWTIME : 348
--- RUNNING TIME : 6.98072

# -------------------------- #
RUN : 1 - instancias_txt/SSP-NPM-I/ins159_m=3_j=20_t=20_var=19.txt

- MACHINE [0]

1 1 0 0 0 0 
0 0 0 0 1 1 
0 1 1 1 0 0 
1 0 1 1 0 0 
0 0 0 0 1 0 
0 0 0 0 0 1 
0 0 0 0 0 0 
0 0 0 0 0 0 
0 0 0 0 1 1 
0 0 0 0 0 0 
0 0 0 0 0 0 
0 0 0 1 0 0 
0 0 1 1 0 1 
0 0 0 0 0 0 
1 1 1 0 1 1 
1 1 0 1 1 1 
0 1 1 1 1 0 
0 0 0 0 0 0 
1 0 0 0 0 0 
0 1 1 0 0 0 

JOBS [6] - [1, 19, 7, 15, 2, 8]
TOOL SWITCHES : 7
MAKESPAN : 45

- MACHINE [1]

1 0 1 0 1 0 0 
0 0 0 0 0 0 0 
0 1 0 0 0 0 0 
0 0 0 1 0 0 1 
1 1 0 1 0 0 0 
1 1 0 0 0 0 0 
0 0 0 0 0 0 0 
0 0 0 0 1 0 1 
0 0 0 0 1 1 0 
0 0 0 0 0 1 1 
0 0 1 0 0 0 0 
0 0 1 1 0 1 0 
0 0 0 0 0 0 1 
0 1 1 0 0 1 0 
1 0 1 0 0 1 0 
0 0 0 1 0 0 0 
0 1 0 0 1 1 1 
0 0 1 1 1 0 1 
1 1 0 0 1 0 0 
0 0 0 0 0 1 1 

JOBS [7] - [10, 9, 5, 17, 14, 3, 6]
TOOL SWITCHES : 8
MAKESPAN : 37

- MACHINE [2]

1 1 0 0 0 1 1 
0 1 0 1 0 0 0 
0 0 1 1 0 1 0 
0 1 1 0 0 0 1 
0 0 0 0 0 0 1 
1 0 1 0 0 0 0 
0 1 0 1 0 0 1 
0 0 1 1 0 1 0 
0 1 1 0 1 0 0 
0 0 0 0 1 0 0 
1 0 0 0 0 1 0 
1 1 0 0 0 0 0 
1 0 1 1 1 0 0 
0 0 0 0 0 1 1 
1 0 0 0 1 0 0 
0 0 0 0 0 0 0 
0 0 0 0 1 1 0 
1 0 0 1 0 0 0 
0 0 0 0 0 0 0 
0 0 0 1 1 0 1 

JOBS [7] - [0, 16, 4, 12, 11, 13, 18]
TOOL SWITCHES : 5
MAKESPAN : 35

# -------------------------- #

--- TOTAL TOOL SWITCHES : 20
--- HIGHEST MAKESPAN : 45
--- TOTAL FLOWTIME : 362
--- RUNNING TIME : 6.2533

# -------------------------- #
RUN : 1 - instancias_txt/SSP-NPM-I/ins160_m=3_j=20_t=20_var=20.txt

- MACHINE [0]

0 0 1 0 0 0 
1 1 1 1 1 1 
0 1 1 1 1 0 
0 1 1 0 0 0 
0 0 0 0 0 0 
0 0 0 0 0 0 
0 0 0 0 0 0 
1 1 0 0 1 1 
0 0 0 1 0 1 
0 0 0 0 0 0 
0 0 0 0 0 1 
1 1 0 0 0 1 
0 0 0 0 0 1 
0 0 0 0 1 0 
0 0 0 1 0 0 
1 1 0 0 0 0 
0 0 1 1 1 0 
1 0 0 0 0 0 
1 0 0 1 0 0 
0 0 0 0 0 0 

JOBS [6] - [4, 16, 14, 5, 13, 7]
TOOL SWITCHES : 9
MAKESPAN : 47

- MACHINE [1]

0 0 0 0 0 0 0 0 
1 1 1 0 0 0 0 0 
0 0 0 0 0 0 0 0 
0 1 0 0 1 0 1 1 
0 0 0 1 0 1 0 1 
0 0 0 0 0 0 0 0 
0 0 0 0 0 1 1 1 
0 1 0 1 0 0 0 0 
1 0 0 1 0 0 0 1 
0 0 0 0 1 0 1 0 
0 0 0 1 0 1 0 1 
1 0 0 0 0 0 0 0 
1 0 1 0 1 0 0 0 
0 0 0 0 0 0 0 1 
1 0 0 0 1 1 0 0 
0 1 0 0 0 0 0 0 
1 1 1 0 1 0 1 0 
0 1 1 0 0 0 0 0 
0 0 0 0 1 1 0 0 
0 0 1 1 0 0 1 0 

JOBS [8] - [3, 17, 18, 19, 10, 9, 1, 0]
TOOL SWITCHES : 7
MAKESPAN : 40

- MACHINE [2]

0 1 0 0 0 1 
0 0 0 0 0 0 
0 1 1 1 0 0 
0 0 0 0 0 0 
1 0 1 1 0 1 
0 0 1 0 1 1 
1 0 0 0 0 1 
1 1 1 1 0 0 
0 0 0 0 0 0 
0 1 0 1 0 1 
0 0 0 0 0 1 
0 0 0 0 0 0 
1 0 0 0 1 0 
0 0 0 1 1 0 
0 0 0 0 0 0 
0 1 0 1 0 0 
1 0 1 0 0 0 
0 0 0 0 1 0 
0 1 0 0 0 0 
1 0 1 0 1 1 

JOBS [6] - [6, 15, 2, 12, 11, 8]
TOOL SWITCHES : 2
MAKESPAN : 37

# -------------------------- #

--- TOTAL TOOL SWITCHES : 18
--- HIGHEST MAKESPAN : 47
--- TOTAL FLOWTIME : 374
--- RUNNING TIME : 5.27328

# -------------------------- #


avg : 353.25
