RUN : 1 - instancias_txt/SSP-NPM-I/ins141_m=3_j=20_t=20_var=1.txt

- MACHINE [0]

0 0 0 0 1 1 
1 1 1 0 0 1 
0 0 0 1 1 1 
0 0 0 0 0 1 
0 0 1 0 0 0 
0 0 0 0 0 0 
0 0 0 0 0 0 
1 0 1 1 0 0 
0 0 1 1 1 1 
1 0 0 0 0 0 
0 0 0 0 1 0 
0 1 0 1 0 0 
1 1 0 0 0 0 
1 0 0 1 1 0 
0 0 1 1 0 0 
0 1 1 1 0 0 
1 1 0 0 0 0 
0 0 0 0 0 1 
0 1 1 0 0 0 
0 0 0 0 1 0 

JOBS [6] - [8, 12, 18, 9, 14, 4]
TOOL SWITCHES : 14
MAKESPAN : 48

- MACHINE [1]

0 0 0 0 0 0 
0 1 0 1 0 0 
0 1 1 1 0 1 
1 0 0 0 0 0 
0 0 0 0 0 0 
0 1 1 0 1 0 
1 1 1 1 1 0 
0 0 0 0 0 1 
1 0 0 0 1 0 
0 0 0 0 1 0 
0 0 0 0 1 1 
0 1 1 0 0 1 
1 0 0 1 0 1 
0 1 0 0 1 0 
0 0 0 1 1 1 
0 0 0 0 0 0 
0 0 1 0 0 0 
0 0 0 0 0 0 
1 1 0 0 0 0 
0 0 0 1 0 0 

JOBS [6] - [6, 5, 3, 0, 10, 7]
TOOL SWITCHES : 6
MAKESPAN : 43

- MACHINE [2]

1 0 0 1 0 0 1 0 
0 0 0 0 0 0 0 0 
0 0 0 0 0 0 0 0 
0 1 0 0 0 0 0 0 
0 1 0 0 0 1 0 1 
0 1 0 0 1 1 0 0 
1 0 0 0 1 0 0 0 
1 0 0 0 0 0 0 0 
0 0 0 0 0 0 1 0 
0 0 1 1 0 0 1 1 
0 1 1 0 1 1 1 0 
0 0 0 0 0 0 0 1 
0 0 0 1 0 1 0 1 
0 0 0 0 1 1 1 0 
1 0 1 1 0 1 0 1 
0 0 1 1 0 0 0 1 
0 0 0 0 1 0 1 0 
1 1 1 0 0 0 0 0 
1 0 0 1 1 0 0 0 
0 1 0 0 0 0 0 0 

JOBS [8] - [2, 16, 19, 1, 13, 15, 17, 11]
TOOL SWITCHES : 5
MAKESPAN : 51

# -------------------------- #

--- TOTAL TOOL SWITCHES : 25
--- HIGHEST MAKESPAN : 51
--- TOTAL FLOWTIME : 420
--- RUNNING TIME : 11.0183

# -------------------------- #
RUN : 1 - instancias_txt/SSP-NPM-I/ins142_m=3_j=20_t=20_var=2.txt

- MACHINE [0]

1 0 0 0 0 1 
1 1 0 0 0 0 
0 0 0 1 1 0 
1 0 1 1 0 0 
0 1 1 1 1 1 
0 0 0 0 1 1 
0 0 0 1 1 0 
1 1 1 0 0 0 
0 0 0 0 0 0 
0 0 0 0 0 1 
1 1 0 0 0 0 
0 0 0 0 0 0 
0 0 0 0 1 0 
1 1 0 0 0 0 
0 0 0 0 0 1 
0 0 1 1 0 0 
0 0 1 0 0 0 
0 0 0 0 1 0 
0 0 0 0 0 1 
0 1 0 1 0 1 

JOBS [6] - [3, 10, 9, 4, 13, 18]
TOOL SWITCHES : 12
MAKESPAN : 42

- MACHINE [1]

0 0 0 0 0 
0 0 0 1 1 
1 1 0 0 0 
0 0 0 0 0 
0 0 0 0 1 
0 0 1 1 0 
0 0 1 0 1 
1 1 0 1 1 
1 0 0 0 0 
0 1 0 1 0 
0 0 1 1 1 
0 0 0 0 0 
1 0 0 0 0 
1 0 1 0 0 
0 1 1 1 1 
0 1 0 0 0 
1 1 0 0 0 
0 0 0 1 0 
1 1 1 0 1 
0 0 0 0 0 

JOBS [5] - [2, 11, 14, 1, 15]
TOOL SWITCHES : 6
MAKESPAN : 38

- MACHINE [2]

0 0 1 1 1 0 0 0 1 
0 0 0 0 0 0 0 0 0 
0 1 0 0 0 1 0 0 0 
0 1 0 0 1 0 0 0 0 
0 0 0 0 0 0 0 0 0 
1 0 0 0 1 0 0 1 0 
0 1 0 0 0 0 1 0 0 
1 0 0 1 1 0 0 1 1 
0 0 0 0 0 1 1 0 1 
0 0 0 0 0 0 0 1 0 
0 0 0 0 0 0 0 0 0 
0 1 0 1 0 0 1 0 0 
0 1 0 1 0 0 0 1 0 
1 0 1 0 0 1 1 0 0 
0 0 1 0 0 0 0 0 0 
0 0 0 0 0 0 0 0 0 
0 0 1 1 0 0 0 0 0 
1 0 0 1 0 1 0 1 1 
0 0 0 0 0 1 1 1 1 
1 0 1 0 1 0 0 0 0 

JOBS [9] - [6, 16, 7, 19, 8, 17, 5, 12, 0]
TOOL SWITCHES : 3
MAKESPAN : 43

# -------------------------- #

--- TOTAL TOOL SWITCHES : 21
--- HIGHEST MAKESPAN : 43
--- TOTAL FLOWTIME : 358
--- RUNNING TIME : 12.9244

# -------------------------- #
RUN : 1 - instancias_txt/SSP-NPM-I/ins143_m=3_j=20_t=20_var=3.txt

- MACHINE [0]

1 1 0 0 0 0 
1 0 0 0 0 0 
0 0 0 1 0 0 
1 1 0 0 0 0 
0 0 1 1 1 1 
1 1 0 1 1 1 
0 0 0 0 0 0 
1 0 1 0 0 0 
0 1 1 1 0 1 
0 0 0 0 0 0 
0 0 0 0 1 0 
0 0 0 0 0 0 
0 0 0 0 0 1 
0 0 0 1 1 1 
0 0 0 0 1 0 
0 1 0 0 0 1 
0 0 0 0 0 0 
0 0 1 1 0 0 
0 0 1 0 1 0 
1 0 1 0 0 0 

JOBS [6] - [9, 14, 11, 19, 2, 5]
TOOL SWITCHES : 10
MAKESPAN : 34

- MACHINE [1]

0 0 0 0 0 0 
0 0 0 0 0 0 
0 0 0 0 1 1 
0 1 1 0 0 0 
0 0 0 1 1 1 
0 0 0 0 0 0 
0 0 1 1 0 0 
0 0 0 0 1 1 
1 1 0 1 0 0 
0 0 0 0 0 0 
1 0 0 0 0 0 
1 0 1 0 1 0 
0 0 0 0 0 0 
0 1 0 0 0 0 
0 0 0 0 1 0 
1 1 1 0 1 1 
1 1 0 0 0 1 
0 1 1 0 0 0 
1 0 0 1 1 0 
0 0 0 1 0 1 

JOBS [6] - [3, 10, 15, 16, 0, 13]
TOOL SWITCHES : 5
MAKESPAN : 43

- MACHINE [2]

0 1 0 0 0 1 0 1 
1 0 0 0 0 1 1 1 
0 0 1 0 1 0 0 0 
1 0 0 0 1 0 0 1 
0 0 1 0 1 0 0 0 
1 0 1 1 0 1 0 0 
0 0 0 0 0 1 0 1 
0 0 0 0 0 0 1 1 
0 0 0 1 1 0 0 0 
0 1 1 0 0 0 1 0 
0 0 0 0 0 1 1 0 
1 0 0 1 0 0 0 0 
0 0 0 0 0 0 0 1 
0 0 0 0 0 0 1 0 
1 1 0 1 1 0 1 0 
0 0 0 0 0 0 0 0 
0 1 0 1 0 0 0 1 
0 0 0 0 0 0 0 0 
1 0 1 0 0 0 0 0 
0 1 0 1 1 1 0 0 

JOBS [8] - [8, 1, 6, 17, 18, 4, 12, 7]
TOOL SWITCHES : 5
MAKESPAN : 42

# -------------------------- #

--- TOTAL TOOL SWITCHES : 20
--- HIGHEST MAKESPAN : 43
--- TOTAL FLOWTIME : 341
--- RUNNING TIME : 10.1774

# -------------------------- #
RUN : 1 - instancias_txt/SSP-NPM-I/ins144_m=3_j=20_t=20_var=4.txt

- MACHINE [0]

0 1 1 0 0 0 
0 0 0 1 1 1 
1 1 1 0 0 0 
0 0 0 1 0 0 
0 0 0 0 0 0 
1 1 0 0 0 0 
0 0 1 0 1 0 
1 1 0 0 0 0 
1 0 1 0 0 1 
0 0 0 0 0 0 
0 0 0 1 1 0 
1 1 0 0 0 1 
0 0 0 0 0 0 
0 0 0 0 1 1 
0 0 0 0 0 0 
0 0 0 1 1 1 
0 0 1 1 1 0 
1 0 1 0 0 0 
0 0 0 0 0 1 
0 0 0 0 0 0 

JOBS [6] - [10, 18, 11, 0, 14, 19]
TOOL SWITCHES : 9
MAKESPAN : 36

- MACHINE [1]

0 0 0 0 1 
1 0 0 0 0 
0 0 0 1 0 
0 0 0 1 0 
1 1 0 0 0 
1 1 0 0 1 
0 0 0 0 1 
0 1 1 0 0 
1 1 0 0 0 
1 1 0 0 1 
0 1 1 0 0 
0 0 0 0 0 
0 0 0 0 1 
0 0 1 1 1 
1 0 1 1 0 
0 0 0 1 0 
0 0 1 0 0 
1 0 0 1 0 
0 0 0 0 0 
0 0 0 0 1 

JOBS [5] - [12, 17, 15, 3, 1]
TOOL SWITCHES : 8
MAKESPAN : 36

- MACHINE [2]

0 0 0 1 1 1 0 0 1 
0 0 0 0 0 0 0 0 0 
0 1 1 0 0 0 0 1 0 
0 1 1 1 0 1 1 1 1 
0 0 0 0 0 0 0 0 0 
0 0 0 0 0 0 0 0 0 
1 1 0 0 1 0 0 0 0 
1 0 1 0 1 0 1 0 0 
1 0 1 1 0 0 1 0 0 
1 1 0 1 0 0 0 1 1 
1 0 0 1 0 0 0 1 0 
0 0 0 0 0 0 0 1 0 
1 1 0 0 0 1 0 0 0 
0 0 0 0 0 0 0 0 0 
0 1 0 0 1 1 0 1 1 
0 0 1 0 1 0 1 0 1 
0 0 0 0 0 0 0 0 0 
0 0 1 0 0 1 0 0 0 
0 0 0 0 0 1 1 1 1 
1 0 1 1 1 0 1 0 1 

JOBS [9] - [4, 16, 6, 2, 7, 5, 8, 13, 9]
TOOL SWITCHES : 2
MAKESPAN : 41

# -------------------------- #

--- TOTAL TOOL SWITCHES : 19
--- HIGHEST MAKESPAN : 41
--- TOTAL FLOWTIME : 321
--- RUNNING TIME : 8.72536

# -------------------------- #
RUN : 1 - instancias_txt/SSP-NPM-I/ins145_m=3_j=20_t=20_var=5.txt

- MACHINE [0]

0 0 0 0 0 1 
0 0 0 1 1 0 
1 0 1 0 0 0 
1 0 0 0 0 0 
1 1 1 0 1 0 
1 1 0 0 0 0 
0 0 0 0 0 0 
0 0 0 1 1 1 
0 0 0 1 0 0 
0 0 1 1 1 0 
0 1 0 0 1 0 
1 0 0 0 0 0 
0 0 0 0 0 0 
0 0 0 0 0 1 
0 0 0 0 0 1 
1 1 1 0 0 0 
0 0 1 1 1 0 
0 0 1 0 0 1 
0 0 0 0 0 0 
0 1 1 1 0 1 

JOBS [6] - [17, 13, 12, 5, 8, 2]
TOOL SWITCHES : 12
MAKESPAN : 50

- MACHINE [1]

0 0 0 0 0 0 1 
0 0 1 1 0 0 0 
0 0 0 0 0 1 1 
0 1 1 0 0 0 0 
1 0 0 1 0 0 0 
0 0 0 0 1 1 0 
0 1 1 0 0 0 1 
0 0 0 1 0 0 1 
0 0 0 0 0 1 1 
1 1 0 0 0 0 0 
1 1 1 0 1 0 0 
0 0 0 0 1 0 0 
0 0 0 1 1 0 0 
0 0 0 1 1 1 0 
0 1 0 0 0 0 0 
1 1 1 0 1 0 0 
0 0 0 0 1 1 0 
0 0 0 0 0 0 0 
1 0 1 0 0 1 0 
0 1 0 0 0 0 0 

JOBS [7] - [11, 1, 15, 4, 18, 6, 10]
TOOL SWITCHES : 9
MAKESPAN : 49

- MACHINE [2]

0 1 1 0 0 0 1 
1 0 0 1 0 0 0 
1 1 1 0 0 0 0 
0 0 0 0 0 0 0 
0 1 0 1 0 0 0 
0 0 0 0 0 1 1 
0 0 0 0 0 0 0 
0 0 1 0 0 0 1 
0 0 1 1 0 0 0 
1 1 0 1 1 0 1 
0 0 1 0 1 1 0 
1 0 1 1 0 1 0 
1 0 0 1 1 1 0 
0 1 1 0 1 0 0 
0 0 0 0 0 0 0 
1 0 0 0 1 0 0 
0 0 0 0 0 0 0 
0 0 0 0 1 1 1 
1 1 0 1 0 1 1 
0 0 0 0 0 0 0 

JOBS [7] - [9, 19, 0, 3, 14, 16, 7]
TOOL SWITCHES : 2
MAKESPAN : 36

# -------------------------- #

--- TOTAL TOOL SWITCHES : 23
--- HIGHEST MAKESPAN : 50
--- TOTAL FLOWTIME : 375
--- RUNNING TIME : 7.9751

# -------------------------- #
RUN : 1 - instancias_txt/SSP-NPM-I/ins146_m=3_j=20_t=20_var=6.txt

- MACHINE [0]

0 0 0 1 1 
0 0 0 0 0 
0 0 0 0 1 
1 1 1 1 0 
1 0 1 0 0 
0 0 0 0 1 
0 1 1 0 0 
0 0 0 0 0 
0 0 0 0 1 
0 1 0 0 0 
1 0 0 0 0 
0 0 0 0 0 
0 0 1 0 0 
0 0 0 1 0 
0 0 0 0 0 
0 0 0 0 0 
1 1 1 1 1 
1 1 1 1 0 
0 1 1 1 0 
0 0 0 0 1 

JOBS [5] - [6, 19, 8, 13, 9]
TOOL SWITCHES : 8
MAKESPAN : 44

- MACHINE [1]

0 0 0 1 0 0 1 
0 0 0 1 0 1 0 
0 0 0 0 0 0 1 
0 0 0 0 0 0 0 
0 0 1 1 0 0 0 
1 1 0 1 1 1 1 
0 0 0 0 0 1 1 
0 0 0 0 0 0 0 
1 1 0 0 1 0 1 
0 0 0 0 1 0 0 
1 1 1 0 1 1 0 
0 0 0 0 0 1 0 
0 1 1 1 0 1 0 
0 0 0 0 0 0 0 
1 1 1 0 0 0 0 
0 0 0 1 1 0 0 
0 0 0 0 0 0 0 
0 0 0 0 0 0 1 
1 0 1 0 0 0 0 
0 1 1 0 1 1 1 

JOBS [7] - [10, 14, 2, 17, 1, 3, 16]
TOOL SWITCHES : 6
MAKESPAN : 49

- MACHINE [2]

0 0 0 0 0 0 0 0 
0 0 0 1 0 0 0 0 
1 1 0 0 1 0 1 1 
0 0 1 1 0 0 1 0 
0 0 0 0 0 0 0 0 
1 1 0 1 0 0 1 1 
0 0 1 0 0 1 0 0 
1 0 1 0 0 1 0 0 
1 0 0 1 0 0 1 0 
0 0 0 0 0 0 0 1 
0 1 0 0 0 0 0 1 
0 0 0 0 0 1 0 1 
1 0 0 0 1 1 0 0 
0 0 0 0 0 0 1 1 
1 1 0 0 1 1 1 0 
0 1 1 0 1 0 0 0 
1 0 1 1 0 0 0 0 
0 0 0 0 0 0 0 0 
0 0 0 0 0 0 0 0 
0 1 0 1 1 0 0 1 

JOBS [8] - [12, 7, 11, 0, 5, 4, 15, 18]
TOOL SWITCHES : 3
MAKESPAN : 45

# -------------------------- #

--- TOTAL TOOL SWITCHES : 17
--- HIGHEST MAKESPAN : 49
--- TOTAL FLOWTIME : 432
--- RUNNING TIME : 9.91335

# -------------------------- #
RUN : 1 - instancias_txt/SSP-NPM-I/ins147_m=3_j=20_t=20_var=7.txt

- MACHINE [0]

0 0 0 0 0 1 
0 0 0 0 0 0 
1 1 0 0 1 0 
0 0 0 0 1 1 
0 0 0 1 1 1 
1 1 1 0 0 0 
0 0 0 0 0 0 
0 0 0 0 1 0 
0 0 0 0 0 0 
1 0 0 1 0 0 
0 0 1 1 1 0 
0 0 1 1 0 1 
1 1 0 0 0 0 
1 0 0 0 0 0 
0 0 0 0 0 0 
0 0 0 0 0 0 
0 0 1 1 0 0 
0 1 1 0 0 0 
1 1 0 0 0 1 
0 1 1 1 1 0 

JOBS [6] - [6, 19, 8, 1, 10, 0]
TOOL SWITCHES : 10
MAKESPAN : 37

- MACHINE [1]

0 1 1 0 0 0 
1 0 0 1 1 0 
0 0 0 0 0 1 
0 0 1 1 0 0 
0 0 0 0 0 1 
1 0 0 0 0 0 
0 1 0 1 0 1 
0 0 0 0 0 0 
0 0 0 0 0 0 
0 0 1 0 0 0 
1 1 0 0 0 0 
0 0 0 0 0 1 
1 0 0 1 0 0 
0 0 0 1 1 0 
0 0 1 1 0 0 
0 1 0 0 1 0 
1 1 0 1 1 1 
0 1 1 0 1 0 
0 0 0 0 1 0 
0 0 0 0 0 0 

JOBS [6] - [12, 18, 5, 11, 17, 16]
TOOL SWITCHES : 7
MAKESPAN : 37

- MACHINE [2]

0 1 1 0 1 0 0 0 
0 1 1 0 0 0 0 0 
0 0 0 0 0 0 0 0 
0 0 0 0 0 0 0 0 
0 0 0 0 0 0 0 0 
1 1 0 0 0 0 1 1 
0 0 0 0 0 0 0 0 
0 0 0 1 1 0 1 0 
0 0 0 0 1 1 1 0 
1 0 0 0 0 1 0 0 
0 0 0 0 0 1 0 0 
1 0 0 0 0 0 1 1 
0 0 0 0 0 0 0 0 
0 0 1 1 1 0 0 0 
1 1 1 1 0 1 0 0 
0 0 1 0 1 1 0 1 
0 0 0 1 0 1 0 1 
0 0 1 1 0 0 0 1 
1 1 0 1 0 1 0 0 
0 0 0 0 0 0 1 0 

JOBS [8] - [3, 2, 7, 9, 13, 15, 4, 14]
TOOL SWITCHES : 2
MAKESPAN : 45

# -------------------------- #

--- TOTAL TOOL SWITCHES : 19
--- HIGHEST MAKESPAN : 45
--- TOTAL FLOWTIME : 343
--- RUNNING TIME : 7.83803

# -------------------------- #
RUN : 1 - instancias_txt/SSP-NPM-I/ins148_m=3_j=20_t=20_var=8.txt

- MACHINE [0]

0 1 1 1 0 0 
0 0 0 1 0 0 
0 0 0 0 0 0 
1 0 0 0 1 0 
1 1 1 0 0 0 
0 0 0 0 0 0 
1 1 0 0 0 0 
1 1 0 0 1 0 
0 0 0 0 0 0 
0 0 1 0 0 1 
0 0 0 1 1 1 
0 0 0 0 0 0 
0 0 0 0 0 1 
0 0 0 0 0 1 
1 1 0 0 0 1 
1 0 0 0 1 1 
0 0 0 0 0 0 
0 0 1 1 1 0 
0 0 1 0 0 0 
0 1 1 1 1 0 

JOBS [6] - [19, 10, 3, 11, 0, 7]
TOOL SWITCHES : 11
MAKESPAN : 39

- MACHINE [1]

0 0 0 0 0 0 0 
0 1 1 1 1 1 0 
1 0 0 0 0 0 1 
1 0 0 0 0 0 0 
1 0 0 1 0 0 0 
1 0 0 0 1 1 0 
1 1 1 0 0 0 0 
0 0 0 0 1 1 0 
0 1 1 0 0 1 0 
0 0 0 0 0 0 0 
1 1 0 0 1 0 0 
0 1 0 1 1 0 0 
0 0 0 1 0 0 0 
0 1 1 1 1 0 1 
0 0 0 0 0 1 1 
0 0 0 0 0 0 1 
0 0 1 1 0 1 0 
0 0 0 0 0 0 1 
0 0 0 0 0 0 1 
0 0 0 0 0 1 0 

JOBS [7] - [15, 5, 8, 9, 4, 12, 6]
TOOL SWITCHES : 8
MAKESPAN : 43

- MACHINE [2]

0 0 0 1 1 0 0 
0 1 0 0 0 0 1 
1 0 1 0 0 1 0 
0 0 0 0 0 0 0 
0 1 0 1 0 0 0 
0 0 0 0 1 1 0 
0 0 0 1 0 0 1 
0 1 1 0 1 0 0 
1 0 1 0 0 0 0 
0 0 0 0 0 0 1 
1 1 0 0 0 0 0 
0 0 0 0 0 0 0 
1 0 0 0 0 1 0 
0 0 0 0 0 0 0 
1 0 0 0 1 1 1 
0 0 1 1 1 0 1 
0 0 0 1 1 1 0 
0 1 1 1 0 1 1 
0 1 1 0 0 0 0 
0 0 0 0 0 0 0 

JOBS [7] - [18, 2, 13, 1, 14, 16, 17]
TOOL SWITCHES : 3
MAKESPAN : 37

# -------------------------- #

--- TOTAL TOOL SWITCHES : 22
--- HIGHEST MAKESPAN : 43
--- TOTAL FLOWTIME : 340
--- RUNNING TIME : 10.0098

# -------------------------- #
RUN : 1 - instancias_txt/SSP-NPM-I/ins149_m=3_j=20_t=20_var=9.txt

- MACHINE [0]

0 0 0 0 0 
0 0 0 1 1 
1 0 0 1 0 
0 0 0 0 1 
0 0 1 1 0 
1 1 1 1 0 
1 1 0 0 0 
1 1 0 0 0 
0 0 0 0 0 
1 1 0 1 1 
0 0 0 1 0 
0 1 1 0 0 
0 0 0 0 1 
1 0 0 0 0 
0 0 1 1 1 
0 0 0 0 0 
0 0 0 0 0 
1 1 0 0 1 
0 0 1 0 1 
0 1 1 0 0 

JOBS [5] - [8, 18, 14, 6, 7]
TOOL SWITCHES : 12
MAKESPAN : 39

- MACHINE [1]

0 0 1 0 1 1 
0 1 0 1 1 0 
0 0 0 0 0 0 
0 0 0 1 0 1 
0 0 0 0 0 0 
0 0 0 0 0 0 
0 0 0 0 0 1 
1 1 1 1 0 0 
1 0 0 1 0 0 
1 1 0 0 0 0 
0 1 1 0 0 0 
0 1 1 1 0 0 
0 0 0 0 0 0 
0 0 0 1 1 1 
1 0 0 0 0 0 
1 1 1 1 0 0 
1 0 1 0 0 0 
0 0 1 0 1 0 
1 0 0 0 1 1 
0 0 0 0 1 1 

JOBS [6] - [0, 10, 17, 5, 2, 1]
TOOL SWITCHES : 6
MAKESPAN : 35

- MACHINE [2]

0 1 0 1 0 1 0 0 0 
1 1 1 0 0 1 0 0 1 
0 0 1 0 1 0 0 1 0 
0 0 0 0 0 0 0 1 0 
1 0 1 0 0 1 1 0 0 
0 0 0 0 0 0 0 0 0 
1 0 0 0 1 0 0 0 1 
0 0 1 0 0 0 0 0 0 
0 0 0 0 0 0 1 1 0 
0 1 1 1 1 0 0 0 0 
0 0 0 0 0 1 1 0 0 
1 0 0 1 0 0 0 0 1 
0 0 0 0 0 0 0 0 1 
1 1 1 1 1 1 1 0 0 
0 1 1 0 1 0 1 1 0 
0 0 0 1 1 1 0 0 1 
0 1 0 0 0 0 0 1 0 
1 0 0 0 0 0 0 1 0 
0 0 0 0 0 0 0 0 0 
0 0 0 0 0 0 0 0 0 

JOBS [9] - [11, 9, 3, 19, 12, 16, 4, 13, 15]
TOOL SWITCHES : 4
MAKESPAN : 46

# -------------------------- #

--- TOTAL TOOL SWITCHES : 22
--- HIGHEST MAKESPAN : 46
--- TOTAL FLOWTIME : 358
--- RUNNING TIME : 10.8884

# -------------------------- #
RUN : 1 - instancias_txt/SSP-NPM-I/ins150_m=3_j=20_t=20_var=10.txt

- MACHINE [0]

0 0 0 0 0 
0 0 0 0 0 
0 0 0 0 0 
1 1 0 0 1 
0 0 0 0 1 
1 1 1 0 0 
0 0 1 1 0 
0 0 0 0 0 
0 1 1 1 1 
0 0 0 0 0 
0 0 0 1 1 
0 0 0 0 0 
1 0 1 0 0 
1 0 0 1 0 
0 0 0 0 0 
0 1 0 0 1 
1 0 0 0 0 
0 1 1 1 0 
0 0 1 0 1 
1 1 1 1 1 

JOBS [5] - [18, 13, 7, 5, 6]
TOOL SWITCHES : 9
MAKESPAN : 42

- MACHINE [1]

1 0 0 0 1 0 1 
0 0 0 0 0 0 0 
1 0 1 0 0 0 0 
0 0 0 0 0 0 0 
0 0 0 0 0 0 0 
0 0 0 0 0 0 1 
0 0 0 0 0 0 0 
0 1 0 0 1 0 0 
0 0 0 0 0 0 1 
0 0 0 0 0 0 0 
0 1 1 1 0 1 0 
1 1 1 1 0 1 1 
0 0 0 0 0 1 1 
0 1 0 1 1 1 0 
1 1 0 0 1 0 0 
0 0 0 0 0 0 0 
1 0 0 0 1 1 1 
0 0 1 0 0 0 0 
0 0 1 1 0 0 0 
0 0 0 1 1 0 0 

JOBS [7] - [1, 15, 3, 14, 19, 4, 17]
TOOL SWITCHES : 4
MAKESPAN : 40

- MACHINE [2]

0 0 0 0 0 0 0 1 
1 1 0 0 0 0 1 1 
0 0 1 1 1 1 0 0 
0 1 1 1 0 0 0 1 
0 1 1 0 1 0 0 0 
0 0 1 1 0 1 1 0 
1 1 0 1 1 0 0 1 
1 0 0 0 0 0 0 0 
0 0 0 0 0 0 0 0 
0 0 1 1 0 0 0 1 
0 0 0 0 1 1 1 0 
0 0 0 0 1 0 1 0 
0 0 0 0 1 1 1 0 
0 0 0 0 0 0 0 0 
0 0 1 1 0 0 0 0 
1 0 1 0 0 1 1 0 
0 0 0 0 0 1 0 0 
1 1 0 0 0 0 1 0 
0 0 0 0 0 0 0 1 
1 1 0 0 0 0 0 1 

JOBS [8] - [11, 16, 2, 10, 8, 0, 12, 9]
TOOL SWITCHES : 5
MAKESPAN : 47

# -------------------------- #

--- TOTAL TOOL SWITCHES : 18
--- HIGHEST MAKESPAN : 47
--- TOTAL FLOWTIME : 341
--- RUNNING TIME : 10.6207

# -------------------------- #
RUN : 1 - instancias_txt/SSP-NPM-I/ins151_m=3_j=20_t=20_var=11.txt

- MACHINE [0]

0 0 0 0 1 0 
1 1 1 1 0 0 
0 0 0 0 0 0 
0 0 0 0 1 0 
1 0 0 1 0 0 
0 0 0 0 0 1 
1 0 0 0 0 0 
0 0 1 1 1 1 
0 0 0 0 1 1 
0 0 0 0 0 0 
0 0 0 0 0 0 
0 0 1 0 1 0 
1 1 0 0 0 0 
0 1 0 0 0 1 
0 0 0 0 0 0 
0 0 0 0 0 1 
1 1 1 1 0 0 
0 0 0 1 1 0 
1 1 1 0 0 0 
1 1 1 0 0 0 

JOBS [6] - [9, 16, 4, 11, 10, 13]
TOOL SWITCHES : 10
MAKESPAN : 39

- MACHINE [1]

0 0 0 0 0 0 0 
0 0 0 0 0 1 0 
0 0 0 1 0 0 1 
0 1 1 0 0 0 0 
1 0 0 1 0 0 1 
0 0 0 0 0 0 0 
0 1 1 1 1 0 1 
0 0 0 1 1 1 1 
0 0 0 0 0 0 1 
1 1 0 0 1 0 1 
0 1 1 0 1 1 0 
0 0 0 0 0 1 0 
0 0 0 0 0 0 0 
0 0 0 0 0 0 0 
0 0 1 1 0 0 0 
1 0 1 0 1 0 0 
0 0 0 0 0 0 0 
1 1 0 1 1 0 0 
1 0 1 0 0 1 0 
1 1 0 0 0 0 0 

JOBS [7] - [14, 5, 12, 0, 2, 1, 3]
TOOL SWITCHES : 5
MAKESPAN : 40

- MACHINE [2]

1 0 1 0 1 1 1 
0 0 1 0 0 0 0 
0 1 0 0 0 1 0 
0 1 0 1 0 1 0 
0 0 0 0 0 1 0 
0 0 0 0 0 0 0 
1 1 0 0 0 0 1 
1 0 1 1 1 0 0 
0 0 0 0 0 0 0 
1 0 1 0 0 0 1 
1 0 0 1 1 0 0 
0 0 0 0 0 1 0 
1 0 1 0 0 0 0 
0 1 0 1 1 1 0 
0 0 0 0 0 1 1 
0 0 0 1 1 0 0 
0 0 1 1 0 0 0 
0 0 0 0 0 0 0 
0 0 0 0 0 0 0 
0 1 0 1 0 0 1 

JOBS [7] - [7, 17, 18, 19, 6, 15, 8]
TOOL SWITCHES : 3
MAKESPAN : 45

# -------------------------- #

--- TOTAL TOOL SWITCHES : 18
--- HIGHEST MAKESPAN : 45
--- TOTAL FLOWTIME : 338
--- RUNNING TIME : 7.54624

# -------------------------- #
RUN : 1 - instancias_txt/SSP-NPM-I/ins152_m=3_j=20_t=20_var=12.txt

- MACHINE [0]

1 0 0 0 0 0 
1 1 1 0 0 0 
0 0 0 0 0 0 
1 0 1 1 1 0 
0 1 0 0 0 0 
0 0 0 0 0 0 
0 0 0 0 1 1 
1 0 0 0 0 0 
0 1 1 1 0 0 
1 1 1 0 0 1 
0 0 0 0 0 1 
0 0 0 0 0 1 
1 0 1 1 1 0 
0 1 1 0 1 0 
0 0 1 1 0 0 
0 0 0 0 0 0 
0 0 0 1 1 1 
0 0 0 1 0 1 
0 0 0 0 0 1 
0 0 0 0 1 0 

JOBS [6] - [3, 17, 2, 0, 8, 4]
TOOL SWITCHES : 11
MAKESPAN : 37

- MACHINE [1]

1 1 0 0 0 0 0 
1 0 1 0 1 0 1 
0 0 1 0 1 0 0 
1 1 1 0 0 0 0 
1 0 0 0 0 1 0 
0 1 0 0 0 0 0 
0 0 0 0 1 0 0 
0 0 0 0 0 1 0 
1 0 1 1 1 1 0 
1 1 0 1 0 0 0 
0 0 0 0 0 0 0 
0 0 0 1 0 1 1 
0 0 0 0 0 0 0 
0 0 0 0 0 0 1 
0 0 0 0 0 0 0 
0 1 0 1 0 0 1 
0 0 1 1 0 0 0 
0 1 0 0 1 0 1 
0 0 0 0 0 1 1 
0 0 1 1 1 1 0 

JOBS [7] - [15, 1, 6, 18, 7, 10, 14]
TOOL SWITCHES : 7
MAKESPAN : 37

- MACHINE [2]

1 1 1 1 1 1 0 
0 1 0 0 0 0 1 
0 0 1 1 0 0 1 
0 0 0 0 0 0 1 
0 1 0 0 1 1 0 
0 0 0 0 0 1 0 
1 0 1 1 0 0 0 
0 1 0 0 1 0 0 
1 0 0 0 0 0 0 
0 0 0 0 0 0 0 
0 0 1 1 0 0 1 
0 0 0 0 0 0 0 
0 0 0 0 1 1 0 
1 1 0 0 0 0 0 
0 0 1 0 0 0 0 
0 1 1 1 1 0 1 
0 0 0 0 0 1 0 
0 0 0 0 0 0 1 
1 0 0 0 1 0 0 
0 0 0 1 0 0 1 

JOBS [7] - [9, 19, 5, 11, 13, 12, 16]
TOOL SWITCHES : 5
MAKESPAN : 38

# -------------------------- #

--- TOTAL TOOL SWITCHES : 23
--- HIGHEST MAKESPAN : 38
--- TOTAL FLOWTIME : 309
--- RUNNING TIME : 7.56502

# -------------------------- #
RUN : 1 - instancias_txt/SSP-NPM-I/ins153_m=3_j=20_t=20_var=13.txt

- MACHINE [0]

0 0 1 0 0 1 
1 0 0 0 0 1 
1 1 0 0 0 0 
1 1 1 1 0 0 
0 0 1 0 0 0 
1 1 0 0 0 0 
0 0 0 1 0 0 
0 1 0 0 0 0 
1 1 1 0 1 0 
0 1 0 1 1 0 
0 0 1 1 0 0 
0 0 0 0 1 1 
1 0 0 0 0 1 
1 1 1 1 0 0 
0 0 0 0 1 1 
0 0 0 0 1 0 
0 0 0 0 1 0 
0 0 0 0 0 0 
0 0 0 0 0 0 
0 0 0 1 0 1 

JOBS [6] - [15, 12, 2, 3, 0, 6]
TOOL SWITCHES : 14
MAKESPAN : 47

- MACHINE [1]

1 0 0 1 0 0 1 
0 0 0 0 1 1 1 
0 0 0 1 0 1 0 
0 1 1 0 1 0 0 
0 0 0 0 1 0 0 
1 0 0 1 0 0 0 
1 0 0 0 1 0 1 
0 1 1 1 1 1 0 
1 1 0 0 0 1 0 
0 1 0 0 0 0 0 
0 0 0 1 1 0 0 
0 0 0 0 0 0 0 
0 0 0 0 0 1 0 
0 0 1 1 0 0 0 
0 0 0 0 0 0 0 
0 0 0 0 0 1 1 
1 0 1 0 0 1 1 
1 0 0 0 0 0 0 
0 1 1 0 0 0 0 
0 0 0 0 0 0 0 

JOBS [7] - [9, 4, 16, 10, 1, 8, 5]
TOOL SWITCHES : 7
MAKESPAN : 41

- MACHINE [2]

0 0 0 0 0 0 0 
1 1 0 0 1 0 0 
0 1 0 0 0 0 0 
0 0 0 0 0 0 0 
0 0 1 0 1 1 0 
1 0 1 1 0 0 0 
0 0 0 0 0 0 0 
0 0 0 1 1 1 0 
0 0 0 0 0 0 1 
0 0 1 1 0 0 1 
0 0 1 0 1 0 0 
0 0 0 0 0 1 1 
0 1 0 0 0 1 0 
1 0 0 0 1 0 0 
0 0 0 0 0 0 0 
1 1 1 1 0 1 0 
0 0 0 0 0 0 1 
1 0 0 0 1 1 1 
1 1 0 1 0 0 0 
0 1 0 0 1 0 1 

JOBS [7] - [11, 19, 17, 14, 7, 18, 13]
TOOL SWITCHES : 3
MAKESPAN : 38

# -------------------------- #

--- TOTAL TOOL SWITCHES : 24
--- HIGHEST MAKESPAN : 47
--- TOTAL FLOWTIME : 381
--- RUNNING TIME : 8.49809

# -------------------------- #
RUN : 1 - instancias_txt/SSP-NPM-I/ins154_m=3_j=20_t=20_var=14.txt

- MACHINE [0]

0 0 0 0 1 0 
0 0 0 0 0 0 
1 0 0 0 1 0 
0 0 0 0 1 0 
0 1 0 0 0 1 
0 0 1 1 1 0 
0 0 0 0 0 1 
0 0 0 1 0 0 
0 0 1 0 0 1 
0 0 0 0 0 0 
1 0 0 0 0 0 
1 0 1 1 0 1 
0 1 1 0 0 0 
1 1 1 1 1 0 
1 1 0 0 0 0 
1 0 1 1 0 0 
0 0 0 0 0 1 
0 0 0 0 0 0 
0 0 0 0 0 0 
1 1 0 1 0 0 

JOBS [6] - [15, 0, 6, 19, 9, 14]
TOOL SWITCHES : 11
MAKESPAN : 36

- MACHINE [1]

0 0 0 0 0 0 
1 0 1 0 1 0 
0 0 0 0 0 0 
0 1 1 0 0 1 
1 1 1 1 0 1 
1 0 1 1 1 0 
0 0 0 1 1 0 
0 1 1 0 1 1 
0 0 0 1 0 0 
0 1 1 0 0 1 
0 0 0 0 0 0 
0 0 0 0 1 0 
0 0 0 0 1 1 
1 1 0 1 0 0 
0 0 0 0 0 0 
1 0 0 1 0 0 
0 0 0 0 0 0 
1 0 0 0 0 0 
0 0 1 0 0 0 
0 0 0 0 0 1 

JOBS [6] - [3, 12, 1, 5, 8, 11]
TOOL SWITCHES : 5
MAKESPAN : 42

- MACHINE [2]

0 0 0 0 0 0 1 1 
0 0 0 0 0 0 0 1 
1 0 1 0 0 1 1 0 
0 0 0 1 1 0 0 0 
0 0 0 0 0 0 0 1 
0 0 0 0 0 0 0 0 
0 0 0 1 0 0 1 0 
0 0 0 0 0 0 0 1 
0 1 0 0 0 0 1 1 
0 1 1 1 0 1 0 0 
1 1 0 1 0 1 0 1 
0 0 0 0 0 0 0 0 
1 0 1 1 1 1 0 0 
0 0 0 0 0 0 0 0 
0 0 1 0 0 0 0 0 
0 1 0 0 1 0 0 0 
0 1 1 0 0 0 1 0 
1 0 0 0 1 1 0 0 
0 0 1 0 1 1 0 0 
1 1 0 1 1 0 1 0 

JOBS [8] - [16, 7, 4, 18, 17, 10, 13, 2]
TOOL SWITCHES : 4
MAKESPAN : 43

# -------------------------- #

--- TOTAL TOOL SWITCHES : 20
--- HIGHEST MAKESPAN : 43
--- TOTAL FLOWTIME : 326
--- RUNNING TIME : 9.82654

# -------------------------- #
RUN : 1 - instancias_txt/SSP-NPM-I/ins155_m=3_j=20_t=20_var=15.txt

- MACHINE [0]

0 0 0 0 0 0 
1 0 1 0 1 0 
0 0 0 0 0 1 
1 1 0 0 1 0 
1 0 0 0 0 1 
0 1 1 0 0 0 
0 0 0 0 0 1 
0 0 0 1 0 0 
0 0 0 0 1 0 
1 1 0 0 0 1 
0 0 0 0 1 0 
0 0 0 0 1 1 
0 0 1 1 0 0 
1 0 1 0 0 0 
0 0 0 0 0 1 
0 0 1 0 0 0 
0 0 0 1 1 0 
1 1 1 1 0 0 
1 1 0 0 0 0 
0 0 0 1 1 0 

JOBS [6] - [1, 10, 7, 16, 11, 15]
TOOL SWITCHES : 14
MAKESPAN : 40

- MACHINE [1]

0 1 0 0 0 0 
0 0 0 0 0 0 
0 0 0 0 0 1 
1 1 0 1 0 0 
1 1 1 0 0 0 
0 1 0 0 0 0 
0 0 0 1 1 0 
0 0 0 0 0 0 
1 0 0 1 1 0 
1 1 1 0 0 1 
1 0 1 0 0 0 
0 0 0 0 1 0 
0 0 0 0 0 0 
1 1 0 0 0 1 
0 0 0 1 1 0 
0 1 1 1 0 1 
0 0 0 1 0 0 
0 0 0 1 1 1 
0 0 0 0 0 1 
0 0 1 0 0 0 

JOBS [6] - [8, 14, 17, 6, 13, 12]
TOOL SWITCHES : 7
MAKESPAN : 40

- MACHINE [2]

1 1 1 1 1 0 1 0 
1 0 1 1 0 0 0 0 
1 1 1 0 1 0 0 1 
0 0 1 1 1 0 1 0 
0 0 1 0 1 0 0 1 
1 0 0 1 0 1 0 0 
0 0 0 0 0 0 0 0 
0 0 0 0 0 1 0 1 
1 0 0 1 0 0 0 0 
0 0 0 0 0 0 0 0 
1 0 0 0 0 1 1 0 
0 0 0 0 0 0 0 0 
0 0 0 0 0 0 0 0 
0 0 0 0 0 0 0 0 
0 1 0 0 1 1 0 1 
0 1 0 0 0 1 0 1 
0 1 1 1 0 0 1 1 
0 1 0 0 1 1 0 0 
0 0 1 0 1 0 1 0 
0 0 0 0 0 1 1 1 

JOBS [8] - [9, 19, 2, 3, 5, 0, 4, 18]
TOOL SWITCHES : 2
MAKESPAN : 38

# -------------------------- #

--- TOTAL TOOL SWITCHES : 23
--- HIGHEST MAKESPAN : 40
--- TOTAL FLOWTIME : 320
--- RUNNING TIME : 7.12977

# -------------------------- #
RUN : 1 - instancias_txt/SSP-NPM-I/ins156_m=3_j=20_t=20_var=16.txt

- MACHINE [0]

0 1 1 0 1 
1 1 0 0 0 
0 0 1 0 0 
0 1 0 1 1 
0 0 0 0 0 
0 0 0 0 1 
1 1 0 0 1 
1 1 0 0 0 
0 0 0 0 0 
0 0 0 0 0 
1 0 0 0 1 
0 0 1 0 0 
0 0 1 1 0 
0 0 0 0 0 
0 1 0 1 0 
0 0 0 0 1 
0 0 0 1 0 
0 0 0 1 1 
1 0 0 0 0 
0 0 1 1 0 

JOBS [5] - [7, 2, 12, 6, 18]
TOOL SWITCHES : 11
MAKESPAN : 37

- MACHINE [1]

0 0 0 0 0 
0 1 0 1 0 
1 0 1 1 0 
0 0 0 0 1 
1 1 1 0 0 
1 0 0 0 0 
0 0 0 0 0 
0 0 0 0 0 
1 1 1 0 0 
1 0 0 0 1 
0 0 0 0 1 
0 0 0 1 1 
0 1 1 0 0 
0 0 0 0 0 
0 0 0 0 0 
0 1 1 1 1 
0 0 0 0 0 
0 0 0 1 0 
1 1 1 1 1 
0 0 0 0 0 

JOBS [5] - [10, 1, 9, 16, 3]
TOOL SWITCHES : 3
MAKESPAN : 36

- MACHINE [2]

0 1 0 0 0 1 1 0 0 1 
0 1 1 1 1 0 0 1 0 1 
0 0 0 0 0 0 0 0 0 0 
0 0 0 0 0 0 0 0 0 0 
0 0 0 1 1 0 1 0 0 0 
0 1 0 1 1 0 0 1 0 0 
0 0 0 1 0 1 0 0 1 0 
0 0 0 0 0 0 0 0 0 0 
0 0 0 1 1 1 0 0 0 0 
1 1 1 0 0 0 0 0 0 0 
0 1 1 0 0 0 0 1 1 1 
1 1 0 1 1 1 0 0 0 1 
0 0 0 0 0 0 0 1 1 0 
0 0 0 0 0 0 0 1 1 0 
1 0 1 0 0 0 0 0 1 0 
0 0 0 0 0 0 1 0 0 0 
0 0 0 0 0 1 1 0 1 0 
0 0 1 0 0 0 1 0 0 1 
1 0 1 0 0 1 0 0 1 0 
1 0 0 0 0 0 1 0 0 0 

JOBS [10] - [13, 14, 17, 0, 15, 5, 11, 19, 8, 4]
TOOL SWITCHES : 4
MAKESPAN : 44

# -------------------------- #

--- TOTAL TOOL SWITCHES : 18
--- HIGHEST MAKESPAN : 44
--- TOTAL FLOWTIME : 328
--- RUNNING TIME : 9.39993

# -------------------------- #
RUN : 1 - instancias_txt/SSP-NPM-I/ins157_m=3_j=20_t=20_var=17.txt

- MACHINE [0]

0 0 0 0 1 1 1 1 
0 0 0 0 0 0 0 1 
0 1 1 1 1 1 0 0 
0 0 0 0 0 0 1 0 
1 1 1 0 1 0 0 0 
1 1 0 0 0 1 0 0 
0 0 0 0 0 1 1 1 
1 1 1 0 0 0 0 0 
0 0 0 1 0 1 1 0 
1 1 0 0 0 0 0 0 
0 0 0 0 0 0 1 0 
0 0 0 0 0 0 0 0 
0 0 0 0 1 0 0 0 
0 0 1 1 0 0 1 1 
1 0 0 1 0 0 0 0 
0 0 0 0 0 0 0 0 
0 0 1 1 1 0 0 0 
1 1 0 1 0 1 0 1 
0 0 0 0 0 0 0 1 
0 0 0 0 1 0 1 0 

JOBS [8] - [11, 14, 17, 15, 13, 7, 18, 6]
TOOL SWITCHES : 15
MAKESPAN : 48

- MACHINE [1]

0 0 0 0 0 0 
0 0 0 0 0 0 
0 0 1 1 0 1 
1 0 1 0 0 0 
1 1 0 1 0 0 
0 0 0 1 0 1 
0 0 0 1 1 0 
0 0 0 0 0 1 
0 0 0 1 1 0 
0 0 0 0 0 1 
0 1 1 1 0 0 
1 0 0 0 0 0 
0 1 1 0 0 0 
1 1 0 0 1 0 
0 0 1 0 0 0 
1 1 0 1 1 1 
0 0 0 0 0 0 
0 0 0 0 0 0 
0 1 0 0 1 0 
0 1 0 0 1 1 

JOBS [6] - [0, 5, 12, 3, 9, 19]
TOOL SWITCHES : 6
MAKESPAN : 39

- MACHINE [2]

1 1 1 0 0 0 
0 0 0 1 1 0 
0 0 0 0 0 0 
1 1 0 0 1 1 
0 1 1 0 0 0 
0 0 1 1 0 0 
0 0 0 0 0 1 
0 0 1 0 0 0 
1 0 1 0 0 0 
0 0 0 0 0 1 
0 0 0 1 1 0 
0 0 0 0 0 0 
1 0 0 1 0 1 
0 0 0 0 1 1 
0 1 0 0 0 0 
1 1 1 0 0 0 
0 1 1 1 1 0 
1 0 0 1 0 0 
1 0 0 0 1 1 
0 0 0 0 0 0 

JOBS [6] - [2, 8, 16, 1, 10, 4]
TOOL SWITCHES : 4
MAKESPAN : 42

# -------------------------- #

--- TOTAL TOOL SWITCHES : 25
--- HIGHEST MAKESPAN : 48
--- TOTAL FLOWTIME : 356
--- RUNNING TIME : 7.42768

# -------------------------- #
RUN : 1 - instancias_txt/SSP-NPM-I/ins158_m=3_j=20_t=20_var=18.txt

- MACHINE [0]

0 0 1 0 1 1 
0 0 0 0 0 0 
0 0 0 0 0 0 
0 0 1 0 0 0 
0 0 0 1 0 0 
1 1 0 0 0 0 
0 0 0 0 0 1 
0 0 0 0 0 0 
1 1 0 0 0 0 
1 0 0 1 1 0 
0 0 0 0 0 1 
1 1 1 1 0 0 
0 0 0 1 0 1 
0 1 1 0 0 1 
0 0 0 0 0 0 
0 0 0 1 1 1 
0 0 1 0 0 0 
1 1 0 0 1 1 
1 1 1 0 0 0 
0 0 0 0 1 0 

JOBS [6] - [16, 5, 11, 17, 13, 15]
TOOL SWITCHES : 10
MAKESPAN : 38

- MACHINE [1]

1 1 0 1 0 1 
0 1 1 0 1 0 
1 0 0 0 0 0 
0 0 0 1 1 0 
0 1 0 0 0 0 
1 0 0 1 0 1 
0 0 0 0 0 0 
0 0 1 1 0 0 
0 0 0 0 1 1 
1 0 1 0 0 0 
0 0 0 1 1 0 
0 0 0 0 0 1 
1 1 1 0 0 0 
0 0 0 0 0 0 
0 0 1 1 0 0 
0 0 1 0 0 0 
0 0 0 0 0 0 
0 0 0 0 1 1 
1 0 0 0 1 0 
0 1 0 0 1 1 

JOBS [6] - [7, 8, 3, 1, 6, 14]
TOOL SWITCHES : 7
MAKESPAN : 37

- MACHINE [2]

0 1 0 1 0 0 0 0 
0 0 0 0 0 0 1 1 
0 0 1 1 0 0 0 0 
0 0 0 0 0 0 0 1 
0 0 0 0 0 0 0 0 
0 0 0 0 0 0 0 0 
0 0 1 0 1 1 1 0 
1 0 0 0 0 0 0 0 
0 0 1 0 0 1 1 1 
0 0 0 0 0 0 0 0 
1 1 0 1 1 1 0 0 
0 1 0 1 0 0 0 1 
1 0 0 0 0 0 0 1 
1 0 0 1 0 0 0 1 
1 1 1 0 0 0 0 0 
1 0 1 0 0 1 1 0 
0 0 0 0 1 1 1 0 
0 0 0 0 0 0 1 0 
0 1 0 1 1 1 1 0 
0 1 1 0 1 0 0 0 

JOBS [8] - [10, 9, 18, 2, 19, 0, 4, 12]
TOOL SWITCHES : 4
MAKESPAN : 44

# -------------------------- #

--- TOTAL TOOL SWITCHES : 21
--- HIGHEST MAKESPAN : 44
--- TOTAL FLOWTIME : 348
--- RUNNING TIME : 7.38526

# -------------------------- #
RUN : 1 - instancias_txt/SSP-NPM-I/ins159_m=3_j=20_t=20_var=19.txt

- MACHINE [0]

1 1 0 0 0 0 
0 0 0 0 1 1 
0 1 1 1 0 0 
1 0 1 1 0 0 
0 0 0 0 1 0 
0 0 0 0 0 1 
0 0 0 0 0 0 
0 0 0 0 0 0 
0 0 0 0 1 1 
0 0 0 0 0 0 
0 0 0 0 0 0 
0 0 0 1 0 0 
0 0 1 1 0 1 
0 0 0 0 0 0 
1 1 1 0 1 1 
1 1 0 1 1 1 
0 1 1 1 1 0 
0 0 0 0 0 0 
1 0 0 0 0 0 
0 1 1 0 0 0 

JOBS [6] - [1, 19, 7, 15, 2, 8]
TOOL SWITCHES : 7
MAKESPAN : 45

- MACHINE [1]

1 0 1 1 0 0 0 
0 0 0 0 0 0 0 
0 1 0 0 0 0 0 
0 0 0 0 0 1 1 
1 1 0 0 0 1 0 
1 1 0 0 0 0 0 
0 0 0 0 0 0 0 
0 0 0 1 0 0 1 
0 0 0 1 1 0 0 
0 0 0 0 1 0 1 
0 0 1 0 0 0 0 
0 0 1 0 1 1 0 
0 0 0 0 0 0 1 
0 1 1 0 1 0 0 
1 0 1 0 1 0 0 
0 0 0 0 0 1 0 
0 1 0 1 1 0 1 
0 0 1 1 0 1 1 
1 1 0 1 0 0 0 
0 0 0 0 1 0 1 

JOBS [7] - [10, 9, 5, 14, 3, 17, 6]
TOOL SWITCHES : 8
MAKESPAN : 37

- MACHINE [2]

1 1 0 0 0 1 1 
0 1 0 1 0 0 0 
0 0 1 1 0 1 0 
0 1 1 0 0 0 1 
0 0 0 0 0 0 1 
1 0 1 0 0 0 0 
0 1 0 1 0 0 1 
0 0 1 1 0 1 0 
0 1 1 0 1 0 0 
0 0 0 0 1 0 0 
1 0 0 0 0 1 0 
1 1 0 0 0 0 0 
1 0 1 1 1 0 0 
0 0 0 0 0 1 1 
1 0 0 0 1 0 0 
0 0 0 0 0 0 0 
0 0 0 0 1 1 0 
1 0 0 1 0 0 0 
0 0 0 0 0 0 0 
0 0 0 1 1 0 1 

JOBS [7] - [0, 16, 4, 12, 11, 13, 18]
TOOL SWITCHES : 5
MAKESPAN : 35

# -------------------------- #

--- TOTAL TOOL SWITCHES : 20
--- HIGHEST MAKESPAN : 45
--- TOTAL FLOWTIME : 362
--- RUNNING TIME : 6.14077

# -------------------------- #
RUN : 1 - instancias_txt/SSP-NPM-I/ins160_m=3_j=20_t=20_var=20.txt

- MACHINE [0]

0 0 1 0 0 0 
1 1 1 1 1 0 
0 1 1 1 1 1 
0 1 1 0 0 0 
0 0 0 0 0 1 
0 0 0 0 0 0 
0 0 0 0 0 0 
1 1 0 0 1 1 
0 0 0 1 0 0 
0 0 0 0 0 1 
0 0 0 0 0 0 
1 1 0 0 0 0 
0 0 0 0 0 0 
0 0 0 0 1 1 
0 0 0 1 0 0 
1 1 0 0 0 1 
0 0 1 1 1 0 
1 0 0 0 0 0 
1 0 0 1 0 0 
0 0 0 0 0 0 

JOBS [6] - [4, 16, 14, 5, 13, 12]
TOOL SWITCHES : 9
MAKESPAN : 46

- MACHINE [1]

0 0 0 0 0 0 1 
1 1 1 0 0 0 0 
0 0 0 0 0 0 1 
0 1 0 1 1 0 0 
0 0 0 0 0 1 0 
0 0 0 0 0 0 0 
0 0 0 0 1 1 0 
0 1 0 0 0 0 1 
1 0 0 0 0 0 0 
0 0 0 1 1 0 1 
0 0 0 0 0 1 0 
1 0 0 0 0 0 0 
1 0 1 1 0 0 0 
0 0 0 0 0 0 0 
1 0 0 1 0 1 0 
0 1 0 0 0 0 1 
1 1 1 1 1 0 0 
0 1 1 0 0 0 0 
0 0 0 1 0 1 1 
0 0 1 0 1 0 0 

JOBS [7] - [3, 17, 18, 10, 1, 9, 15]
TOOL SWITCHES : 8
MAKESPAN : 46

- MACHINE [2]

0 0 0 0 0 0 1 
0 0 0 0 0 1 0 
0 0 0 1 0 0 0 
1 0 0 0 0 0 0 
1 1 0 1 1 0 1 
0 0 1 1 0 0 1 
1 1 0 0 0 0 1 
0 1 0 1 1 1 0 
1 0 0 0 1 1 0 
0 0 0 0 0 0 1 
1 0 0 0 1 1 1 
0 0 0 0 0 1 0 
0 1 1 0 0 1 0 
1 0 1 0 0 0 0 
0 0 0 0 0 0 0 
0 0 0 0 0 0 0 
0 1 0 1 0 0 0 
0 0 1 0 0 0 0 
0 0 0 0 0 0 0 
0 1 1 1 1 0 1 

JOBS [7] - [0, 6, 11, 2, 19, 7, 8]
TOOL SWITCHES : 4
MAKESPAN : 46

# -------------------------- #

--- TOTAL TOOL SWITCHES : 21
--- HIGHEST MAKESPAN : 46
--- TOTAL FLOWTIME : 373
--- RUNNING TIME : 5.51272

# -------------------------- #


avg : 353.5
