RUN : 1 - instancias_txt/SSP-NPM-I/ins141_m=3_j=20_t=20_var=1.txt

- MACHINE [0]

0 0 0 0 0 
1 1 0 0 0 
0 0 0 0 0 
0 0 0 1 0 
0 0 1 1 1 
0 0 0 1 1 
0 0 0 0 0 
1 0 0 0 0 
0 0 0 0 0 
1 0 1 0 0 
0 0 0 1 1 
0 1 1 0 0 
1 1 1 0 1 
1 0 0 0 1 
0 0 1 0 1 
0 1 1 0 0 
1 1 0 0 0 
0 0 0 1 0 
0 1 0 0 0 
0 0 0 1 0 

JOBS [5] - [8, 12, 11, 16, 15]
TOOL SWITCHES : 11
MAKESPAN : 44

- MACHINE [1]

0 0 0 0 0 0 
1 0 1 0 0 0 
0 1 1 1 0 1 
0 0 0 0 0 0 
1 0 0 0 0 0 
0 0 1 1 1 0 
0 0 1 1 1 0 
1 1 0 0 0 1 
1 1 0 0 1 0 
0 0 0 0 1 0 
0 0 0 0 1 1 
0 1 1 1 0 1 
0 0 0 0 0 1 
0 1 1 0 1 0 
1 1 0 0 1 1 
1 1 0 0 0 0 
0 0 0 1 0 0 
0 0 0 0 0 0 
1 0 1 0 0 0 
0 0 0 0 0 0 

JOBS [6] - [18, 9, 5, 3, 10, 7]
TOOL SWITCHES : 6
MAKESPAN : 45

- MACHINE [2]

0 1 1 0 1 0 1 1 0 
0 0 0 0 1 1 0 0 0 
0 0 0 0 1 1 1 0 0 
0 0 0 1 1 0 0 0 0 
0 0 0 0 0 0 0 0 0 
0 0 0 0 0 0 0 0 1 
0 1 0 1 0 1 0 0 1 
0 1 0 0 0 0 0 0 0 
0 0 0 1 1 0 1 1 0 
1 0 1 0 0 0 0 1 0 
1 0 0 0 0 0 1 1 1 
0 0 0 0 0 0 0 0 0 
0 0 1 1 0 1 0 0 0 
0 0 0 0 0 0 1 1 1 
1 1 1 0 0 1 0 0 0 
1 0 1 0 0 0 0 0 0 
0 0 0 0 0 0 0 1 1 
1 1 0 0 1 0 0 0 0 
0 1 1 1 0 0 0 0 1 
0 0 0 0 0 1 1 0 0 

JOBS [9] - [19, 2, 1, 6, 4, 0, 14, 17, 13]
TOOL SWITCHES : 5
MAKESPAN : 50

# -------------------------- #

--- TOTAL TOOL SWITCHES : 22
--- HIGHEST MAKESPAN : 50
--- TOTAL FLOWTIME : 422
--- RUNNING TIME : 4.93972

# -------------------------- #
RUN : 1 - instancias_txt/SSP-NPM-I/ins142_m=3_j=20_t=20_var=2.txt

- MACHINE [0]

1 0 0 0 0 1 
1 1 0 0 0 0 
0 0 0 1 1 0 
1 0 1 1 0 0 
0 1 1 1 1 1 
0 0 0 0 1 1 
0 0 0 1 1 0 
1 1 1 0 0 0 
0 0 0 0 0 0 
0 0 0 0 0 1 
1 1 0 0 0 0 
0 0 0 0 0 0 
0 0 0 0 1 0 
1 1 0 0 0 0 
0 0 0 0 0 1 
0 0 1 1 0 0 
0 0 1 0 0 0 
0 0 0 0 1 0 
0 0 0 0 0 1 
0 1 0 1 0 1 

JOBS [6] - [3, 10, 9, 4, 13, 18]
TOOL SWITCHES : 12
MAKESPAN : 42

- MACHINE [1]

0 0 0 0 0 
0 0 0 1 1 
1 1 0 0 0 
0 0 0 0 0 
0 0 0 0 1 
0 0 1 1 0 
0 0 1 0 1 
1 1 0 1 1 
1 0 0 0 0 
0 1 0 1 0 
0 0 1 1 1 
0 0 0 0 0 
1 0 0 0 0 
1 0 1 0 0 
0 1 1 1 1 
0 1 0 0 0 
1 1 0 0 0 
0 0 0 1 0 
1 1 1 0 1 
0 0 0 0 0 

JOBS [5] - [2, 11, 14, 1, 15]
TOOL SWITCHES : 6
MAKESPAN : 38

- MACHINE [2]

0 0 1 1 1 0 0 1 0 
0 0 0 0 0 0 0 0 0 
1 0 0 0 0 1 0 0 0 
1 0 0 0 1 0 0 0 0 
0 0 0 0 0 0 0 0 0 
0 1 0 0 1 0 0 0 1 
1 0 0 0 0 0 1 0 0 
0 1 0 1 1 0 0 1 1 
0 0 0 0 0 1 1 1 0 
0 0 0 0 0 0 0 0 1 
0 0 0 0 0 0 0 0 0 
1 0 0 1 0 0 1 0 0 
1 0 0 1 0 0 0 0 1 
0 1 1 0 0 1 1 0 0 
0 0 1 0 0 0 0 0 0 
0 0 0 0 0 0 0 0 0 
0 0 1 1 0 0 0 0 0 
0 1 0 1 0 1 0 1 1 
0 0 0 0 0 1 1 1 1 
0 1 1 0 1 0 0 0 0 

JOBS [9] - [16, 6, 7, 19, 8, 17, 5, 0, 12]
TOOL SWITCHES : 3
MAKESPAN : 43

# -------------------------- #

--- TOTAL TOOL SWITCHES : 21
--- HIGHEST MAKESPAN : 43
--- TOTAL FLOWTIME : 358
--- RUNNING TIME : 6.58174

# -------------------------- #
RUN : 1 - instancias_txt/SSP-NPM-I/ins143_m=3_j=20_t=20_var=3.txt

- MACHINE [0]

1 1 0 0 0 0 
0 1 0 0 0 0 
0 0 0 1 0 0 
1 1 0 0 0 0 
0 0 1 1 1 1 
1 1 0 1 1 1 
0 0 0 0 0 0 
0 1 1 0 0 0 
1 0 1 1 0 1 
0 0 0 0 0 0 
0 0 0 0 1 0 
0 0 0 0 0 0 
0 0 0 0 0 1 
0 0 0 1 1 1 
0 0 0 0 1 0 
1 0 0 0 0 1 
0 0 0 0 0 0 
0 0 1 1 0 0 
0 0 1 0 1 0 
0 1 1 0 0 0 

JOBS [6] - [14, 9, 11, 19, 2, 5]
TOOL SWITCHES : 10
MAKESPAN : 34

- MACHINE [1]

0 0 0 0 0 0 
0 0 0 0 0 0 
0 0 0 0 1 1 
0 1 1 0 0 0 
0 0 0 1 1 1 
0 0 0 0 0 0 
0 0 1 1 0 0 
0 0 0 0 1 1 
1 1 0 1 0 0 
0 0 0 0 0 0 
1 0 0 0 0 0 
1 0 1 0 1 0 
0 0 0 0 0 0 
0 1 0 0 0 0 
0 0 0 0 1 0 
1 1 1 0 1 1 
1 1 0 0 0 1 
0 1 1 0 0 0 
1 0 0 1 1 0 
0 0 0 1 0 1 

JOBS [6] - [3, 10, 15, 16, 0, 13]
TOOL SWITCHES : 5
MAKESPAN : 43

- MACHINE [2]

0 1 0 0 0 1 0 1 
1 0 0 0 0 1 1 1 
0 0 1 1 0 0 0 0 
1 0 0 1 0 0 0 1 
0 0 1 1 0 0 0 0 
1 0 1 0 1 1 0 0 
0 0 0 0 0 1 0 1 
0 0 0 0 0 0 1 1 
0 0 0 1 1 0 0 0 
0 1 1 0 0 0 1 0 
0 0 0 0 0 1 1 0 
1 0 0 0 1 0 0 0 
0 0 0 0 0 0 0 1 
0 0 0 0 0 0 1 0 
1 1 0 1 1 0 1 0 
0 0 0 0 0 0 0 0 
0 1 0 0 1 0 0 1 
0 0 0 0 0 0 0 0 
1 0 1 0 0 0 0 0 
0 1 0 1 1 1 0 0 

JOBS [8] - [8, 1, 6, 18, 17, 4, 12, 7]
TOOL SWITCHES : 5
MAKESPAN : 42

# -------------------------- #

--- TOTAL TOOL SWITCHES : 20
--- HIGHEST MAKESPAN : 43
--- TOTAL FLOWTIME : 341
--- RUNNING TIME : 4.92947

# -------------------------- #
RUN : 1 - instancias_txt/SSP-NPM-I/ins144_m=3_j=20_t=20_var=4.txt

- MACHINE [0]

0 0 0 1 1 
1 1 1 0 0 
0 0 0 0 0 
1 0 0 1 0 
0 0 0 0 0 
0 0 0 0 1 
0 1 0 0 1 
0 0 0 0 0 
0 0 1 0 0 
0 0 0 0 1 
1 1 0 0 0 
0 0 1 0 0 
0 0 0 1 1 
0 1 1 0 1 
0 0 0 1 0 
1 1 1 0 0 
1 1 0 0 0 
0 0 0 1 0 
0 0 1 1 0 
0 0 0 0 1 

JOBS [5] - [0, 14, 19, 5, 1]
TOOL SWITCHES : 11
MAKESPAN : 37

- MACHINE [1]

0 0 1 0 0 0 
0 0 0 1 0 0 
0 1 1 0 0 1 
0 0 0 0 0 1 
1 0 0 1 0 0 
1 1 1 1 0 0 
0 0 0 0 0 0 
1 1 1 0 1 0 
1 1 0 1 0 0 
1 0 0 1 0 0 
1 0 0 0 1 0 
0 1 1 0 0 0 
0 0 0 0 0 0 
0 0 0 0 1 1 
0 0 0 1 1 1 
0 0 0 0 0 1 
0 0 0 0 1 0 
0 1 0 1 0 1 
0 0 0 0 0 0 
0 0 0 0 0 0 

JOBS [6] - [17, 10, 18, 12, 15, 3]
TOOL SWITCHES : 6
MAKESPAN : 35

- MACHINE [2]

0 0 1 1 0 1 0 0 1 
0 0 0 0 0 0 0 0 0 
0 1 1 0 1 0 0 1 0 
0 1 0 1 1 0 1 1 1 
0 0 0 0 0 0 0 0 0 
0 0 0 0 0 0 0 0 0 
1 1 1 0 0 1 0 0 0 
1 0 0 0 1 1 1 0 0 
1 0 1 1 1 0 1 0 0 
1 1 0 1 0 0 0 1 1 
1 0 0 1 0 0 0 1 0 
0 0 0 0 0 0 0 1 0 
1 1 0 0 0 0 0 0 0 
0 0 0 0 0 0 0 0 0 
0 1 0 0 0 1 0 1 1 
0 0 0 0 1 1 1 0 1 
0 0 1 0 0 0 0 0 0 
0 0 1 0 1 0 0 0 0 
0 0 0 0 0 0 1 1 1 
1 0 0 1 1 1 1 0 1 

JOBS [9] - [4, 16, 11, 2, 6, 7, 8, 13, 9]
TOOL SWITCHES : 3
MAKESPAN : 43

# -------------------------- #

--- TOTAL TOOL SWITCHES : 20
--- HIGHEST MAKESPAN : 43
--- TOTAL FLOWTIME : 331
--- RUNNING TIME : 5.61466

# -------------------------- #
RUN : 1 - instancias_txt/SSP-NPM-I/ins145_m=3_j=20_t=20_var=5.txt

- MACHINE [0]

0 0 0 0 0 1 
0 0 0 1 1 0 
1 0 1 0 0 1 
1 0 0 0 0 0 
1 1 1 0 1 0 
1 1 0 0 0 0 
0 0 0 0 0 1 
0 0 0 1 1 1 
0 0 0 1 0 1 
0 0 1 1 1 0 
0 1 0 0 1 0 
1 0 0 0 0 0 
0 0 0 0 0 0 
0 0 0 0 0 0 
0 0 0 0 0 0 
1 1 1 0 0 0 
0 0 1 1 1 0 
0 0 1 0 0 0 
0 0 0 0 0 0 
0 1 1 1 0 0 

JOBS [6] - [17, 13, 12, 5, 8, 10]
TOOL SWITCHES : 11
MAKESPAN : 49

- MACHINE [1]

0 0 0 0 0 0 
0 0 1 1 0 0 
0 0 0 0 0 1 
0 1 1 0 0 0 
1 0 0 1 0 0 
0 0 0 0 1 1 
0 1 1 0 0 0 
0 0 0 1 0 0 
0 0 0 0 0 1 
1 1 0 0 0 0 
1 1 1 0 1 0 
0 0 0 0 1 0 
0 0 0 1 1 0 
0 0 0 1 1 1 
0 1 0 0 0 0 
1 1 1 0 1 0 
0 0 0 0 1 1 
0 0 0 0 0 0 
1 0 1 0 0 1 
0 1 0 0 0 0 

JOBS [6] - [11, 1, 15, 4, 18, 6]
TOOL SWITCHES : 8
MAKESPAN : 39

- MACHINE [2]

0 1 1 0 0 0 1 1 
1 0 0 1 0 0 0 0 
1 1 1 0 0 0 0 0 
0 0 0 0 0 0 0 0 
0 1 0 1 0 0 0 0 
0 0 0 0 0 1 1 0 
0 0 0 0 0 0 0 0 
0 0 1 0 0 0 1 1 
0 0 1 1 0 0 0 0 
1 1 0 1 1 0 1 0 
0 0 1 0 1 1 0 0 
1 0 1 1 0 1 0 0 
1 0 0 1 1 1 0 0 
0 1 1 0 1 0 0 1 
0 0 0 0 0 0 0 1 
1 0 0 0 1 0 0 0 
0 0 0 0 0 0 0 0 
0 0 0 0 1 1 1 1 
1 1 0 1 0 1 1 0 
0 0 0 0 0 0 0 1 

JOBS [8] - [9, 19, 0, 3, 14, 16, 7, 2]
TOOL SWITCHES : 4
MAKESPAN : 50

# -------------------------- #

--- TOTAL TOOL SWITCHES : 23
--- HIGHEST MAKESPAN : 50
--- TOTAL FLOWTIME : 375
--- RUNNING TIME : 3.92132

# -------------------------- #
RUN : 1 - instancias_txt/SSP-NPM-I/ins146_m=3_j=20_t=20_var=6.txt

- MACHINE [0]

0 0 0 1 0 
0 0 0 0 0 
0 0 0 0 1 
1 1 1 1 1 
1 0 1 0 0 
0 0 0 0 1 
0 1 1 0 0 
0 0 0 0 0 
0 0 0 0 1 
0 1 0 0 0 
1 0 0 0 0 
0 0 0 0 0 
0 0 1 0 0 
0 0 0 1 1 
0 0 0 0 1 
0 0 0 0 0 
1 1 1 1 0 
1 1 1 1 0 
0 1 1 1 0 
0 0 0 0 0 

JOBS [5] - [6, 19, 8, 13, 15]
TOOL SWITCHES : 8
MAKESPAN : 45

- MACHINE [1]

1 0 0 0 0 1 1 
1 0 0 0 0 0 0 
0 0 0 0 0 1 1 
0 0 0 0 0 0 0 
1 0 0 1 0 0 0 
1 1 1 0 1 1 1 
0 0 0 0 0 0 1 
0 0 0 0 0 0 0 
0 1 1 0 1 1 1 
0 0 0 0 1 0 0 
0 1 1 1 1 0 0 
0 0 0 0 0 0 0 
1 1 0 1 0 0 0 
0 0 0 0 0 0 0 
0 1 1 1 0 0 0 
1 0 0 0 1 0 0 
0 0 0 0 0 1 0 
0 0 0 0 0 0 1 
0 0 1 1 0 0 0 
0 1 0 1 1 1 1 

JOBS [7] - [17, 14, 10, 2, 1, 9, 16]
TOOL SWITCHES : 6
MAKESPAN : 48

- MACHINE [2]

0 0 0 0 0 0 0 0 
0 0 0 1 0 0 1 0 
1 1 0 0 1 0 0 1 
0 0 1 1 0 0 0 0 
0 0 0 0 0 0 0 0 
1 1 0 1 0 0 1 1 
0 0 1 0 0 1 1 0 
0 1 1 0 0 1 0 0 
0 1 0 1 0 0 0 0 
0 0 0 0 0 0 0 1 
1 0 0 0 0 0 1 1 
0 0 0 0 0 1 1 1 
0 1 0 0 1 1 1 0 
0 0 0 0 0 0 0 1 
1 1 0 0 1 1 0 0 
1 0 1 0 1 0 0 0 
0 1 1 1 0 0 0 0 
0 0 0 0 0 0 0 0 
0 0 0 0 0 0 0 0 
1 0 0 1 1 0 1 1 

JOBS [8] - [7, 12, 11, 0, 5, 4, 3, 18]
TOOL SWITCHES : 3
MAKESPAN : 46

# -------------------------- #

--- TOTAL TOOL SWITCHES : 17
--- HIGHEST MAKESPAN : 48
--- TOTAL FLOWTIME : 429
--- RUNNING TIME : 5.56581

# -------------------------- #
RUN : 1 - instancias_txt/SSP-NPM-I/ins147_m=3_j=20_t=20_var=7.txt

- MACHINE [0]

0 0 0 0 0 1 
0 0 0 0 0 0 
1 1 0 0 1 0 
0 0 0 0 1 1 
0 0 0 1 1 1 
1 1 1 0 0 0 
0 0 0 0 0 0 
0 0 0 0 1 0 
0 0 0 0 0 0 
1 0 0 1 0 0 
0 0 1 1 1 0 
0 0 1 1 0 1 
1 1 0 0 0 0 
1 0 0 0 0 0 
0 0 0 0 0 0 
0 0 0 0 0 0 
0 0 1 1 0 0 
0 1 1 0 0 0 
1 1 0 0 0 1 
0 1 1 1 1 0 

JOBS [6] - [6, 19, 8, 1, 10, 0]
TOOL SWITCHES : 10
MAKESPAN : 37

- MACHINE [1]

0 1 1 0 0 0 
1 0 0 1 1 0 
0 0 0 0 0 1 
0 0 1 1 0 0 
0 0 0 0 0 1 
1 0 0 0 0 0 
0 1 0 1 0 1 
0 0 0 0 0 0 
0 0 0 0 0 0 
0 0 1 0 0 0 
1 1 0 0 0 0 
0 0 0 0 0 1 
1 0 0 1 0 0 
0 0 0 1 1 0 
0 0 1 1 0 0 
0 1 0 0 1 0 
1 1 0 1 1 1 
0 1 1 0 1 0 
0 0 0 0 1 0 
0 0 0 0 0 0 

JOBS [6] - [12, 18, 5, 11, 17, 16]
TOOL SWITCHES : 7
MAKESPAN : 37

- MACHINE [2]

0 1 1 1 0 0 0 0 
0 1 0 1 0 0 0 0 
0 0 0 0 0 0 0 0 
0 0 0 0 0 0 0 0 
0 0 0 0 0 0 0 0 
1 1 0 0 0 1 0 1 
0 0 0 0 0 0 0 0 
0 0 1 0 1 1 0 0 
0 0 1 0 0 1 1 0 
1 0 0 0 0 0 1 0 
0 0 0 0 0 0 1 0 
1 0 0 0 0 1 0 1 
0 0 0 0 0 0 0 0 
0 0 1 1 1 0 0 0 
1 1 0 1 1 0 1 0 
0 0 1 1 0 0 1 1 
0 0 0 0 1 0 1 1 
0 0 0 1 1 0 0 1 
1 1 0 0 1 0 1 0 
0 0 0 0 0 1 0 0 

JOBS [8] - [3, 2, 13, 7, 9, 4, 15, 14]
TOOL SWITCHES : 2
MAKESPAN : 45

# -------------------------- #

--- TOTAL TOOL SWITCHES : 19
--- HIGHEST MAKESPAN : 45
--- TOTAL FLOWTIME : 343
--- RUNNING TIME : 3.99246

# -------------------------- #
RUN : 1 - instancias_txt/SSP-NPM-I/ins148_m=3_j=20_t=20_var=8.txt

- MACHINE [0]

1 0 0 1 1 0 
0 0 0 1 0 0 
0 0 0 0 0 0 
0 1 1 0 0 0 
1 1 0 0 1 0 
0 0 0 0 0 0 
1 1 0 0 0 0 
1 1 1 0 0 0 
0 0 0 0 0 0 
0 0 0 0 1 1 
0 0 1 1 0 1 
0 0 0 0 0 0 
0 0 0 0 0 1 
0 0 0 0 0 1 
1 1 0 0 0 1 
0 1 1 0 0 1 
0 0 0 0 0 0 
0 0 1 1 1 0 
0 0 0 0 1 0 
1 0 1 1 1 0 

JOBS [6] - [10, 19, 0, 11, 3, 7]
TOOL SWITCHES : 11
MAKESPAN : 39

- MACHINE [1]

0 0 0 0 0 0 0 
1 0 1 1 1 1 0 
0 1 0 0 0 0 1 
0 1 0 0 0 0 0 
0 1 0 1 0 0 0 
0 1 0 0 1 1 0 
1 1 1 0 0 0 0 
0 0 0 0 1 1 0 
1 0 1 0 0 1 0 
0 0 0 0 0 0 0 
1 1 0 0 1 0 0 
1 0 0 1 1 0 0 
0 0 0 1 0 0 0 
1 0 1 1 1 0 1 
0 0 0 0 0 1 1 
0 0 0 0 0 0 1 
0 0 1 1 0 1 0 
0 0 0 0 0 0 1 
0 0 0 0 0 0 1 
0 0 0 0 0 1 0 

JOBS [7] - [5, 15, 8, 9, 4, 12, 6]
TOOL SWITCHES : 8
MAKESPAN : 43

- MACHINE [2]

0 0 0 0 1 1 0 
0 1 0 0 0 0 1 
1 0 1 1 0 0 0 
0 0 0 0 0 0 0 
0 1 0 0 0 1 0 
0 0 0 1 1 0 0 
0 0 0 0 0 1 1 
0 1 1 0 1 0 0 
1 0 1 0 0 0 0 
0 0 0 0 0 0 1 
1 1 0 0 0 0 0 
0 0 0 0 0 0 0 
1 0 0 1 0 0 0 
0 0 0 0 0 0 0 
1 0 0 1 1 0 1 
0 0 1 0 1 1 1 
0 0 0 1 1 1 0 
0 1 1 1 0 1 1 
0 1 1 0 0 0 0 
0 0 0 0 0 0 0 

JOBS [7] - [18, 2, 13, 16, 14, 1, 17]
TOOL SWITCHES : 3
MAKESPAN : 37

# -------------------------- #

--- TOTAL TOOL SWITCHES : 22
--- HIGHEST MAKESPAN : 43
--- TOTAL FLOWTIME : 338
--- RUNNING TIME : 5.44001

# -------------------------- #
RUN : 1 - instancias_txt/SSP-NPM-I/ins149_m=3_j=20_t=20_var=9.txt

- MACHINE [0]

1 1 0 0 0 
0 1 0 0 1 
0 0 0 1 0 
0 0 0 1 1 
0 0 1 0 0 
0 0 0 0 0 
0 0 0 0 0 
0 0 0 0 0 
0 0 1 1 0 
1 1 0 0 1 
0 0 1 0 0 
1 0 0 0 0 
0 0 0 0 1 
1 1 1 0 0 
0 1 1 1 1 
1 0 0 0 0 
0 1 0 1 0 
0 0 0 1 1 
0 0 0 0 1 
0 0 0 0 0 

JOBS [5] - [19, 9, 4, 13, 7]
TOOL SWITCHES : 10
MAKESPAN : 37

- MACHINE [1]

1 0 0 0 0 1 
0 1 1 0 0 0 
0 0 0 0 1 0 
0 0 1 0 0 1 
0 0 0 0 0 0 
0 0 0 0 0 0 
0 0 0 0 1 1 
1 1 1 1 0 0 
0 0 1 1 0 0 
0 1 0 1 1 0 
1 1 0 0 0 0 
1 1 1 0 0 0 
0 0 0 0 0 0 
0 0 1 0 1 1 
0 0 0 1 1 0 
1 1 1 1 1 0 
1 0 0 1 0 0 
1 0 0 0 0 0 
0 0 0 1 0 1 
0 0 0 0 0 1 

JOBS [6] - [17, 10, 5, 0, 12, 1]
TOOL SWITCHES : 7
MAKESPAN : 38

- MACHINE [2]

0 0 0 0 0 1 0 1 0 
1 0 1 0 0 1 1 1 1 
0 0 1 0 1 0 1 0 0 
0 0 0 0 0 0 0 0 0 
1 0 1 1 0 0 1 1 0 
0 1 0 1 1 0 1 0 0 
1 1 0 0 1 0 0 0 1 
0 1 1 0 1 0 0 0 0 
0 0 0 0 0 0 0 0 0 
0 1 1 0 1 0 1 0 0 
0 0 0 0 0 0 1 1 0 
1 1 0 1 0 0 0 0 1 
0 0 0 0 0 0 0 0 1 
1 0 1 0 1 1 0 1 0 
0 0 1 1 0 0 1 0 0 
0 0 0 0 0 0 0 1 1 
0 0 0 0 0 0 0 0 0 
1 1 0 0 1 1 0 0 0 
0 0 0 1 0 1 0 0 0 
0 1 0 1 0 1 0 0 0 

JOBS [9] - [11, 18, 3, 14, 8, 2, 6, 16, 15]
TOOL SWITCHES : 4
MAKESPAN : 46

# -------------------------- #

--- TOTAL TOOL SWITCHES : 21
--- HIGHEST MAKESPAN : 46
--- TOTAL FLOWTIME : 352
--- RUNNING TIME : 4.4426

# -------------------------- #
RUN : 1 - instancias_txt/SSP-NPM-I/ins150_m=3_j=20_t=20_var=10.txt

- MACHINE [0]

0 0 0 0 0 0 
0 0 0 0 0 0 
1 0 0 0 0 0 
0 1 1 0 0 1 
0 0 0 0 0 1 
1 1 1 1 0 0 
0 0 0 1 1 0 
0 0 0 0 0 0 
0 0 1 1 1 1 
0 0 0 0 0 0 
1 0 0 0 1 1 
0 0 0 0 0 0 
1 1 0 1 0 0 
0 1 0 0 1 0 
0 0 0 0 0 0 
1 0 1 0 0 1 
1 1 0 0 0 0 
0 0 1 1 1 0 
0 0 0 1 0 1 
0 1 1 1 1 1 

JOBS [6] - [0, 18, 13, 7, 5, 6]
TOOL SWITCHES : 11
MAKESPAN : 49

- MACHINE [1]

1 0 0 0 1 0 1 
0 0 0 0 0 0 0 
1 0 1 0 0 0 0 
0 0 0 0 0 0 0 
0 0 0 0 0 0 0 
0 0 0 0 0 0 1 
0 0 0 0 0 0 0 
0 1 0 0 1 0 0 
0 0 0 0 0 0 1 
0 0 0 0 0 0 0 
0 1 1 1 0 1 0 
1 1 1 1 0 1 1 
0 0 0 0 0 1 1 
0 1 0 1 1 1 0 
1 1 0 0 1 0 0 
0 0 0 0 0 0 0 
1 0 0 0 1 1 1 
0 0 1 0 0 0 0 
0 0 1 1 0 0 0 
0 0 0 1 1 0 0 

JOBS [7] - [1, 15, 3, 14, 19, 4, 17]
TOOL SWITCHES : 4
MAKESPAN : 40

- MACHINE [2]

0 0 0 0 0 0 1 
1 0 1 0 0 1 1 
0 1 0 1 1 0 0 
0 1 1 1 0 0 1 
0 1 1 0 1 0 0 
0 1 0 1 0 1 0 
1 0 1 1 1 0 1 
1 0 0 0 0 0 0 
0 0 0 0 0 0 0 
0 1 0 1 0 0 1 
0 0 0 0 1 1 0 
0 0 0 0 1 1 0 
0 0 0 0 1 1 0 
0 0 0 0 0 0 0 
0 1 0 1 0 0 0 
1 1 0 0 0 1 0 
0 0 0 0 0 0 0 
1 0 1 0 0 1 0 
0 0 0 0 0 0 1 
1 0 1 0 0 0 1 

JOBS [7] - [11, 2, 16, 10, 8, 12, 9]
TOOL SWITCHES : 4
MAKESPAN : 40

# -------------------------- #

--- TOTAL TOOL SWITCHES : 19
--- HIGHEST MAKESPAN : 49
--- TOTAL FLOWTIME : 341
--- RUNNING TIME : 4.76779

# -------------------------- #
RUN : 1 - instancias_txt/SSP-NPM-I/ins151_m=3_j=20_t=20_var=11.txt

- MACHINE [0]

0 0 0 0 0 0 0 
1 1 1 1 0 0 0 
0 0 0 0 0 1 0 
0 0 0 0 0 0 0 
0 0 1 1 0 1 0 
0 0 0 0 0 0 1 
0 0 1 0 1 1 0 
1 0 0 1 1 1 1 
0 0 0 0 0 1 1 
0 0 0 0 1 1 0 
0 0 0 0 1 0 0 
1 0 0 0 0 0 0 
0 1 1 0 0 0 0 
0 1 0 0 0 0 1 
0 0 0 0 0 0 0 
0 0 0 0 1 0 1 
1 1 1 1 0 0 0 
0 0 0 1 1 0 0 
1 1 1 0 0 0 0 
1 1 1 0 0 0 0 

JOBS [7] - [4, 16, 9, 11, 2, 3, 13]
TOOL SWITCHES : 12
MAKESPAN : 46

- MACHINE [1]

0 0 0 0 0 1 1 
0 0 0 0 1 0 0 
0 0 0 1 0 1 0 
0 1 1 0 0 1 1 
1 0 0 1 0 1 0 
0 0 0 0 0 0 0 
0 1 1 1 0 0 0 
0 0 0 1 1 0 1 
0 0 0 0 0 0 1 
1 1 0 0 0 0 0 
0 1 1 0 1 0 0 
0 0 0 0 1 1 1 
0 0 0 0 0 0 0 
0 0 0 0 0 1 0 
0 0 1 1 0 1 0 
1 0 1 0 0 0 0 
0 0 0 0 0 0 0 
1 1 0 1 0 0 1 
1 0 1 0 1 0 0 
1 1 0 0 0 0 0 

JOBS [7] - [14, 5, 12, 0, 1, 15, 10]
TOOL SWITCHES : 7
MAKESPAN : 42

- MACHINE [2]

1 0 1 0 1 1 
0 0 1 0 0 0 
0 1 0 0 0 0 
0 1 0 1 0 0 
0 0 0 0 0 0 
0 0 0 0 0 0 
1 1 0 0 0 1 
1 0 1 1 1 0 
0 0 0 0 0 0 
1 0 1 0 0 1 
1 0 0 1 1 0 
0 0 0 0 0 0 
1 0 1 0 0 0 
0 1 0 1 1 0 
0 0 0 0 0 1 
0 0 0 1 1 0 
0 0 1 1 0 0 
0 0 0 0 0 0 
0 0 0 0 0 0 
0 1 0 1 0 1 

JOBS [6] - [7, 17, 18, 19, 6, 8]
TOOL SWITCHES : 1
MAKESPAN : 35

# -------------------------- #

--- TOTAL TOOL SWITCHES : 20
--- HIGHEST MAKESPAN : 46
--- TOTAL FLOWTIME : 342
--- RUNNING TIME : 3.72339

# -------------------------- #
RUN : 1 - instancias_txt/SSP-NPM-I/ins152_m=3_j=20_t=20_var=12.txt

- MACHINE [0]

1 0 0 0 0 0 
1 1 1 0 0 1 
0 0 0 0 0 0 
1 1 0 1 0 0 
0 0 1 0 0 0 
0 0 0 0 0 0 
0 0 0 1 1 0 
1 0 0 0 0 0 
0 1 1 0 0 0 
1 1 1 0 1 0 
0 0 0 0 1 0 
0 0 0 0 1 1 
1 1 0 1 0 0 
0 1 1 1 0 1 
0 1 0 0 0 0 
0 0 0 0 0 1 
0 0 0 1 1 0 
0 0 0 0 1 1 
0 0 0 0 1 1 
0 0 0 1 0 0 

JOBS [6] - [3, 2, 17, 8, 4, 14]
TOOL SWITCHES : 13
MAKESPAN : 42

- MACHINE [1]

0 0 1 1 1 0 0 
1 0 1 0 0 0 0 
1 0 0 0 0 0 0 
1 0 1 1 0 1 0 
0 0 1 0 1 0 1 
0 0 0 1 1 0 0 
0 0 0 0 0 0 0 
0 0 0 0 0 0 1 
1 1 1 0 0 1 1 
0 1 1 1 0 0 0 
0 0 0 0 0 0 0 
0 1 0 0 0 0 1 
0 0 0 0 1 1 0 
0 0 0 0 0 0 0 
0 0 0 0 0 1 0 
0 1 0 1 0 0 0 
1 1 0 0 1 1 0 
0 0 0 1 0 1 0 
0 0 0 0 0 0 1 
1 1 0 0 0 0 1 

JOBS [7] - [6, 18, 15, 1, 12, 0, 10]
TOOL SWITCHES : 8
MAKESPAN : 38

- MACHINE [2]

1 1 1 1 1 0 0 
0 1 0 0 0 1 1 
0 0 1 1 0 1 1 
0 0 0 0 0 0 1 
0 1 0 0 1 0 0 
0 0 0 0 0 0 0 
1 0 1 1 0 1 0 
0 1 0 0 1 0 0 
1 0 0 0 0 1 0 
0 0 0 0 0 0 0 
0 0 1 1 0 0 1 
0 0 0 0 0 0 0 
0 0 0 0 1 0 0 
1 1 0 0 0 0 0 
0 0 0 1 0 0 0 
0 1 1 1 1 0 1 
0 0 0 0 0 0 0 
0 0 0 0 0 1 1 
1 0 0 0 1 0 0 
0 0 1 0 0 1 1 

JOBS [7] - [9, 19, 11, 5, 13, 7, 16]
TOOL SWITCHES : 3
MAKESPAN : 34

# -------------------------- #

--- TOTAL TOOL SWITCHES : 24
--- HIGHEST MAKESPAN : 42
--- TOTAL FLOWTIME : 311
--- RUNNING TIME : 4.76034

# -------------------------- #
RUN : 1 - instancias_txt/SSP-NPM-I/ins153_m=3_j=20_t=20_var=13.txt

- MACHINE [0]

0 0 1 0 0 1 
1 0 0 0 0 1 
1 1 0 0 0 0 
1 1 1 1 0 0 
0 0 1 0 0 0 
1 1 0 0 0 0 
0 0 0 1 0 0 
0 1 0 0 0 0 
1 1 1 0 1 0 
0 1 0 1 1 0 
0 0 1 1 0 0 
0 0 0 0 1 1 
1 0 0 0 0 1 
1 1 1 1 0 0 
0 0 0 0 1 1 
0 0 0 0 1 0 
0 0 0 0 1 0 
0 0 0 0 0 0 
0 0 0 0 0 0 
0 0 0 1 0 1 

JOBS [6] - [15, 12, 2, 3, 0, 6]
TOOL SWITCHES : 14
MAKESPAN : 47

- MACHINE [1]

1 0 0 1 0 0 1 
0 0 0 0 1 1 1 
0 0 0 1 0 1 0 
0 1 1 0 1 0 0 
0 0 0 0 1 0 0 
1 0 0 1 0 0 0 
1 0 0 0 1 0 1 
0 1 1 1 1 1 0 
1 1 0 0 0 1 0 
0 1 0 0 0 0 0 
0 0 0 1 1 0 0 
0 0 0 0 0 0 0 
0 0 0 0 0 1 0 
0 0 1 1 0 0 0 
0 0 0 0 0 0 0 
0 0 0 0 0 1 1 
1 0 1 0 0 1 1 
1 0 0 0 0 0 0 
0 1 1 0 0 0 0 
0 0 0 0 0 0 0 

JOBS [7] - [9, 4, 16, 10, 1, 8, 5]
TOOL SWITCHES : 7
MAKESPAN : 41

- MACHINE [2]

0 0 0 0 0 0 0 
1 1 0 0 1 0 0 
0 1 0 0 0 0 0 
0 0 0 0 0 0 0 
0 0 1 0 1 1 0 
1 0 1 1 0 0 0 
0 0 0 0 0 0 0 
0 0 0 1 1 1 0 
0 0 0 0 0 0 1 
0 0 1 1 0 0 1 
0 0 1 0 1 0 0 
0 0 0 0 0 1 1 
0 1 0 0 0 1 0 
1 0 0 0 1 0 0 
0 0 0 0 0 0 0 
1 1 1 1 0 1 0 
0 0 0 0 0 0 1 
1 0 0 0 1 1 1 
1 1 0 1 0 0 0 
0 1 0 0 1 0 1 

JOBS [7] - [11, 19, 17, 14, 7, 18, 13]
TOOL SWITCHES : 3
MAKESPAN : 38

# -------------------------- #

--- TOTAL TOOL SWITCHES : 24
--- HIGHEST MAKESPAN : 47
--- TOTAL FLOWTIME : 381
--- RUNNING TIME : 5.36899

# -------------------------- #
RUN : 1 - instancias_txt/SSP-NPM-I/ins154_m=3_j=20_t=20_var=14.txt

- MACHINE [0]

0 0 0 0 1 0 
0 0 0 0 0 0 
0 0 0 1 1 0 
0 0 0 0 1 0 
0 0 1 0 0 1 
1 1 0 0 1 0 
0 0 0 0 0 1 
0 1 0 0 0 0 
1 0 0 0 0 1 
0 0 0 0 0 0 
0 0 0 1 0 0 
1 1 0 1 0 1 
1 0 1 0 0 0 
1 1 1 1 1 0 
0 0 1 1 0 0 
1 1 0 1 0 0 
0 0 0 0 0 1 
0 0 0 0 0 0 
0 0 0 0 0 0 
0 1 1 1 0 0 

JOBS [6] - [6, 19, 0, 15, 9, 14]
TOOL SWITCHES : 12
MAKESPAN : 38

- MACHINE [1]

0 0 0 0 0 0 
0 1 1 0 1 0 
0 0 0 0 0 0 
1 0 1 0 0 1 
1 1 1 1 0 1 
0 1 1 1 1 0 
0 0 0 1 1 0 
1 0 1 0 1 1 
0 0 0 1 0 0 
1 0 1 0 0 1 
0 0 0 0 0 0 
0 0 0 0 1 0 
0 0 0 0 1 1 
1 1 0 1 0 0 
0 0 0 0 0 0 
0 1 0 1 0 0 
0 0 0 0 0 0 
0 1 0 0 0 0 
0 0 1 0 0 0 
0 0 0 0 0 1 

JOBS [6] - [12, 3, 1, 5, 8, 11]
TOOL SWITCHES : 5
MAKESPAN : 42

- MACHINE [2]

0 0 0 0 0 0 1 1 
0 0 0 0 0 0 0 1 
1 1 0 0 0 1 1 0 
0 0 0 1 1 0 0 0 
0 0 0 0 0 0 0 1 
0 0 0 0 0 0 0 0 
0 0 0 0 1 0 1 0 
0 0 0 0 0 0 0 1 
0 0 1 0 0 0 1 1 
0 1 1 0 1 1 0 0 
1 0 1 0 1 1 0 1 
0 0 0 0 0 0 0 0 
1 1 0 1 1 1 0 0 
0 0 0 0 0 0 0 0 
0 1 0 0 0 0 0 0 
0 0 1 1 0 0 0 0 
0 1 1 0 0 0 1 0 
1 0 0 1 0 1 0 0 
0 1 0 1 0 1 0 0 
1 0 1 1 1 0 1 0 

JOBS [8] - [16, 4, 7, 17, 18, 10, 13, 2]
TOOL SWITCHES : 4
MAKESPAN : 43

# -------------------------- #

--- TOTAL TOOL SWITCHES : 21
--- HIGHEST MAKESPAN : 43
--- TOTAL FLOWTIME : 324
--- RUNNING TIME : 5.74157

# -------------------------- #
RUN : 1 - instancias_txt/SSP-NPM-I/ins155_m=3_j=20_t=20_var=15.txt

- MACHINE [0]

0 0 1 0 0 0 
1 0 0 1 0 0 
0 0 0 0 0 1 
1 1 1 0 0 0 
1 0 1 0 0 1 
0 1 1 1 0 0 
0 0 0 0 0 1 
0 0 0 0 1 0 
0 0 0 0 0 0 
1 1 1 0 0 1 
0 0 0 0 0 0 
0 0 0 0 0 1 
0 0 0 1 1 0 
1 0 1 1 0 0 
0 0 0 0 0 1 
0 0 1 1 0 0 
0 0 0 0 1 0 
1 1 0 1 1 0 
1 1 0 0 0 0 
0 0 0 0 1 0 

JOBS [6] - [1, 10, 14, 7, 16, 15]
TOOL SWITCHES : 14
MAKESPAN : 40

- MACHINE [1]

0 0 0 0 0 0 
0 1 0 0 0 0 
0 0 0 0 0 1 
1 1 0 1 0 0 
1 0 1 0 0 0 
0 0 0 0 0 0 
0 0 0 1 1 0 
0 0 0 0 0 0 
1 1 0 1 1 0 
1 0 1 0 0 1 
1 1 1 0 0 0 
0 1 0 0 1 0 
0 0 0 0 0 0 
1 0 0 0 0 1 
0 0 0 1 1 0 
0 0 1 1 0 1 
0 1 0 1 0 0 
0 0 0 1 1 1 
0 0 0 0 0 1 
0 1 1 0 0 0 

JOBS [6] - [8, 11, 17, 6, 13, 12]
TOOL SWITCHES : 6
MAKESPAN : 38

- MACHINE [2]

1 1 1 1 1 0 1 0 
1 1 0 1 0 0 0 0 
1 1 1 0 1 0 0 1 
0 1 0 1 1 0 1 0 
0 1 0 0 1 0 0 1 
1 0 0 1 0 1 0 0 
0 0 0 0 0 0 0 0 
0 0 0 0 0 1 0 1 
1 0 0 1 0 0 0 0 
0 0 0 0 0 0 0 0 
1 0 0 0 0 1 1 0 
0 0 0 0 0 0 0 0 
0 0 0 0 0 0 0 0 
0 0 0 0 0 0 0 0 
0 0 1 0 1 1 0 1 
0 0 1 0 0 1 0 1 
0 1 1 1 0 0 1 1 
0 0 1 0 1 1 0 0 
0 1 0 0 1 0 1 0 
0 0 0 0 0 1 1 1 

JOBS [8] - [9, 2, 19, 3, 5, 0, 4, 18]
TOOL SWITCHES : 2
MAKESPAN : 38

# -------------------------- #

--- TOTAL TOOL SWITCHES : 22
--- HIGHEST MAKESPAN : 40
--- TOTAL FLOWTIME : 325
--- RUNNING TIME : 4.42203

# -------------------------- #
RUN : 1 - instancias_txt/SSP-NPM-I/ins156_m=3_j=20_t=20_var=16.txt

- MACHINE [0]

0 1 1 0 1 
1 1 0 0 0 
0 0 1 0 0 
0 1 0 1 1 
0 0 0 0 0 
0 0 0 0 1 
1 1 0 0 1 
1 1 0 0 0 
0 0 0 0 0 
0 0 0 0 0 
1 0 0 0 1 
0 0 1 0 0 
0 0 1 1 0 
0 0 0 0 0 
0 1 0 1 0 
0 0 0 0 1 
0 0 0 1 0 
0 0 0 1 1 
1 0 0 0 0 
0 0 1 1 0 

JOBS [5] - [7, 2, 12, 6, 18]
TOOL SWITCHES : 11
MAKESPAN : 37

- MACHINE [1]

0 0 0 0 0 
0 1 0 1 0 
1 0 1 1 0 
0 0 0 0 1 
1 1 1 0 0 
1 0 0 0 0 
0 0 0 0 0 
0 0 0 0 0 
1 1 1 0 0 
1 0 0 0 1 
0 0 0 0 1 
0 0 0 1 1 
0 1 1 0 0 
0 0 0 0 0 
0 0 0 0 0 
0 1 1 1 1 
0 0 0 0 0 
0 0 0 1 0 
1 1 1 1 1 
0 0 0 0 0 

JOBS [5] - [10, 1, 9, 16, 3]
TOOL SWITCHES : 3
MAKESPAN : 36

- MACHINE [2]

1 0 0 0 0 1 1 0 0 1 
1 1 0 1 1 0 0 1 0 1 
0 0 0 0 0 0 0 0 0 0 
0 0 0 0 0 0 0 0 0 0 
0 0 0 1 1 0 1 0 0 0 
1 0 0 1 1 0 0 1 0 0 
0 0 0 1 0 1 0 0 1 0 
0 0 0 0 0 0 0 0 0 0 
0 0 0 1 1 1 0 0 0 0 
1 1 1 0 0 0 0 0 0 0 
1 1 0 0 0 0 0 1 1 1 
1 0 1 1 1 1 0 0 0 1 
0 0 0 0 0 0 0 1 1 0 
0 0 0 0 0 0 0 1 1 0 
0 1 1 0 0 0 0 0 1 0 
0 0 0 0 0 0 1 0 0 0 
0 0 0 0 0 1 1 0 1 0 
0 1 0 0 0 0 1 0 0 1 
0 1 1 0 0 1 0 0 1 0 
0 0 1 0 0 0 1 0 0 0 

JOBS [10] - [14, 17, 13, 0, 15, 5, 11, 19, 8, 4]
TOOL SWITCHES : 4
MAKESPAN : 44

# -------------------------- #

--- TOTAL TOOL SWITCHES : 18
--- HIGHEST MAKESPAN : 44
--- TOTAL FLOWTIME : 328
--- RUNNING TIME : 5.44995

# -------------------------- #
RUN : 1 - instancias_txt/SSP-NPM-I/ins157_m=3_j=20_t=20_var=17.txt

- MACHINE [0]

0 0 0 0 1 1 0 
0 0 0 0 0 1 1 
0 1 1 1 1 0 0 
0 0 0 0 0 0 0 
1 1 1 0 0 0 0 
1 1 0 0 1 0 1 
0 0 0 0 1 1 0 
1 1 1 0 0 0 0 
0 0 0 1 1 0 0 
1 1 0 0 0 0 0 
0 0 0 0 0 0 1 
0 0 0 0 0 0 0 
0 0 0 0 0 0 1 
0 0 1 1 0 1 0 
1 0 0 1 0 0 0 
0 0 0 0 0 0 0 
0 0 1 1 0 0 1 
1 1 0 1 1 1 1 
0 0 0 0 0 1 0 
0 0 0 0 0 0 0 

JOBS [7] - [11, 14, 17, 15, 7, 6, 1]
TOOL SWITCHES : 11
MAKESPAN : 39

- MACHINE [1]

0 0 0 0 0 1 0 
0 0 0 0 0 0 1 
1 0 1 0 0 0 0 
0 1 1 0 0 1 1 
1 1 0 1 0 0 0 
1 0 0 0 0 0 0 
1 0 0 0 1 1 0 
0 0 0 0 0 0 0 
1 0 0 0 1 1 0 
0 0 0 0 0 0 0 
1 0 1 1 0 1 1 
0 1 0 0 0 0 0 
0 0 1 1 0 0 0 
0 1 0 1 1 1 1 
0 0 1 0 0 0 0 
1 1 0 1 1 0 0 
0 0 0 0 0 0 1 
0 0 0 0 0 0 0 
0 0 0 1 1 0 1 
0 0 0 1 1 1 0 

JOBS [7] - [3, 0, 12, 5, 9, 18, 10]
TOOL SWITCHES : 7
MAKESPAN : 46

- MACHINE [2]

1 1 1 1 0 0 
0 0 0 0 0 0 
0 0 0 1 1 0 
1 0 1 0 0 1 
0 1 1 1 0 0 
0 1 0 0 1 0 
0 0 0 0 0 1 
0 1 0 0 1 0 
1 1 0 0 0 0 
0 0 0 0 1 1 
0 0 0 0 0 0 
0 0 0 0 0 0 
1 0 0 1 0 1 
0 0 0 0 0 1 
0 0 1 0 0 0 
1 1 1 0 1 0 
0 1 1 1 0 0 
1 0 0 0 0 0 
1 0 0 0 0 1 
0 0 0 1 1 0 

JOBS [6] - [2, 16, 8, 13, 19, 4]
TOOL SWITCHES : 4
MAKESPAN : 41

# -------------------------- #

--- TOTAL TOOL SWITCHES : 22
--- HIGHEST MAKESPAN : 46
--- TOTAL FLOWTIME : 352
--- RUNNING TIME : 5.05599

# -------------------------- #
RUN : 1 - instancias_txt/SSP-NPM-I/ins158_m=3_j=20_t=20_var=18.txt

- MACHINE [0]

0 0 1 0 1 1 
0 0 0 0 0 0 
0 0 0 0 0 0 
0 0 1 0 0 0 
0 0 0 1 0 0 
1 1 0 0 0 0 
0 0 0 0 0 1 
0 0 0 0 0 0 
1 1 0 0 0 0 
1 0 0 1 1 0 
0 0 0 0 0 1 
1 1 1 1 0 0 
0 0 0 1 0 1 
0 1 1 0 0 1 
0 0 0 0 0 0 
0 0 0 1 1 1 
0 0 1 0 0 0 
1 1 0 0 1 1 
1 1 1 0 0 0 
0 0 0 0 1 0 

JOBS [6] - [16, 5, 11, 17, 13, 15]
TOOL SWITCHES : 10
MAKESPAN : 38

- MACHINE [1]

1 1 0 1 0 1 
0 1 1 0 1 0 
1 0 0 0 0 0 
0 0 0 1 1 0 
0 1 0 0 0 0 
1 0 0 1 0 1 
0 0 0 0 0 0 
0 0 1 1 0 0 
0 0 0 0 1 1 
1 0 1 0 0 0 
0 0 0 1 1 0 
0 0 0 0 0 1 
1 1 1 0 0 0 
0 0 0 0 0 0 
0 0 1 1 0 0 
0 0 1 0 0 0 
0 0 0 0 0 0 
0 0 0 0 1 1 
1 0 0 0 1 0 
0 1 0 0 1 1 

JOBS [6] - [7, 8, 3, 1, 6, 14]
TOOL SWITCHES : 7
MAKESPAN : 37

- MACHINE [2]

0 1 0 1 0 0 0 0 
0 0 0 0 0 0 1 1 
0 0 1 1 0 0 0 0 
0 0 0 0 0 0 1 0 
0 0 0 0 0 0 0 0 
0 0 0 0 0 0 0 0 
0 0 1 0 1 1 0 1 
1 0 0 0 0 0 0 0 
0 0 1 0 0 1 1 1 
0 0 0 0 0 0 0 0 
1 1 0 1 1 1 0 0 
0 1 0 1 0 0 1 0 
1 0 0 0 0 0 1 0 
1 0 0 1 0 0 1 0 
1 1 1 0 0 0 0 0 
1 0 1 0 0 1 0 1 
0 0 0 0 1 1 0 1 
0 0 0 0 0 0 0 1 
0 1 0 1 1 1 0 1 
0 1 1 0 1 0 0 0 

JOBS [8] - [10, 9, 18, 2, 19, 0, 12, 4]
TOOL SWITCHES : 4
MAKESPAN : 44

# -------------------------- #

--- TOTAL TOOL SWITCHES : 21
--- HIGHEST MAKESPAN : 44
--- TOTAL FLOWTIME : 348
--- RUNNING TIME : 5.35168

# -------------------------- #
RUN : 1 - instancias_txt/SSP-NPM-I/ins159_m=3_j=20_t=20_var=19.txt

- MACHINE [0]

1 1 0 0 0 0 
0 0 0 0 1 1 
0 1 1 1 0 0 
1 0 1 1 0 0 
0 0 0 0 1 0 
0 0 0 0 0 1 
0 0 0 0 0 0 
0 0 0 0 0 0 
0 0 0 0 1 1 
0 0 0 0 0 0 
0 0 0 0 0 0 
0 0 0 1 0 0 
0 0 1 1 0 1 
0 0 0 0 0 0 
1 1 1 0 1 1 
1 1 0 1 1 1 
0 1 1 1 1 0 
0 0 0 0 0 0 
1 0 0 0 0 0 
0 1 1 0 0 0 

JOBS [6] - [1, 19, 7, 15, 2, 8]
TOOL SWITCHES : 7
MAKESPAN : 45

- MACHINE [1]

1 0 1 1 0 0 0 
0 0 0 0 0 0 0 
0 1 0 0 0 0 0 
0 0 0 0 0 1 1 
1 1 0 0 0 1 0 
1 1 0 0 0 0 0 
0 0 0 0 0 0 0 
0 0 0 1 0 0 1 
0 0 0 1 1 0 0 
0 0 0 0 1 0 1 
0 0 1 0 0 0 0 
0 0 1 0 1 1 0 
0 0 0 0 0 0 1 
0 1 1 0 1 0 0 
1 0 1 0 1 0 0 
0 0 0 0 0 1 0 
0 1 0 1 1 0 1 
0 0 1 1 0 1 1 
1 1 0 1 0 0 0 
0 0 0 0 1 0 1 

JOBS [7] - [10, 9, 5, 14, 3, 17, 6]
TOOL SWITCHES : 8
MAKESPAN : 37

- MACHINE [2]

1 1 0 0 0 1 1 
0 1 0 1 0 0 0 
0 0 1 1 0 1 0 
0 1 1 0 0 0 1 
0 0 0 0 0 0 1 
1 0 1 0 0 0 0 
0 1 0 1 0 0 1 
0 0 1 1 0 1 0 
0 1 1 0 1 0 0 
0 0 0 0 1 0 0 
1 0 0 0 0 1 0 
1 1 0 0 0 0 0 
1 0 1 1 1 0 0 
0 0 0 0 0 1 1 
1 0 0 0 1 0 0 
0 0 0 0 0 0 0 
0 0 0 0 1 1 0 
1 0 0 1 0 0 0 
0 0 0 0 0 0 0 
0 0 0 1 1 0 1 

JOBS [7] - [0, 16, 4, 12, 11, 13, 18]
TOOL SWITCHES : 5
MAKESPAN : 35

# -------------------------- #

--- TOTAL TOOL SWITCHES : 20
--- HIGHEST MAKESPAN : 45
--- TOTAL FLOWTIME : 362
--- RUNNING TIME : 5.07368

# -------------------------- #
RUN : 1 - instancias_txt/SSP-NPM-I/ins160_m=3_j=20_t=20_var=20.txt

- MACHINE [0]

0 0 0 1 0 0 
1 1 1 1 1 1 
0 1 0 1 1 1 
0 1 1 1 0 0 
0 0 0 0 0 0 
0 0 0 0 0 0 
0 0 0 0 0 0 
1 1 1 0 0 1 
0 0 0 0 1 0 
0 0 0 0 0 0 
0 0 0 0 0 0 
1 1 0 0 0 0 
0 0 0 0 0 0 
0 0 0 0 0 1 
0 0 0 0 1 0 
1 1 1 0 0 0 
0 0 1 1 1 1 
1 0 1 0 0 0 
1 0 0 0 1 0 
0 0 0 0 0 0 

JOBS [6] - [4, 16, 17, 14, 5, 13]
TOOL SWITCHES : 7
MAKESPAN : 40

- MACHINE [1]

0 0 0 0 0 0 0 0 
0 0 0 0 0 1 1 1 
0 0 0 0 0 0 0 0 
0 1 0 1 1 0 0 0 
1 1 1 0 0 0 0 0 
0 0 0 0 0 0 0 0 
0 1 1 1 0 0 0 0 
1 0 0 0 0 0 0 1 
1 1 0 0 0 1 0 1 
0 0 0 1 1 0 0 0 
1 1 1 0 0 0 0 1 
0 0 0 0 0 1 0 1 
0 0 0 0 1 1 1 1 
0 1 0 0 0 0 0 0 
0 0 1 0 1 1 0 0 
0 0 0 0 0 0 0 0 
0 0 0 1 1 1 1 0 
0 0 0 0 0 0 1 0 
0 0 1 0 1 0 0 0 
1 0 0 1 0 0 1 0 

JOBS [8] - [19, 0, 9, 1, 10, 3, 18, 7]
TOOL SWITCHES : 6
MAKESPAN : 45

- MACHINE [2]

0 1 0 0 0 1 
0 0 0 0 0 0 
0 1 1 1 0 0 
0 0 0 0 0 0 
1 0 1 1 0 1 
0 0 1 0 1 1 
1 0 0 0 0 1 
1 1 1 1 0 0 
0 0 0 0 0 0 
0 1 0 1 0 1 
0 0 0 0 0 1 
0 0 0 0 0 0 
1 0 0 0 1 0 
0 0 0 1 1 0 
0 0 0 0 0 0 
0 1 0 1 0 0 
1 0 1 0 0 0 
0 0 0 0 1 0 
0 1 0 0 0 0 
1 0 1 0 1 1 

JOBS [6] - [6, 15, 2, 12, 11, 8]
TOOL SWITCHES : 2
MAKESPAN : 37

# -------------------------- #

--- TOTAL TOOL SWITCHES : 15
--- HIGHEST MAKESPAN : 45
--- TOTAL FLOWTIME : 369
--- RUNNING TIME : 5.15611

# -------------------------- #


avg : 353.6
