RUN : 1 - instancias_txt/SSP-NPM-I/ins101_m=3_j=20_t=15_var=1.txt

- MACHINE [0]

0 
1 
1 
1 
0 
1 
0 
1 
0 
0 
1 
0 
0 
1 
0 

JOBS [1] - [5]
TOOL SWITCHES : 0
MAKESPAN : 4

- MACHINE [1]

0 1 
1 0 
0 0 
1 1 
1 1 
0 0 
0 0 
0 1 
0 1 
1 0 
0 0 
1 0 
0 1 
0 0 
1 0 

JOBS [2] - [13, 0]
TOOL SWITCHES : 0
MAKESPAN : 10

- MACHINE [2]

1 0 1 0 0 0 0 1 0 0 1 1 0 1 1 1 0 
0 0 0 0 0 0 0 0 0 0 1 1 0 0 1 0 0 
1 0 0 0 1 1 1 0 0 0 1 0 0 1 0 1 0 
0 0 1 1 1 1 0 0 0 0 0 0 0 0 0 0 0 
1 1 0 1 0 0 1 0 0 0 0 0 1 1 1 1 1 
0 0 0 1 0 0 1 1 1 1 1 0 0 1 0 0 0 
0 0 1 0 1 0 0 1 1 1 0 0 1 0 0 0 0 
1 1 0 1 0 1 1 0 0 0 1 1 1 0 1 0 0 
1 1 0 0 0 1 0 0 0 1 0 1 1 0 1 0 1 
0 0 0 1 1 0 0 1 0 0 1 0 1 1 0 0 0 
0 0 0 0 0 0 0 1 0 0 0 1 0 0 0 1 1 
0 1 0 0 0 1 0 1 1 0 0 0 0 0 0 0 0 
0 1 1 0 1 0 0 0 1 1 0 0 0 0 0 0 1 
0 0 1 0 0 0 1 0 1 1 0 1 0 0 0 1 1 
0 0 0 1 0 0 1 0 1 0 0 0 1 0 1 0 1 

JOBS [17] - [7, 6, 4, 1, 14, 15, 18, 12, 17, 8, 10, 11, 2, 19, 3, 16, 9]
TOOL SWITCHES : 2
MAKESPAN : 119

# -------------------------- #

--- TOTAL TOOL SWITCHES : 2
--- HIGHEST MAKESPAN : 119
--- TOTAL FLOWTIME : 1049
--- RUNNING TIME : 6.20528

# -------------------------- #
RUN : 1 - instancias_txt/SSP-NPM-I/ins102_m=3_j=20_t=15_var=2.txt

- MACHINE [0]

















JOBS [0] - []
TOOL SWITCHES : 0
MAKESPAN : 0

- MACHINE [1]

0 0 
0 0 
1 1 
0 1 
0 0 
1 0 
1 0 
0 0 
1 1 
0 0 
1 0 
0 1 
0 0 
1 0 
0 1 

JOBS [2] - [5, 1]
TOOL SWITCHES : 0
MAKESPAN : 11

- MACHINE [2]

1 0 0 0 1 0 1 0 1 1 0 1 1 1 1 0 1 0 
1 1 0 1 1 0 0 0 1 0 0 1 0 0 0 1 0 1 
0 0 1 0 1 1 0 0 0 0 1 0 0 0 0 1 0 1 
0 0 0 0 1 1 1 1 0 0 0 0 0 0 0 0 0 0 
1 1 1 0 0 1 1 0 0 1 1 0 1 0 0 0 1 0 
0 0 0 1 0 0 0 1 0 1 0 1 0 0 1 0 0 0 
0 1 1 0 1 1 1 1 1 0 1 0 1 0 1 0 1 0 
1 0 0 0 1 0 1 0 1 0 0 0 0 0 0 0 1 1 
0 1 0 1 0 0 1 1 0 0 1 0 1 0 1 1 0 0 
0 1 1 0 0 1 0 0 0 0 0 0 0 1 1 1 1 1 
0 0 1 1 0 0 0 0 0 0 1 0 1 1 1 0 0 0 
1 0 0 1 1 0 0 1 1 1 0 1 0 0 1 0 1 0 
0 0 0 0 0 0 0 0 1 1 0 1 1 1 0 0 0 1 
1 0 0 0 0 1 0 1 0 0 1 1 0 1 0 1 0 0 
1 1 1 0 0 0 0 0 0 0 0 0 0 0 0 0 0 0 

JOBS [18] - [16, 6, 7, 8, 15, 4, 14, 0, 19, 18, 2, 9, 12, 10, 17, 13, 11, 3]
TOOL SWITCHES : 2
MAKESPAN : 79

# -------------------------- #

--- TOTAL TOOL SWITCHES : 2
--- HIGHEST MAKESPAN : 79
--- TOTAL FLOWTIME : 782
--- RUNNING TIME : 6.89218

# -------------------------- #
RUN : 1 - instancias_txt/SSP-NPM-I/ins103_m=3_j=20_t=15_var=3.txt

- MACHINE [0]

0 
1 
1 
0 
0 
0 
1 
1 
1 
0 
0 
0 
0 
1 
1 

JOBS [1] - [17]
TOOL SWITCHES : 0
MAKESPAN : 9

- MACHINE [1]

0 0 
1 1 
1 1 
0 0 
0 0 
1 0 
0 1 
1 0 
1 1 
0 0 
0 0 
0 0 
1 1 
0 1 
0 0 

JOBS [2] - [12, 7]
TOOL SWITCHES : 0
MAKESPAN : 12

- MACHINE [2]

0 0 1 1 1 1 0 0 0 1 0 0 0 0 1 0 1 
0 0 0 1 0 1 0 0 0 0 1 0 0 1 1 1 0 
0 1 0 1 1 0 0 1 0 0 0 0 0 0 0 0 0 
1 1 1 1 0 0 0 0 1 1 0 0 0 0 0 1 0 
1 1 1 0 0 0 1 1 1 0 1 0 0 0 1 0 1 
1 0 1 0 1 0 1 0 0 0 0 0 0 0 0 0 0 
1 0 0 0 0 1 1 0 0 1 0 1 0 1 1 0 0 
1 0 0 0 1 1 0 1 1 0 1 0 1 0 0 0 0 
0 0 0 1 1 1 0 1 0 0 1 1 1 1 0 0 1 
0 1 1 1 0 0 0 1 0 0 1 1 1 0 0 0 0 
1 0 0 0 1 1 1 0 1 1 1 1 1 0 1 0 0 
1 1 1 0 0 1 1 0 0 0 0 0 1 1 1 1 1 
0 0 0 0 0 0 0 1 0 1 0 0 1 0 0 1 1 
0 0 0 0 0 0 0 0 0 1 1 1 1 1 1 0 0 
0 1 1 0 0 0 1 1 1 0 0 1 0 0 0 1 1 

JOBS [17] - [11, 5, 9, 4, 0, 18, 15, 16, 3, 19, 13, 14, 10, 2, 6, 8, 1]
TOOL SWITCHES : 2
MAKESPAN : 119

# -------------------------- #

--- TOTAL TOOL SWITCHES : 2
--- HIGHEST MAKESPAN : 119
--- TOTAL FLOWTIME : 1104
--- RUNNING TIME : 6.16397

# -------------------------- #
RUN : 1 - instancias_txt/SSP-NPM-I/ins104_m=3_j=20_t=15_var=4.txt

- MACHINE [0]

1 1 
1 0 
1 1 
0 0 
0 1 
1 0 
0 0 
0 0 
1 1 
0 0 
0 1 
0 0 
0 0 
0 0 
0 0 

JOBS [2] - [6, 19]
TOOL SWITCHES : 0
MAKESPAN : 11

- MACHINE [1]

0 0 0 
1 1 0 
0 0 1 
0 1 1 
1 0 0 
0 1 1 
1 1 0 
0 0 0 
1 1 1 
0 0 0 
0 0 1 
0 0 0 
1 0 0 
1 1 1 
0 0 0 

JOBS [3] - [14, 3, 9]
TOOL SWITCHES : 0
MAKESPAN : 10

- MACHINE [2]

1 1 1 1 1 0 0 1 1 0 0 1 1 1 0 
0 0 0 0 1 0 1 0 0 1 0 1 1 1 1 
1 1 0 1 0 1 0 0 0 0 0 0 0 0 0 
0 0 0 0 0 0 0 0 1 1 1 1 0 0 1 
0 0 1 1 1 1 1 0 0 0 1 0 0 0 0 
0 1 1 1 0 1 1 0 0 0 0 0 1 0 1 
0 1 1 1 0 1 0 0 1 0 0 0 1 0 0 
1 0 0 1 0 0 1 1 0 1 0 0 0 0 1 
0 0 0 0 1 0 0 0 0 0 0 0 0 0 0 
1 1 1 0 1 1 0 0 1 1 1 0 0 1 1 
0 0 0 0 0 0 1 1 0 1 1 1 0 0 1 
1 1 1 0 0 1 0 1 1 0 1 0 1 0 0 
0 0 0 0 0 0 1 0 1 0 1 0 0 1 0 
1 0 0 1 1 1 0 0 0 0 0 1 0 1 0 
0 0 0 0 1 0 0 1 0 1 0 1 1 1 0 

JOBS [15] - [2, 8, 4, 0, 7, 18, 13, 5, 15, 16, 10, 17, 1, 12, 11]
TOOL SWITCHES : 2
MAKESPAN : 92

# -------------------------- #

--- TOTAL TOOL SWITCHES : 2
--- HIGHEST MAKESPAN : 92
--- TOTAL FLOWTIME : 731
--- RUNNING TIME : 7.12702

# -------------------------- #
RUN : 1 - instancias_txt/SSP-NPM-I/ins105_m=3_j=20_t=15_var=5.txt

- MACHINE [0]

















JOBS [0] - []
TOOL SWITCHES : 0
MAKESPAN : 0

- MACHINE [1]

0 1 
0 0 
1 0 
0 0 
1 0 
1 1 
0 0 
1 1 
0 0 
0 0 
1 1 
0 0 
1 1 
0 1 
0 0 

JOBS [2] - [10, 14]
TOOL SWITCHES : 0
MAKESPAN : 6

- MACHINE [2]

0 0 1 0 1 0 0 0 1 0 0 1 1 1 0 1 1 1 
1 0 0 1 1 1 1 0 1 1 0 1 0 1 1 0 0 1 
0 0 0 0 0 0 0 0 0 1 0 1 0 0 0 0 1 1 
0 0 1 1 1 0 1 0 0 1 1 0 0 0 0 0 1 0 
1 0 0 0 0 1 0 1 0 0 0 0 1 0 1 1 1 0 
0 0 1 0 0 0 0 0 0 1 0 1 0 1 1 0 1 0 
1 1 1 1 0 0 1 1 1 0 1 1 1 0 1 0 0 0 
1 1 0 1 0 1 0 0 1 0 0 0 0 0 0 0 0 0 
0 1 0 0 1 1 0 0 0 0 0 0 0 0 1 0 0 1 
0 0 1 0 1 1 1 1 0 1 1 0 1 0 1 0 0 0 
0 0 0 0 0 0 0 1 1 1 1 1 0 1 0 1 0 1 
0 1 0 1 0 0 0 0 1 0 1 0 1 0 1 1 1 0 
1 0 0 0 1 1 1 0 0 0 0 0 0 0 0 0 0 0 
1 1 0 1 1 0 0 1 0 1 1 1 0 1 0 1 0 1 
1 0 0 1 0 0 0 1 0 0 0 0 1 1 0 1 0 0 

JOBS [18] - [2, 16, 13, 19, 17, 1, 12, 18, 3, 8, 11, 4, 7, 5, 6, 15, 0, 9]
TOOL SWITCHES : 2
MAKESPAN : 110

# -------------------------- #

--- TOTAL TOOL SWITCHES : 2
--- HIGHEST MAKESPAN : 110
--- TOTAL FLOWTIME : 1153
--- RUNNING TIME : 7.20593

# -------------------------- #
RUN : 1 - instancias_txt/SSP-NPM-I/ins106_m=3_j=20_t=15_var=6.txt

- MACHINE [0]

0 
1 
1 
0 
0 
1 
0 
0 
1 
1 
0 
1 
0 
1 
0 

JOBS [1] - [10]
TOOL SWITCHES : 0
MAKESPAN : 10

- MACHINE [1]

1 0 1 0 1 
0 1 0 0 0 
0 0 0 0 0 
1 1 0 1 0 
1 1 1 0 0 
1 0 1 1 1 
0 0 1 0 1 
0 0 0 0 0 
1 1 1 0 1 
0 0 0 0 0 
0 0 0 0 0 
1 1 1 1 0 
1 0 0 1 1 
0 0 1 1 0 
0 0 0 0 0 

JOBS [5] - [1, 14, 18, 16, 15]
TOOL SWITCHES : 0
MAKESPAN : 26

- MACHINE [2]

0 1 0 0 0 0 1 0 0 0 1 1 0 1 
1 0 0 0 1 0 1 0 0 1 0 1 0 1 
0 0 0 0 1 0 1 0 1 0 1 0 1 1 
1 0 0 1 1 1 0 1 0 1 1 0 0 0 
1 1 1 0 0 0 0 0 0 0 0 0 0 0 
0 1 0 0 0 0 1 1 0 0 0 0 0 1 
0 0 1 1 0 0 0 0 1 0 0 0 1 0 
0 0 1 1 0 1 0 0 1 0 0 1 0 0 
0 0 0 0 0 0 0 0 0 0 0 0 0 0 
1 0 0 1 1 0 1 1 1 1 0 0 1 1 
1 1 1 1 0 0 0 0 0 1 1 0 0 1 
0 0 1 1 0 0 1 1 0 0 1 1 0 0 
0 1 1 0 1 1 0 1 1 1 0 1 1 1 
0 0 0 0 0 1 0 0 0 1 0 1 1 0 
0 1 1 0 1 1 0 1 1 1 1 0 0 0 

JOBS [14] - [11, 9, 19, 13, 17, 3, 2, 7, 6, 4, 0, 8, 5, 12]
TOOL SWITCHES : 1
MAKESPAN : 92

# -------------------------- #

--- TOTAL TOOL SWITCHES : 1
--- HIGHEST MAKESPAN : 92
--- TOTAL FLOWTIME : 732
--- RUNNING TIME : 4.91888

# -------------------------- #
RUN : 1 - instancias_txt/SSP-NPM-I/ins107_m=3_j=20_t=15_var=7.txt

- MACHINE [0]

0 
1 
1 
1 
0 
0 
0 
0 
0 
0 
1 
0 
1 
1 
0 

JOBS [1] - [16]
TOOL SWITCHES : 0
MAKESPAN : 7

- MACHINE [1]

0 0 0 
0 0 1 
0 1 0 
0 0 0 
0 1 1 
0 1 0 
0 0 0 
0 0 1 
0 0 0 
1 1 0 
0 0 0 
1 0 0 
1 0 1 
1 1 1 
1 0 0 

JOBS [3] - [17, 11, 6]
TOOL SWITCHES : 0
MAKESPAN : 14

- MACHINE [2]

0 0 1 0 0 0 1 0 1 1 1 1 0 0 0 1 
0 0 0 0 1 0 1 0 1 0 1 1 1 0 1 1 
1 1 0 0 0 0 1 1 0 0 1 1 1 1 0 0 
1 0 0 1 1 0 0 1 0 0 1 1 0 1 0 0 
0 0 1 1 0 0 0 1 1 0 0 0 0 0 1 1 
0 1 0 0 1 1 0 0 0 1 0 1 0 1 1 1 
0 1 1 0 1 1 0 0 1 1 0 0 0 0 1 1 
0 0 0 1 0 0 1 1 1 0 0 0 1 1 1 0 
1 0 1 1 1 0 0 0 0 0 0 0 1 1 1 0 
1 1 1 1 0 0 0 0 0 0 0 0 0 0 0 0 
0 0 1 1 1 1 1 0 0 1 0 0 0 1 0 1 
1 1 0 0 0 0 1 1 1 1 0 0 1 0 0 0 
1 0 0 0 0 1 0 1 0 1 1 0 0 0 0 0 
0 0 0 0 0 0 0 0 0 0 0 0 0 0 0 0 
1 1 0 0 1 1 0 1 0 0 0 1 0 0 0 1 

JOBS [16] - [7, 2, 3, 5, 12, 14, 8, 0, 18, 4, 19, 13, 1, 9, 15, 10]
TOOL SWITCHES : 1
MAKESPAN : 110

# -------------------------- #

--- TOTAL TOOL SWITCHES : 1
--- HIGHEST MAKESPAN : 110
--- TOTAL FLOWTIME : 920
--- RUNNING TIME : 6.72134

# -------------------------- #
RUN : 1 - instancias_txt/SSP-NPM-I/ins108_m=3_j=20_t=15_var=8.txt

- MACHINE [0]

1 
0 
1 
0 
0 
1 
0 
0 
0 
0 
1 
1 
0 
1 
0 

JOBS [1] - [10]
TOOL SWITCHES : 0
MAKESPAN : 3

- MACHINE [1]

0 0 0 
0 0 0 
1 0 0 
1 1 1 
1 0 0 
0 0 0 
0 0 0 
1 1 1 
0 1 0 
0 1 1 
1 0 1 
0 1 0 
1 1 1 
0 0 1 
0 0 0 

JOBS [3] - [9, 19, 8]
TOOL SWITCHES : 0
MAKESPAN : 11

- MACHINE [2]

1 0 1 0 1 0 0 0 1 0 0 1 0 0 1 1 
1 0 0 0 0 0 0 1 0 0 0 0 1 1 1 0 
0 1 1 0 0 1 0 1 0 1 0 1 0 0 1 0 
0 0 0 1 0 0 1 0 1 0 1 0 1 1 0 1 
1 1 0 0 1 1 1 0 0 1 0 0 0 0 0 0 
0 1 0 1 1 1 1 1 0 0 0 1 0 0 1 0 
0 0 0 0 0 0 1 1 1 0 1 0 1 0 0 1 
0 0 0 0 1 1 0 0 0 0 0 0 0 0 0 0 
0 1 1 1 0 1 0 0 1 1 0 0 0 1 0 0 
0 0 1 0 1 0 0 0 1 1 1 0 1 0 0 0 
1 0 0 0 0 0 0 0 1 1 0 1 0 1 0 0 
1 1 1 1 1 0 1 1 0 0 0 1 1 0 0 0 
1 0 0 1 0 1 0 0 0 0 1 1 0 1 1 0 
0 0 0 0 0 0 0 0 0 0 0 0 1 1 0 1 
1 0 1 0 1 1 0 1 0 0 1 0 1 1 0 1 

JOBS [16] - [14, 0, 13, 5, 11, 2, 15, 4, 18, 17, 1, 6, 3, 7, 16, 12]
TOOL SWITCHES : 2
MAKESPAN : 84

# -------------------------- #

--- TOTAL TOOL SWITCHES : 2
--- HIGHEST MAKESPAN : 84
--- TOTAL FLOWTIME : 598
--- RUNNING TIME : 6.43269

# -------------------------- #
RUN : 1 - instancias_txt/SSP-NPM-I/ins109_m=3_j=20_t=15_var=9.txt

- MACHINE [0]

1 
0 
0 
1 
0 
0 
1 
1 
0 
0 
0 
0 
0 
1 
1 

JOBS [1] - [0]
TOOL SWITCHES : 0
MAKESPAN : 5

- MACHINE [1]

0 
0 
1 
0 
1 
0 
0 
0 
1 
0 
1 
1 
1 
0 
0 

JOBS [1] - [1]
TOOL SWITCHES : 0
MAKESPAN : 6

- MACHINE [2]

1 0 0 1 1 0 1 0 0 0 0 0 0 1 1 0 1 0 
1 1 1 1 1 0 1 0 0 1 0 1 0 1 0 0 0 0 
0 1 1 0 0 0 1 1 0 0 0 0 0 1 0 1 1 1 
0 1 1 1 0 1 0 1 0 0 0 0 0 0 0 0 0 0 
1 0 0 1 1 1 0 0 0 1 0 0 1 1 0 0 1 0 
1 1 1 0 1 1 0 0 1 0 0 0 1 0 1 0 0 1 
0 0 0 0 0 0 0 0 1 1 0 0 1 1 1 1 0 0 
0 0 0 0 0 0 0 0 0 0 1 1 0 0 0 1 0 1 
0 0 1 1 0 1 0 0 1 0 1 0 0 0 0 1 0 1 
0 0 0 0 0 1 0 1 0 1 1 1 0 1 1 0 0 0 
0 0 0 1 0 1 0 0 0 0 1 0 1 0 0 0 1 0 
0 1 0 0 0 0 1 1 0 0 1 0 0 0 1 1 0 1 
1 0 0 0 0 0 1 1 0 1 0 0 0 0 0 0 0 0 
0 1 0 0 1 0 1 1 1 1 1 1 0 0 1 0 1 0 
1 1 0 0 0 0 1 1 1 0 1 1 1 1 0 1 1 0 

JOBS [18] - [10, 15, 7, 16, 2, 9, 13, 17, 5, 18, 11, 3, 6, 8, 19, 4, 14, 12]
TOOL SWITCHES : 2
MAKESPAN : 99

# -------------------------- #

--- TOTAL TOOL SWITCHES : 2
--- HIGHEST MAKESPAN : 99
--- TOTAL FLOWTIME : 967
--- RUNNING TIME : 7.0349

# -------------------------- #
RUN : 1 - instancias_txt/SSP-NPM-I/ins110_m=3_j=20_t=15_var=10.txt

- MACHINE [0]

0 
0 
0 
0 
0 
1 
0 
0 
1 
0 
0 
1 
1 
1 
1 

JOBS [1] - [12]
TOOL SWITCHES : 0
MAKESPAN : 3

- MACHINE [1]

0 
0 
1 
0 
0 
1 
1 
0 
0 
1 
1 
1 
0 
0 
0 

JOBS [1] - [7]
TOOL SWITCHES : 0
MAKESPAN : 10

- MACHINE [2]

0 0 1 0 1 1 1 1 0 0 0 1 0 0 1 0 0 0 
0 1 0 0 0 0 0 1 1 0 1 1 1 0 1 1 1 0 
0 1 0 1 0 0 0 0 1 0 0 1 1 1 0 1 1 1 
1 0 1 0 0 1 0 1 0 1 1 0 0 0 1 0 1 0 
1 0 1 1 0 0 1 0 1 0 0 0 0 0 0 0 0 0 
0 0 0 1 0 1 1 0 0 0 0 0 1 1 1 0 0 0 
1 0 1 0 1 1 0 0 0 1 0 0 0 1 0 1 1 0 
1 1 0 0 1 0 0 0 1 0 1 1 0 1 1 0 0 1 
0 1 0 1 0 1 1 1 0 0 1 1 1 1 1 1 0 1 
0 1 0 0 1 0 1 0 1 1 0 0 0 0 0 0 0 1 
1 0 0 1 1 1 0 0 0 0 0 0 0 0 0 0 0 0 
0 0 0 0 0 0 0 0 0 1 0 1 1 0 1 1 0 0 
0 0 0 0 0 0 1 0 0 0 1 0 0 1 0 1 0 0 
0 1 1 0 0 0 0 1 1 0 0 0 0 0 0 1 1 0 
1 0 1 1 1 0 1 1 0 1 0 0 0 1 0 0 0 1 

JOBS [18] - [14, 8, 19, 13, 10, 16, 9, 1, 5, 2, 18, 15, 17, 11, 4, 6, 3, 0]
TOOL SWITCHES : 2
MAKESPAN : 83

# -------------------------- #

--- TOTAL TOOL SWITCHES : 2
--- HIGHEST MAKESPAN : 83
--- TOTAL FLOWTIME : 732
--- RUNNING TIME : 7.64375

# -------------------------- #
RUN : 1 - instancias_txt/SSP-NPM-I/ins111_m=3_j=20_t=15_var=11.txt

- MACHINE [0]

1 
0 
1 
1 
1 
0 
0 
0 
1 
1 
0 
0 
0 
0 
1 

JOBS [1] - [2]
TOOL SWITCHES : 0
MAKESPAN : 1

- MACHINE [1]

0 0 1 
1 0 1 
0 0 0 
1 1 1 
0 0 0 
1 0 0 
0 0 0 
0 1 1 
0 1 0 
1 1 1 
0 0 0 
0 1 0 
1 0 1 
0 0 0 
1 0 0 

JOBS [3] - [13, 1, 15]
TOOL SWITCHES : 0
MAKESPAN : 17

- MACHINE [2]

0 0 1 1 0 0 0 0 0 0 1 0 0 1 0 1 
0 1 1 0 0 0 1 0 0 0 0 1 1 0 1 1 
0 0 0 0 0 0 0 0 0 0 0 1 1 1 1 0 
0 0 0 0 0 0 0 0 0 0 0 0 0 0 0 0 
0 1 1 0 0 0 1 1 1 1 0 0 0 1 0 1 
1 1 0 1 0 1 0 0 0 1 1 0 1 0 1 0 
0 1 0 1 0 0 1 0 1 0 1 1 1 1 0 0 
1 0 0 0 0 0 1 1 0 0 0 0 0 0 1 0 
1 0 0 1 1 1 1 1 1 0 0 0 0 0 0 1 
0 1 1 0 0 1 0 0 0 1 1 1 0 0 1 1 
1 0 0 0 0 1 0 0 1 1 0 1 1 1 0 0 
1 0 0 0 0 1 1 1 0 1 1 1 1 0 0 1 
1 1 1 1 1 0 0 0 0 0 1 1 1 1 1 0 
0 1 0 1 0 1 0 1 1 1 0 0 0 0 0 0 
0 0 1 0 1 0 0 1 1 1 0 0 0 0 0 1 

JOBS [16] - [6, 9, 3, 7, 17, 8, 19, 14, 18, 4, 5, 12, 16, 0, 11, 10]
TOOL SWITCHES : 1
MAKESPAN : 84

# -------------------------- #

--- TOTAL TOOL SWITCHES : 1
--- HIGHEST MAKESPAN : 84
--- TOTAL FLOWTIME : 712
--- RUNNING TIME : 4.19197

# -------------------------- #
RUN : 1 - instancias_txt/SSP-NPM-I/ins112_m=3_j=20_t=15_var=12.txt

- MACHINE [0]

0 
0 
0 
1 
0 
1 
1 
0 
0 
1 
0 
0 
0 
1 
1 

JOBS [1] - [8]
TOOL SWITCHES : 0
MAKESPAN : 5

- MACHINE [1]

0 1 
1 1 
0 1 
0 0 
0 0 
0 0 
0 0 
1 0 
0 1 
1 1 
1 0 
1 0 
1 0 
1 1 
0 0 

JOBS [2] - [9, 3]
TOOL SWITCHES : 0
MAKESPAN : 8

- MACHINE [2]

0 0 1 0 0 0 1 1 0 1 1 1 1 0 1 0 0 
1 0 0 1 0 1 0 0 0 1 1 0 0 0 0 0 1 
0 0 1 0 0 1 0 1 0 0 1 0 1 1 0 0 0 
1 1 1 1 0 1 1 1 0 0 0 0 0 0 0 0 0 
1 0 1 0 0 0 1 0 0 0 1 1 0 0 0 1 1 
0 1 0 1 1 0 0 0 1 0 1 1 0 1 1 0 0 
1 0 0 0 1 1 0 1 1 1 0 0 0 0 0 1 1 
0 0 0 0 0 0 0 0 1 1 0 0 0 1 0 1 0 
0 0 0 0 0 1 0 0 0 0 0 0 1 0 1 1 1 
0 1 1 0 0 0 0 0 0 0 0 1 1 1 0 1 0 
0 1 0 0 1 1 1 1 0 1 0 0 1 1 0 0 1 
1 0 0 1 0 0 0 0 0 1 1 1 0 1 0 1 0 
0 0 1 1 1 0 1 0 1 0 0 0 1 0 1 1 0 
1 1 0 1 0 0 0 0 0 0 0 0 0 0 0 0 0 
0 1 0 1 1 1 0 1 1 0 0 1 0 1 1 0 1 

JOBS [17] - [7, 19, 12, 10, 16, 1, 17, 6, 2, 5, 0, 4, 11, 15, 13, 14, 18]
TOOL SWITCHES : 2
MAKESPAN : 98

# -------------------------- #

--- TOTAL TOOL SWITCHES : 2
--- HIGHEST MAKESPAN : 98
--- TOTAL FLOWTIME : 865
--- RUNNING TIME : 7.00325

# -------------------------- #
RUN : 1 - instancias_txt/SSP-NPM-I/ins113_m=3_j=20_t=15_var=13.txt

- MACHINE [0]

0 
0 
1 
0 
1 
1 
0 
0 
0 
0 
1 
1 
0 
0 
1 

JOBS [1] - [16]
TOOL SWITCHES : 0
MAKESPAN : 10

- MACHINE [1]

1 1 
1 0 
1 0 
0 1 
0 0 
1 1 
0 0 
0 0 
0 1 
1 1 
0 0 
0 0 
1 0 
1 1 
0 0 

JOBS [2] - [5, 13]
TOOL SWITCHES : 0
MAKESPAN : 12

- MACHINE [2]

1 1 1 0 0 1 0 0 0 0 0 0 0 0 0 0 0 
0 0 1 1 1 1 0 0 1 1 0 0 0 0 1 0 1 
0 0 0 1 0 1 1 0 1 0 0 1 0 1 1 1 0 
0 0 1 0 0 0 0 0 1 1 0 0 1 1 0 0 1 
0 1 0 0 1 0 0 0 1 0 0 0 0 1 0 1 1 
0 0 0 0 0 0 0 0 0 0 1 1 0 1 1 0 0 
0 1 1 1 0 0 1 0 0 0 1 0 0 0 0 0 1 
1 0 0 1 0 0 0 1 1 1 1 1 0 0 0 0 1 
1 0 0 0 0 1 1 1 0 0 0 0 1 0 0 1 1 
0 1 0 1 1 0 1 1 1 0 1 0 1 1 1 0 0 
1 0 0 0 1 1 1 1 0 0 1 0 1 0 0 1 0 
0 1 0 0 0 0 1 1 0 1 1 1 0 0 1 1 0 
0 0 0 0 0 0 0 1 0 1 0 1 1 0 0 1 0 
1 0 1 1 1 0 1 0 1 0 0 0 0 0 0 0 0 
1 1 1 0 0 1 0 0 0 1 0 1 0 0 0 0 1 

JOBS [17] - [0, 9, 8, 15, 18, 10, 7, 14, 2, 11, 19, 4, 1, 17, 12, 6, 3]
TOOL SWITCHES : 2
MAKESPAN : 121

# -------------------------- #

--- TOTAL TOOL SWITCHES : 2
--- HIGHEST MAKESPAN : 121
--- TOTAL FLOWTIME : 1088
--- RUNNING TIME : 7.18315

# -------------------------- #
RUN : 1 - instancias_txt/SSP-NPM-I/ins114_m=3_j=20_t=15_var=14.txt

- MACHINE [0]

0 
1 
1 
0 
1 
0 
1 
0 
0 
1 
0 
1 
0 
0 
0 

JOBS [1] - [17]
TOOL SWITCHES : 0
MAKESPAN : 6

- MACHINE [1]

1 1 
1 1 
0 0 
1 0 
0 0 
0 1 
0 0 
0 1 
1 0 
0 0 
0 1 
0 0 
1 0 
0 0 
0 1 

JOBS [2] - [2, 12]
TOOL SWITCHES : 0
MAKESPAN : 10

- MACHINE [2]

0 0 0 0 1 1 0 0 0 0 1 1 1 1 1 0 0 
0 0 0 0 0 0 0 0 0 0 0 0 0 0 0 0 0 
0 0 1 0 1 0 0 1 1 1 0 0 0 0 1 0 0 
1 0 0 0 0 0 0 1 1 1 0 1 0 0 0 1 1 
0 0 0 1 0 0 0 0 1 0 1 0 0 1 0 0 1 
1 0 1 1 0 1 0 0 0 0 0 0 1 0 0 0 1 
0 1 1 1 0 1 0 0 0 0 0 0 0 0 0 0 0 
1 0 0 1 0 0 1 0 0 1 0 0 1 1 0 1 1 
1 0 1 0 0 0 0 0 1 1 0 1 0 1 1 0 0 
0 1 0 0 1 1 1 1 0 0 0 1 0 0 1 0 1 
0 1 0 1 0 1 1 1 1 1 1 0 0 1 1 1 0 
0 0 0 0 0 0 1 1 0 0 1 1 0 0 1 1 0 
1 1 1 0 0 1 0 0 1 0 1 1 1 0 0 0 1 
1 1 0 0 1 0 1 0 1 1 0 0 1 1 0 1 0 
0 1 1 1 1 1 1 1 0 0 1 0 1 0 0 0 1 

JOBS [17] - [13, 3, 15, 0, 11, 5, 7, 18, 4, 16, 19, 10, 9, 1, 8, 14, 6]
TOOL SWITCHES : 1
MAKESPAN : 83

# -------------------------- #

--- TOTAL TOOL SWITCHES : 1
--- HIGHEST MAKESPAN : 83
--- TOTAL FLOWTIME : 787
--- RUNNING TIME : 5.13999

# -------------------------- #
RUN : 1 - instancias_txt/SSP-NPM-I/ins115_m=3_j=20_t=15_var=15.txt

- MACHINE [0]

0 
1 
0 
0 
0 
1 
0 
1 
0 
1 
0 
0 
0 
0 
1 

JOBS [1] - [0]
TOOL SWITCHES : 0
MAKESPAN : 5

- MACHINE [1]

1 0 1 
1 0 1 
1 1 1 
0 0 0 
1 0 0 
0 0 0 
0 1 0 
0 0 0 
0 1 1 
0 0 1 
1 1 1 
0 0 0 
0 0 0 
1 0 0 
1 1 1 

JOBS [3] - [15, 19, 5]
TOOL SWITCHES : 0
MAKESPAN : 19

- MACHINE [2]

0 1 0 1 1 1 1 1 1 0 1 1 0 0 1 0 
0 0 1 1 1 1 0 0 0 0 0 0 0 1 0 1 
0 1 0 1 1 0 1 1 0 0 0 0 1 0 1 1 
0 0 0 0 0 0 0 0 1 1 1 1 0 1 0 0 
1 0 0 1 0 0 1 0 0 1 0 0 1 0 1 1 
1 0 1 0 0 0 0 0 0 1 1 1 0 0 0 0 
0 1 1 0 0 0 1 1 1 0 0 0 0 1 0 1 
0 1 0 1 1 1 0 1 1 0 0 1 1 0 0 1 
0 0 0 0 0 0 1 0 0 1 0 1 0 1 0 0 
0 1 1 1 0 0 0 1 0 0 0 0 0 0 0 0 
1 0 1 0 1 1 0 1 1 1 0 0 1 0 1 1 
1 1 1 1 1 1 1 0 0 0 1 0 1 0 1 0 
0 0 0 0 1 1 0 0 0 0 0 1 1 1 0 0 
1 0 0 0 0 0 0 1 1 1 1 0 0 0 1 1 
0 0 0 0 0 0 0 0 0 0 0 0 0 0 0 0 

JOBS [16] - [13, 4, 8, 9, 10, 3, 17, 1, 18, 6, 7, 16, 2, 14, 12, 11]
TOOL SWITCHES : 1
MAKESPAN : 90

# -------------------------- #

--- TOTAL TOOL SWITCHES : 1
--- HIGHEST MAKESPAN : 90
--- TOTAL FLOWTIME : 806
--- RUNNING TIME : 6.00423

# -------------------------- #
RUN : 1 - instancias_txt/SSP-NPM-I/ins116_m=3_j=20_t=15_var=16.txt

- MACHINE [0]

1 
0 
0 
1 
0 
1 
1 
0 
0 
0 
0 
1 
1 
0 
0 

JOBS [1] - [9]
TOOL SWITCHES : 0
MAKESPAN : 6

- MACHINE [1]

1 
1 
0 
1 
0 
0 
1 
0 
0 
0 
1 
0 
0 
0 
1 

JOBS [1] - [5]
TOOL SWITCHES : 0
MAKESPAN : 2

- MACHINE [2]

0 0 0 0 0 0 1 1 1 1 1 1 0 0 0 1 1 0 
0 0 0 0 1 1 1 0 1 0 0 0 0 0 0 1 0 1 
0 0 1 1 0 0 0 0 1 1 1 0 0 0 1 0 0 0 
0 0 0 1 0 0 1 1 0 0 0 0 0 1 1 1 0 0 
1 1 0 1 1 0 0 0 0 0 1 0 0 1 0 0 1 0 
1 0 0 0 0 1 1 1 0 1 0 1 1 0 0 1 1 1 
1 1 0 0 0 0 0 0 0 1 0 1 1 0 0 1 0 0 
0 0 1 0 0 1 0 1 0 0 1 0 1 0 0 0 0 1 
1 1 1 0 1 1 1 1 1 1 0 0 0 0 0 0 0 0 
0 0 1 1 0 0 1 0 1 0 0 1 1 1 0 0 1 1 
1 1 1 0 1 1 0 0 0 0 0 0 0 0 0 0 0 0 
1 0 0 1 1 0 0 0 0 0 1 1 0 1 1 0 0 0 
0 1 0 0 1 1 0 0 1 0 1 0 0 1 0 0 1 0 
0 0 0 1 0 0 0 1 0 1 0 0 1 0 1 1 0 1 
0 0 0 0 0 0 0 0 0 0 0 1 0 1 1 1 1 0 

JOBS [18] - [0, 14, 1, 10, 3, 7, 2, 19, 15, 11, 4, 6, 16, 12, 18, 13, 8, 17]
TOOL SWITCHES : 2
MAKESPAN : 123

# -------------------------- #

--- TOTAL TOOL SWITCHES : 2
--- HIGHEST MAKESPAN : 123
--- TOTAL FLOWTIME : 1159
--- RUNNING TIME : 5.88958

# -------------------------- #
RUN : 1 - instancias_txt/SSP-NPM-I/ins117_m=3_j=20_t=15_var=17.txt

- MACHINE [0]

1 1 
0 0 
0 0 
0 1 
0 0 
0 0 
1 1 
1 1 
0 0 
0 0 
0 0 
1 1 
0 0 
0 1 
1 0 

JOBS [2] - [8, 15]
TOOL SWITCHES : 0
MAKESPAN : 8

- MACHINE [1]

0 1 1 1 
0 0 0 0 
1 0 1 0 
1 0 1 0 
1 1 0 1 
0 0 0 0 
0 0 1 0 
0 0 0 0 
0 0 0 0 
0 0 0 0 
1 1 1 1 
1 0 0 0 
0 1 1 1 
1 0 0 1 
1 1 0 0 

JOBS [4] - [14, 6, 1, 2]
TOOL SWITCHES : 0
MAKESPAN : 24

- MACHINE [2]

0 0 0 0 0 0 0 0 0 0 1 0 1 1 
0 0 1 1 1 0 0 1 0 1 1 0 1 0 
0 0 0 1 0 0 1 1 1 0 0 0 0 1 
0 0 0 0 0 0 0 0 0 0 0 0 0 0 
0 0 0 1 1 1 0 1 1 0 0 1 1 0 
1 0 0 0 0 1 1 0 1 1 1 1 1 0 
1 1 0 0 1 1 0 0 0 0 0 0 0 0 
1 1 0 0 0 1 0 1 0 1 1 0 0 0 
0 0 0 1 0 1 1 1 1 1 1 1 0 0 
1 1 1 1 1 0 0 0 0 1 0 0 0 1 
0 0 0 0 0 1 1 0 0 0 0 0 0 0 
0 0 1 1 0 0 1 0 1 0 0 1 1 0 
0 0 1 0 1 0 1 0 0 0 1 1 1 1 
0 1 1 1 0 0 0 1 1 1 1 1 0 1 
1 1 1 0 0 0 0 1 0 0 0 0 1 1 

JOBS [14] - [18, 3, 0, 10, 7, 17, 19, 4, 16, 13, 9, 11, 5, 12]
TOOL SWITCHES : 1
MAKESPAN : 70

# -------------------------- #

--- TOTAL TOOL SWITCHES : 1
--- HIGHEST MAKESPAN : 70
--- TOTAL FLOWTIME : 642
--- RUNNING TIME : 5.27254

# -------------------------- #
RUN : 1 - instancias_txt/SSP-NPM-I/ins118_m=3_j=20_t=15_var=18.txt

- MACHINE [0]

0 
0 
0 
0 
1 
1 
0 
1 
0 
0 
1 
0 
1 
1 
1 

JOBS [1] - [5]
TOOL SWITCHES : 0
MAKESPAN : 1

- MACHINE [1]

0 0 0 0 0 1 1 0 
1 1 1 1 0 0 0 0 
0 0 0 0 1 1 0 1 
0 1 1 0 0 1 0 0 
0 1 1 1 0 1 1 1 
1 1 1 0 1 1 1 0 
1 0 0 1 0 0 0 0 
1 1 0 0 1 1 0 1 
1 0 0 1 0 1 0 1 
0 1 1 1 0 0 1 1 
0 0 0 0 1 0 1 1 
0 0 0 0 0 0 0 0 
0 0 0 0 0 0 0 0 
1 0 1 0 1 0 0 0 
0 1 0 1 1 0 0 0 

JOBS [8] - [13, 1, 18, 3, 7, 16, 12, 4]
TOOL SWITCHES : 3
MAKESPAN : 53

- MACHINE [2]

1 0 1 0 0 1 1 0 1 0 0 
0 1 1 0 0 0 0 1 0 1 0 
0 0 1 1 0 0 0 0 1 0 1 
1 0 1 0 0 0 0 0 1 0 0 
0 0 0 0 0 0 0 0 0 0 0 
0 0 0 0 0 0 0 0 0 0 0 
1 1 1 1 1 1 0 0 1 1 1 
1 1 0 1 1 0 0 0 0 1 1 
1 0 1 1 1 1 0 0 0 0 0 
0 1 1 0 0 1 0 1 0 0 1 
0 0 0 0 0 0 1 1 0 0 0 
0 1 0 0 1 0 1 0 0 1 0 
0 1 0 0 0 0 1 1 1 0 1 
0 0 0 0 1 0 1 0 0 1 1 
0 0 0 1 1 1 0 1 0 0 1 

JOBS [11] - [0, 17, 8, 10, 9, 2, 11, 19, 14, 6, 15]
TOOL SWITCHES : 0
MAKESPAN : 69

# -------------------------- #

--- TOTAL TOOL SWITCHES : 3
--- HIGHEST MAKESPAN : 69
--- TOTAL FLOWTIME : 631
--- RUNNING TIME : 3.47639

# -------------------------- #
RUN : 1 - instancias_txt/SSP-NPM-I/ins119_m=3_j=20_t=15_var=19.txt

- MACHINE [0]

1 
0 
1 
0 
0 
1 
1 
0 
1 
0 
0 
0 
0 
1 
1 

JOBS [1] - [18]
TOOL SWITCHES : 0
MAKESPAN : 4

- MACHINE [1]

1 1 1 
1 1 1 
0 1 1 
0 0 0 
0 0 1 
0 0 0 
1 1 1 
0 0 0 
0 1 0 
0 0 1 
0 0 0 
0 0 0 
1 0 0 
1 0 0 
1 0 1 

JOBS [3] - [15, 16, 1]
TOOL SWITCHES : 0
MAKESPAN : 15

- MACHINE [2]

1 1 1 1 1 0 0 1 1 0 0 0 0 1 0 0 
0 1 1 0 1 0 0 0 0 0 0 1 0 1 0 1 
1 1 0 1 0 1 0 0 0 0 1 0 1 0 0 0 
0 0 1 1 0 0 1 1 1 0 1 0 1 1 1 1 
0 0 1 1 1 0 1 1 1 1 0 1 1 0 0 0 
1 0 0 0 0 0 1 1 0 1 0 0 0 1 1 0 
0 0 0 0 0 0 0 0 0 0 0 0 0 0 0 0 
1 1 0 1 1 1 1 0 0 0 0 0 1 0 1 1 
0 0 1 0 0 0 0 0 1 0 0 0 1 0 1 0 
1 0 0 1 1 1 1 0 0 1 1 0 0 0 0 0 
1 0 0 0 0 1 1 0 0 1 1 1 1 0 0 0 
0 1 0 0 0 1 0 0 0 1 1 1 0 1 1 1 
0 0 0 1 0 0 0 1 1 1 1 1 0 0 0 1 
0 0 0 0 0 0 0 0 0 0 0 1 0 1 1 0 
1 1 1 0 0 0 0 1 1 0 0 1 0 1 1 1 

JOBS [16] - [5, 8, 10, 4, 7, 3, 2, 6, 12, 17, 19, 13, 9, 11, 0, 14]
TOOL SWITCHES : 1
MAKESPAN : 109

# -------------------------- #

--- TOTAL TOOL SWITCHES : 1
--- HIGHEST MAKESPAN : 109
--- TOTAL FLOWTIME : 937
--- RUNNING TIME : 6.60756

# -------------------------- #
RUN : 1 - instancias_txt/SSP-NPM-I/ins120_m=3_j=20_t=15_var=20.txt

- MACHINE [0]

0 
0 
1 
1 
0 
0 
1 
0 
0 
0 
0 
1 
1 
0 
1 

JOBS [1] - [4]
TOOL SWITCHES : 0
MAKESPAN : 9

- MACHINE [1]

0 0 0 
1 1 0 
1 1 1 
0 1 1 
0 0 1 
1 0 0 
0 0 0 
0 1 1 
1 1 0 
0 0 1 
0 0 0 
1 0 0 
1 1 0 
0 0 0 
0 0 0 

JOBS [3] - [5, 7, 18]
TOOL SWITCHES : 0
MAKESPAN : 14

- MACHINE [2]

1 0 0 0 1 1 1 1 0 1 1 0 0 1 0 0 
1 0 0 0 0 0 1 1 0 0 1 1 0 0 0 1 
0 1 1 1 0 0 1 0 0 0 1 1 1 1 0 1 
0 0 0 0 0 0 0 0 0 0 0 0 0 0 0 0 
1 0 0 1 1 0 1 0 1 0 0 0 1 0 0 1 
0 1 0 0 1 0 1 0 1 1 1 1 0 1 1 1 
1 0 0 0 0 1 0 0 1 0 1 0 0 0 1 0 
0 1 1 1 1 0 0 1 0 1 0 1 1 1 0 1 
1 0 1 0 1 1 0 1 1 1 0 1 1 1 0 0 
0 1 1 0 0 1 0 1 0 1 0 0 1 0 0 0 
0 0 0 0 0 1 1 0 0 1 1 0 1 0 1 1 
0 1 1 1 1 0 0 0 0 0 0 0 0 0 0 0 
0 0 1 1 0 1 0 0 0 0 0 0 1 0 1 1 
1 1 1 1 0 1 0 0 0 0 0 1 0 0 0 0 
0 0 0 1 1 0 0 0 1 1 0 0 0 1 1 0 

JOBS [16] - [13, 11, 12, 10, 9, 14, 8, 6, 1, 17, 2, 19, 16, 0, 3, 15]
TOOL SWITCHES : 1
MAKESPAN : 74

# -------------------------- #

--- TOTAL TOOL SWITCHES : 1
--- HIGHEST MAKESPAN : 74
--- TOTAL FLOWTIME : 714
--- RUNNING TIME : 5.8381

# -------------------------- #


avg : 1.65
