RUN : 1 - instancias_txt/SSP-NPM-I/ins101_m=3_j=20_t=15_var=1.txt

- MACHINE [0]

0 
0 
1 
1 
0 
0 
1 
0 
0 
1 
0 
0 
1 
0 
0 

JOBS [1] - [14]
TOOL SWITCHES : 0
MAKESPAN : 2

- MACHINE [1]

1 0 1 0 1 1 1 0 0 1 
1 1 0 0 0 0 1 0 1 1 
0 1 1 1 1 1 1 1 0 0 
0 1 0 0 0 0 0 1 1 0 
0 0 1 1 1 1 0 0 1 1 
0 1 0 1 0 1 1 0 0 0 
0 0 0 0 0 0 0 0 0 0 
1 1 0 1 1 0 1 1 0 1 
1 0 0 0 1 0 0 1 0 1 
0 0 0 0 0 1 1 0 1 0 
1 1 1 0 0 0 0 0 0 0 
0 0 0 0 0 0 0 1 1 0 
0 0 0 0 0 0 0 0 0 0 
1 1 1 1 0 0 0 0 0 0 
0 0 0 1 0 0 0 0 1 1 

JOBS [10] - [11, 5, 16, 18, 7, 19, 10, 15, 13, 3]
TOOL SWITCHES : 3
MAKESPAN : 84

- MACHINE [2]

1 0 0 1 0 0 0 1 0 
0 0 0 0 0 0 0 0 0 
0 0 0 0 0 0 0 0 0 
1 0 0 0 0 0 0 1 1 
0 1 0 0 1 0 1 1 1 
0 0 1 1 0 1 0 0 1 
1 0 1 1 1 1 0 0 0 
0 0 0 0 1 0 1 1 1 
0 1 1 0 1 0 1 1 0 
0 0 0 1 1 0 0 0 1 
0 1 0 1 0 0 0 0 0 
0 0 0 1 0 1 1 0 0 
1 1 1 0 0 1 1 1 0 
1 1 1 0 0 1 0 0 0 
0 1 0 0 1 1 0 0 1 

JOBS [9] - [4, 9, 8, 12, 2, 17, 6, 0, 1]
TOOL SWITCHES : 0
MAKESPAN : 53

# -------------------------- #

--- TOTAL TOOL SWITCHES : 3
--- HIGHEST MAKESPAN : 84
--- TOTAL FLOWTIME : 717
--- RUNNING TIME : 3.52659

# -------------------------- #
RUN : 1 - instancias_txt/SSP-NPM-I/ins102_m=3_j=20_t=15_var=2.txt

- MACHINE [0]

















JOBS [0] - []
TOOL SWITCHES : 0
MAKESPAN : 0

- MACHINE [1]

1 1 0 
0 1 1 
0 0 0 
0 0 0 
1 1 1 
0 0 0 
1 0 1 
1 1 0 
0 0 1 
1 0 1 
0 0 0 
1 1 0 
0 0 0 
0 1 0 
0 1 1 

JOBS [3] - [11, 16, 6]
TOOL SWITCHES : 0
MAKESPAN : 16

- MACHINE [2]

1 0 1 0 0 1 1 0 1 1 0 0 0 0 1 1 0 
0 1 0 0 1 1 0 1 1 0 0 0 0 0 0 1 0 
0 1 0 1 0 0 0 1 0 0 0 1 1 1 0 1 1 
0 0 0 0 0 0 0 0 0 0 1 0 1 0 1 1 1 
0 0 1 1 0 0 0 0 0 1 0 0 0 1 1 0 1 
1 0 0 0 1 0 0 0 1 1 1 1 0 0 0 0 0 
1 0 1 1 0 1 0 0 0 0 1 1 0 1 1 1 1 
0 1 0 0 0 1 0 0 0 0 0 0 0 0 1 1 0 
1 0 1 1 1 0 0 1 0 0 1 1 1 0 1 0 0 
1 1 0 0 0 0 1 1 0 0 0 0 0 1 0 0 1 
1 0 1 1 1 0 1 0 0 0 0 1 0 1 0 0 0 
1 0 0 0 1 1 0 0 1 1 1 0 1 0 0 1 0 
0 1 1 0 0 1 1 0 1 1 0 0 0 0 0 0 0 
0 0 0 1 0 0 1 1 1 0 1 1 0 0 0 0 1 
0 0 0 0 0 0 0 0 0 0 0 0 1 1 0 0 0 

JOBS [17] - [17, 3, 12, 2, 8, 19, 10, 13, 9, 18, 0, 5, 1, 7, 14, 15, 4]
TOOL SWITCHES : 2
MAKESPAN : 78

# -------------------------- #

--- TOTAL TOOL SWITCHES : 2
--- HIGHEST MAKESPAN : 78
--- TOTAL FLOWTIME : 631
--- RUNNING TIME : 6.31187

# -------------------------- #
RUN : 1 - instancias_txt/SSP-NPM-I/ins103_m=3_j=20_t=15_var=3.txt

- MACHINE [0]

















JOBS [0] - []
TOOL SWITCHES : 0
MAKESPAN : 0

- MACHINE [1]

1 1 
1 0 
1 0 
1 1 
0 0 
0 0 
0 1 
0 0 
1 0 
1 0 
0 1 
0 0 
0 1 
0 1 
0 0 

JOBS [2] - [4, 19]
TOOL SWITCHES : 0
MAKESPAN : 9

- MACHINE [2]

0 0 1 0 0 0 1 0 0 0 1 0 0 0 0 1 1 0 
1 0 0 0 0 1 0 0 1 0 1 1 1 0 1 0 1 0 
0 1 0 0 0 1 1 0 1 0 0 0 0 0 1 0 0 1 
1 1 1 1 1 0 0 0 0 0 0 0 0 0 0 0 0 0 
0 1 1 1 1 0 0 1 0 0 0 1 0 0 0 1 1 1 
0 0 1 1 0 1 1 1 0 0 0 0 0 0 0 0 0 0 
0 0 0 1 0 0 0 1 1 0 1 0 1 1 1 0 1 0 
0 0 0 1 1 1 1 0 1 1 1 1 0 0 0 0 0 1 
0 0 0 0 0 1 1 0 1 1 1 1 1 1 1 1 0 1 
0 1 1 0 0 0 0 0 0 1 0 1 0 1 0 0 0 1 
0 0 0 1 1 0 1 1 0 1 1 1 0 1 0 0 1 0 
1 1 1 1 0 0 0 1 0 1 1 0 1 0 0 1 1 0 
1 0 0 0 0 1 0 0 0 1 0 0 0 0 1 1 0 1 
0 0 0 0 0 0 0 0 1 1 0 1 1 1 1 0 1 0 
1 1 1 0 1 0 0 1 1 0 0 0 0 1 0 1 0 1 

JOBS [18] - [8, 5, 9, 11, 3, 12, 0, 15, 17, 10, 18, 13, 2, 14, 7, 1, 6, 16]
TOOL SWITCHES : 2
MAKESPAN : 132

# -------------------------- #

--- TOTAL TOOL SWITCHES : 2
--- HIGHEST MAKESPAN : 132
--- TOTAL FLOWTIME : 1311
--- RUNNING TIME : 6.09861

# -------------------------- #
RUN : 1 - instancias_txt/SSP-NPM-I/ins104_m=3_j=20_t=15_var=4.txt

- MACHINE [0]

0 
1 
0 
1 
0 
0 
0 
1 
0 
1 
1 
0 
0 
0 
1 

JOBS [1] - [16]
TOOL SWITCHES : 0
MAKESPAN : 6

- MACHINE [1]

1 
0 
0 
0 
0 
0 
0 
1 
0 
0 
1 
1 
0 
0 
1 

JOBS [1] - [5]
TOOL SWITCHES : 0
MAKESPAN : 7

- MACHINE [2]

0 1 1 1 1 0 1 1 0 0 1 1 1 1 1 0 0 0 
1 1 1 1 1 1 1 0 0 0 0 0 0 0 0 0 1 1 
0 0 0 0 0 0 1 0 0 1 1 1 0 1 1 1 0 0 
1 0 1 0 0 0 0 0 1 1 0 0 1 0 0 0 1 0 
0 0 0 1 0 1 0 1 1 0 1 1 0 0 0 1 0 1 
1 1 0 0 0 0 1 1 0 1 0 1 0 0 1 1 1 1 
1 1 0 0 0 1 0 1 0 0 0 1 1 0 1 1 0 0 
0 0 0 0 0 0 0 0 0 0 0 1 0 1 0 0 1 1 
1 0 0 1 0 1 1 0 0 1 1 0 0 0 0 0 0 0 
0 0 0 1 1 0 0 1 1 0 0 0 1 1 1 1 1 0 
0 0 1 0 0 0 0 0 1 1 1 0 0 0 0 0 1 1 
0 1 0 0 0 0 0 1 1 0 0 0 1 1 1 1 0 0 
0 0 0 0 1 1 0 0 1 0 0 0 1 0 0 0 0 1 
1 0 1 1 1 1 0 0 0 1 0 1 0 1 0 1 0 0 
0 1 1 1 1 0 0 0 0 0 0 0 0 0 0 0 0 0 

JOBS [18] - [3, 1, 17, 7, 12, 14, 6, 4, 10, 9, 19, 0, 15, 2, 8, 18, 11, 13]
TOOL SWITCHES : 2
MAKESPAN : 113

# -------------------------- #

--- TOTAL TOOL SWITCHES : 2
--- HIGHEST MAKESPAN : 113
--- TOTAL FLOWTIME : 1153
--- RUNNING TIME : 7.20416

# -------------------------- #
RUN : 1 - instancias_txt/SSP-NPM-I/ins105_m=3_j=20_t=15_var=5.txt

- MACHINE [0]

















JOBS [0] - []
TOOL SWITCHES : 0
MAKESPAN : 0

- MACHINE [1]

1 0 1 
1 1 1 
1 1 1 
0 1 0 
0 0 0 
0 1 1 
0 0 1 
0 0 0 
1 0 0 
0 1 0 
1 1 1 
0 0 0 
0 0 0 
1 1 1 
0 0 0 

JOBS [3] - [9, 8, 4]
TOOL SWITCHES : 0
MAKESPAN : 22

- MACHINE [2]

0 1 1 0 0 1 0 1 1 0 1 0 0 1 1 0 0 
1 0 0 0 0 1 1 0 0 0 1 1 0 0 1 1 1 
0 0 1 1 0 0 0 0 0 0 0 0 0 0 0 0 0 
1 0 1 0 0 0 1 0 0 1 0 0 0 1 1 0 0 
0 1 1 1 1 0 0 1 0 0 0 1 0 0 0 1 1 
0 0 1 1 0 0 0 0 1 0 1 1 0 1 0 0 0 
1 0 0 0 1 1 1 1 0 1 0 1 1 1 0 0 1 
1 0 0 1 0 1 0 0 1 0 0 0 1 0 0 1 1 
0 0 0 0 0 0 0 0 0 0 0 1 1 0 1 1 0 
0 0 0 0 1 0 1 1 0 1 0 1 0 1 1 1 0 
0 1 0 1 1 1 0 0 1 1 1 0 0 0 0 0 0 
1 1 1 0 0 1 0 1 0 1 0 1 1 0 0 0 0 
0 0 0 1 0 0 1 0 1 0 0 0 0 0 1 1 1 
1 1 0 0 1 0 0 0 1 1 1 0 1 0 1 0 1 
1 1 0 0 1 0 0 1 0 0 1 0 0 0 0 0 1 

JOBS [17] - [19, 15, 0, 10, 18, 3, 12, 7, 14, 11, 5, 6, 16, 13, 17, 1, 2]
TOOL SWITCHES : 2
MAKESPAN : 102

# -------------------------- #

--- TOTAL TOOL SWITCHES : 2
--- HIGHEST MAKESPAN : 102
--- TOTAL FLOWTIME : 956
--- RUNNING TIME : 7.4306

# -------------------------- #
RUN : 1 - instancias_txt/SSP-NPM-I/ins106_m=3_j=20_t=15_var=6.txt

- MACHINE [0]

















JOBS [0] - []
TOOL SWITCHES : 0
MAKESPAN : 0

- MACHINE [1]

0 1 
0 0 
0 0 
0 0 
1 1 
0 1 
1 0 
1 0 
0 0 
0 0 
1 1 
1 0 
1 1 
0 0 
1 1 

JOBS [2] - [19, 9]
TOOL SWITCHES : 0
MAKESPAN : 12

- MACHINE [2]

0 1 0 1 0 0 1 0 0 0 1 0 0 0 1 1 1 0 
1 0 0 0 1 0 0 0 1 1 0 0 0 0 1 1 1 1 
0 0 1 0 0 0 0 0 1 1 1 0 1 0 1 1 0 0 
1 0 0 1 1 1 0 1 1 0 1 1 0 1 0 0 0 1 
1 0 0 1 1 0 1 0 0 0 0 0 0 0 0 0 0 0 
0 1 0 1 0 1 1 1 0 1 0 0 0 0 1 1 0 0 
0 1 1 0 0 0 1 0 0 0 0 1 1 0 0 0 0 0 
0 0 0 0 0 0 0 0 0 0 0 1 1 1 0 0 1 0 
1 1 0 1 0 0 1 0 0 1 0 0 0 0 0 0 0 0 
0 0 1 0 1 0 0 1 1 1 0 1 1 0 1 1 0 1 
0 0 0 0 1 0 0 0 0 0 1 1 0 0 0 1 0 1 
1 0 0 1 0 1 1 1 0 1 1 1 0 0 1 0 1 0 
0 1 1 1 0 1 0 1 1 0 0 0 1 1 0 1 1 1 
0 0 1 0 0 1 1 0 0 1 0 0 0 1 0 0 1 1 
0 0 0 0 0 0 0 1 1 0 1 0 1 1 0 0 0 1 

JOBS [18] - [14, 15, 5, 1, 11, 16, 18, 7, 17, 10, 0, 13, 6, 3, 2, 12, 8, 4]
TOOL SWITCHES : 2
MAKESPAN : 114

# -------------------------- #

--- TOTAL TOOL SWITCHES : 2
--- HIGHEST MAKESPAN : 114
--- TOTAL FLOWTIME : 1012
--- RUNNING TIME : 4.74395

# -------------------------- #
RUN : 1 - instancias_txt/SSP-NPM-I/ins107_m=3_j=20_t=15_var=7.txt

- MACHINE [0]

















JOBS [0] - []
TOOL SWITCHES : 0
MAKESPAN : 0

- MACHINE [1]

0 1 1 
1 1 0 
0 0 0 
0 0 0 
1 1 1 
1 1 0 
1 1 1 
1 0 0 
1 0 1 
0 0 1 
0 1 1 
0 0 0 
0 0 0 
0 0 0 
0 1 0 

JOBS [3] - [15, 10, 3]
TOOL SWITCHES : 0
MAKESPAN : 22

- MACHINE [2]

0 1 1 1 1 0 1 0 0 0 0 0 0 0 0 0 0 
0 0 1 1 1 1 1 0 0 1 0 1 0 1 0 0 0 
1 0 1 0 1 0 1 1 0 1 1 0 1 1 0 1 0 
1 0 1 0 1 1 0 0 0 0 1 0 0 1 1 1 0 
0 0 0 1 0 0 0 0 0 0 1 1 1 0 1 0 0 
1 1 1 0 0 1 0 1 1 0 0 0 1 0 0 0 0 
0 1 0 1 0 1 0 1 1 0 0 0 0 0 0 0 0 
1 0 0 1 0 0 1 0 0 1 1 1 0 0 1 0 0 
1 0 0 0 0 1 0 0 0 1 0 0 0 0 1 1 0 
0 0 0 0 0 0 0 1 0 0 0 0 1 0 1 1 1 
1 1 0 0 0 1 1 0 1 0 0 0 0 1 1 0 0 
0 1 0 1 0 0 1 1 0 1 1 0 0 0 0 1 1 
0 1 0 0 1 0 0 0 1 0 1 1 0 1 0 1 1 
0 0 0 0 0 0 0 0 0 0 0 1 1 1 0 0 1 
0 0 1 0 0 1 0 1 1 0 1 0 0 0 0 1 1 

JOBS [17] - [9, 4, 13, 18, 19, 12, 8, 2, 14, 1, 0, 6, 11, 16, 5, 7, 17]
TOOL SWITCHES : 2
MAKESPAN : 122

# -------------------------- #

--- TOTAL TOOL SWITCHES : 2
--- HIGHEST MAKESPAN : 122
--- TOTAL FLOWTIME : 1158
--- RUNNING TIME : 6.53431

# -------------------------- #
RUN : 1 - instancias_txt/SSP-NPM-I/ins108_m=3_j=20_t=15_var=8.txt

- MACHINE [0]

0 
0 
0 
1 
0 
0 
0 
1 
0 
1 
1 
0 
1 
1 
0 

JOBS [1] - [8]
TOOL SWITCHES : 0
MAKESPAN : 6

- MACHINE [1]

















JOBS [0] - []
TOOL SWITCHES : 0
MAKESPAN : 0

- MACHINE [2]

1 0 0 0 1 1 1 0 0 1 0 0 0 0 1 0 0 1 1 
0 1 0 1 1 0 0 1 0 1 0 0 0 0 0 0 0 0 0 
1 1 0 0 1 0 1 0 1 0 1 0 1 0 1 1 0 0 0 
0 0 1 1 0 1 0 1 0 0 1 1 0 1 0 0 1 1 0 
0 0 0 0 0 0 0 0 1 1 1 0 1 1 0 1 0 0 1 
0 1 0 0 1 0 1 0 1 0 0 0 0 1 1 1 1 0 1 
0 1 1 1 0 1 0 0 0 0 0 0 0 1 0 0 0 1 0 
0 0 0 0 0 0 0 0 0 0 1 1 0 0 0 1 0 0 1 
1 0 0 0 0 0 0 1 1 0 0 1 1 0 0 1 1 1 0 
1 0 1 1 0 0 0 0 0 0 0 1 1 0 0 0 0 1 1 
0 0 0 0 0 0 1 1 0 1 1 0 1 0 1 0 0 1 0 
1 1 0 1 0 0 1 0 1 1 0 1 0 1 1 0 1 0 1 
0 0 1 0 1 0 0 1 0 1 1 1 0 0 1 1 1 0 0 
0 0 0 1 0 1 1 1 0 0 0 0 0 0 0 0 0 0 0 
1 1 1 1 0 1 0 1 0 1 0 0 0 0 0 1 0 0 1 

JOBS [19] - [13, 4, 1, 3, 16, 12, 10, 7, 0, 14, 9, 19, 17, 15, 6, 2, 5, 18, 11]
TOOL SWITCHES : 2
MAKESPAN : 95

# -------------------------- #

--- TOTAL TOOL SWITCHES : 2
--- HIGHEST MAKESPAN : 95
--- TOTAL FLOWTIME : 1101
--- RUNNING TIME : 7.04156

# -------------------------- #
RUN : 1 - instancias_txt/SSP-NPM-I/ins109_m=3_j=20_t=15_var=9.txt

- MACHINE [0]

0 
0 
0 
1 
1 
1 
0 
0 
1 
1 
1 
0 
0 
0 
0 

JOBS [1] - [9]
TOOL SWITCHES : 0
MAKESPAN : 4

- MACHINE [1]

1 
1 
0 
1 
1 
0 
0 
0 
1 
0 
1 
0 
0 
0 
0 

JOBS [1] - [16]
TOOL SWITCHES : 0
MAKESPAN : 2

- MACHINE [2]

1 0 1 1 1 0 0 0 0 0 1 0 0 1 1 0 0 0 
0 0 1 1 1 0 1 0 0 0 0 1 0 1 0 0 1 1 
1 1 0 0 1 0 0 0 0 1 0 1 1 1 0 1 0 1 
0 0 0 0 0 0 0 0 0 0 1 1 1 0 0 0 0 1 
1 1 1 1 1 0 1 1 0 0 0 0 0 0 0 0 0 0 
0 0 1 1 0 1 0 1 0 1 0 1 0 0 1 0 0 1 
0 0 0 0 1 1 1 1 0 0 1 0 0 0 1 1 0 0 
0 0 0 0 0 0 0 0 1 1 1 0 0 0 0 1 1 0 
0 1 0 0 0 1 0 0 1 1 0 1 0 0 0 1 0 0 
0 0 0 0 1 0 1 0 1 0 0 0 1 0 1 0 1 0 
1 1 0 0 0 0 0 1 1 0 0 0 0 0 0 0 0 0 
0 1 0 0 0 0 0 0 1 1 0 0 1 1 1 1 0 1 
0 1 1 0 0 0 1 0 0 0 0 0 1 1 0 0 0 0 
1 0 0 1 0 1 1 0 1 0 1 0 1 1 1 0 1 1 
1 0 1 0 1 1 0 1 1 0 1 0 1 1 0 1 1 1 

JOBS [18] - [14, 1, 10, 2, 8, 5, 18, 6, 11, 12, 0, 7, 17, 13, 19, 4, 3, 15]
TOOL SWITCHES : 2
MAKESPAN : 100

# -------------------------- #

--- TOTAL TOOL SWITCHES : 2
--- HIGHEST MAKESPAN : 100
--- TOTAL FLOWTIME : 874
--- RUNNING TIME : 6.7591

# -------------------------- #
RUN : 1 - instancias_txt/SSP-NPM-I/ins110_m=3_j=20_t=15_var=10.txt

- MACHINE [0]

1 
0 
0 
1 
1 
0 
1 
0 
0 
0 
0 
0 
0 
1 
1 

JOBS [1] - [19]
TOOL SWITCHES : 0
MAKESPAN : 6

- MACHINE [1]

1 1 
1 0 
0 0 
1 0 
0 1 
0 1 
0 0 
0 0 
1 1 
0 1 
0 0 
0 0 
0 1 
1 0 
1 1 

JOBS [2] - [1, 9]
TOOL SWITCHES : 0
MAKESPAN : 2

- MACHINE [2]

0 0 0 1 0 1 0 1 0 0 0 0 0 1 0 0 0 
1 1 0 0 0 0 0 1 0 1 1 0 1 1 0 1 0 
1 1 1 0 0 0 1 0 1 1 1 1 0 1 0 1 0 
0 0 0 0 1 1 0 1 0 0 0 0 1 0 1 1 0 
1 0 1 0 1 0 0 0 0 0 0 0 0 0 0 0 0 
0 0 1 0 0 1 1 1 0 0 1 1 0 0 0 0 1 
0 0 0 1 1 1 1 0 0 1 0 1 0 0 1 1 0 
1 1 0 1 1 0 0 1 1 0 0 1 1 1 0 0 0 
0 1 1 0 0 1 0 1 1 1 1 1 1 1 0 0 1 
1 1 0 1 0 0 1 0 1 0 0 0 0 0 1 0 0 
0 0 1 1 1 1 1 0 0 0 0 0 0 0 0 0 0 
0 0 0 0 0 0 1 1 0 1 1 0 0 1 1 0 1 
0 0 0 0 0 0 0 0 0 1 0 1 1 0 0 0 1 
1 1 0 0 0 0 0 0 0 1 0 0 0 0 0 1 1 
0 0 1 1 1 0 0 0 1 0 0 1 0 0 1 0 1 

JOBS [17] - [5, 8, 13, 10, 14, 16, 7, 4, 0, 6, 17, 11, 18, 15, 2, 3, 12]
TOOL SWITCHES : 2
MAKESPAN : 81

# -------------------------- #

--- TOTAL TOOL SWITCHES : 2
--- HIGHEST MAKESPAN : 81
--- TOTAL FLOWTIME : 732
--- RUNNING TIME : 7.1834

# -------------------------- #
RUN : 1 - instancias_txt/SSP-NPM-I/ins111_m=3_j=20_t=15_var=11.txt

- MACHINE [0]

0 
0 
0 
0 
1 
0 
1 
0 
1 
0 
1 
0 
0 
1 
1 

JOBS [1] - [18]
TOOL SWITCHES : 0
MAKESPAN : 5

- MACHINE [1]

0 0 
1 1 
1 1 
0 0 
0 0 
0 1 
1 1 
0 0 
0 0 
1 0 
1 1 
1 1 
1 1 
0 0 
0 0 

JOBS [2] - [12, 16]
TOOL SWITCHES : 0
MAKESPAN : 15

- MACHINE [2]

0 0 0 0 0 1 1 1 0 1 0 1 0 1 1 0 0 
0 0 1 0 0 0 0 1 1 1 1 0 0 1 0 1 0 
0 0 0 0 0 0 1 0 0 0 0 1 0 0 0 1 0 
0 0 0 0 0 0 0 0 0 1 1 1 0 0 0 0 1 
1 0 1 1 0 0 1 1 1 0 0 1 0 1 0 0 0 
1 1 1 0 1 1 0 0 0 0 1 0 0 0 1 1 0 
0 0 1 0 0 1 1 0 1 0 0 0 0 0 1 0 0 
0 0 0 1 1 0 0 0 1 1 0 0 0 0 0 1 1 
0 1 0 1 1 1 0 1 1 0 0 1 1 0 0 0 1 
1 1 1 0 0 0 0 1 0 1 1 1 0 1 1 1 1 
1 1 0 0 1 0 1 0 0 0 0 0 0 0 0 0 0 
1 1 0 1 1 0 0 1 1 0 0 0 0 0 1 0 1 
0 0 1 0 1 1 1 0 0 1 1 0 1 1 1 1 0 
1 1 1 1 0 1 0 0 0 0 0 0 0 0 0 0 0 
1 0 0 1 0 0 0 1 0 0 1 1 1 1 0 0 0 

JOBS [17] - [4, 8, 9, 14, 6, 7, 0, 10, 19, 15, 13, 2, 17, 3, 5, 11, 1]
TOOL SWITCHES : 2
MAKESPAN : 102

# -------------------------- #

--- TOTAL TOOL SWITCHES : 2
--- HIGHEST MAKESPAN : 102
--- TOTAL FLOWTIME : 920
--- RUNNING TIME : 5.93652

# -------------------------- #
RUN : 1 - instancias_txt/SSP-NPM-I/ins112_m=3_j=20_t=15_var=12.txt

- MACHINE [0]

0 
1 
0 
0 
0 
0 
0 
1 
0 
1 
1 
1 
1 
1 
0 

JOBS [1] - [9]
TOOL SWITCHES : 0
MAKESPAN : 8

- MACHINE [1]

1 1 
1 1 
0 1 
0 0 
0 0 
0 0 
1 0 
1 0 
0 1 
0 1 
1 0 
1 0 
0 0 
0 1 
0 0 

JOBS [2] - [5, 3]
TOOL SWITCHES : 0
MAKESPAN : 11

- MACHINE [2]

1 1 0 0 0 0 0 1 0 0 1 1 0 0 1 0 1 
0 1 1 1 1 1 0 0 0 0 0 0 0 0 0 0 0 
1 1 0 0 1 0 0 1 0 0 0 1 0 0 0 1 0 
1 0 0 1 1 1 1 1 1 0 0 0 0 0 1 0 0 
0 1 1 0 0 1 0 1 0 0 1 0 0 1 1 0 0 
0 1 0 1 0 0 1 0 1 1 1 0 1 0 0 1 1 
1 0 1 0 1 1 1 0 0 1 0 0 1 1 0 0 0 
0 0 0 0 0 0 0 0 0 0 0 0 1 1 0 1 0 
0 0 1 0 1 0 0 0 0 0 0 1 0 1 0 0 1 
0 0 0 0 0 0 1 1 1 0 1 1 0 1 0 1 0 
1 0 1 0 1 0 0 0 1 1 0 1 0 0 1 1 0 
0 1 0 1 0 1 0 0 0 0 1 0 0 1 0 1 0 
0 0 0 1 0 0 0 1 0 1 0 1 1 1 1 0 1 
0 0 0 1 0 1 1 0 1 0 0 0 0 0 0 0 0 
1 0 1 1 1 0 1 0 1 1 1 0 1 0 0 1 1 

JOBS [17] - [6, 0, 18, 10, 1, 7, 8, 12, 19, 16, 4, 11, 2, 14, 17, 15, 13]
TOOL SWITCHES : 2
MAKESPAN : 99

# -------------------------- #

--- TOTAL TOOL SWITCHES : 2
--- HIGHEST MAKESPAN : 99
--- TOTAL FLOWTIME : 988
--- RUNNING TIME : 6.35332

# -------------------------- #
RUN : 1 - instancias_txt/SSP-NPM-I/ins113_m=3_j=20_t=15_var=13.txt

- MACHINE [0]

0 
0 
1 
0 
0 
1 
0 
1 
0 
0 
0 
1 
1 
0 
1 

JOBS [1] - [4]
TOOL SWITCHES : 0
MAKESPAN : 5

- MACHINE [1]

0 0 0 0 0 0 1 1 0 1 0 
0 1 0 1 1 0 0 1 0 1 0 
1 1 0 1 1 1 0 1 1 1 1 
0 0 0 0 1 1 1 0 0 0 0 
0 0 0 0 1 1 0 0 1 0 1 
0 1 1 0 0 1 1 1 1 0 0 
1 0 1 1 0 0 0 0 0 0 0 
0 0 1 1 1 0 0 0 0 0 0 
1 0 0 0 0 0 1 0 0 1 1 
1 1 1 1 1 1 1 1 0 0 0 
1 0 1 0 0 0 0 0 1 1 1 
1 1 1 0 0 0 0 0 1 0 1 
0 0 0 0 0 0 0 1 0 0 1 
1 0 0 1 1 0 1 1 0 0 0 
0 0 0 0 0 0 0 0 1 1 0 

JOBS [11] - [7, 12, 19, 15, 2, 17, 13, 5, 16, 10, 6]
TOOL SWITCHES : 6
MAKESPAN : 79

- MACHINE [2]

1 1 1 0 0 0 0 0 
0 1 0 0 0 1 1 1 
0 0 0 0 0 0 0 0 
0 1 0 1 0 1 1 0 
0 0 1 0 0 1 0 1 
0 0 0 0 0 0 0 0 
0 1 1 0 0 1 0 0 
1 0 0 0 1 1 1 0 
1 0 0 1 1 1 0 0 
0 0 1 1 1 0 0 1 
1 0 0 1 1 0 0 1 
0 0 1 0 1 0 1 0 
0 0 0 1 1 0 1 0 
1 1 0 0 0 0 0 1 
1 1 1 0 0 1 1 0 

JOBS [8] - [0, 8, 9, 1, 14, 3, 11, 18]
TOOL SWITCHES : 0
MAKESPAN : 52

# -------------------------- #

--- TOTAL TOOL SWITCHES : 6
--- HIGHEST MAKESPAN : 79
--- TOTAL FLOWTIME : 690
--- RUNNING TIME : 3.75711

# -------------------------- #
RUN : 1 - instancias_txt/SSP-NPM-I/ins114_m=3_j=20_t=15_var=14.txt

- MACHINE [0]

0 
1 
1 
0 
1 
0 
1 
0 
0 
1 
0 
1 
0 
0 
0 

JOBS [1] - [17]
TOOL SWITCHES : 0
MAKESPAN : 6

- MACHINE [1]

1 1 1 
1 1 0 
0 0 0 
0 1 0 
0 0 0 
1 0 1 
0 0 0 
1 0 1 
0 1 0 
0 0 0 
1 0 0 
0 0 0 
0 1 1 
0 0 1 
1 0 1 

JOBS [3] - [12, 2, 9]
TOOL SWITCHES : 0
MAKESPAN : 13

- MACHINE [2]

0 0 0 0 1 1 1 0 1 1 0 0 0 1 0 0 
0 0 0 0 0 0 0 0 0 0 0 0 0 0 0 0 
1 1 0 0 0 0 1 0 1 0 0 0 1 0 0 1 
0 1 0 0 0 1 0 1 0 0 0 1 1 0 1 1 
0 1 1 0 0 0 0 1 0 1 0 0 0 1 0 0 
1 0 1 0 1 0 0 1 0 0 0 0 0 0 1 0 
1 0 1 1 1 0 0 0 0 0 0 0 0 0 0 0 
0 0 1 0 0 0 0 1 0 0 1 1 0 1 1 1 
1 1 0 0 0 1 0 0 1 0 0 0 0 1 1 1 
0 0 0 1 1 1 1 1 1 0 1 0 1 0 0 0 
0 1 1 1 1 0 0 0 1 1 1 1 1 1 0 1 
0 0 0 0 0 1 0 0 1 1 1 1 1 0 0 0 
1 1 0 1 1 1 0 1 0 1 0 0 0 0 1 0 
0 1 0 1 0 0 1 0 0 0 1 1 0 1 1 1 
1 0 1 1 1 0 1 1 0 1 1 0 1 0 0 0 

JOBS [16] - [15, 4, 0, 3, 5, 10, 11, 6, 8, 19, 7, 14, 18, 1, 13, 16]
TOOL SWITCHES : 1
MAKESPAN : 73

# -------------------------- #

--- TOTAL TOOL SWITCHES : 1
--- HIGHEST MAKESPAN : 73
--- TOTAL FLOWTIME : 718
--- RUNNING TIME : 5.87776

# -------------------------- #
RUN : 1 - instancias_txt/SSP-NPM-I/ins115_m=3_j=20_t=15_var=15.txt

- MACHINE [0]

















JOBS [0] - []
TOOL SWITCHES : 0
MAKESPAN : 0

- MACHINE [1]

1 1 0 
1 0 0 
1 1 1 
0 0 0 
1 1 1 
0 0 0 
0 0 0 
1 0 1 
0 0 0 
1 0 0 
0 1 1 
1 1 1 
0 0 1 
0 1 0 
0 0 0 

JOBS [3] - [9, 12, 2]
TOOL SWITCHES : 0
MAKESPAN : 16

- MACHINE [2]

1 1 1 1 0 0 1 1 0 0 1 0 1 1 1 0 0 
1 1 1 0 1 1 0 0 1 0 0 0 1 0 0 0 1 
0 1 1 0 0 0 1 1 0 0 0 1 1 1 0 0 1 
0 0 0 1 1 0 0 0 0 1 1 0 0 0 1 0 0 
0 0 0 0 0 0 0 0 0 1 0 0 1 1 0 1 1 
0 0 0 1 0 1 0 0 1 1 0 0 0 0 1 1 0 
0 0 0 0 1 0 1 1 1 0 1 1 0 1 0 0 1 
1 1 0 1 0 1 1 1 0 0 1 0 0 0 0 0 1 
0 0 1 1 1 0 0 0 0 1 0 1 0 1 0 0 0 
0 0 1 0 0 1 1 1 1 0 0 0 0 0 0 0 0 
1 1 1 0 0 0 0 1 1 1 1 1 1 0 0 1 1 
1 1 0 0 0 0 1 0 1 0 0 0 0 1 1 1 0 
1 1 0 1 1 0 0 0 0 0 0 0 0 0 0 0 0 
0 0 0 0 0 0 0 1 0 1 1 0 1 0 1 1 1 
0 0 1 0 0 1 0 0 0 0 0 1 1 0 0 0 0 

JOBS [17] - [3, 10, 5, 16, 14, 0, 4, 1, 8, 6, 18, 19, 15, 17, 7, 13, 11]
TOOL SWITCHES : 2
MAKESPAN : 96

# -------------------------- #

--- TOTAL TOOL SWITCHES : 2
--- HIGHEST MAKESPAN : 96
--- TOTAL FLOWTIME : 831
--- RUNNING TIME : 7.87591

# -------------------------- #
RUN : 1 - instancias_txt/SSP-NPM-I/ins116_m=3_j=20_t=15_var=16.txt

- MACHINE [0]

















JOBS [0] - []
TOOL SWITCHES : 0
MAKESPAN : 0

- MACHINE [1]

0 1 0 1 
0 0 1 1 
1 1 0 1 
0 0 0 0 
0 1 1 0 
0 0 0 0 
0 0 0 0 
1 1 0 0 
1 0 1 1 
1 0 0 1 
1 0 1 0 
0 1 1 0 
0 1 1 1 
0 0 0 0 
0 0 0 0 

JOBS [4] - [1, 4, 3, 15]
TOOL SWITCHES : 0
MAKESPAN : 24

- MACHINE [2]

1 0 0 1 1 0 1 0 1 0 0 1 0 0 1 1 
1 0 1 1 1 1 0 0 0 0 0 0 0 0 0 0 
0 0 0 0 0 0 0 1 0 0 0 0 1 0 1 0 
1 0 0 1 1 0 1 1 0 0 1 0 1 0 0 1 
0 0 0 0 0 0 0 1 1 1 1 0 0 1 0 0 
1 1 1 0 1 1 1 0 1 0 0 1 0 1 1 1 
1 1 0 1 0 0 0 0 0 1 0 1 0 1 1 1 
0 1 1 0 0 1 1 0 0 0 0 0 0 0 0 0 
0 0 0 0 1 1 1 0 0 1 0 0 0 1 1 0 
0 1 1 0 1 0 0 1 1 0 1 1 0 0 0 0 
0 0 0 1 0 1 0 0 0 1 0 0 0 1 0 0 
0 0 0 0 0 0 0 1 0 0 1 1 1 1 0 1 
0 0 0 0 0 1 0 0 1 1 1 0 0 0 0 1 
1 1 1 0 0 0 1 1 0 0 0 0 1 0 1 0 
1 0 0 1 0 0 0 0 1 0 1 1 1 0 0 0 

JOBS [16] - [13, 16, 17, 5, 2, 7, 19, 10, 8, 14, 12, 6, 18, 0, 11, 9]
TOOL SWITCHES : 2
MAKESPAN : 105

# -------------------------- #

--- TOTAL TOOL SWITCHES : 2
--- HIGHEST MAKESPAN : 105
--- TOTAL FLOWTIME : 1022
--- RUNNING TIME : 6.42646

# -------------------------- #
RUN : 1 - instancias_txt/SSP-NPM-I/ins117_m=3_j=20_t=15_var=17.txt

- MACHINE [0]

1 
1 
0 
0 
0 
1 
0 
1 
1 
0 
0 
0 
1 
1 
0 

JOBS [1] - [9]
TOOL SWITCHES : 0
MAKESPAN : 3

- MACHINE [1]

1 1 0 0 0 0 0 0 0 0 0 
0 1 0 1 0 1 1 0 1 0 1 
1 0 1 0 0 1 1 0 0 0 0 
0 0 0 0 0 0 0 0 0 0 0 
0 1 1 0 1 1 1 0 0 0 1 
0 1 1 0 1 0 0 1 1 0 0 
0 0 0 0 0 0 0 1 0 1 1 
0 0 0 0 0 0 1 1 1 1 0 
0 0 1 0 1 1 1 0 1 0 0 
1 0 0 1 0 1 0 1 1 1 1 
0 0 0 0 0 0 0 0 0 0 0 
0 1 1 1 1 1 0 0 0 0 0 
1 1 0 1 1 0 0 0 0 0 1 
1 0 1 1 1 1 1 0 1 1 0 
1 1 0 1 0 0 1 1 0 1 0 

JOBS [11] - [12, 5, 16, 0, 11, 10, 4, 18, 13, 3, 7]
TOOL SWITCHES : 3
MAKESPAN : 66

- MACHINE [2]

1 1 0 1 0 1 0 1 
0 0 0 0 0 0 0 0 
0 0 1 0 0 1 1 0 
0 0 0 1 0 1 1 0 
0 1 0 0 1 0 1 1 
0 0 1 0 1 0 0 0 
1 0 0 1 1 1 0 0 
1 0 0 1 1 0 0 0 
0 0 1 0 1 0 0 0 
0 0 0 0 0 0 0 0 
0 1 1 0 1 1 1 1 
1 0 1 1 0 0 1 0 
0 1 1 0 0 1 0 1 
0 0 0 1 0 0 1 1 
1 1 0 0 0 0 1 0 

JOBS [8] - [8, 6, 19, 15, 17, 1, 14, 2]
TOOL SWITCHES : 0
MAKESPAN : 31

# -------------------------- #

--- TOTAL TOOL SWITCHES : 3
--- HIGHEST MAKESPAN : 66
--- TOTAL FLOWTIME : 508
--- RUNNING TIME : 3.3715

# -------------------------- #
RUN : 1 - instancias_txt/SSP-NPM-I/ins118_m=3_j=20_t=15_var=18.txt

- MACHINE [0]

0 0 
0 1 
0 0 
0 0 
0 0 
0 0 
1 1 
1 1 
1 0 
0 0 
0 0 
1 1 
0 0 
1 1 
1 0 

JOBS [2] - [9, 6]
TOOL SWITCHES : 0
MAKESPAN : 11

- MACHINE [1]

1 0 0 
0 1 1 
0 0 0 
0 0 0 
0 0 0 
0 0 0 
0 0 1 
0 0 1 
0 0 0 
0 1 1 
1 1 0 
1 0 1 
1 1 1 
1 0 0 
0 1 0 

JOBS [3] - [11, 19, 17]
TOOL SWITCHES : 0
MAKESPAN : 22

- MACHINE [2]

1 1 1 1 1 1 0 0 0 0 0 0 0 0 0 
0 0 1 0 0 0 1 1 0 1 1 0 0 0 0 
0 1 1 0 0 1 0 0 1 0 0 1 1 1 0 
0 1 1 0 1 1 0 1 0 1 0 0 0 0 0 
1 0 0 0 0 1 1 1 0 1 0 1 0 0 1 
1 0 0 0 0 1 0 1 1 1 1 0 0 0 1 
0 1 1 1 1 0 1 0 0 0 1 0 1 1 0 
0 0 0 0 1 1 0 0 1 1 1 1 1 1 1 
0 0 1 1 1 1 1 0 0 0 1 1 1 0 0 
1 0 1 1 0 0 1 1 0 1 0 1 0 1 0 
1 0 0 0 0 0 0 0 1 0 0 1 0 0 1 
0 0 0 0 0 0 0 0 0 0 0 0 0 0 0 
0 1 0 0 0 0 0 0 0 0 0 0 0 1 1 
0 0 0 0 0 0 0 1 1 0 1 0 0 1 1 
0 0 0 1 0 0 1 0 1 1 0 0 1 1 1 

JOBS [15] - [12, 14, 8, 2, 0, 16, 3, 18, 7, 1, 13, 4, 10, 15, 5]
TOOL SWITCHES : 1
MAKESPAN : 89

# -------------------------- #

--- TOTAL TOOL SWITCHES : 1
--- HIGHEST MAKESPAN : 89
--- TOTAL FLOWTIME : 792
--- RUNNING TIME : 4.9572

# -------------------------- #
RUN : 1 - instancias_txt/SSP-NPM-I/ins119_m=3_j=20_t=15_var=19.txt

- MACHINE [0]

1 
1 
0 
0 
0 
0 
1 
0 
0 
0 
0 
0 
1 
1 
1 

JOBS [1] - [15]
TOOL SWITCHES : 0
MAKESPAN : 1

- MACHINE [1]

1 1 1 
1 0 1 
1 1 1 
0 0 0 
1 0 0 
0 1 0 
1 1 1 
0 0 0 
0 1 1 
1 0 0 
0 0 0 
0 0 0 
0 0 0 
0 1 0 
1 1 0 

JOBS [3] - [1, 18, 16]
TOOL SWITCHES : 0
MAKESPAN : 14

- MACHINE [2]

0 1 1 0 0 0 1 0 1 1 0 1 0 0 1 1 
1 1 1 0 0 0 0 0 0 0 0 0 1 0 1 1 
0 0 0 1 0 0 0 1 1 1 0 0 0 1 1 0 
0 1 1 1 1 0 1 1 1 0 1 1 1 0 0 0 
1 1 0 1 0 1 1 0 1 0 1 1 0 0 0 1 
0 0 1 0 1 1 0 0 0 1 1 1 0 0 0 0 
0 0 0 0 0 0 0 0 0 0 0 0 0 0 0 0 
0 0 0 1 1 0 0 0 1 1 1 0 1 1 1 1 
0 1 0 1 1 0 1 0 0 0 0 0 0 0 0 0 
0 0 0 0 0 1 0 1 1 1 1 0 0 1 0 1 
1 0 0 1 0 1 0 1 0 1 1 0 0 1 0 0 
1 0 1 0 1 1 0 1 0 0 0 0 1 1 1 0 
1 0 0 0 0 1 1 1 1 0 0 1 1 0 0 0 
1 0 1 0 1 0 0 0 0 0 0 0 0 0 0 0 
1 1 1 0 1 0 1 0 0 1 0 1 1 0 1 0 

JOBS [16] - [13, 10, 11, 9, 0, 17, 12, 19, 4, 5, 2, 6, 14, 3, 8, 7]
TOOL SWITCHES : 1
MAKESPAN : 109

# -------------------------- #

--- TOTAL TOOL SWITCHES : 1
--- HIGHEST MAKESPAN : 109
--- TOTAL FLOWTIME : 936
--- RUNNING TIME : 7.17689

# -------------------------- #
RUN : 1 - instancias_txt/SSP-NPM-I/ins120_m=3_j=20_t=15_var=20.txt

- MACHINE [0]

0 
0 
1 
1 
0 
0 
1 
0 
0 
0 
0 
1 
1 
0 
1 

JOBS [1] - [4]
TOOL SWITCHES : 0
MAKESPAN : 9

- MACHINE [1]

0 0 
1 0 
1 1 
1 1 
0 1 
0 0 
0 0 
1 1 
1 0 
0 1 
0 0 
0 0 
1 0 
0 0 
0 0 

JOBS [2] - [7, 18]
TOOL SWITCHES : 0
MAKESPAN : 6

- MACHINE [2]

0 0 1 1 0 0 0 1 0 1 1 0 0 1 0 1 1 
0 1 0 1 0 0 0 1 1 0 1 0 1 1 0 0 0 
1 1 0 0 1 1 0 0 1 1 1 0 1 1 1 0 0 
0 0 0 0 0 0 0 0 0 0 0 0 0 0 0 0 0 
1 0 1 0 0 0 0 1 1 0 0 1 0 1 1 0 0 
0 1 1 0 1 0 1 0 1 1 1 1 1 1 0 0 1 
0 0 0 0 0 0 1 1 0 0 1 1 0 0 0 1 0 
1 0 1 1 1 1 0 0 1 1 0 0 1 0 1 0 1 
0 1 1 1 0 1 0 1 0 1 0 1 1 0 1 1 1 
0 0 0 1 1 1 0 0 0 0 0 0 0 0 1 1 1 
0 0 0 0 0 0 1 0 1 0 1 0 0 1 1 1 1 
1 1 1 0 1 1 0 0 0 0 0 0 0 0 0 0 0 
1 1 0 0 0 1 1 0 1 0 0 0 0 0 1 1 0 
1 0 0 0 1 1 0 1 0 0 0 0 1 0 0 1 0 
1 0 1 0 0 0 1 0 0 1 0 1 0 0 0 0 1 

JOBS [17] - [10, 5, 9, 6, 11, 12, 3, 13, 15, 0, 2, 1, 19, 8, 16, 14, 17]
TOOL SWITCHES : 1
MAKESPAN : 84

# -------------------------- #

--- TOTAL TOOL SWITCHES : 1
--- HIGHEST MAKESPAN : 84
--- TOTAL FLOWTIME : 852
--- RUNNING TIME : 6.51514

# -------------------------- #


avg : 2.1
