RUN : 1 - instancias_txt/SSP-NPM-I/ins101_m=3_j=20_t=15_var=1.txt

- MACHINE [0]

1 
0 
0 
1 
0 
0 
1 
0 
0 
0 
0 
0 
1 
1 
0 

JOBS [1] - [4]
TOOL SWITCHES : 0
MAKESPAN : 9

- MACHINE [1]

0 0 
0 0 
0 1 
0 1 
1 0 
0 0 
1 1 
1 0 
1 0 
1 1 
0 0 
0 0 
0 1 
0 0 
1 0 

JOBS [2] - [2, 14]
TOOL SWITCHES : 0
MAKESPAN : 15

- MACHINE [2]

0 0 0 0 1 1 1 0 0 1 1 0 0 0 1 1 1 
0 0 0 0 0 0 1 0 0 0 0 1 0 1 0 1 1 
0 0 0 0 0 0 1 1 0 1 1 0 1 1 1 0 0 
0 0 0 0 0 1 0 0 1 0 0 1 1 1 0 0 0 
1 0 0 1 0 1 0 1 1 1 1 1 0 0 1 0 1 
0 1 1 0 1 0 1 1 1 0 1 0 0 1 0 0 0 
0 1 1 0 1 0 0 0 0 0 0 0 0 0 0 0 0 
0 0 0 1 0 1 1 1 1 0 0 0 1 1 1 1 1 
1 1 0 1 0 1 0 0 0 0 0 0 1 0 1 1 1 
0 0 0 0 1 0 1 0 1 0 1 1 0 0 0 0 0 
1 0 0 0 1 0 0 0 0 1 0 0 0 1 0 1 0 
0 0 1 1 1 0 0 0 0 0 0 1 1 0 0 0 0 
1 1 1 1 0 1 0 0 0 0 0 0 0 0 0 0 0 
1 1 1 0 0 0 0 1 0 1 0 0 0 1 0 1 0 
1 0 1 0 0 0 0 1 1 0 0 1 0 0 0 0 1 

JOBS [17] - [9, 8, 17, 6, 12, 0, 10, 18, 1, 16, 19, 13, 15, 5, 7, 11, 3]
TOOL SWITCHES : 2
MAKESPAN : 115

# -------------------------- #

--- TOTAL TOOL SWITCHES : 2
--- HIGHEST MAKESPAN : 115
--- TOTAL FLOWTIME : 1049
--- RUNNING TIME : 6.37689

# -------------------------- #
RUN : 1 - instancias_txt/SSP-NPM-I/ins102_m=3_j=20_t=15_var=2.txt

- MACHINE [0]

1 
1 
0 
0 
1 
0 
0 
1 
0 
0 
0 
1 
0 
1 
1 

JOBS [1] - [16]
TOOL SWITCHES : 0
MAKESPAN : 5

- MACHINE [1]

0 0 0 
1 0 0 
0 1 1 
0 1 0 
1 0 1 
0 0 0 
1 0 1 
0 0 0 
1 1 0 
1 0 1 
0 0 1 
0 1 0 
0 0 0 
0 0 0 
1 1 1 

JOBS [3] - [6, 1, 7]
TOOL SWITCHES : 0
MAKESPAN : 23

- MACHINE [2]

0 1 0 1 1 1 1 0 0 1 0 1 1 1 0 0 
1 1 0 0 1 1 0 0 1 0 1 0 0 0 0 0 
1 1 0 0 0 0 0 1 1 0 0 0 0 0 1 1 
0 1 1 0 0 0 1 1 0 0 0 0 0 0 0 0 
0 0 0 1 0 0 1 1 0 1 0 1 0 0 0 1 
0 0 1 0 1 0 0 0 0 1 1 0 0 1 1 0 
0 1 1 1 0 1 1 1 0 0 0 1 0 1 1 1 
1 1 0 1 0 1 1 0 0 0 0 0 0 0 0 0 
0 0 1 0 0 0 1 0 1 0 1 1 0 1 1 1 
1 0 0 1 0 0 0 1 1 0 0 0 1 1 0 0 
0 0 0 0 0 0 0 0 0 0 1 1 1 1 1 1 
0 1 1 1 1 1 0 0 0 1 1 0 0 1 0 0 
1 0 0 0 1 1 0 0 0 1 0 1 1 0 0 0 
0 0 1 0 1 0 0 1 1 0 0 0 1 0 1 1 
0 0 0 0 0 0 0 0 0 0 0 0 0 0 0 0 

JOBS [16] - [3, 15, 0, 11, 9, 19, 14, 4, 13, 18, 8, 12, 10, 17, 5, 2]
TOOL SWITCHES : 1
MAKESPAN : 69

# -------------------------- #

--- TOTAL TOOL SWITCHES : 1
--- HIGHEST MAKESPAN : 69
--- TOTAL FLOWTIME : 590
--- RUNNING TIME : 6.30879

# -------------------------- #
RUN : 1 - instancias_txt/SSP-NPM-I/ins103_m=3_j=20_t=15_var=3.txt

- MACHINE [0]

















JOBS [0] - []
TOOL SWITCHES : 0
MAKESPAN : 0

- MACHINE [1]

1 0 
0 1 
1 1 
0 0 
0 0 
1 1 
0 0 
1 1 
1 1 
0 0 
1 0 
0 0 
0 1 
0 0 
0 0 

JOBS [2] - [0, 12]
TOOL SWITCHES : 0
MAKESPAN : 12

- MACHINE [2]

1 0 0 0 0 0 1 0 1 1 0 0 1 0 0 1 0 0 
1 0 0 1 1 0 0 1 1 1 1 1 0 0 0 0 0 0 
1 1 1 1 1 0 0 0 0 0 0 0 0 0 0 0 0 0 
1 0 1 0 0 0 1 0 0 0 1 0 0 1 0 1 1 0 
0 1 1 0 0 0 0 1 0 1 0 0 1 1 1 1 1 0 
0 0 0 0 0 0 0 0 0 0 0 0 0 1 1 1 0 0 
0 0 0 1 1 0 1 0 1 1 0 1 0 1 1 0 0 1 
0 1 0 1 0 1 0 1 1 0 0 0 0 1 0 0 1 0 
1 1 0 1 1 1 0 1 1 0 0 1 1 0 0 0 0 1 
1 1 1 0 0 1 0 1 0 0 0 0 0 0 0 1 0 1 
0 0 0 0 0 1 1 1 1 1 0 0 0 1 1 0 1 1 
0 0 1 0 0 1 0 0 1 1 1 1 1 1 1 1 0 0 
0 1 0 0 1 1 1 0 0 0 1 0 1 0 0 0 0 0 
0 0 0 1 1 1 1 1 0 1 0 1 0 0 0 0 0 1 
0 1 1 1 0 0 0 0 0 0 1 0 1 0 1 1 1 1 

JOBS [18] - [4, 16, 5, 17, 7, 10, 19, 13, 18, 6, 8, 2, 1, 11, 15, 9, 3, 14]
TOOL SWITCHES : 2
MAKESPAN : 125

# -------------------------- #

--- TOTAL TOOL SWITCHES : 2
--- HIGHEST MAKESPAN : 125
--- TOTAL FLOWTIME : 1129
--- RUNNING TIME : 6.42269

# -------------------------- #
RUN : 1 - instancias_txt/SSP-NPM-I/ins104_m=3_j=20_t=15_var=4.txt

- MACHINE [0]

0 
1 
0 
0 
1 
1 
0 
1 
0 
0 
1 
0 
1 
0 
0 

JOBS [1] - [13]
TOOL SWITCHES : 0
MAKESPAN : 1

- MACHINE [1]

















JOBS [0] - []
TOOL SWITCHES : 0
MAKESPAN : 0

- MACHINE [2]

0 0 1 1 1 1 1 0 0 1 0 1 1 0 1 1 1 0 1 
1 1 0 0 0 0 0 0 1 1 0 1 0 1 0 1 1 0 1 
0 0 1 0 1 1 0 1 0 0 1 1 0 0 1 0 0 0 0 
1 1 0 0 0 0 0 1 1 0 0 0 1 0 0 1 0 1 0 
0 0 0 0 0 1 1 0 0 0 1 0 0 1 1 0 1 1 0 
0 1 1 0 0 1 1 1 1 1 1 1 0 0 0 0 0 0 0 
0 0 1 0 0 1 1 0 1 1 1 0 1 1 0 0 0 0 0 
1 1 0 1 1 1 0 0 0 0 0 0 0 0 0 0 0 0 0 
0 0 0 0 0 0 0 1 1 0 0 1 0 1 1 0 1 0 0 
1 1 1 0 1 0 1 0 0 0 1 0 1 0 0 0 1 1 1 
1 1 0 1 0 0 0 1 0 0 0 0 0 0 1 1 0 1 0 
0 0 1 1 1 0 1 0 0 1 1 0 1 0 0 0 0 1 0 
0 0 0 0 0 0 0 0 0 0 0 0 1 1 0 0 0 1 1 
0 0 0 0 1 1 0 1 1 0 1 0 0 1 0 1 1 0 1 
1 0 0 1 0 0 0 0 0 1 0 0 0 0 0 1 1 0 1 

JOBS [19] - [16, 11, 8, 5, 2, 0, 4, 9, 3, 1, 18, 6, 15, 14, 19, 17, 7, 10, 12]
TOOL SWITCHES : 2
MAKESPAN : 113

# -------------------------- #

--- TOTAL TOOL SWITCHES : 2
--- HIGHEST MAKESPAN : 113
--- TOTAL FLOWTIME : 955
--- RUNNING TIME : 6.87847

# -------------------------- #
RUN : 1 - instancias_txt/SSP-NPM-I/ins105_m=3_j=20_t=15_var=5.txt

- MACHINE [0]

0 
0 
0 
0 
0 
0 
1 
1 
1 
0 
0 
1 
0 
1 
0 

JOBS [1] - [16]
TOOL SWITCHES : 0
MAKESPAN : 4

- MACHINE [1]

1 0 1 
1 1 1 
0 1 1 
1 1 0 
0 0 0 
0 1 0 
0 0 0 
0 0 0 
1 0 1 
1 1 0 
0 1 1 
0 0 0 
1 0 0 
1 1 1 
0 0 0 

JOBS [3] - [17, 8, 9]
TOOL SWITCHES : 0
MAKESPAN : 20

- MACHINE [2]

0 0 1 1 0 0 1 1 0 0 0 1 1 1 0 1 
1 1 1 0 0 1 0 1 1 0 0 0 1 0 1 0 
0 0 0 0 0 0 0 0 0 1 0 0 1 0 0 1 
0 0 0 0 0 1 0 0 0 0 1 0 0 1 1 1 
1 1 0 1 1 0 1 0 1 1 0 0 0 0 0 1 
0 1 1 0 0 0 0 0 0 1 0 1 1 1 0 1 
0 1 0 1 1 1 0 1 1 0 1 0 1 1 1 0 
1 0 0 0 0 1 0 1 1 1 0 1 0 0 0 0 
1 1 0 0 0 0 0 0 0 0 0 0 0 0 0 0 
1 1 0 1 1 0 0 0 0 0 1 0 0 1 1 0 
0 0 1 0 1 0 1 1 0 1 1 1 1 0 0 0 
0 1 0 1 0 1 1 1 0 0 1 0 0 0 0 1 
1 0 0 0 0 0 0 0 1 1 0 1 0 0 1 0 
0 0 1 0 1 1 1 0 1 0 1 1 1 0 0 0 
0 0 1 1 1 1 1 0 1 0 0 0 0 0 0 0 

JOBS [16] - [1, 6, 5, 7, 18, 19, 15, 3, 2, 10, 11, 14, 4, 13, 12, 0]
TOOL SWITCHES : 2
MAKESPAN : 97

# -------------------------- #

--- TOTAL TOOL SWITCHES : 2
--- HIGHEST MAKESPAN : 97
--- TOTAL FLOWTIME : 808
--- RUNNING TIME : 7.29684

# -------------------------- #
RUN : 1 - instancias_txt/SSP-NPM-I/ins106_m=3_j=20_t=15_var=6.txt

- MACHINE [0]

0 
1 
1 
0 
0 
1 
0 
0 
1 
1 
0 
1 
0 
1 
0 

JOBS [1] - [10]
TOOL SWITCHES : 0
MAKESPAN : 10

- MACHINE [1]

0 0 1 1 1 
1 0 0 0 0 
0 0 0 0 0 
1 1 0 0 1 
1 0 0 1 1 
0 1 1 1 1 
0 0 1 1 0 
0 0 0 0 0 
1 0 1 1 1 
0 0 0 0 0 
0 0 0 0 0 
1 1 0 1 1 
0 1 1 0 1 
0 1 0 1 0 
0 0 0 0 0 

JOBS [5] - [14, 16, 15, 18, 1]
TOOL SWITCHES : 0
MAKESPAN : 26

- MACHINE [2]

0 0 0 1 1 1 1 0 0 0 0 0 0 1 
1 0 1 1 1 1 0 0 0 0 0 1 0 0 
0 0 1 1 1 0 0 0 0 0 1 0 1 1 
1 1 1 0 0 0 0 1 0 1 0 1 0 1 
1 0 0 0 0 0 1 0 1 0 0 0 0 0 
0 0 0 1 1 0 1 1 0 0 0 0 0 0 
0 0 0 0 0 0 0 0 1 1 1 0 1 0 
0 1 0 0 0 1 0 0 1 1 1 0 0 0 
0 0 0 0 0 0 0 0 0 0 0 0 0 0 
1 0 1 1 1 0 0 1 0 1 1 1 1 0 
1 0 0 0 1 0 1 0 1 1 0 1 0 1 
0 0 0 1 0 1 0 1 1 1 0 0 0 1 
0 1 1 0 1 1 1 1 1 0 1 1 1 0 
0 1 0 0 0 1 0 0 0 0 0 1 1 0 
0 1 1 0 0 0 1 1 1 0 1 1 0 1 

JOBS [14] - [11, 3, 17, 2, 12, 8, 9, 7, 19, 13, 6, 4, 5, 0]
TOOL SWITCHES : 1
MAKESPAN : 92

# -------------------------- #

--- TOTAL TOOL SWITCHES : 1
--- HIGHEST MAKESPAN : 92
--- TOTAL FLOWTIME : 825
--- RUNNING TIME : 4.57443

# -------------------------- #
RUN : 1 - instancias_txt/SSP-NPM-I/ins107_m=3_j=20_t=15_var=7.txt

- MACHINE [0]

0 
1 
1 
1 
0 
0 
0 
0 
0 
0 
1 
0 
1 
1 
0 

JOBS [1] - [16]
TOOL SWITCHES : 0
MAKESPAN : 7

- MACHINE [1]

0 0 0 
1 0 0 
0 0 1 
0 0 0 
1 0 1 
0 0 1 
0 0 0 
1 0 0 
0 0 0 
0 1 1 
0 0 0 
0 1 0 
1 1 0 
1 1 1 
0 1 0 

JOBS [3] - [6, 17, 11]
TOOL SWITCHES : 0
MAKESPAN : 14

- MACHINE [2]

0 1 0 0 0 1 0 1 0 1 1 0 1 0 0 1 
0 0 0 0 0 1 1 1 0 0 1 1 1 0 1 1 
1 0 1 0 1 1 0 0 1 0 0 1 1 0 0 1 
0 0 1 1 1 1 1 0 1 0 0 0 1 0 0 0 
0 1 0 1 1 0 0 1 0 0 1 0 0 0 1 0 
1 0 0 0 0 1 1 0 1 1 1 0 0 1 1 0 
1 1 0 0 0 0 1 1 0 1 1 0 0 1 1 0 
0 0 0 1 1 0 0 1 1 0 0 1 0 0 1 1 
0 1 1 1 0 0 1 0 1 0 0 1 0 0 1 0 
1 1 1 1 0 0 0 0 0 0 0 0 0 0 0 0 
0 1 0 1 0 0 1 0 1 1 1 0 0 1 0 1 
1 0 1 0 1 0 0 1 0 1 0 1 0 0 0 1 
0 0 1 0 1 0 0 0 0 1 0 0 1 1 0 0 
0 0 0 0 0 0 0 0 0 0 0 0 0 0 0 0 
1 0 1 0 1 1 1 0 0 0 1 0 0 1 0 0 

JOBS [16] - [2, 3, 7, 5, 0, 13, 12, 18, 9, 4, 10, 1, 19, 14, 15, 8]
TOOL SWITCHES : 1
MAKESPAN : 110

# -------------------------- #

--- TOTAL TOOL SWITCHES : 1
--- HIGHEST MAKESPAN : 110
--- TOTAL FLOWTIME : 960
--- RUNNING TIME : 6.61415

# -------------------------- #
RUN : 1 - instancias_txt/SSP-NPM-I/ins108_m=3_j=20_t=15_var=8.txt

- MACHINE [0]

0 
1 
0 
1 
0 
0 
1 
0 
0 
1 
0 
1 
0 
1 
1 

JOBS [1] - [3]
TOOL SWITCHES : 0
MAKESPAN : 3

- MACHINE [1]

0 0 
0 0 
0 1 
1 1 
0 1 
0 0 
0 0 
1 1 
0 0 
1 0 
1 1 
0 0 
1 1 
1 0 
0 0 

JOBS [2] - [8, 9]
TOOL SWITCHES : 0
MAKESPAN : 8

- MACHINE [2]

1 0 0 0 1 0 0 0 1 0 1 0 1 1 0 1 1 
0 0 0 0 1 0 0 0 0 1 0 1 0 0 0 0 1 
0 1 0 0 0 1 1 0 0 1 1 0 1 1 0 0 1 
0 0 1 1 0 0 0 1 1 0 0 1 0 0 1 1 0 
1 1 1 0 1 1 1 0 0 0 0 0 0 0 0 0 0 
1 1 1 0 0 1 0 1 0 1 1 0 1 0 0 0 1 
0 0 1 0 0 0 0 0 1 1 0 0 0 0 1 1 0 
1 1 0 1 0 0 0 0 0 0 0 0 0 0 0 0 0 
0 1 0 1 0 1 1 1 1 0 0 1 0 1 0 0 0 
1 0 0 1 0 0 1 0 1 0 0 0 0 1 1 0 0 
0 0 0 0 1 0 1 0 1 0 1 1 1 0 0 0 0 
1 0 1 1 1 1 0 1 0 1 1 0 1 1 0 0 0 
0 1 0 1 1 0 0 1 0 0 0 1 1 0 1 0 1 
0 0 0 0 0 0 0 0 0 0 1 1 0 0 0 1 0 
1 1 0 0 1 0 0 0 0 1 0 1 0 1 1 1 0 

JOBS [17] - [11, 2, 15, 19, 14, 0, 17, 5, 18, 4, 10, 7, 6, 13, 1, 12, 16]
TOOL SWITCHES : 2
MAKESPAN : 84

# -------------------------- #

--- TOTAL TOOL SWITCHES : 2
--- HIGHEST MAKESPAN : 84
--- TOTAL FLOWTIME : 657
--- RUNNING TIME : 7.16871

# -------------------------- #
RUN : 1 - instancias_txt/SSP-NPM-I/ins109_m=3_j=20_t=15_var=9.txt

- MACHINE [0]

















JOBS [0] - []
TOOL SWITCHES : 0
MAKESPAN : 0

- MACHINE [1]

0 1 0 0 
0 0 0 0 
1 0 0 1 
0 1 0 0 
0 0 0 0 
1 0 1 0 
0 1 1 1 
1 1 0 1 
1 0 1 1 
0 0 0 0 
0 0 0 0 
1 0 0 1 
0 0 0 0 
0 1 1 0 
0 1 1 1 

JOBS [4] - [12, 0, 5, 4]
TOOL SWITCHES : 0
MAKESPAN : 16

- MACHINE [2]

0 1 0 0 0 0 1 1 1 1 0 1 0 0 0 1 
1 1 1 0 0 1 1 0 0 1 0 1 0 1 0 1 
1 0 1 1 0 0 1 1 0 1 0 0 1 0 0 0 
1 1 1 1 1 0 0 0 0 0 0 0 0 0 0 0 
0 1 0 0 1 1 0 1 0 1 1 1 1 0 0 1 
1 0 1 0 1 0 0 0 1 0 1 1 0 0 0 1 
0 0 0 0 0 1 0 0 1 1 1 0 0 0 0 0 
0 0 0 0 0 0 0 0 0 0 0 0 0 1 1 0 
0 1 1 0 1 0 0 0 0 0 0 0 1 0 1 0 
0 0 0 1 1 1 0 0 1 1 0 0 0 1 1 0 
0 1 0 0 1 0 0 1 0 0 1 0 1 0 1 0 
1 0 0 1 0 0 1 0 1 0 0 0 1 0 1 0 
0 0 0 1 0 1 1 0 0 0 0 1 1 0 0 0 
1 0 0 1 0 1 1 1 1 0 0 0 0 1 1 1 
1 0 0 1 0 0 1 1 0 1 1 1 0 1 1 0 

JOBS [16] - [15, 16, 7, 17, 9, 18, 13, 14, 19, 8, 6, 10, 1, 3, 11, 2]
TOOL SWITCHES : 2
MAKESPAN : 87

# -------------------------- #

--- TOTAL TOOL SWITCHES : 2
--- HIGHEST MAKESPAN : 87
--- TOTAL FLOWTIME : 744
--- RUNNING TIME : 7.66626

# -------------------------- #
RUN : 1 - instancias_txt/SSP-NPM-I/ins110_m=3_j=20_t=15_var=10.txt

- MACHINE [0]

















JOBS [0] - []
TOOL SWITCHES : 0
MAKESPAN : 0

- MACHINE [1]

1 
0 
0 
0 
1 
1 
0 
0 
1 
1 
0 
0 
1 
0 
1 

JOBS [1] - [9]
TOOL SWITCHES : 0
MAKESPAN : 1

- MACHINE [2]

0 1 1 0 0 0 1 0 1 1 0 0 0 0 0 1 0 0 0 
0 0 0 1 0 0 0 1 1 1 0 1 0 1 0 1 0 1 1 
0 0 0 1 1 1 0 0 0 1 0 1 0 1 1 0 1 1 1 
1 0 1 0 0 0 1 1 1 0 1 0 0 1 0 1 0 0 0 
1 0 1 1 1 0 0 0 0 0 0 0 0 0 0 0 0 0 0 
0 0 0 0 1 1 1 0 1 0 0 0 1 0 1 0 0 0 1 
1 1 1 0 0 1 1 0 0 0 1 1 0 1 1 0 0 0 0 
1 1 0 1 0 0 0 1 1 1 0 0 0 0 1 0 1 1 0 
0 0 0 0 1 0 1 1 1 1 0 1 1 0 1 1 1 1 1 
0 1 0 1 0 1 0 0 0 0 1 0 0 0 0 0 1 1 0 
1 1 0 0 1 1 1 0 0 0 0 0 0 0 0 0 0 0 0 
0 0 0 0 0 1 0 0 1 1 1 1 1 0 0 0 0 0 1 
0 0 0 0 0 0 0 1 0 0 0 1 1 0 1 0 0 0 0 
0 0 1 1 0 0 0 0 0 0 0 1 1 1 0 1 0 1 0 
1 1 1 0 1 0 0 0 0 0 1 0 1 0 1 1 1 0 0 

JOBS [19] - [14, 10, 19, 5, 13, 7, 16, 18, 4, 15, 2, 6, 12, 3, 11, 1, 0, 8, 17]
TOOL SWITCHES : 2
MAKESPAN : 86

# -------------------------- #

--- TOTAL TOOL SWITCHES : 2
--- HIGHEST MAKESPAN : 86
--- TOTAL FLOWTIME : 888
--- RUNNING TIME : 7.37321

# -------------------------- #
RUN : 1 - instancias_txt/SSP-NPM-I/ins111_m=3_j=20_t=15_var=11.txt

- MACHINE [0]

0 0 
0 0 
0 0 
0 0 
0 0 
0 1 
0 0 
0 1 
1 1 
0 0 
0 1 
0 1 
1 1 
0 0 
1 0 

JOBS [2] - [17, 6]
TOOL SWITCHES : 0
MAKESPAN : 10

- MACHINE [1]

0 1 
1 0 
1 1 
0 0 
0 1 
1 0 
1 1 
0 0 
0 0 
0 0 
1 1 
1 0 
1 1 
0 0 
0 0 

JOBS [2] - [16, 0]
TOOL SWITCHES : 0
MAKESPAN : 15

- MACHINE [2]

1 0 0 0 0 1 1 0 1 0 0 1 0 0 1 0 
0 1 0 0 0 1 1 1 0 0 1 0 1 0 1 1 
0 0 0 0 0 0 0 1 0 0 0 1 0 0 0 1 
0 0 0 0 0 0 0 0 0 0 1 1 0 1 1 0 
0 1 1 0 1 1 1 0 0 1 0 1 1 0 0 0 
1 1 0 1 1 0 0 0 1 0 1 0 0 0 0 1 
1 1 1 0 0 0 0 1 1 0 0 0 1 0 0 0 
0 0 0 0 0 0 0 0 0 1 0 0 1 1 1 1 
0 0 1 1 0 0 1 0 1 1 0 1 1 1 0 0 
1 1 0 1 1 1 1 1 0 0 1 1 0 1 1 1 
0 0 1 1 1 0 0 1 0 0 0 0 0 0 0 0 
1 0 0 1 1 0 1 1 0 1 0 0 1 1 0 0 
1 1 0 0 0 1 0 1 1 0 1 0 0 0 1 1 
0 1 1 1 1 0 0 0 1 1 0 0 0 0 0 0 
0 0 1 0 1 1 1 0 0 1 1 1 0 0 0 0 

JOBS [16] - [5, 9, 18, 8, 4, 3, 10, 12, 7, 14, 13, 2, 19, 1, 15, 11]
TOOL SWITCHES : 2
MAKESPAN : 84

# -------------------------- #

--- TOTAL TOOL SWITCHES : 2
--- HIGHEST MAKESPAN : 84
--- TOTAL FLOWTIME : 688
--- RUNNING TIME : 5.67886

# -------------------------- #
RUN : 1 - instancias_txt/SSP-NPM-I/ins112_m=3_j=20_t=15_var=12.txt

- MACHINE [0]

















JOBS [0] - []
TOOL SWITCHES : 0
MAKESPAN : 0

- MACHINE [1]

0 
0 
0 
0 
1 
0 
1 
1 
1 
1 
0 
1 
1 
0 
0 

JOBS [1] - [14]
TOOL SWITCHES : 0
MAKESPAN : 1

- MACHINE [2]

0 1 0 0 1 1 1 0 0 0 0 1 1 1 0 1 0 0 1 
0 1 1 0 0 0 1 1 0 1 1 0 0 0 1 0 0 0 1 
1 0 0 0 0 1 1 0 0 0 0 1 0 0 1 1 0 0 1 
0 0 0 0 0 1 0 1 1 1 0 1 1 0 1 0 0 1 0 
0 0 0 0 1 1 1 1 0 0 1 0 1 0 0 0 0 0 0 
1 0 0 1 1 0 1 0 1 1 0 0 0 1 0 0 1 1 0 
0 1 0 1 0 0 0 1 0 0 1 1 0 0 1 0 1 1 0 
1 1 1 1 0 0 0 0 0 0 0 0 0 0 0 0 0 0 0 
0 0 0 0 0 0 0 0 0 0 1 0 0 1 1 1 0 0 1 
1 0 1 0 1 1 0 0 1 0 0 0 0 0 0 1 0 1 1 
1 1 1 0 0 0 0 0 1 0 1 1 1 0 1 1 1 0 0 
1 1 1 0 1 0 1 1 0 1 0 0 0 0 0 0 0 0 0 
0 0 1 1 0 1 0 0 0 1 0 0 1 1 0 1 1 0 0 
0 0 1 0 0 0 0 1 1 1 0 0 0 0 0 0 0 1 1 
1 0 0 1 1 0 0 0 1 1 1 1 0 1 1 0 1 1 0 

JOBS [19] - [15, 5, 9, 2, 4, 12, 0, 7, 19, 10, 18, 6, 17, 13, 1, 11, 16, 8, 3]
TOOL SWITCHES : 2
MAKESPAN : 117

# -------------------------- #

--- TOTAL TOOL SWITCHES : 2
--- HIGHEST MAKESPAN : 117
--- TOTAL FLOWTIME : 1283
--- RUNNING TIME : 7.16631

# -------------------------- #
RUN : 1 - instancias_txt/SSP-NPM-I/ins113_m=3_j=20_t=15_var=13.txt

- MACHINE [0]

















JOBS [0] - []
TOOL SWITCHES : 0
MAKESPAN : 0

- MACHINE [1]

1 1 
0 1 
0 1 
1 0 
0 0 
1 1 
0 0 
0 0 
1 0 
1 1 
0 0 
0 0 
0 1 
1 1 
0 0 

JOBS [2] - [13, 5]
TOOL SWITCHES : 0
MAKESPAN : 12

- MACHINE [2]

0 1 1 1 1 0 0 0 0 0 0 0 0 0 0 0 0 0 
1 1 0 1 0 1 1 0 0 1 1 0 0 0 0 1 0 0 
1 0 0 1 0 0 1 1 1 0 1 0 0 1 1 0 1 0 
0 1 0 0 0 0 1 0 1 1 0 0 1 0 0 1 0 0 
0 0 1 0 0 1 1 0 1 0 0 0 0 1 0 1 1 0 
0 0 0 0 0 0 0 0 1 0 1 0 0 0 1 0 1 1 
1 1 1 0 0 0 0 1 0 0 0 0 0 0 0 1 0 1 
1 0 0 0 1 0 1 0 0 1 0 1 0 0 1 1 0 1 
0 0 0 1 1 0 0 1 0 0 0 1 1 1 0 1 0 0 
1 0 1 0 0 1 1 1 1 0 1 1 1 0 0 0 0 1 
0 0 0 1 1 1 0 1 0 0 0 1 1 1 0 0 1 1 
0 0 1 0 0 0 0 1 0 1 1 1 0 1 1 0 1 1 
0 0 0 0 0 0 0 0 0 1 0 1 1 1 1 0 0 0 
1 1 0 0 1 1 1 1 0 0 0 0 0 0 0 0 0 0 
0 1 1 1 1 0 0 0 0 1 0 0 0 0 1 1 1 0 

JOBS [18] - [15, 8, 9, 10, 0, 18, 2, 7, 17, 11, 12, 14, 1, 6, 4, 3, 16, 19]
TOOL SWITCHES : 2
MAKESPAN : 131

# -------------------------- #

--- TOTAL TOOL SWITCHES : 2
--- HIGHEST MAKESPAN : 131
--- TOTAL FLOWTIME : 1200
--- RUNNING TIME : 6.85355

# -------------------------- #
RUN : 1 - instancias_txt/SSP-NPM-I/ins114_m=3_j=20_t=15_var=14.txt

- MACHINE [0]

1 
1 
0 
0 
0 
1 
0 
1 
0 
0 
1 
0 
0 
0 
1 

JOBS [1] - [12]
TOOL SWITCHES : 0
MAKESPAN : 8

- MACHINE [1]

1 0 1 
1 1 0 
0 1 0 
1 0 1 
0 1 0 
0 0 0 
0 1 0 
0 0 0 
1 0 1 
0 1 1 
0 0 0 
0 1 1 
1 0 1 
0 0 0 
0 0 0 

JOBS [3] - [2, 17, 10]
TOOL SWITCHES : 0
MAKESPAN : 23

- MACHINE [2]

0 0 1 0 0 1 1 0 1 0 0 0 0 0 1 1 
0 0 0 0 0 0 0 0 0 0 0 0 0 0 0 0 
0 0 0 0 1 0 1 1 0 1 0 1 0 0 0 1 
0 0 0 0 0 0 0 1 0 1 1 1 1 1 0 0 
0 1 1 0 0 0 0 0 0 1 1 0 0 0 1 0 
0 1 0 0 1 1 0 0 1 0 1 0 0 1 0 0 
0 1 0 1 1 1 0 0 0 0 0 0 0 0 0 0 
1 1 0 0 0 0 0 1 1 0 1 0 1 1 1 0 
0 0 0 0 1 0 0 1 0 1 0 0 0 1 1 1 
1 0 0 1 0 1 1 0 0 0 1 1 0 0 0 1 
1 1 1 1 0 1 0 1 0 1 0 1 1 0 1 1 
1 0 1 0 0 0 0 0 0 0 0 1 1 0 0 1 
0 0 1 1 1 1 0 0 1 1 1 0 0 1 0 0 
1 0 0 1 0 0 1 1 1 1 0 0 1 1 1 0 
1 1 1 1 1 1 1 0 1 0 1 1 0 0 0 0 

JOBS [16] - [7, 0, 19, 3, 15, 5, 11, 16, 9, 4, 6, 18, 14, 13, 1, 8]
TOOL SWITCHES : 1
MAKESPAN : 79

# -------------------------- #

--- TOTAL TOOL SWITCHES : 1
--- HIGHEST MAKESPAN : 79
--- TOTAL FLOWTIME : 780
--- RUNNING TIME : 5.93624

# -------------------------- #
RUN : 1 - instancias_txt/SSP-NPM-I/ins115_m=3_j=20_t=15_var=15.txt

- MACHINE [0]

0 
1 
0 
0 
0 
1 
0 
1 
0 
1 
0 
0 
0 
0 
1 

JOBS [1] - [0]
TOOL SWITCHES : 0
MAKESPAN : 5

- MACHINE [1]

0 1 1 
0 1 1 
1 1 1 
0 0 0 
0 1 0 
0 0 0 
1 0 0 
0 0 0 
1 0 1 
0 0 1 
1 1 1 
0 0 0 
0 0 0 
0 1 0 
1 1 1 

JOBS [3] - [19, 15, 5]
TOOL SWITCHES : 0
MAKESPAN : 19

- MACHINE [2]

1 0 1 1 0 1 1 1 1 1 0 1 1 0 0 0 
0 0 0 0 1 0 0 1 1 0 0 0 1 0 1 1 
1 0 0 1 0 1 1 1 0 0 0 0 1 1 1 0 
0 0 1 0 0 0 0 0 0 1 1 1 0 0 0 1 
0 1 0 1 0 1 0 1 0 0 1 0 0 1 1 0 
0 1 1 0 1 0 0 0 0 0 1 1 0 0 0 0 
1 0 0 1 1 0 1 0 0 1 0 0 0 0 1 1 
1 0 0 0 0 0 1 1 1 1 0 1 1 1 1 0 
0 0 0 1 0 0 0 0 0 0 1 1 0 0 0 1 
1 0 0 0 1 0 1 1 0 0 0 0 0 0 0 0 
0 1 0 0 1 1 1 0 1 1 1 0 1 1 1 0 
1 1 1 1 1 1 0 1 1 0 0 0 1 1 0 0 
0 0 0 0 0 0 0 0 1 0 0 1 1 1 0 1 
0 1 1 0 0 1 1 0 0 1 1 0 0 0 1 0 
0 0 0 0 0 0 0 0 0 0 0 0 0 0 0 0 

JOBS [16] - [4, 13, 7, 17, 8, 12, 1, 9, 3, 18, 6, 16, 10, 2, 11, 14]
TOOL SWITCHES : 1
MAKESPAN : 90

# -------------------------- #

--- TOTAL TOOL SWITCHES : 1
--- HIGHEST MAKESPAN : 90
--- TOTAL FLOWTIME : 798
--- RUNNING TIME : 5.87878

# -------------------------- #
RUN : 1 - instancias_txt/SSP-NPM-I/ins116_m=3_j=20_t=15_var=16.txt

- MACHINE [0]

0 0 
0 0 
1 1 
1 1 
1 0 
0 0 
0 0 
0 0 
0 0 
1 0 
0 0 
1 1 
0 0 
1 1 
0 1 

JOBS [2] - [10, 18]
TOOL SWITCHES : 0
MAKESPAN : 16

- MACHINE [1]

0 1 0 
0 1 1 
1 1 0 
0 0 0 
0 0 0 
0 0 1 
0 0 0 
1 0 1 
1 1 1 
1 1 0 
1 0 1 
0 0 0 
0 1 1 
0 0 0 
0 0 0 

JOBS [3] - [1, 15, 7]
TOOL SWITCHES : 0
MAKESPAN : 17

- MACHINE [2]

1 1 1 0 1 0 0 0 1 1 1 0 1 0 1 
1 0 0 0 0 1 0 0 1 0 1 1 0 0 0 
0 0 0 0 0 0 0 0 0 1 0 0 1 0 0 
1 0 1 0 0 0 1 0 1 0 1 0 0 0 1 
0 0 0 1 1 1 1 1 0 1 0 0 0 0 0 
1 1 1 1 1 0 0 0 0 0 1 1 1 1 1 
0 1 1 1 0 0 0 1 1 0 1 0 1 1 0 
0 0 0 0 0 0 0 0 0 1 0 1 0 1 1 
1 0 0 1 0 1 0 1 0 0 0 0 1 0 1 
1 1 0 0 1 0 1 0 0 0 0 1 0 1 0 
0 0 0 1 0 1 0 1 1 0 0 0 0 0 0 
0 1 1 1 0 1 1 0 0 1 0 0 0 0 0 
0 0 1 0 1 1 1 1 0 1 0 0 0 0 0 
0 0 0 0 0 0 0 0 0 0 1 1 1 1 1 
0 1 0 0 1 0 1 0 1 0 1 0 0 0 0 

JOBS [15] - [2, 6, 9, 0, 8, 3, 12, 14, 5, 4, 13, 17, 11, 16, 19]
TOOL SWITCHES : 2
MAKESPAN : 101

# -------------------------- #

--- TOTAL TOOL SWITCHES : 2
--- HIGHEST MAKESPAN : 101
--- TOTAL FLOWTIME : 830
--- RUNNING TIME : 6.369

# -------------------------- #
RUN : 1 - instancias_txt/SSP-NPM-I/ins117_m=3_j=20_t=15_var=17.txt

- MACHINE [0]

1 
0 
0 
1 
0 
0 
1 
1 
0 
0 
0 
1 
0 
1 
0 

JOBS [1] - [15]
TOOL SWITCHES : 0
MAKESPAN : 2

- MACHINE [1]

0 1 1 
0 0 0 
1 0 1 
1 0 1 
1 1 0 
0 0 0 
0 0 1 
0 0 0 
0 0 0 
0 0 0 
1 1 1 
1 0 0 
0 1 1 
1 0 0 
1 1 0 

JOBS [3] - [14, 6, 1]
TOOL SWITCHES : 0
MAKESPAN : 20

- MACHINE [2]

0 1 0 0 0 1 1 0 1 0 0 0 0 1 0 0 
1 0 0 1 0 0 0 0 1 1 0 0 1 1 0 1 
1 1 1 1 1 0 0 0 0 0 0 0 0 0 0 0 
0 0 0 0 0 0 0 0 0 0 0 0 0 0 0 0 
1 0 0 1 1 0 1 1 0 1 0 1 0 1 0 0 
0 0 1 0 1 0 0 1 1 0 0 1 1 1 1 0 
0 0 0 0 0 1 0 1 0 1 1 0 0 0 1 0 
1 0 0 0 0 1 0 1 1 0 1 0 1 0 1 0 
1 0 1 1 1 0 0 1 1 0 0 1 1 0 0 0 
0 1 0 1 0 0 0 0 0 1 1 0 1 0 1 1 
0 0 1 0 0 0 1 1 0 0 0 0 0 0 0 0 
0 0 1 1 1 1 0 0 0 0 0 1 0 1 0 1 
0 1 1 0 0 0 1 0 1 1 0 1 0 1 0 1 
1 1 0 1 1 0 1 0 1 0 1 1 1 0 0 1 
1 1 0 0 0 1 0 0 0 0 1 0 0 1 1 1 

JOBS [16] - [4, 12, 19, 10, 16, 8, 2, 17, 9, 7, 3, 11, 13, 5, 18, 0]
TOOL SWITCHES : 1
MAKESPAN : 75

# -------------------------- #

--- TOTAL TOOL SWITCHES : 1
--- HIGHEST MAKESPAN : 75
--- TOTAL FLOWTIME : 648
--- RUNNING TIME : 5.08472

# -------------------------- #
RUN : 1 - instancias_txt/SSP-NPM-I/ins118_m=3_j=20_t=15_var=18.txt

- MACHINE [0]

0 
0 
0 
0 
0 
0 
1 
1 
1 
0 
0 
1 
0 
1 
1 

JOBS [1] - [9]
TOOL SWITCHES : 0
MAKESPAN : 6

- MACHINE [1]

0 1 0 0 
1 0 1 1 
0 0 0 0 
0 0 0 0 
0 0 0 0 
0 0 0 0 
1 0 0 1 
1 0 0 1 
0 0 0 0 
0 0 1 1 
0 1 1 0 
1 1 0 1 
0 1 1 1 
1 1 0 0 
0 0 1 0 

JOBS [4] - [6, 11, 19, 17]
TOOL SWITCHES : 0
MAKESPAN : 26

- MACHINE [2]

0 0 1 0 0 1 0 0 1 0 1 0 0 1 1 
0 0 0 0 1 1 0 1 0 1 0 0 1 0 0 
0 1 1 1 0 1 1 0 0 0 1 1 0 0 0 
0 0 1 0 1 1 0 0 0 0 1 0 1 0 1 
1 0 0 0 1 0 0 1 0 0 1 1 1 1 0 
1 0 0 1 1 0 0 0 0 1 1 0 1 1 0 
0 1 1 0 0 1 1 1 1 1 0 0 0 0 1 
1 1 0 1 0 0 1 0 0 1 1 1 1 0 1 
0 0 0 0 0 1 1 1 1 1 1 1 0 0 1 
0 1 0 0 1 1 0 1 1 0 0 1 1 1 0 
1 0 0 1 0 0 0 0 0 0 0 1 0 1 0 
0 0 0 0 0 0 0 0 0 0 0 0 0 0 0 
1 1 1 0 0 0 0 0 0 0 0 0 0 0 0 
1 1 0 1 1 0 0 0 0 1 0 0 0 0 0 
1 1 0 1 0 0 1 1 1 0 0 0 1 0 0 

JOBS [15] - [5, 15, 14, 7, 18, 8, 10, 3, 2, 13, 16, 4, 1, 12, 0]
TOOL SWITCHES : 1
MAKESPAN : 89

# -------------------------- #

--- TOTAL TOOL SWITCHES : 1
--- HIGHEST MAKESPAN : 89
--- TOTAL FLOWTIME : 775
--- RUNNING TIME : 5.80353

# -------------------------- #
RUN : 1 - instancias_txt/SSP-NPM-I/ins119_m=3_j=20_t=15_var=19.txt

- MACHINE [0]

1 
0 
1 
0 
0 
1 
1 
0 
1 
0 
0 
0 
0 
1 
1 

JOBS [1] - [18]
TOOL SWITCHES : 0
MAKESPAN : 4

- MACHINE [1]

1 1 1 
1 1 1 
1 1 0 
0 0 0 
1 0 0 
0 0 0 
1 1 1 
0 0 0 
0 1 0 
1 0 0 
0 0 0 
0 0 0 
0 0 1 
0 0 1 
1 0 1 

JOBS [3] - [1, 16, 15]
TOOL SWITCHES : 0
MAKESPAN : 15

- MACHINE [2]

0 1 0 1 1 1 0 1 0 0 1 0 1 0 1 0 
0 0 0 1 1 0 0 1 0 0 1 0 0 1 0 1 
1 0 0 0 0 0 0 0 0 1 1 1 1 0 1 0 
1 1 1 1 1 1 0 0 1 1 0 0 0 1 1 0 
1 1 0 1 0 1 1 1 1 0 0 0 0 0 1 1 
0 1 1 0 1 0 1 0 1 0 0 0 1 0 0 0 
0 0 0 0 0 0 0 0 0 0 0 0 0 0 0 0 
1 0 1 0 0 0 0 1 1 0 1 1 1 1 1 0 
1 0 1 1 0 1 0 0 0 0 0 0 0 0 0 0 
0 0 0 0 0 0 1 1 1 1 0 1 1 0 1 0 
1 0 0 0 0 0 1 0 1 1 0 1 1 0 0 1 
0 0 1 0 1 0 1 0 0 1 1 1 0 1 0 1 
0 1 0 0 0 1 1 0 0 1 0 0 0 1 1 1 
0 0 1 0 1 0 0 0 0 0 0 0 0 0 0 1 
0 1 1 1 1 1 0 0 0 0 1 0 1 1 0 1 

JOBS [16] - [9, 6, 0, 10, 11, 12, 17, 7, 2, 19, 8, 3, 5, 14, 4, 13]
TOOL SWITCHES : 1
MAKESPAN : 109

# -------------------------- #

--- TOTAL TOOL SWITCHES : 1
--- HIGHEST MAKESPAN : 109
--- TOTAL FLOWTIME : 1017
--- RUNNING TIME : 6.86101

# -------------------------- #
RUN : 1 - instancias_txt/SSP-NPM-I/ins120_m=3_j=20_t=15_var=20.txt

- MACHINE [0]

0 
0 
1 
1 
0 
0 
1 
0 
0 
0 
0 
1 
1 
0 
1 

JOBS [1] - [4]
TOOL SWITCHES : 0
MAKESPAN : 9

- MACHINE [1]

0 0 1 
1 0 1 
1 1 0 
1 1 0 
0 1 0 
0 0 0 
0 0 0 
1 1 1 
1 0 1 
0 1 1 
0 0 0 
0 0 0 
1 0 0 
0 0 0 
0 0 0 

JOBS [3] - [7, 18, 6]
TOOL SWITCHES : 0
MAKESPAN : 10

- MACHINE [2]

0 1 1 1 0 0 0 1 0 0 0 1 0 0 1 1 
1 1 1 1 1 1 0 0 0 0 0 0 0 0 0 0 
1 1 0 1 1 1 1 0 1 0 1 0 1 0 1 0 
0 0 0 0 0 0 0 0 0 0 0 0 0 0 0 0 
0 1 1 0 1 0 0 0 1 1 0 0 1 0 0 1 
1 1 0 1 1 1 0 1 0 1 1 0 0 1 1 1 
0 0 1 1 0 0 0 0 0 1 0 1 0 1 0 0 
0 0 0 0 1 1 1 1 1 0 1 0 1 0 1 1 
1 0 1 0 0 1 1 1 0 1 0 1 1 0 1 1 
0 0 0 0 0 0 1 1 0 0 1 1 1 0 0 0 
0 1 0 1 1 0 0 1 0 0 0 1 1 1 0 0 
1 0 0 0 0 0 1 0 1 0 1 0 0 0 0 1 
1 0 0 0 1 0 1 0 1 0 0 1 1 1 0 0 
0 0 1 0 0 1 1 0 1 0 1 1 0 0 0 0 
0 0 0 0 0 0 0 1 1 1 0 0 0 1 1 1 

JOBS [16] - [5, 8, 13, 2, 15, 19, 12, 17, 10, 1, 11, 14, 16, 3, 0, 9]
TOOL SWITCHES : 1
MAKESPAN : 77

# -------------------------- #

--- TOTAL TOOL SWITCHES : 1
--- HIGHEST MAKESPAN : 77
--- TOTAL FLOWTIME : 781
--- RUNNING TIME : 4.67369

# -------------------------- #


avg : 1.55
