RUN : 1 - instancias_txt/SSP-NPM-I/ins101_m=3_j=20_t=15_var=1.txt

- MACHINE [0]

0 0 
0 0 
0 0 
0 0 
0 0 
1 1 
1 1 
0 0 
1 0 
0 0 
0 0 
0 1 
1 1 
1 1 
0 1 

JOBS [2] - [8, 17]
TOOL SWITCHES : 0
MAKESPAN : 7

- MACHINE [1]

1 1 1 
1 0 0 
1 0 1 
0 0 0 
0 0 1 
1 1 1 
0 1 0 
1 0 0 
0 0 0 
1 1 1 
0 1 0 
0 1 0 
0 0 0 
0 0 0 
0 0 0 

JOBS [3] - [10, 12, 19]
TOOL SWITCHES : 0
MAKESPAN : 25

- MACHINE [2]

0 1 1 0 0 0 0 1 0 0 1 0 1 1 0 
0 0 0 0 0 0 0 0 1 0 1 1 1 0 0 
0 1 0 1 0 0 1 0 0 0 0 1 0 1 1 
0 0 1 1 0 1 1 1 1 0 0 1 0 0 0 
1 1 1 0 1 1 0 0 1 1 1 0 0 1 1 
0 0 0 0 0 1 0 0 0 0 0 1 0 0 1 
0 0 0 1 1 0 0 1 0 0 0 0 0 0 0 
1 1 1 0 1 1 1 0 0 0 1 1 1 0 1 
1 1 1 0 1 0 1 0 0 1 1 0 1 0 0 
0 0 0 1 1 1 0 0 1 0 0 0 0 0 0 
0 0 0 0 0 0 0 0 0 1 0 1 1 1 0 
1 0 0 0 0 0 1 0 1 0 0 0 0 0 0 
1 0 1 1 0 0 0 1 0 1 0 0 0 0 0 
0 0 0 0 0 0 0 1 0 1 0 1 1 1 1 
0 0 0 0 1 1 0 0 1 1 1 0 0 0 1 

JOBS [15] - [6, 7, 0, 14, 2, 1, 15, 4, 13, 9, 3, 5, 11, 16, 18]
TOOL SWITCHES : 2
MAKESPAN : 99

# -------------------------- #

--- TOTAL TOOL SWITCHES : 2
--- HIGHEST MAKESPAN : 99
--- TOTAL FLOWTIME : 822
--- RUNNING TIME : 6.4613

# -------------------------- #
RUN : 1 - instancias_txt/SSP-NPM-I/ins102_m=3_j=20_t=15_var=2.txt

- MACHINE [0]

1 
1 
0 
0 
1 
0 
0 
1 
0 
0 
0 
1 
0 
1 
1 

JOBS [1] - [16]
TOOL SWITCHES : 0
MAKESPAN : 5

- MACHINE [1]

0 0 0 
0 0 1 
1 1 0 
1 0 0 
0 1 1 
0 0 0 
0 1 1 
0 0 0 
1 0 1 
0 1 1 
0 1 0 
1 0 0 
0 0 0 
0 0 0 
1 1 1 

JOBS [3] - [1, 7, 6]
TOOL SWITCHES : 0
MAKESPAN : 23

- MACHINE [2]

0 0 1 0 1 1 1 1 0 0 1 1 1 0 0 1 
0 0 0 1 1 0 1 0 0 0 0 0 0 1 1 1 
1 0 0 1 1 0 0 0 1 1 0 0 0 1 0 0 
1 1 1 0 1 0 0 0 0 0 0 0 0 0 0 0 
1 0 1 0 0 1 0 0 1 0 1 1 0 0 0 0 
0 1 0 0 0 1 1 1 0 1 0 0 0 0 1 0 
1 1 1 0 1 0 0 1 1 1 1 1 0 0 0 1 
0 0 1 0 1 0 0 0 0 0 0 1 0 1 0 1 
0 1 1 1 0 0 0 1 1 1 1 0 0 0 1 0 
1 0 0 1 0 0 0 1 0 0 0 1 1 1 0 0 
0 0 0 0 0 0 0 1 1 1 1 0 1 0 1 0 
0 1 0 0 1 1 1 1 0 0 0 1 0 0 1 1 
0 0 0 0 0 1 1 0 0 0 1 0 1 1 0 1 
1 1 0 1 0 0 1 0 1 1 0 0 1 0 0 0 
0 0 0 0 0 0 0 0 0 0 0 0 0 0 0 0 

JOBS [16] - [4, 0, 14, 13, 15, 18, 9, 17, 2, 5, 12, 11, 10, 3, 8, 19]
TOOL SWITCHES : 1
MAKESPAN : 69

# -------------------------- #

--- TOTAL TOOL SWITCHES : 1
--- HIGHEST MAKESPAN : 69
--- TOTAL FLOWTIME : 700
--- RUNNING TIME : 6.16872

# -------------------------- #
RUN : 1 - instancias_txt/SSP-NPM-I/ins103_m=3_j=20_t=15_var=3.txt

- MACHINE [0]

1 
0 
0 
1 
1 
1 
0 
0 
0 
1 
0 
1 
0 
0 
1 

JOBS [1] - [9]
TOOL SWITCHES : 0
MAKESPAN : 2

- MACHINE [1]

1 
1 
1 
1 
0 
0 
0 
0 
1 
1 
0 
0 
0 
0 
0 

JOBS [1] - [4]
TOOL SWITCHES : 0
MAKESPAN : 7

- MACHINE [2]

0 1 0 0 1 1 1 1 0 0 0 0 0 0 0 0 0 0 
0 0 0 1 1 0 1 0 1 1 0 1 1 0 0 0 1 0 
0 1 0 1 0 0 0 0 1 0 1 0 1 1 0 0 0 0 
0 0 1 0 0 0 0 1 0 0 0 0 0 1 0 0 1 1 
1 0 1 0 1 1 0 0 0 0 1 1 0 1 0 0 0 1 
1 1 1 1 0 0 0 0 0 0 0 0 0 0 0 0 0 0 
1 0 1 0 1 0 1 1 1 1 0 0 1 0 0 1 0 0 
0 1 1 1 0 0 1 0 0 0 1 1 1 0 1 0 0 1 
0 1 0 1 0 1 1 0 1 1 1 1 1 0 1 1 0 0 
0 0 0 0 0 0 0 0 0 0 1 1 0 1 1 1 0 0 
1 1 1 0 1 0 1 1 0 0 0 1 0 0 1 1 0 1 
1 0 1 0 1 1 1 0 0 1 0 0 0 1 1 0 1 0 
0 0 0 1 0 1 0 1 1 0 1 0 0 0 1 0 1 0 
0 0 0 0 1 0 0 1 1 1 0 1 1 0 1 1 0 0 
1 0 0 0 0 1 0 0 0 0 1 0 1 1 0 1 1 1 

JOBS [18] - [15, 0, 11, 12, 6, 1, 18, 19, 7, 2, 16, 13, 17, 5, 10, 14, 8, 3]
TOOL SWITCHES : 2
MAKESPAN : 128

# -------------------------- #

--- TOTAL TOOL SWITCHES : 2
--- HIGHEST MAKESPAN : 128
--- TOTAL FLOWTIME : 1285
--- RUNNING TIME : 5.47734

# -------------------------- #
RUN : 1 - instancias_txt/SSP-NPM-I/ins104_m=3_j=20_t=15_var=4.txt

- MACHINE [0]

















JOBS [0] - []
TOOL SWITCHES : 0
MAKESPAN : 0

- MACHINE [1]

0 0 0 
1 1 1 
0 0 0 
1 1 0 
0 0 1 
1 0 1 
0 0 0 
1 1 1 
0 0 0 
1 1 0 
1 1 1 
0 0 0 
0 0 1 
0 0 0 
0 1 0 

JOBS [3] - [11, 16, 13]
TOOL SWITCHES : 0
MAKESPAN : 15

- MACHINE [2]

0 1 1 1 1 0 1 1 0 1 1 0 1 1 1 0 1 
0 1 1 1 0 1 0 1 0 0 1 1 0 0 0 0 0 
0 0 0 0 0 0 0 0 1 1 1 0 0 1 1 1 1 
1 0 0 1 1 0 0 0 0 0 0 1 0 0 0 1 0 
1 1 0 0 0 1 0 0 1 0 0 0 1 1 0 0 1 
0 0 0 0 0 0 0 1 1 0 1 1 1 1 1 1 0 
0 0 0 0 1 1 0 1 1 0 0 1 1 1 1 0 0 
0 0 0 0 0 0 1 0 0 1 0 0 0 1 0 0 0 
0 1 0 0 0 1 0 0 0 0 1 1 0 0 0 1 1 
1 1 1 0 1 0 0 0 1 1 0 0 1 0 1 0 0 
1 0 0 1 0 0 1 0 0 0 0 0 0 0 0 1 1 
1 0 0 0 1 0 1 1 1 1 0 0 1 0 1 0 0 
1 0 1 0 1 1 0 0 0 0 0 0 0 0 0 0 0 
0 1 1 1 0 1 0 0 1 1 0 1 0 1 0 1 0 
0 1 1 1 0 0 1 1 0 0 0 0 0 0 0 0 0 

JOBS [17] - [10, 7, 12, 17, 15, 14, 5, 1, 18, 2, 6, 3, 4, 0, 8, 9, 19]
TOOL SWITCHES : 2
MAKESPAN : 105

# -------------------------- #

--- TOTAL TOOL SWITCHES : 2
--- HIGHEST MAKESPAN : 105
--- TOTAL FLOWTIME : 1065
--- RUNNING TIME : 7.10313

# -------------------------- #
RUN : 1 - instancias_txt/SSP-NPM-I/ins105_m=3_j=20_t=15_var=5.txt

- MACHINE [0]

0 
1 
1 
1 
0 
1 
0 
0 
0 
1 
1 
0 
0 
1 
0 

JOBS [1] - [8]
TOOL SWITCHES : 0
MAKESPAN : 6

- MACHINE [1]

















JOBS [0] - []
TOOL SWITCHES : 0
MAKESPAN : 0

- MACHINE [2]

0 1 0 0 1 1 0 0 1 1 0 0 0 1 1 1 1 0 1 
0 0 0 1 0 1 1 1 1 0 1 1 0 1 1 0 0 0 1 
0 0 0 0 0 0 0 0 0 0 0 0 1 0 1 1 0 0 1 
1 0 0 1 0 0 0 0 1 1 0 1 0 0 0 1 0 0 0 
0 1 1 0 1 0 1 1 0 0 1 0 1 0 0 1 0 0 0 
0 0 0 0 0 1 0 0 0 1 1 0 1 0 1 1 1 0 0 
1 1 1 1 0 0 1 0 0 1 1 1 0 1 1 0 0 1 0 
0 0 0 1 0 0 1 1 0 0 0 0 1 1 0 0 1 1 0 
0 0 0 0 0 0 0 1 1 0 1 0 0 0 0 0 0 1 1 
1 1 1 0 0 0 0 1 1 1 1 1 0 0 0 0 0 0 0 
1 0 1 0 1 1 0 0 0 0 0 0 1 1 1 0 1 0 1 
1 1 0 1 1 0 0 0 0 0 1 0 0 1 0 1 0 1 0 
0 0 0 0 0 0 1 1 1 0 0 1 1 0 0 0 1 0 0 
1 0 1 1 1 1 1 0 1 0 0 0 0 0 1 0 1 1 1 
0 1 1 1 1 1 1 0 0 0 0 0 0 0 0 0 0 0 0 

JOBS [19] - [11, 7, 18, 19, 15, 5, 2, 1, 17, 13, 6, 12, 10, 3, 4, 0, 14, 16, 9]
TOOL SWITCHES : 2
MAKESPAN : 116

# -------------------------- #

--- TOTAL TOOL SWITCHES : 2
--- HIGHEST MAKESPAN : 116
--- TOTAL FLOWTIME : 1097
--- RUNNING TIME : 7.38259

# -------------------------- #
RUN : 1 - instancias_txt/SSP-NPM-I/ins106_m=3_j=20_t=15_var=6.txt

- MACHINE [0]

0 
1 
1 
0 
0 
1 
0 
0 
1 
1 
0 
1 
0 
1 
0 

JOBS [1] - [10]
TOOL SWITCHES : 0
MAKESPAN : 10

- MACHINE [1]

1 1 1 0 0 
0 0 0 1 0 
0 0 0 0 0 
0 0 1 1 1 
0 1 1 1 0 
1 1 1 0 1 
1 1 0 0 0 
0 0 0 0 0 
1 1 1 1 0 
0 0 0 0 0 
0 0 0 0 0 
0 1 1 1 1 
1 0 1 0 1 
0 1 0 0 1 
0 0 0 0 0 

JOBS [5] - [15, 18, 1, 14, 16]
TOOL SWITCHES : 0
MAKESPAN : 26

- MACHINE [2]

1 0 0 0 0 0 1 0 0 0 1 1 0 1 
0 0 0 1 0 0 1 1 0 0 1 0 1 1 
0 0 1 0 0 1 1 1 0 0 1 1 0 0 
0 1 0 1 0 0 0 1 1 1 0 1 1 0 
1 0 0 1 1 0 0 0 0 0 0 0 0 0 
1 0 0 0 0 0 1 0 0 1 1 0 0 0 
0 1 1 0 1 1 0 0 0 0 0 0 0 0 
0 1 1 0 1 0 0 0 1 0 0 0 0 1 
0 0 0 0 0 0 0 0 0 0 0 0 0 0 
0 1 1 1 0 1 1 1 0 1 1 0 1 0 
1 1 0 1 1 0 0 0 0 0 1 1 1 0 
0 1 0 0 1 0 1 0 0 1 0 1 0 1 
1 0 1 0 1 1 0 1 1 1 1 0 1 1 
0 0 0 0 0 1 0 0 1 0 0 0 1 1 
1 0 1 0 1 0 0 1 1 1 0 1 1 0 

JOBS [14] - [9, 13, 6, 11, 19, 5, 2, 17, 3, 7, 12, 0, 4, 8]
TOOL SWITCHES : 1
MAKESPAN : 92

# -------------------------- #

--- TOTAL TOOL SWITCHES : 1
--- HIGHEST MAKESPAN : 92
--- TOTAL FLOWTIME : 719
--- RUNNING TIME : 4.99511

# -------------------------- #
RUN : 1 - instancias_txt/SSP-NPM-I/ins107_m=3_j=20_t=15_var=7.txt

- MACHINE [0]

0 
1 
1 
1 
0 
0 
0 
0 
0 
0 
1 
0 
1 
1 
0 

JOBS [1] - [16]
TOOL SWITCHES : 0
MAKESPAN : 7

- MACHINE [1]

0 0 0 
0 0 1 
0 1 0 
0 0 0 
0 1 1 
0 1 0 
0 0 0 
0 0 1 
0 0 0 
1 1 0 
0 0 0 
1 0 0 
1 0 1 
1 1 1 
1 0 0 

JOBS [3] - [17, 11, 6]
TOOL SWITCHES : 0
MAKESPAN : 14

- MACHINE [2]

0 0 1 0 1 1 1 0 1 1 0 0 1 0 0 0 
0 0 0 0 1 1 1 1 1 0 1 0 1 0 1 0 
0 1 0 1 1 0 1 1 1 0 0 1 0 0 0 1 
1 0 0 1 1 0 0 0 1 0 0 1 0 0 1 1 
1 0 1 0 0 1 0 0 0 0 1 1 1 0 0 0 
0 1 0 0 1 0 0 0 0 1 1 0 1 1 1 1 
0 1 1 0 0 1 0 0 0 1 1 0 1 1 1 0 
1 0 0 0 0 1 1 1 0 0 1 1 0 0 0 1 
1 0 1 1 0 0 0 1 0 0 1 0 0 0 1 1 
1 1 1 1 0 0 0 0 0 0 0 0 0 0 0 0 
1 0 1 0 0 0 1 0 0 1 0 0 1 1 1 1 
0 1 0 1 0 1 1 1 0 1 0 1 0 0 0 0 
0 0 0 1 0 0 0 0 1 1 0 1 0 1 0 0 
0 0 0 0 0 0 0 0 0 0 0 0 0 0 0 0 
0 1 0 1 1 0 0 0 0 0 0 1 1 1 1 0 

JOBS [16] - [5, 2, 3, 7, 13, 18, 8, 1, 19, 4, 15, 0, 10, 14, 12, 9]
TOOL SWITCHES : 1
MAKESPAN : 110

# -------------------------- #

--- TOTAL TOOL SWITCHES : 1
--- HIGHEST MAKESPAN : 110
--- TOTAL FLOWTIME : 907
--- RUNNING TIME : 7.33284

# -------------------------- #
RUN : 1 - instancias_txt/SSP-NPM-I/ins108_m=3_j=20_t=15_var=8.txt

- MACHINE [0]

0 
0 
0 
1 
1 
1 
1 
0 
0 
0 
0 
1 
0 
0 
0 

JOBS [1] - [15]
TOOL SWITCHES : 0
MAKESPAN : 2

- MACHINE [1]

0 1 
0 0 
1 0 
0 1 
1 0 
0 0 
0 1 
0 0 
1 1 
1 1 
1 1 
0 0 
0 0 
0 0 
0 0 

JOBS [2] - [17, 18]
TOOL SWITCHES : 0
MAKESPAN : 10

- MACHINE [2]

0 0 0 1 0 1 0 0 0 1 1 0 1 0 0 1 1 
1 1 1 0 0 0 0 0 0 1 0 0 0 0 0 1 0 
0 0 1 1 0 0 0 1 1 1 0 0 1 1 0 0 1 
1 1 0 0 1 1 1 0 0 0 0 1 0 1 1 0 0 
0 0 0 0 0 0 0 1 1 0 1 0 0 1 0 1 0 
0 0 1 1 0 0 0 1 1 1 1 0 1 0 1 0 0 
1 0 1 0 1 1 0 0 0 0 0 0 0 0 0 0 0 
0 0 0 0 0 0 1 1 0 0 1 1 0 1 0 0 0 
0 1 0 0 0 0 0 1 1 0 0 1 0 0 1 0 1 
1 0 0 0 1 0 1 0 0 0 1 1 0 0 0 0 1 
0 1 0 1 0 0 1 0 0 0 0 0 1 1 0 1 0 
1 0 1 1 0 0 0 0 1 0 1 1 1 0 1 1 1 
0 1 0 0 1 0 1 1 0 1 0 1 1 1 1 1 0 
1 1 0 1 0 1 1 0 0 0 0 0 0 0 0 0 0 
1 1 1 0 1 1 0 1 0 0 1 0 0 0 0 1 1 

JOBS [17] - [3, 7, 4, 10, 1, 12, 8, 2, 0, 16, 11, 19, 6, 9, 5, 14, 13]
TOOL SWITCHES : 2
MAKESPAN : 86

# -------------------------- #

--- TOTAL TOOL SWITCHES : 2
--- HIGHEST MAKESPAN : 86
--- TOTAL FLOWTIME : 930
--- RUNNING TIME : 6.98175

# -------------------------- #
RUN : 1 - instancias_txt/SSP-NPM-I/ins109_m=3_j=20_t=15_var=9.txt

- MACHINE [0]

















JOBS [0] - []
TOOL SWITCHES : 0
MAKESPAN : 0

- MACHINE [1]

1 1 
0 0 
0 0 
1 0 
0 0 
0 1 
1 1 
1 0 
0 0 
0 1 
0 0 
0 1 
0 0 
1 1 
1 0 

JOBS [2] - [0, 19]
TOOL SWITCHES : 0
MAKESPAN : 3

- MACHINE [2]

0 0 1 0 0 0 0 0 1 1 0 1 0 0 1 1 0 0 
0 1 1 0 0 0 0 1 0 1 1 1 0 0 1 1 0 1 
1 0 1 0 1 0 0 0 1 0 1 1 1 1 0 0 0 1 
0 0 0 0 0 0 0 0 0 1 1 0 1 0 0 0 1 1 
0 0 1 0 0 0 1 1 1 1 0 0 0 1 1 1 1 0 
0 0 0 0 1 1 1 0 0 0 1 0 0 0 1 1 1 1 
1 0 1 0 0 1 1 1 0 0 0 0 0 0 0 0 0 0 
1 1 0 1 1 0 0 0 0 0 0 0 0 0 0 0 0 0 
1 0 0 1 1 1 0 0 0 1 0 0 0 1 0 0 1 1 
0 1 1 1 0 0 0 1 0 0 0 0 1 0 0 0 1 0 
0 0 0 1 0 0 1 0 1 1 0 0 0 1 0 0 1 0 
1 0 0 1 1 0 0 0 0 0 1 1 1 1 0 0 0 0 
0 0 0 0 0 0 0 1 0 0 0 1 1 1 0 1 0 0 
0 1 0 1 0 1 0 1 1 0 1 1 1 0 1 0 0 0 
1 1 1 1 0 1 1 0 1 0 1 1 1 0 0 1 0 0 

JOBS [18] - [4, 3, 8, 11, 12, 5, 6, 18, 14, 16, 15, 13, 17, 1, 2, 10, 9, 7]
TOOL SWITCHES : 2
MAKESPAN : 97

# -------------------------- #

--- TOTAL TOOL SWITCHES : 2
--- HIGHEST MAKESPAN : 97
--- TOTAL FLOWTIME : 963
--- RUNNING TIME : 6.83481

# -------------------------- #
RUN : 1 - instancias_txt/SSP-NPM-I/ins110_m=3_j=20_t=15_var=10.txt

- MACHINE [0]

1 
0 
0 
0 
1 
1 
0 
0 
1 
1 
0 
0 
1 
0 
1 

JOBS [1] - [9]
TOOL SWITCHES : 0
MAKESPAN : 3

- MACHINE [1]

















JOBS [0] - []
TOOL SWITCHES : 0
MAKESPAN : 0

- MACHINE [2]

0 0 0 1 0 0 0 0 1 0 1 0 1 0 1 1 0 0 0 
0 1 0 1 1 1 1 1 0 0 0 0 1 1 0 1 0 0 0 
0 1 1 0 1 0 1 1 0 1 0 0 0 1 0 1 1 1 0 
0 0 0 1 1 1 0 0 1 0 0 1 1 0 1 0 0 0 1 
0 0 0 0 0 0 1 0 1 0 0 1 0 0 0 0 0 1 0 
1 0 1 0 0 0 0 0 0 0 0 0 1 1 1 0 1 1 0 
0 1 1 0 1 0 0 0 1 0 1 1 0 0 1 0 1 0 1 
0 0 1 0 0 1 1 1 0 1 1 1 1 0 0 1 0 0 0 
1 1 1 1 0 1 0 1 0 1 0 0 1 1 1 1 0 1 0 
0 0 0 0 0 0 1 1 0 1 1 0 0 0 0 0 1 0 1 
0 0 0 0 0 0 0 0 0 0 1 1 0 0 1 0 1 1 0 
1 1 0 0 0 0 0 0 0 0 0 0 1 1 0 1 1 0 1 
1 1 1 0 0 1 0 0 0 0 0 0 0 0 0 0 0 0 0 
1 1 0 1 1 0 1 1 1 0 0 0 0 0 0 0 0 0 0 
1 0 1 1 0 0 0 0 1 1 1 1 0 0 0 0 0 1 1 

JOBS [19] - [12, 6, 11, 1, 3, 18, 5, 8, 19, 0, 10, 14, 4, 17, 16, 15, 7, 13, 2]
TOOL SWITCHES : 2
MAKESPAN : 86

# -------------------------- #

--- TOTAL TOOL SWITCHES : 2
--- HIGHEST MAKESPAN : 86
--- TOTAL FLOWTIME : 871
--- RUNNING TIME : 7.0532

# -------------------------- #
RUN : 1 - instancias_txt/SSP-NPM-I/ins111_m=3_j=20_t=15_var=11.txt

- MACHINE [0]

1 
0 
1 
1 
1 
0 
0 
0 
1 
1 
0 
0 
0 
0 
1 

JOBS [1] - [2]
TOOL SWITCHES : 0
MAKESPAN : 1

- MACHINE [1]

0 1 0 0 
0 1 0 1 
0 0 0 0 
0 1 1 1 
0 0 0 0 
0 0 0 1 
0 0 0 0 
0 1 1 0 
1 0 1 0 
0 1 1 1 
0 0 0 0 
0 0 1 0 
1 1 0 1 
0 0 0 0 
1 0 0 1 

JOBS [4] - [17, 15, 1, 13]
TOOL SWITCHES : 0
MAKESPAN : 24

- MACHINE [2]

0 1 0 0 0 1 0 0 0 0 0 0 1 1 1 
1 0 1 0 1 0 1 1 0 0 0 0 1 1 0 
1 1 1 0 0 0 0 1 0 0 0 0 0 0 0 
0 0 0 0 0 0 0 0 0 0 0 0 0 0 0 
0 1 0 0 1 0 1 0 1 0 1 1 1 1 0 
1 0 0 1 0 1 1 1 0 1 0 1 0 0 1 
1 1 1 0 1 1 1 0 1 0 0 0 0 0 1 
0 0 0 0 1 0 0 1 0 1 1 0 0 0 0 
0 0 0 1 1 1 0 0 1 1 1 0 0 1 0 
0 0 1 1 0 0 1 1 0 0 0 1 1 1 1 
1 1 1 1 0 0 0 0 1 1 0 1 0 0 0 
1 0 1 1 1 0 0 0 0 1 1 1 0 1 1 
1 1 1 0 0 1 1 1 0 1 0 0 1 0 1 
0 0 0 1 0 1 1 0 1 0 1 1 0 0 0 
0 0 0 0 0 0 0 0 1 0 1 1 1 1 0 

JOBS [15] - [16, 0, 12, 8, 19, 7, 9, 11, 18, 6, 14, 4, 3, 10, 5]
TOOL SWITCHES : 1
MAKESPAN : 74

# -------------------------- #

--- TOTAL TOOL SWITCHES : 1
--- HIGHEST MAKESPAN : 74
--- TOTAL FLOWTIME : 568
--- RUNNING TIME : 4.86686

# -------------------------- #
RUN : 1 - instancias_txt/SSP-NPM-I/ins112_m=3_j=20_t=15_var=12.txt

- MACHINE [0]

0 
0 
0 
0 
0 
1 
1 
1 
0 
0 
0 
0 
1 
0 
1 

JOBS [1] - [2]
TOOL SWITCHES : 0
MAKESPAN : 5

- MACHINE [1]

1 0 
1 0 
1 1 
0 0 
1 0 
1 1 
0 0 
0 1 
0 0 
0 1 
0 1 
1 1 
0 0 
0 0 
0 1 

JOBS [2] - [0, 15]
TOOL SWITCHES : 0
MAKESPAN : 11

- MACHINE [2]

0 1 1 1 0 1 0 0 1 0 0 1 0 0 1 0 1 
1 0 1 0 0 0 0 1 0 0 1 0 1 1 1 0 0 
1 1 1 1 0 1 0 0 0 0 0 0 0 0 0 0 0 
1 1 0 1 1 0 0 1 0 1 1 1 0 0 0 0 0 
0 0 0 1 0 0 0 0 1 0 1 1 0 1 0 1 0 
0 0 0 0 1 0 1 1 1 1 0 0 0 0 0 0 1 
1 1 0 0 1 0 1 0 0 0 1 0 0 1 1 1 0 
0 0 0 0 0 0 0 0 0 0 0 0 1 0 1 1 0 
1 0 1 0 0 1 0 0 0 0 0 0 0 1 0 1 1 
0 0 1 1 1 1 0 0 1 1 0 0 1 0 0 1 0 
1 1 0 0 0 1 1 0 0 1 0 1 1 1 1 0 0 
0 0 0 0 0 0 0 1 1 0 1 0 1 0 1 1 0 
0 0 0 1 0 1 1 1 0 0 0 1 1 0 0 1 1 
0 0 1 0 1 0 0 1 0 1 1 0 1 0 0 0 0 
1 1 0 0 1 0 1 1 1 1 0 0 0 1 0 0 1 

JOBS [17] - [1, 6, 3, 12, 8, 11, 16, 10, 4, 19, 7, 17, 9, 18, 5, 14, 13]
TOOL SWITCHES : 2
MAKESPAN : 101

# -------------------------- #

--- TOTAL TOOL SWITCHES : 2
--- HIGHEST MAKESPAN : 101
--- TOTAL FLOWTIME : 900
--- RUNNING TIME : 6.29603

# -------------------------- #
RUN : 1 - instancias_txt/SSP-NPM-I/ins113_m=3_j=20_t=15_var=13.txt

- MACHINE [0]

1 
1 
0 
1 
0 
0 
1 
0 
0 
0 
0 
0 
0 
1 
1 

JOBS [1] - [8]
TOOL SWITCHES : 0
MAKESPAN : 2

- MACHINE [1]

1 0 1 
1 0 0 
1 0 0 
0 1 1 
0 0 0 
1 0 1 
0 0 0 
0 0 0 
0 1 1 
1 1 1 
0 1 0 
0 0 0 
1 1 0 
1 0 1 
0 0 0 

JOBS [3] - [5, 1, 13]
TOOL SWITCHES : 0
MAKESPAN : 22

- MACHINE [2]

0 0 0 0 0 0 0 0 0 0 1 0 0 0 1 1 
1 1 1 0 1 0 0 0 1 0 1 0 1 0 0 0 
0 1 0 1 1 1 0 1 1 1 1 1 0 0 0 0 
1 1 1 0 0 1 0 0 0 0 0 0 0 0 0 0 
1 1 0 0 0 1 0 0 0 1 0 1 1 0 0 1 
0 0 0 1 0 1 0 0 1 0 0 1 0 1 0 0 
1 0 0 0 1 0 0 1 0 0 0 0 0 1 0 1 
1 1 1 1 1 0 1 0 0 0 0 0 0 1 1 0 
1 0 0 0 0 0 1 1 0 1 1 0 0 0 1 0 
0 1 0 0 1 1 1 1 1 0 0 0 1 1 0 1 
0 0 0 0 0 0 1 1 0 1 1 1 1 1 1 0 
0 0 1 1 0 0 1 1 1 1 0 1 0 1 0 1 
0 0 1 1 0 0 1 0 0 1 0 0 0 0 0 0 
0 1 0 0 1 0 0 1 0 0 0 0 1 0 1 0 
1 0 1 1 0 0 0 0 0 0 1 1 0 0 1 1 

JOBS [16] - [3, 2, 11, 4, 15, 17, 14, 7, 12, 6, 10, 16, 18, 19, 0, 9]
TOOL SWITCHES : 2
MAKESPAN : 118

# -------------------------- #

--- TOTAL TOOL SWITCHES : 2
--- HIGHEST MAKESPAN : 118
--- TOTAL FLOWTIME : 1006
--- RUNNING TIME : 5.94515

# -------------------------- #
RUN : 1 - instancias_txt/SSP-NPM-I/ins114_m=3_j=20_t=15_var=14.txt

- MACHINE [0]

0 
1 
1 
0 
1 
0 
1 
0 
0 
1 
0 
1 
0 
0 
0 

JOBS [1] - [17]
TOOL SWITCHES : 0
MAKESPAN : 6

- MACHINE [1]

1 1 
1 1 
0 0 
0 1 
0 0 
1 0 
0 0 
1 0 
0 1 
0 0 
1 0 
0 0 
0 1 
0 0 
1 0 

JOBS [2] - [12, 2]
TOOL SWITCHES : 0
MAKESPAN : 10

- MACHINE [2]

1 0 0 0 1 1 0 0 0 1 0 1 1 0 0 0 1 
0 0 0 0 0 0 0 0 0 0 0 0 0 0 0 0 0 
0 1 0 0 0 1 1 0 0 0 1 0 1 0 0 1 0 
0 1 1 1 0 0 1 1 0 1 1 0 0 0 0 0 0 
0 0 0 1 1 0 1 0 0 0 0 0 0 1 0 0 1 
1 0 0 1 0 0 0 1 0 0 0 1 0 1 0 1 0 
0 0 0 0 0 0 0 0 0 0 0 1 0 1 1 1 0 
1 0 1 1 0 0 0 1 1 0 1 0 0 1 0 0 1 
0 0 0 0 0 1 1 1 0 1 1 0 0 0 0 1 1 
0 1 0 1 0 1 0 0 1 1 0 1 1 0 1 0 0 
0 1 1 0 1 1 1 0 1 0 1 1 0 1 1 0 1 
0 1 1 0 1 1 0 0 1 1 0 0 0 0 0 0 0 
1 0 0 1 1 0 1 1 0 1 0 1 0 0 1 1 0 
1 0 1 0 0 0 1 1 1 0 1 0 1 0 1 0 1 
1 1 0 1 1 0 0 0 1 0 0 1 1 1 1 1 0 

JOBS [17] - [9, 18, 14, 6, 19, 8, 4, 13, 7, 10, 16, 5, 11, 0, 3, 15, 1]
TOOL SWITCHES : 1
MAKESPAN : 83

# -------------------------- #

--- TOTAL TOOL SWITCHES : 1
--- HIGHEST MAKESPAN : 83
--- TOTAL FLOWTIME : 754
--- RUNNING TIME : 5.55229

# -------------------------- #
RUN : 1 - instancias_txt/SSP-NPM-I/ins115_m=3_j=20_t=15_var=15.txt

- MACHINE [0]

1 
1 
1 
0 
1 
0 
0 
0 
0 
0 
1 
0 
0 
1 
1 

JOBS [1] - [15]
TOOL SWITCHES : 0
MAKESPAN : 3

- MACHINE [1]

0 1 0 
1 1 0 
0 1 1 
0 0 0 
0 0 0 
1 0 0 
0 0 1 
1 0 0 
0 1 1 
1 1 0 
0 1 1 
0 0 0 
0 0 0 
0 0 0 
1 1 1 

JOBS [3] - [0, 5, 19]
TOOL SWITCHES : 0
MAKESPAN : 16

- MACHINE [2]

0 0 1 1 0 0 1 1 0 1 1 1 1 0 1 1 
1 0 0 1 0 0 0 0 1 0 0 1 0 1 1 0 
1 0 0 1 0 1 1 0 0 1 1 1 1 0 0 0 
0 1 1 0 0 0 0 1 1 0 0 0 0 0 0 1 
1 1 0 0 1 1 1 0 0 0 1 1 0 0 0 0 
0 1 1 0 1 0 0 0 0 0 0 0 0 1 0 1 
1 0 0 0 0 0 1 1 1 1 0 0 1 1 0 0 
1 0 1 1 0 1 0 1 0 1 0 1 1 0 1 0 
0 1 1 0 0 0 1 0 1 0 0 0 0 0 0 0 
0 0 0 0 0 0 0 0 0 1 0 1 1 1 0 0 
1 1 0 1 1 1 0 1 0 1 1 0 0 1 1 0 
0 0 0 1 1 1 1 0 0 0 1 1 1 1 1 1 
0 0 1 1 0 1 0 0 1 0 0 0 0 0 1 0 
1 1 0 0 1 0 0 1 0 1 1 0 0 0 0 1 
0 0 0 0 0 0 0 0 0 0 0 0 0 0 0 0 

JOBS [16] - [11, 6, 16, 10, 13, 2, 17, 18, 14, 1, 12, 9, 4, 8, 3, 7]
TOOL SWITCHES : 1
MAKESPAN : 90

# -------------------------- #

--- TOTAL TOOL SWITCHES : 1
--- HIGHEST MAKESPAN : 90
--- TOTAL FLOWTIME : 794
--- RUNNING TIME : 6.64102

# -------------------------- #
RUN : 1 - instancias_txt/SSP-NPM-I/ins116_m=3_j=20_t=15_var=16.txt

- MACHINE [0]

0 
0 
1 
1 
0 
0 
0 
0 
0 
0 
0 
1 
0 
1 
1 

JOBS [1] - [18]
TOOL SWITCHES : 0
MAKESPAN : 8

- MACHINE [1]

1 
0 
1 
0 
1 
0 
0 
1 
0 
0 
0 
1 
1 
0 
0 

JOBS [1] - [4]
TOOL SWITCHES : 0
MAKESPAN : 9

- MACHINE [2]

1 0 1 1 1 0 1 0 0 0 0 0 1 1 1 1 0 0 
1 1 1 0 0 0 0 0 0 0 0 1 0 1 1 0 0 1 
0 0 0 0 0 0 0 0 1 0 0 0 1 1 0 0 1 0 
1 0 1 0 0 1 1 0 1 0 0 0 0 0 1 1 0 0 
0 1 0 0 1 1 0 1 1 0 1 0 0 0 0 0 0 0 
1 0 0 1 1 0 1 1 0 1 0 1 1 0 1 1 0 1 
1 0 1 1 0 0 1 1 0 1 1 0 1 0 0 0 0 0 
0 0 0 0 0 0 0 0 0 1 0 1 0 0 0 1 1 1 
0 1 0 0 0 0 0 1 0 0 1 0 1 1 1 1 1 1 
0 0 0 1 1 1 0 0 1 1 0 1 0 1 1 0 1 0 
0 1 1 0 0 0 0 1 0 0 1 0 0 0 0 0 1 1 
0 1 0 1 0 1 1 1 1 0 0 0 0 0 0 0 0 0 
0 1 0 0 1 1 1 0 0 0 1 0 0 1 0 0 0 1 
1 0 0 0 0 0 0 0 1 1 0 1 1 0 0 1 0 0 
1 0 1 1 1 1 0 0 0 0 0 0 0 0 0 0 0 0 

JOBS [18] - [13, 3, 5, 6, 8, 12, 9, 0, 10, 16, 14, 17, 11, 15, 2, 19, 1, 7]
TOOL SWITCHES : 2
MAKESPAN : 121

# -------------------------- #

--- TOTAL TOOL SWITCHES : 2
--- HIGHEST MAKESPAN : 121
--- TOTAL FLOWTIME : 1091
--- RUNNING TIME : 6.18731

# -------------------------- #
RUN : 1 - instancias_txt/SSP-NPM-I/ins117_m=3_j=20_t=15_var=17.txt

- MACHINE [0]

1 
0 
0 
1 
0 
0 
1 
1 
0 
0 
0 
1 
0 
1 
0 

JOBS [1] - [15]
TOOL SWITCHES : 0
MAKESPAN : 2

- MACHINE [1]

1 1 1 0 
0 0 0 0 
1 0 0 1 
1 0 0 1 
0 1 1 1 
0 0 0 0 
1 0 0 0 
0 0 0 0 
0 0 0 0 
0 0 0 0 
1 1 1 1 
0 0 0 1 
1 1 1 0 
0 1 0 1 
0 0 1 1 

JOBS [4] - [1, 2, 6, 14]
TOOL SWITCHES : 0
MAKESPAN : 24

- MACHINE [2]

1 0 1 0 0 1 0 0 1 0 0 0 0 0 0 
0 0 0 0 0 1 1 0 1 1 0 1 0 1 1 
1 1 0 0 0 0 0 1 0 1 0 1 0 0 0 
0 0 0 0 0 0 0 0 0 0 0 0 0 0 0 
0 0 0 1 1 1 0 1 0 1 0 1 0 1 0 
0 1 0 1 1 1 1 1 1 0 0 0 1 0 0 
0 0 1 1 0 0 0 0 0 0 1 0 1 1 0 
0 0 1 1 0 0 1 0 1 1 1 0 1 0 0 
0 1 0 1 1 0 1 1 1 1 0 1 0 0 0 
1 0 0 0 0 0 1 0 0 0 1 1 1 1 1 
0 1 0 1 0 0 0 0 0 0 0 0 0 0 0 
0 1 1 0 1 1 0 1 0 0 0 1 0 0 1 
1 1 0 0 1 1 0 0 1 0 0 0 0 1 1 
1 0 0 0 1 0 1 1 1 1 1 1 0 0 1 
1 0 1 0 0 1 0 0 0 1 1 0 1 0 1 

JOBS [15] - [12, 19, 8, 17, 11, 5, 13, 16, 9, 4, 3, 10, 18, 7, 0]
TOOL SWITCHES : 1
MAKESPAN : 71

# -------------------------- #

--- TOTAL TOOL SWITCHES : 1
--- HIGHEST MAKESPAN : 71
--- TOTAL FLOWTIME : 570
--- RUNNING TIME : 5.29161

# -------------------------- #
RUN : 1 - instancias_txt/SSP-NPM-I/ins118_m=3_j=20_t=15_var=18.txt

- MACHINE [0]

1 
0 
0 
0 
0 
0 
0 
0 
0 
0 
1 
1 
1 
1 
0 

JOBS [1] - [11]
TOOL SWITCHES : 0
MAKESPAN : 5

- MACHINE [1]

0 0 0 0 
1 1 0 0 
0 0 0 1 
0 0 0 0 
0 0 0 0 
0 0 0 0 
1 1 1 1 
1 1 1 1 
0 0 1 0 
1 0 0 1 
0 0 0 0 
1 1 1 0 
1 0 0 1 
0 1 1 1 
0 0 1 1 

JOBS [4] - [17, 6, 9, 15]
TOOL SWITCHES : 0
MAKESPAN : 22

- MACHINE [2]

1 1 0 0 0 1 0 0 0 1 0 1 0 1 0 
0 0 1 0 1 1 1 1 0 0 0 0 1 0 0 
0 1 0 0 0 1 0 0 1 0 1 0 0 1 1 
0 1 0 0 1 1 0 1 0 1 0 0 0 1 0 
1 0 0 1 1 0 1 1 0 0 1 0 0 1 0 
1 0 0 1 1 0 0 1 1 0 0 0 1 1 0 
0 1 0 0 0 1 1 0 0 1 0 1 1 0 1 
0 0 0 1 1 0 0 0 1 1 1 0 1 1 1 
0 0 0 0 0 1 1 0 0 1 1 1 1 1 1 
1 0 1 0 1 1 1 1 0 0 1 1 0 0 0 
1 0 1 1 0 0 0 0 1 0 1 0 0 0 0 
0 0 0 0 0 0 0 0 0 0 0 0 0 0 0 
0 1 1 1 0 0 0 0 0 0 0 0 0 0 0 
0 0 0 1 0 0 0 1 1 0 0 0 1 0 0 
0 0 1 1 1 0 1 0 1 0 0 1 0 0 1 

JOBS [15] - [12, 14, 19, 5, 1, 8, 3, 18, 7, 0, 4, 2, 13, 16, 10]
TOOL SWITCHES : 1
MAKESPAN : 87

# -------------------------- #

--- TOTAL TOOL SWITCHES : 1
--- HIGHEST MAKESPAN : 87
--- TOTAL FLOWTIME : 790
--- RUNNING TIME : 5.49851

# -------------------------- #
RUN : 1 - instancias_txt/SSP-NPM-I/ins119_m=3_j=20_t=15_var=19.txt

- MACHINE [0]

1 
1 
0 
0 
0 
0 
1 
0 
0 
0 
0 
0 
1 
1 
1 

JOBS [1] - [15]
TOOL SWITCHES : 0
MAKESPAN : 1

- MACHINE [1]

1 1 1 
1 0 1 
1 1 1 
0 0 0 
0 0 1 
0 1 0 
1 1 1 
0 0 0 
1 1 0 
0 0 1 
0 0 0 
0 0 0 
0 0 0 
0 1 0 
0 1 1 

JOBS [3] - [16, 18, 1]
TOOL SWITCHES : 0
MAKESPAN : 14

- MACHINE [2]

0 1 0 1 0 0 0 1 0 1 0 1 1 1 0 1 
0 0 1 1 0 0 0 0 1 1 0 0 1 1 0 0 
0 0 0 0 0 1 1 1 0 0 0 0 1 0 1 1 
1 1 0 1 0 0 1 0 1 1 1 1 0 0 1 1 
0 1 1 0 1 0 0 0 0 1 1 1 0 1 1 1 
1 1 0 1 1 0 0 1 0 0 1 0 0 0 0 0 
0 0 0 0 0 0 0 0 0 0 0 0 0 0 0 0 
1 0 0 0 0 1 0 1 1 0 1 0 1 1 1 1 
1 0 0 0 0 0 0 0 0 1 0 1 0 0 1 0 
0 0 0 0 1 1 1 1 0 0 1 0 0 1 0 1 
0 0 1 0 1 1 1 1 0 0 1 0 0 0 1 0 
1 0 1 1 1 1 1 0 1 0 0 0 1 0 0 0 
0 1 1 0 1 0 1 0 1 0 0 1 0 0 0 1 
1 0 1 1 0 0 0 0 0 0 0 0 0 0 0 0 
1 1 1 1 0 0 0 1 1 1 0 1 1 0 0 0 

JOBS [16] - [0, 6, 13, 11, 17, 3, 19, 5, 14, 10, 2, 12, 8, 7, 9, 4]
TOOL SWITCHES : 1
MAKESPAN : 109

# -------------------------- #

--- TOTAL TOOL SWITCHES : 1
--- HIGHEST MAKESPAN : 109
--- TOTAL FLOWTIME : 924
--- RUNNING TIME : 7.43623

# -------------------------- #
RUN : 1 - instancias_txt/SSP-NPM-I/ins120_m=3_j=20_t=15_var=20.txt

- MACHINE [0]

0 
0 
1 
1 
0 
0 
1 
0 
0 
0 
0 
1 
1 
0 
1 

JOBS [1] - [4]
TOOL SWITCHES : 0
MAKESPAN : 9

- MACHINE [1]

0 0 
1 0 
1 1 
1 1 
0 1 
0 0 
0 0 
1 1 
1 0 
0 1 
0 0 
0 0 
1 0 
0 0 
0 0 

JOBS [2] - [7, 18]
TOOL SWITCHES : 0
MAKESPAN : 6

- MACHINE [2]

0 1 0 0 1 0 0 1 1 1 1 0 0 1 1 0 0 
0 1 0 0 0 1 0 1 0 1 0 0 1 1 0 0 1 
1 0 1 0 0 1 1 1 0 1 0 0 1 0 1 1 1 
0 0 0 0 0 0 0 0 0 0 0 0 0 0 0 0 0 
0 1 1 1 1 0 0 1 0 0 0 0 0 0 0 1 1 
1 0 0 1 1 1 0 1 0 1 1 1 1 0 1 0 1 
0 1 0 1 0 0 0 0 1 1 0 1 0 0 0 0 0 
1 0 1 0 1 0 1 0 0 0 1 0 1 1 1 1 1 
0 1 0 1 1 1 1 0 1 0 1 0 1 1 1 1 0 
1 0 0 0 0 0 1 0 1 0 1 0 0 1 0 1 0 
0 0 0 0 0 0 0 1 1 1 1 1 0 0 0 1 1 
1 0 1 0 1 1 1 0 0 0 0 0 0 0 0 0 0 
0 0 1 0 0 1 1 0 1 0 0 1 0 0 0 1 1 
1 1 1 0 0 0 1 0 1 0 0 0 1 0 0 0 0 
0 0 1 1 1 0 0 0 0 0 1 1 0 0 1 0 0 

JOBS [17] - [11, 13, 10, 1, 9, 5, 12, 8, 14, 2, 17, 3, 19, 6, 0, 16, 15]
TOOL SWITCHES : 1
MAKESPAN : 84

# -------------------------- #

--- TOTAL TOOL SWITCHES : 1
--- HIGHEST MAKESPAN : 84
--- TOTAL FLOWTIME : 791
--- RUNNING TIME : 5.99785

# -------------------------- #


avg : 1.5
