RUN : 1 - instancias_txt/SSP-NPM-I/ins101_m=3_j=20_t=15_var=1.txt

- MACHINE [0]

0 1 
0 0 
1 0 
1 1 
0 0 
0 0 
1 1 
0 0 
0 0 
1 0 
0 0 
0 0 
1 1 
0 1 
0 0 

JOBS [2] - [14, 4]
TOOL SWITCHES : 0
MAKESPAN : 11

- MACHINE [1]

0 1 1 0 1 0 1 1 0 1 0 
1 1 0 0 1 0 0 0 0 1 1 
1 0 1 1 1 0 1 1 1 0 0 
1 0 0 0 0 1 0 0 1 0 1 
0 0 1 1 0 1 1 1 0 1 1 
1 0 0 1 1 1 1 0 0 0 0 
0 0 0 0 0 0 0 0 0 0 0 
1 1 0 1 1 1 0 1 1 1 0 
0 1 0 0 0 0 0 1 1 1 0 
0 0 0 0 1 1 1 0 0 0 1 
1 1 1 0 0 0 0 0 0 0 0 
0 0 0 0 0 0 0 0 1 0 1 
0 0 0 0 0 0 0 0 0 0 0 
1 1 1 1 0 0 0 0 0 0 0 
0 0 0 1 0 1 0 0 0 1 1 

JOBS [11] - [5, 11, 16, 18, 10, 1, 19, 7, 15, 3, 13]
TOOL SWITCHES : 3
MAKESPAN : 87

- MACHINE [2]

0 0 1 0 0 1 0 
0 0 0 0 0 0 0 
0 0 0 0 0 0 0 
0 0 1 0 0 0 0 
1 1 1 1 0 0 0 
0 0 0 0 1 1 1 
0 0 0 1 1 1 1 
0 1 1 1 0 0 0 
1 1 1 1 0 0 1 
0 0 0 1 0 1 0 
1 0 0 0 0 1 0 
0 1 0 0 1 1 0 
1 1 1 0 1 0 1 
1 0 0 0 1 0 1 
1 0 0 1 1 0 0 

JOBS [7] - [9, 6, 0, 2, 17, 12, 8]
TOOL SWITCHES : 0
MAKESPAN : 41

# -------------------------- #

--- TOTAL TOOL SWITCHES : 3
--- HIGHEST MAKESPAN : 87
--- TOTAL FLOWTIME : 679
--- RUNNING TIME : 3.51428

# -------------------------- #
RUN : 1 - instancias_txt/SSP-NPM-I/ins102_m=3_j=20_t=15_var=2.txt

- MACHINE [0]

1 
1 
0 
0 
1 
0 
0 
1 
0 
0 
0 
1 
0 
1 
1 

JOBS [1] - [16]
TOOL SWITCHES : 0
MAKESPAN : 5

- MACHINE [1]

0 0 0 
0 1 0 
1 0 1 
1 0 0 
0 1 1 
0 0 0 
0 1 1 
0 0 0 
1 1 0 
0 1 1 
0 0 1 
1 0 0 
0 0 0 
0 0 0 
1 1 1 

JOBS [3] - [1, 6, 7]
TOOL SWITCHES : 0
MAKESPAN : 23

- MACHINE [2]

0 0 0 0 1 1 1 1 1 1 1 1 0 0 1 0 
1 0 1 0 0 0 0 0 1 0 0 1 0 1 1 0 
0 1 1 1 0 0 0 0 0 0 0 1 0 1 0 1 
0 0 0 0 0 0 0 0 0 1 0 1 1 0 0 1 
0 0 0 1 0 0 1 1 0 1 1 0 0 0 0 1 
1 1 0 0 0 1 0 0 0 0 1 0 1 0 1 0 
0 1 0 1 0 1 1 1 1 1 0 1 1 0 0 1 
0 0 0 0 0 0 0 1 1 1 0 1 0 1 0 0 
1 1 1 1 0 1 1 0 0 1 0 0 1 0 0 0 
0 0 1 0 1 1 0 1 0 0 0 0 0 1 0 1 
1 1 0 1 1 1 1 0 0 0 0 0 0 0 0 0 
1 0 0 0 0 1 0 1 1 0 1 1 1 0 1 0 
0 0 0 0 1 0 1 0 1 0 1 0 0 1 1 0 
0 1 1 1 1 0 0 0 0 0 0 0 1 0 1 1 
0 0 0 0 0 0 0 0 0 0 0 0 0 0 0 0 

JOBS [16] - [8, 5, 13, 2, 10, 17, 12, 11, 19, 14, 18, 15, 0, 3, 9, 4]
TOOL SWITCHES : 1
MAKESPAN : 69

# -------------------------- #

--- TOTAL TOOL SWITCHES : 1
--- HIGHEST MAKESPAN : 69
--- TOTAL FLOWTIME : 626
--- RUNNING TIME : 5.26634

# -------------------------- #
RUN : 1 - instancias_txt/SSP-NPM-I/ins103_m=3_j=20_t=15_var=3.txt

- MACHINE [0]

















JOBS [0] - []
TOOL SWITCHES : 0
MAKESPAN : 0

- MACHINE [1]

0 0 0 1 
0 0 0 0 
0 0 0 0 
1 1 0 1 
1 1 1 1 
0 1 1 1 
0 1 1 0 
1 1 0 0 
0 0 0 0 
0 0 0 1 
1 1 1 0 
0 1 1 1 
0 0 0 0 
0 0 0 0 
1 0 1 1 

JOBS [4] - [3, 11, 15, 9]
TOOL SWITCHES : 0
MAKESPAN : 30

- MACHINE [2]

0 0 1 1 1 0 0 0 0 1 0 0 1 0 0 1 
0 1 1 0 1 1 0 1 1 0 1 0 1 1 0 0 
0 0 0 1 0 1 1 0 1 0 1 1 1 0 0 0 
0 0 0 0 0 0 0 0 0 0 0 1 1 1 0 1 
0 1 0 0 1 0 1 0 0 1 0 1 0 0 0 0 
0 0 0 1 0 1 0 0 0 0 0 0 0 0 0 0 
0 0 1 0 1 0 0 1 1 0 1 0 0 0 1 1 
1 1 1 1 0 1 1 0 0 0 1 0 0 0 0 0 
1 1 1 1 0 1 1 1 1 1 1 0 1 0 1 0 
1 1 0 0 0 0 1 0 0 0 0 1 1 0 1 0 
1 1 1 1 1 0 0 0 0 0 0 0 0 0 1 1 
1 0 1 0 1 0 0 1 0 1 0 1 0 1 0 0 
1 0 0 0 0 1 1 0 1 1 0 0 0 1 0 1 
1 1 0 0 1 0 0 1 1 0 1 0 0 0 1 1 
0 0 0 0 0 0 1 0 0 1 1 1 0 1 1 0 

JOBS [16] - [10, 13, 18, 0, 6, 12, 16, 2, 7, 1, 17, 5, 4, 8, 14, 19]
TOOL SWITCHES : 2
MAKESPAN : 111

# -------------------------- #

--- TOTAL TOOL SWITCHES : 2
--- HIGHEST MAKESPAN : 111
--- TOTAL FLOWTIME : 1001
--- RUNNING TIME : 6.44669

# -------------------------- #
RUN : 1 - instancias_txt/SSP-NPM-I/ins104_m=3_j=20_t=15_var=4.txt

- MACHINE [0]

0 
0 
0 
1 
1 
0 
0 
0 
0 
1 
1 
1 
1 
0 
0 

JOBS [1] - [10]
TOOL SWITCHES : 0
MAKESPAN : 2

- MACHINE [1]

0 
1 
0 
0 
1 
1 
0 
1 
0 
0 
1 
0 
1 
0 
0 

JOBS [1] - [13]
TOOL SWITCHES : 0
MAKESPAN : 10

- MACHINE [2]

1 1 1 0 1 0 0 1 1 1 0 1 1 1 0 1 1 0 
0 0 0 1 1 0 1 1 0 1 0 0 0 1 1 1 0 1 
1 1 0 0 0 1 0 0 1 1 1 0 0 0 0 0 1 0 
0 0 0 1 1 0 1 0 0 0 1 0 1 0 0 0 0 1 
1 0 0 0 0 1 0 1 1 0 0 1 0 0 1 0 0 0 
1 0 0 1 0 1 0 0 0 1 1 1 0 1 0 0 1 1 
1 0 0 0 0 1 0 0 0 0 0 1 1 1 1 0 1 1 
1 1 1 1 0 0 1 0 0 0 0 0 0 0 0 0 0 0 
0 0 0 0 0 0 0 1 1 1 1 0 0 0 1 0 0 1 
0 1 0 1 0 1 1 1 0 0 0 1 1 0 0 1 1 0 
0 0 1 1 1 0 1 0 1 0 1 0 0 0 0 0 0 0 
0 1 1 0 0 1 0 0 0 0 0 1 1 1 0 0 1 0 
0 0 0 0 0 0 0 0 0 0 0 0 1 0 1 1 0 0 
1 1 0 0 1 1 0 1 0 0 1 0 0 0 1 1 0 1 
0 0 1 0 1 0 1 1 0 0 0 0 0 1 0 1 0 0 

JOBS [18] - [0, 2, 5, 11, 17, 18, 16, 7, 19, 6, 9, 4, 15, 1, 14, 12, 8, 3]
TOOL SWITCHES : 2
MAKESPAN : 106

# -------------------------- #

--- TOTAL TOOL SWITCHES : 2
--- HIGHEST MAKESPAN : 106
--- TOTAL FLOWTIME : 1091
--- RUNNING TIME : 7.2863

# -------------------------- #
RUN : 1 - instancias_txt/SSP-NPM-I/ins105_m=3_j=20_t=15_var=5.txt

- MACHINE [0]

















JOBS [0] - []
TOOL SWITCHES : 0
MAKESPAN : 0

- MACHINE [1]

0 0 
0 0 
0 1 
0 0 
1 1 
0 1 
1 0 
0 1 
0 0 
1 0 
1 1 
0 0 
0 1 
1 0 
1 0 

JOBS [2] - [18, 10]
TOOL SWITCHES : 0
MAKESPAN : 5

- MACHINE [2]

0 1 0 1 1 0 1 0 0 1 1 1 1 0 0 1 1 0 
0 1 1 1 0 1 1 1 1 1 0 0 0 0 1 1 0 1 
0 1 0 1 1 1 0 0 0 0 0 0 0 0 0 0 0 0 
0 0 0 0 1 1 1 0 1 0 0 0 1 1 0 0 0 1 
0 0 1 0 1 0 0 1 0 0 1 1 0 0 1 0 0 0 
0 1 1 0 1 1 0 0 0 0 0 0 1 0 0 1 1 0 
1 1 1 0 0 0 0 0 1 1 1 0 1 1 1 0 0 1 
1 0 0 0 0 0 0 1 1 1 0 0 0 0 1 0 1 0 
1 0 1 1 0 0 1 1 0 0 0 0 0 0 0 0 0 0 
0 0 1 0 0 1 1 1 0 0 1 0 1 1 0 0 0 1 
0 1 0 1 0 1 0 0 0 1 0 1 0 1 0 1 1 0 
1 0 1 0 1 0 0 0 1 1 1 1 0 1 0 0 0 0 
0 0 0 0 0 0 1 1 0 0 0 0 0 0 1 0 1 1 
1 1 0 1 0 1 1 0 1 0 0 1 0 1 1 1 1 0 
0 0 0 0 0 0 0 0 1 0 1 1 0 0 1 1 0 0 

JOBS [18] - [16, 4, 6, 9, 0, 8, 17, 1, 19, 3, 7, 15, 13, 11, 2, 5, 14, 12]
TOOL SWITCHES : 2
MAKESPAN : 114

# -------------------------- #

--- TOTAL TOOL SWITCHES : 2
--- HIGHEST MAKESPAN : 114
--- TOTAL FLOWTIME : 1067
--- RUNNING TIME : 7.17209

# -------------------------- #
RUN : 1 - instancias_txt/SSP-NPM-I/ins106_m=3_j=20_t=15_var=6.txt

- MACHINE [0]

0 
1 
1 
0 
0 
1 
0 
0 
1 
1 
0 
1 
0 
1 
0 

JOBS [1] - [10]
TOOL SWITCHES : 0
MAKESPAN : 10

- MACHINE [1]

0 1 1 1 
1 0 0 0 
0 0 0 0 
1 1 0 0 
1 1 1 0 
0 1 1 1 
0 0 1 1 
0 0 0 0 
1 1 1 1 
0 0 0 0 
0 0 0 0 
1 1 1 0 
0 1 0 1 
0 0 1 0 
0 0 0 0 

JOBS [4] - [14, 1, 18, 15]
TOOL SWITCHES : 0
MAKESPAN : 22

- MACHINE [2]

1 0 0 0 1 0 1 1 0 0 0 0 0 0 1 
1 1 0 0 0 0 1 1 0 0 1 0 0 1 0 
1 0 0 0 0 1 1 0 0 0 0 0 1 1 1 
0 1 1 0 0 0 0 0 1 1 1 1 0 1 1 
0 1 0 1 1 0 0 0 0 0 0 0 0 0 0 
1 0 1 0 1 0 1 0 0 0 0 1 0 0 0 
0 0 0 1 0 1 0 0 1 0 0 0 1 0 0 
0 0 0 1 0 1 0 1 1 1 0 0 0 0 0 
0 0 0 0 0 0 0 0 0 0 0 0 0 0 0 
1 1 1 0 0 1 1 0 1 0 1 0 1 1 0 
0 1 0 1 1 0 1 0 1 0 1 0 0 0 1 
1 0 1 1 0 0 0 1 1 0 0 1 0 0 1 
0 0 1 1 1 1 1 1 0 1 1 1 1 1 0 
0 0 0 0 0 0 0 1 0 1 1 1 1 0 0 
0 0 1 1 1 1 0 0 0 1 1 0 0 1 1 

JOBS [15] - [2, 11, 7, 19, 9, 6, 12, 8, 13, 3, 4, 16, 5, 17, 0]
TOOL SWITCHES : 1
MAKESPAN : 94

# -------------------------- #

--- TOTAL TOOL SWITCHES : 1
--- HIGHEST MAKESPAN : 94
--- TOTAL FLOWTIME : 771
--- RUNNING TIME : 5.25126

# -------------------------- #
RUN : 1 - instancias_txt/SSP-NPM-I/ins107_m=3_j=20_t=15_var=7.txt

- MACHINE [0]

0 
1 
1 
1 
0 
0 
0 
0 
0 
0 
1 
0 
1 
1 
0 

JOBS [1] - [16]
TOOL SWITCHES : 0
MAKESPAN : 7

- MACHINE [1]

0 0 0 
0 1 0 
0 0 1 
0 0 0 
0 1 1 
0 0 1 
0 0 0 
0 1 0 
0 0 0 
1 0 1 
0 0 0 
1 0 0 
1 1 0 
1 1 1 
1 0 0 

JOBS [3] - [17, 6, 11]
TOOL SWITCHES : 0
MAKESPAN : 14

- MACHINE [2]

0 0 0 0 0 1 0 1 1 0 0 1 1 1 0 1 
0 0 0 0 0 0 1 1 1 1 0 1 0 1 1 1 
0 1 1 1 0 0 0 1 1 0 1 1 0 0 1 0 
0 1 0 1 1 0 1 0 1 0 1 1 0 0 0 0 
0 1 0 0 1 1 0 0 0 1 0 0 0 1 0 1 
1 0 1 0 0 0 1 0 1 1 1 0 1 0 0 1 
1 0 1 0 0 1 1 0 0 1 0 0 1 1 0 1 
0 1 0 0 1 0 0 1 0 1 1 0 0 1 1 0 
0 0 0 1 1 1 1 0 0 1 1 0 0 0 1 0 
0 0 1 1 1 1 0 0 0 0 0 0 0 0 0 0 
1 0 0 0 1 1 1 1 0 0 1 0 1 0 0 1 
0 1 1 1 0 0 0 1 0 0 0 0 1 1 1 0 
1 1 0 1 0 0 0 0 0 0 0 1 1 0 0 0 
0 0 0 0 0 0 0 0 0 0 0 0 0 0 0 0 
1 1 1 1 0 0 1 0 1 0 0 0 0 0 0 1 

JOBS [16] - [14, 0, 2, 7, 5, 3, 12, 8, 13, 15, 9, 19, 4, 18, 1, 10]
TOOL SWITCHES : 1
MAKESPAN : 110

# -------------------------- #

--- TOTAL TOOL SWITCHES : 1
--- HIGHEST MAKESPAN : 110
--- TOTAL FLOWTIME : 917
--- RUNNING TIME : 6.82498

# -------------------------- #
RUN : 1 - instancias_txt/SSP-NPM-I/ins108_m=3_j=20_t=15_var=8.txt

- MACHINE [0]

1 
0 
0 
1 
0 
0 
1 
0 
1 
1 
1 
0 
0 
0 
0 

JOBS [1] - [18]
TOOL SWITCHES : 0
MAKESPAN : 1

- MACHINE [1]

0 0 
1 0 
0 0 
1 1 
0 0 
0 0 
1 0 
0 1 
0 0 
1 1 
0 1 
1 0 
0 1 
1 1 
1 0 

JOBS [2] - [3, 8]
TOOL SWITCHES : 0
MAKESPAN : 7

- MACHINE [2]

1 0 1 0 0 1 0 1 1 1 0 0 0 0 0 1 0 
0 1 1 1 0 0 0 0 0 1 0 0 0 0 0 0 0 
1 1 1 0 0 0 0 1 1 0 1 0 1 1 1 0 0 
0 0 0 1 1 1 1 0 0 0 0 1 1 0 0 0 1 
0 0 0 0 0 0 0 0 0 1 1 1 1 1 1 1 0 
0 1 1 0 1 0 0 1 1 0 1 1 0 1 0 1 0 
0 1 0 0 0 1 1 0 0 0 0 1 0 0 0 0 0 
0 0 0 0 0 0 0 0 0 0 0 0 1 1 0 1 1 
1 0 0 1 1 0 0 0 0 0 1 0 0 1 1 0 1 
1 0 0 0 0 0 1 0 0 0 0 0 0 0 1 1 1 
0 0 0 1 0 0 0 1 1 1 0 0 1 0 1 0 0 
1 1 0 0 1 0 0 1 1 1 1 1 0 0 0 1 1 
0 0 1 1 1 0 1 0 1 1 0 0 1 1 0 0 1 
0 0 0 1 0 1 0 1 0 0 0 0 0 0 0 0 0 
1 1 0 1 0 1 1 0 0 1 0 0 0 1 0 1 0 

JOBS [17] - [13, 4, 16, 7, 5, 12, 1, 10, 6, 14, 0, 15, 9, 2, 17, 11, 19]
TOOL SWITCHES : 2
MAKESPAN : 85

# -------------------------- #

--- TOTAL TOOL SWITCHES : 2
--- HIGHEST MAKESPAN : 85
--- TOTAL FLOWTIME : 839
--- RUNNING TIME : 7.35716

# -------------------------- #
RUN : 1 - instancias_txt/SSP-NPM-I/ins109_m=3_j=20_t=15_var=9.txt

- MACHINE [0]

1 
1 
0 
0 
1 
1 
0 
0 
0 
0 
0 
0 
1 
0 
1 

JOBS [1] - [10]
TOOL SWITCHES : 0
MAKESPAN : 9

- MACHINE [1]

0 0 
1 0 
0 1 
0 1 
0 0 
0 0 
0 0 
1 0 
0 0 
1 1 
0 0 
0 1 
0 1 
1 1 
1 1 

JOBS [2] - [3, 17]
TOOL SWITCHES : 0
MAKESPAN : 10

- MACHINE [2]

0 1 0 0 0 0 0 1 1 1 0 1 0 0 1 0 1 
0 0 0 0 1 0 1 0 1 1 0 0 0 0 1 1 1 
0 0 0 1 1 1 1 1 0 1 0 0 0 1 0 0 1 
0 1 0 0 1 0 1 0 0 0 1 0 0 0 1 0 0 
0 0 0 0 0 0 0 1 1 1 1 0 1 1 1 1 0 
0 0 1 0 1 1 1 0 1 0 1 1 1 0 0 0 0 
0 1 1 1 0 0 0 0 0 1 0 1 1 0 0 1 0 
1 1 0 1 0 1 0 0 0 0 0 0 0 0 0 0 0 
1 0 1 1 0 1 1 0 0 0 1 0 0 1 1 0 0 
1 0 0 0 0 0 0 0 0 1 1 1 0 0 0 1 0 
1 0 0 0 0 0 0 1 0 0 1 0 1 1 1 0 0 
1 0 0 1 1 1 0 0 0 0 0 1 0 1 0 0 1 
0 0 0 0 0 0 0 0 0 0 0 0 0 1 0 1 1 
1 1 1 0 1 0 0 1 1 0 0 1 0 0 0 1 1 
1 1 1 1 1 0 0 1 0 1 0 0 1 0 0 0 1 

JOBS [17] - [11, 0, 5, 4, 15, 12, 7, 14, 2, 8, 9, 19, 6, 1, 16, 18, 13]
TOOL SWITCHES : 2
MAKESPAN : 97

# -------------------------- #

--- TOTAL TOOL SWITCHES : 2
--- HIGHEST MAKESPAN : 97
--- TOTAL FLOWTIME : 861
--- RUNNING TIME : 6.83713

# -------------------------- #
RUN : 1 - instancias_txt/SSP-NPM-I/ins110_m=3_j=20_t=15_var=10.txt

- MACHINE [0]

















JOBS [0] - []
TOOL SWITCHES : 0
MAKESPAN : 0

- MACHINE [1]

1 
0 
0 
0 
1 
1 
0 
0 
1 
1 
0 
0 
1 
0 
1 

JOBS [1] - [9]
TOOL SWITCHES : 0
MAKESPAN : 1

- MACHINE [2]

1 0 1 0 0 0 1 0 0 0 0 1 0 1 0 0 1 0 0 
0 0 0 0 0 0 0 0 1 0 1 1 1 1 1 0 1 1 1 
0 0 0 0 1 1 0 1 1 1 1 0 0 1 1 0 0 1 1 
1 1 1 1 0 0 0 0 0 0 0 1 1 0 1 0 1 0 0 
0 1 1 0 1 0 0 0 1 0 0 0 0 0 0 0 0 0 0 
1 0 0 0 1 0 0 1 0 1 1 0 0 0 0 1 1 0 0 
1 1 1 1 0 0 1 1 0 1 0 0 0 0 1 0 0 1 0 
0 1 0 0 0 1 1 0 1 1 0 0 1 1 0 0 1 0 1 
1 0 0 0 1 1 0 0 0 1 1 1 1 1 0 1 1 1 1 
0 0 0 1 0 1 1 1 1 0 0 0 0 0 0 0 0 0 1 
1 1 0 0 1 0 1 1 0 0 0 0 0 0 0 0 0 0 0 
0 0 0 1 0 0 0 1 0 0 1 0 0 1 0 1 1 1 0 
0 0 0 0 0 0 0 0 0 1 0 0 1 0 0 1 0 1 0 
0 0 1 0 0 0 0 0 1 0 0 1 0 0 1 1 0 1 1 
0 1 1 1 1 1 1 0 0 1 0 1 0 0 0 1 0 0 0 

JOBS [19] - [16, 14, 19, 2, 13, 0, 10, 7, 5, 11, 17, 1, 18, 15, 3, 12, 4, 6, 8]
TOOL SWITCHES : 2
MAKESPAN : 86

# -------------------------- #

--- TOTAL TOOL SWITCHES : 2
--- HIGHEST MAKESPAN : 86
--- TOTAL FLOWTIME : 879
--- RUNNING TIME : 7.61204

# -------------------------- #
RUN : 1 - instancias_txt/SSP-NPM-I/ins111_m=3_j=20_t=15_var=11.txt

- MACHINE [0]

1 
0 
1 
1 
1 
0 
0 
0 
1 
1 
0 
0 
0 
0 
1 

JOBS [1] - [2]
TOOL SWITCHES : 0
MAKESPAN : 1

- MACHINE [1]

0 0 1 
1 0 1 
0 0 0 
1 1 1 
0 0 0 
1 0 0 
0 0 0 
0 1 1 
0 1 0 
1 1 1 
0 0 0 
0 1 0 
1 0 1 
0 0 0 
1 0 0 

JOBS [3] - [13, 1, 15]
TOOL SWITCHES : 0
MAKESPAN : 17

- MACHINE [2]

0 0 0 0 1 0 0 1 0 1 1 0 0 0 0 1 
1 1 1 0 0 1 0 0 0 1 0 0 0 0 1 1 
1 1 1 0 1 0 0 0 0 0 0 0 0 0 0 0 
0 0 0 0 0 0 0 0 0 0 0 0 0 0 0 0 
0 0 0 0 1 1 0 0 1 1 0 0 1 1 1 1 
1 0 1 1 0 0 1 1 0 0 1 0 1 0 1 0 
1 1 0 0 1 1 0 1 0 0 1 0 0 1 1 0 
0 0 1 0 0 1 1 0 1 0 0 0 0 0 0 0 
0 0 0 1 0 1 1 1 1 1 0 1 0 1 0 0 
0 1 1 1 0 0 0 0 0 1 1 0 1 0 1 1 
1 1 0 1 1 0 1 0 0 0 0 0 1 1 0 0 
1 1 0 1 0 1 1 0 1 1 1 0 1 0 0 0 
1 1 1 0 1 0 1 1 0 0 1 1 0 0 1 1 
0 0 0 1 0 0 0 1 1 0 0 0 1 1 1 0 
0 0 0 0 0 0 0 0 1 1 0 1 1 1 0 1 

JOBS [16] - [16, 12, 11, 8, 0, 19, 6, 7, 14, 10, 5, 17, 4, 18, 9, 3]
TOOL SWITCHES : 1
MAKESPAN : 84

# -------------------------- #

--- TOTAL TOOL SWITCHES : 1
--- HIGHEST MAKESPAN : 84
--- TOTAL FLOWTIME : 707
--- RUNNING TIME : 5.32832

# -------------------------- #
RUN : 1 - instancias_txt/SSP-NPM-I/ins112_m=3_j=20_t=15_var=12.txt

- MACHINE [0]

0 1 
0 0 
0 0 
0 0 
0 0 
1 1 
1 0 
0 0 
0 1 
0 0 
1 0 
0 0 
1 1 
0 0 
1 1 

JOBS [2] - [16, 13]
TOOL SWITCHES : 0
MAKESPAN : 7

- MACHINE [1]

1 1 1 1 
0 0 0 1 
1 1 0 1 
0 1 1 0 
0 1 1 0 
0 0 0 0 
0 0 0 0 
0 0 0 0 
1 0 0 1 
1 1 0 1 
1 0 1 0 
0 0 0 0 
1 1 1 0 
0 0 0 1 
0 0 0 0 

JOBS [4] - [11, 12, 17, 3]
TOOL SWITCHES : 0
MAKESPAN : 20

- MACHINE [2]

0 0 0 0 0 0 1 1 0 1 1 0 0 0 
1 0 0 1 1 0 1 1 0 0 0 1 0 1 
0 0 0 0 0 1 0 1 0 1 0 0 0 1 
1 1 1 1 0 0 0 0 0 1 0 0 0 1 
0 0 0 1 0 0 0 1 0 0 1 1 1 0 
1 1 1 0 0 1 0 1 1 0 1 0 0 0 
0 0 1 1 0 0 1 0 1 1 0 1 1 1 
0 0 0 0 1 1 1 0 1 0 0 0 1 0 
0 0 0 0 0 0 0 0 0 0 0 1 1 1 
0 1 1 0 1 1 0 0 0 0 1 0 1 0 
0 1 0 0 1 1 1 0 0 1 0 1 0 1 
1 0 0 1 1 1 1 1 0 0 1 0 1 0 
1 0 0 0 1 0 0 0 1 0 0 0 1 0 
1 1 1 1 1 0 0 0 0 0 0 0 0 0 
1 1 1 0 0 1 0 0 1 1 1 1 0 1 

JOBS [14] - [10, 19, 8, 7, 9, 15, 5, 0, 2, 6, 4, 18, 14, 1]
TOOL SWITCHES : 2
MAKESPAN : 100

# -------------------------- #

--- TOTAL TOOL SWITCHES : 2
--- HIGHEST MAKESPAN : 100
--- TOTAL FLOWTIME : 789
--- RUNNING TIME : 6.21862

# -------------------------- #
RUN : 1 - instancias_txt/SSP-NPM-I/ins113_m=3_j=20_t=15_var=13.txt

- MACHINE [0]

















JOBS [0] - []
TOOL SWITCHES : 0
MAKESPAN : 0

- MACHINE [1]

0 0 
0 0 
1 0 
0 0 
0 0 
1 1 
0 1 
1 1 
0 0 
0 1 
0 1 
1 1 
1 0 
0 0 
1 0 

JOBS [2] - [4, 19]
TOOL SWITCHES : 0
MAKESPAN : 4

- MACHINE [2]

1 1 0 0 1 0 0 0 0 0 0 0 0 0 1 1 1 0 
0 0 1 1 1 0 1 0 0 1 1 0 1 0 1 1 0 0 
0 0 1 1 0 1 0 0 0 0 1 1 0 1 1 1 0 1 
0 0 0 1 1 0 1 1 0 1 0 1 0 0 0 0 1 0 
1 0 0 1 0 0 1 0 0 0 0 1 1 1 0 0 0 1 
0 0 0 0 0 0 0 0 0 0 1 1 0 0 0 1 1 1 
1 0 1 0 1 1 1 0 0 0 0 0 0 0 0 0 0 0 
0 1 1 1 0 0 1 0 1 1 0 0 0 0 0 0 0 0 
0 1 0 0 0 1 1 1 1 0 0 0 0 1 1 0 1 0 
1 0 1 1 0 1 0 1 1 0 1 1 1 0 0 1 1 0 
0 1 0 0 0 1 0 1 1 0 0 0 1 1 1 0 0 1 
1 0 0 0 0 1 0 0 1 1 1 0 0 1 0 0 0 1 
0 0 0 0 0 0 0 1 1 1 0 0 0 1 0 1 0 0 
0 1 1 1 1 1 0 0 0 0 0 0 1 0 0 1 1 0 
1 1 0 0 1 0 1 0 0 1 0 0 0 0 1 0 0 1 

JOBS [18] - [9, 0, 15, 2, 8, 7, 3, 1, 14, 11, 12, 17, 18, 6, 10, 5, 13, 16]
TOOL SWITCHES : 2
MAKESPAN : 124

# -------------------------- #

--- TOTAL TOOL SWITCHES : 2
--- HIGHEST MAKESPAN : 124
--- TOTAL FLOWTIME : 1185
--- RUNNING TIME : 6.99071

# -------------------------- #
RUN : 1 - instancias_txt/SSP-NPM-I/ins114_m=3_j=20_t=15_var=14.txt

- MACHINE [0]

1 
1 
0 
0 
0 
1 
0 
1 
0 
0 
1 
0 
0 
0 
1 

JOBS [1] - [12]
TOOL SWITCHES : 0
MAKESPAN : 8

- MACHINE [1]

1 0 1 
0 1 1 
0 1 0 
1 0 1 
0 1 0 
0 0 0 
0 1 0 
0 0 0 
1 0 1 
1 1 0 
0 0 0 
1 1 0 
1 0 1 
0 0 0 
0 0 0 

JOBS [3] - [10, 17, 2]
TOOL SWITCHES : 0
MAKESPAN : 23

- MACHINE [2]

0 0 1 1 1 1 0 0 0 1 0 0 0 0 0 1 
0 0 0 0 0 0 0 0 0 0 0 0 0 0 0 0 
0 1 0 0 1 1 0 1 0 0 1 1 0 0 0 0 
0 1 0 0 0 0 1 1 0 0 1 0 1 1 0 0 
0 0 0 1 0 0 0 1 0 1 0 0 0 1 1 0 
0 0 1 0 0 0 0 0 0 0 0 1 1 1 1 1 
0 0 0 0 0 0 0 0 1 0 0 1 0 0 1 1 
1 0 1 0 0 0 1 0 0 1 1 0 1 1 1 0 
0 0 0 0 1 0 0 1 0 1 1 1 1 0 0 0 
1 1 0 0 1 1 0 0 1 0 0 0 0 1 0 1 
1 1 0 1 1 0 1 1 1 1 1 0 0 0 1 1 
1 1 0 1 1 0 1 0 0 0 0 0 0 0 0 0 
0 0 1 1 0 0 0 1 1 0 0 1 1 1 0 1 
1 0 1 0 0 1 1 1 1 1 1 0 1 0 0 0 
1 1 1 1 0 1 0 0 1 0 0 1 0 1 1 1 

JOBS [16] - [7, 18, 9, 19, 8, 11, 14, 4, 3, 1, 16, 15, 13, 6, 0, 5]
TOOL SWITCHES : 1
MAKESPAN : 79

# -------------------------- #

--- TOTAL TOOL SWITCHES : 1
--- HIGHEST MAKESPAN : 79
--- TOTAL FLOWTIME : 760
--- RUNNING TIME : 5.56678

# -------------------------- #
RUN : 1 - instancias_txt/SSP-NPM-I/ins115_m=3_j=20_t=15_var=15.txt

- MACHINE [0]

1 
1 
1 
0 
1 
0 
0 
0 
0 
0 
1 
0 
0 
1 
1 

JOBS [1] - [15]
TOOL SWITCHES : 0
MAKESPAN : 3

- MACHINE [1]

0 0 1 
0 1 1 
1 0 1 
0 0 0 
0 0 0 
0 1 0 
1 0 0 
0 1 0 
1 0 1 
0 1 1 
1 0 1 
0 0 0 
0 0 0 
0 0 0 
1 1 1 

JOBS [3] - [19, 0, 5]
TOOL SWITCHES : 0
MAKESPAN : 16

- MACHINE [2]

1 0 1 1 1 0 0 0 1 1 1 1 1 0 1 0 
0 0 1 0 0 1 0 1 0 0 0 1 1 0 0 1 
0 1 1 1 1 0 0 0 0 1 0 0 1 0 1 1 
1 0 0 0 0 0 1 1 1 0 1 0 0 0 0 0 
0 1 1 0 0 0 1 0 0 1 0 0 0 1 1 1 
0 0 0 0 0 1 1 0 1 0 1 0 0 1 0 0 
1 0 0 1 1 1 0 1 0 1 0 0 0 0 0 1 
1 1 1 1 1 0 0 0 1 0 0 1 1 0 0 1 
0 0 0 0 0 0 1 1 1 1 0 0 0 0 0 0 
0 0 1 1 1 1 0 0 0 0 0 0 0 0 0 0 
1 1 0 0 1 1 1 0 0 0 0 1 1 1 1 1 
0 1 1 1 0 1 0 0 0 1 1 1 1 1 1 0 
0 1 0 0 0 0 0 1 1 0 0 1 1 0 0 0 
1 0 0 0 1 0 1 0 0 0 1 0 0 1 1 1 
0 0 0 0 0 0 0 0 0 0 0 0 0 0 0 0 

JOBS [16] - [18, 2, 9, 4, 1, 8, 6, 14, 16, 17, 7, 3, 10, 13, 12, 11]
TOOL SWITCHES : 1
MAKESPAN : 90

# -------------------------- #

--- TOTAL TOOL SWITCHES : 1
--- HIGHEST MAKESPAN : 90
--- TOTAL FLOWTIME : 778
--- RUNNING TIME : 7.60847

# -------------------------- #
RUN : 1 - instancias_txt/SSP-NPM-I/ins116_m=3_j=20_t=15_var=16.txt

- MACHINE [0]

0 0 0 
0 1 0 
0 0 0 
0 0 0 
1 1 1 
0 0 1 
1 0 1 
0 0 0 
1 1 1 
0 0 0 
1 1 1 
0 1 1 
1 1 0 
0 0 0 
0 0 0 

JOBS [3] - [14, 3, 0]
TOOL SWITCHES : 1
MAKESPAN : 12

- MACHINE [1]

0 0 1 1 1 1 0 
0 0 0 0 0 0 0 
1 1 0 0 0 1 0 
1 1 0 0 1 0 1 
0 1 0 1 0 1 1 
0 0 1 1 1 0 0 
0 0 1 0 1 0 0 
0 0 0 0 0 1 0 
0 0 0 0 0 0 0 
0 1 1 1 0 0 1 
0 0 0 0 0 0 0 
1 1 1 0 1 1 1 
0 0 0 1 1 1 1 
1 1 0 0 0 0 0 
1 0 1 1 0 0 1 

JOBS [7] - [18, 10, 6, 8, 9, 4, 12]
TOOL SWITCHES : 2
MAKESPAN : 46

- MACHINE [2]

0 0 0 1 1 1 1 1 0 1 
0 0 1 1 1 0 1 0 1 1 
1 0 0 1 0 0 0 1 0 0 
0 0 0 0 1 1 1 0 0 1 
0 0 0 0 0 0 0 0 0 0 
0 1 1 0 0 1 1 1 1 1 
0 1 0 0 1 0 0 1 0 1 
1 1 1 0 0 1 0 0 1 0 
1 0 1 1 0 1 1 1 0 0 
1 1 0 1 0 0 1 0 1 0 
1 0 1 0 1 0 0 0 0 0 
0 0 0 0 0 0 0 0 0 0 
0 0 1 1 0 0 0 0 0 0 
0 1 0 0 0 1 0 1 1 1 
0 0 0 0 1 0 0 0 0 1 

JOBS [10] - [1, 16, 7, 15, 5, 19, 2, 11, 17, 13]
TOOL SWITCHES : 0
MAKESPAN : 73

# -------------------------- #

--- TOTAL TOOL SWITCHES : 3
--- HIGHEST MAKESPAN : 73
--- TOTAL FLOWTIME : 580
--- RUNNING TIME : 3.28022

# -------------------------- #
RUN : 1 - instancias_txt/SSP-NPM-I/ins117_m=3_j=20_t=15_var=17.txt

- MACHINE [0]

1 
0 
0 
1 
0 
0 
1 
1 
0 
0 
0 
1 
0 
1 
0 

JOBS [1] - [15]
TOOL SWITCHES : 0
MAKESPAN : 2

- MACHINE [1]

1 0 
0 0 
1 1 
1 1 
0 1 
0 0 
1 0 
0 0 
0 0 
0 0 
1 1 
0 1 
1 0 
0 1 
0 1 

JOBS [2] - [1, 14]
TOOL SWITCHES : 0
MAKESPAN : 11

- MACHINE [2]

0 1 0 1 0 1 0 0 1 0 1 0 0 0 1 0 0 
0 0 0 0 0 1 1 1 0 1 1 0 0 0 0 1 1 
0 0 1 0 1 0 0 1 0 0 0 0 0 0 1 0 1 
0 0 0 0 0 0 0 0 0 0 0 0 0 0 0 0 0 
1 1 0 1 1 0 0 1 0 0 1 1 0 0 0 1 1 
1 0 1 0 1 1 0 0 0 1 1 1 1 0 0 0 0 
1 0 0 0 0 0 0 0 1 0 0 0 1 1 0 1 0 
1 0 0 0 0 1 0 0 1 1 0 0 1 1 0 0 1 
1 0 1 0 1 1 0 1 0 1 0 1 0 0 0 0 1 
0 0 0 0 0 0 1 1 0 1 0 0 1 1 1 1 0 
1 1 1 1 0 0 0 0 0 0 0 0 0 0 0 0 0 
0 0 1 0 1 0 1 1 1 0 1 1 0 0 0 0 0 
0 1 1 1 0 1 1 0 0 0 1 1 0 0 1 1 0 
0 0 0 1 1 1 1 1 0 1 0 1 0 1 1 0 1 
0 1 0 0 0 0 1 0 1 0 1 0 1 1 1 0 1 

JOBS [17] - [17, 6, 19, 2, 16, 9, 0, 10, 8, 13, 5, 11, 18, 3, 12, 7, 4]
TOOL SWITCHES : 1
MAKESPAN : 82

# -------------------------- #

--- TOTAL TOOL SWITCHES : 1
--- HIGHEST MAKESPAN : 82
--- TOTAL FLOWTIME : 682
--- RUNNING TIME : 5.46372

# -------------------------- #
RUN : 1 - instancias_txt/SSP-NPM-I/ins118_m=3_j=20_t=15_var=18.txt

- MACHINE [0]

0 
0 
0 
0 
0 
0 
1 
1 
1 
0 
0 
1 
0 
1 
1 

JOBS [1] - [9]
TOOL SWITCHES : 0
MAKESPAN : 6

- MACHINE [1]

0 0 1 
1 1 0 
0 0 0 
0 0 0 
0 0 0 
0 0 0 
1 1 0 
1 1 0 
0 0 0 
0 1 0 
0 0 1 
1 1 1 
0 1 1 
1 0 1 
0 0 0 

JOBS [3] - [6, 17, 11]
TOOL SWITCHES : 0
MAKESPAN : 18

- MACHINE [2]

0 1 1 1 1 0 1 1 0 0 0 0 0 0 0 0 
1 1 0 0 0 0 0 0 1 1 0 0 1 1 0 0 
0 1 0 0 1 1 0 1 0 0 0 1 0 0 1 1 
0 1 1 0 1 0 0 1 1 0 0 0 1 0 0 0 
1 0 0 1 1 1 0 0 1 0 1 0 1 0 0 0 
0 0 0 1 1 0 0 0 1 0 1 1 1 1 0 0 
1 1 1 0 0 0 1 1 0 0 0 0 0 1 1 1 
0 0 1 0 1 1 0 0 1 0 1 1 0 1 1 1 
1 1 1 0 1 1 1 0 0 0 0 0 0 1 0 1 
1 1 0 1 0 1 1 0 1 1 0 0 1 0 1 0 
0 0 0 1 0 1 0 0 0 1 1 1 0 0 0 0 
0 0 0 0 0 0 0 0 0 0 0 0 0 0 0 0 
0 0 0 0 0 0 0 1 0 1 1 0 0 0 1 0 
0 0 0 0 0 0 0 0 0 0 1 1 1 1 1 0 
1 0 0 0 0 0 1 0 1 1 1 1 0 0 1 1 

JOBS [16] - [3, 8, 0, 12, 16, 4, 2, 14, 1, 19, 5, 7, 18, 13, 15, 10]
TOOL SWITCHES : 1
MAKESPAN : 93

# -------------------------- #

--- TOTAL TOOL SWITCHES : 1
--- HIGHEST MAKESPAN : 93
--- TOTAL FLOWTIME : 844
--- RUNNING TIME : 5.30084

# -------------------------- #
RUN : 1 - instancias_txt/SSP-NPM-I/ins119_m=3_j=20_t=15_var=19.txt

- MACHINE [0]

1 
0 
1 
0 
0 
1 
1 
0 
1 
0 
0 
0 
0 
1 
1 

JOBS [1] - [18]
TOOL SWITCHES : 0
MAKESPAN : 4

- MACHINE [1]

1 1 1 
1 1 1 
1 1 0 
0 0 0 
0 1 0 
0 0 0 
1 1 1 
0 0 0 
1 0 0 
0 1 0 
0 0 0 
0 0 0 
0 0 1 
0 0 1 
0 1 1 

JOBS [3] - [16, 1, 15]
TOOL SWITCHES : 0
MAKESPAN : 15

- MACHINE [2]

0 1 0 0 1 1 0 0 0 0 1 1 1 1 0 1 
1 0 0 0 1 0 0 0 0 1 0 0 1 1 0 1 
0 1 1 1 1 1 1 0 0 0 0 0 0 0 0 0 
1 0 1 0 0 1 1 0 1 0 1 1 1 0 1 1 
0 0 1 0 0 1 0 1 0 1 1 1 1 1 1 0 
0 1 0 0 0 0 0 1 1 0 1 0 0 0 1 1 
0 0 0 0 0 0 0 0 0 0 0 0 0 0 0 0 
1 1 1 1 1 1 0 0 1 0 0 0 0 1 1 0 
0 0 1 0 0 0 0 0 1 0 0 1 1 0 0 0 
0 1 0 1 0 1 1 1 0 0 0 0 0 1 1 0 
0 1 1 1 0 0 1 1 0 1 0 0 0 0 1 0 
1 0 0 1 1 0 1 1 1 1 0 0 0 0 0 1 
1 0 0 0 0 1 1 1 0 1 1 1 0 0 0 0 
0 0 0 0 0 0 0 0 1 1 0 0 0 0 0 1 
1 1 0 0 1 0 0 0 1 1 1 1 1 0 0 1 

JOBS [16] - [14, 5, 9, 3, 8, 4, 19, 17, 0, 13, 6, 12, 10, 7, 2, 11]
TOOL SWITCHES : 1
MAKESPAN : 109

# -------------------------- #

--- TOTAL TOOL SWITCHES : 1
--- HIGHEST MAKESPAN : 109
--- TOTAL FLOWTIME : 962
--- RUNNING TIME : 7.32685

# -------------------------- #
RUN : 1 - instancias_txt/SSP-NPM-I/ins120_m=3_j=20_t=15_var=20.txt

- MACHINE [0]

0 
0 
1 
1 
0 
0 
1 
0 
0 
0 
0 
1 
1 
0 
1 

JOBS [1] - [4]
TOOL SWITCHES : 0
MAKESPAN : 9

- MACHINE [1]

0 0 1 0 
1 0 1 0 
1 1 0 1 
1 0 0 1 
0 1 0 1 
0 0 0 0 
0 0 0 0 
1 1 1 1 
1 1 1 0 
0 1 1 1 
0 1 0 0 
0 0 0 0 
1 1 0 0 
0 0 0 0 
0 0 0 0 

JOBS [4] - [7, 16, 6, 18]
TOOL SWITCHES : 0
MAKESPAN : 17

- MACHINE [2]

1 1 0 1 1 0 0 1 1 0 0 1 0 0 0 
0 0 0 0 0 0 0 1 1 0 0 1 1 1 1 
0 0 0 0 1 0 1 1 0 1 1 1 1 1 1 
0 0 0 0 0 0 0 0 0 0 0 0 0 0 0 
1 0 0 0 0 1 1 0 1 0 0 1 1 0 0 
1 1 1 0 1 1 0 1 0 0 1 1 1 1 1 
0 0 1 1 0 1 0 1 1 0 0 0 0 0 0 
1 1 0 0 1 0 1 0 0 1 1 0 1 0 1 
1 1 0 1 1 1 0 0 1 1 0 0 0 1 1 
0 1 0 1 0 0 0 0 0 1 1 0 0 0 0 
0 1 1 1 0 0 0 1 0 0 0 1 1 0 0 
1 0 0 0 0 0 1 0 0 1 1 0 0 1 0 
0 0 1 1 0 0 1 0 0 1 0 0 1 1 0 
0 0 0 1 0 0 1 0 1 1 1 0 0 0 1 
1 1 1 0 1 1 1 0 0 0 0 0 0 0 0 

JOBS [15] - [9, 17, 3, 14, 0, 1, 10, 2, 13, 12, 11, 8, 15, 5, 19]
TOOL SWITCHES : 1
MAKESPAN : 74

# -------------------------- #

--- TOTAL TOOL SWITCHES : 1
--- HIGHEST MAKESPAN : 74
--- TOTAL FLOWTIME : 574
--- RUNNING TIME : 5.97768

# -------------------------- #


avg : 1.6
