RUN : 1 - instancias_txt/SSP-NPM-I/ins101_m=3_j=20_t=15_var=1.txt

- MACHINE [0]

1 
0 
0 
0 
0 
1 
1 
0 
0 
1 
1 
1 
0 
0 
0 

JOBS [1] - [12]
TOOL SWITCHES : 0
MAKESPAN : 4

- MACHINE [1]

















JOBS [0] - []
TOOL SWITCHES : 0
MAKESPAN : 0

- MACHINE [2]

0 0 0 0 0 0 1 0 1 1 1 0 1 1 1 0 0 1 0 
0 0 0 0 0 0 0 1 0 0 0 1 0 1 1 0 0 1 0 
1 0 0 0 0 1 0 0 1 0 1 1 1 0 0 0 1 1 0 
1 0 0 0 0 1 1 1 0 1 0 1 0 0 0 0 0 0 1 
0 0 1 0 1 0 0 1 1 1 1 0 1 1 0 1 1 0 1 
0 1 0 1 0 0 0 0 1 0 0 1 0 0 0 0 1 1 1 
0 1 0 1 1 1 1 0 0 0 0 0 0 0 0 0 0 0 0 
1 0 1 0 1 0 0 0 0 1 1 1 0 1 1 0 1 1 1 
1 0 1 1 1 0 0 0 0 1 1 0 0 1 1 1 0 0 0 
0 0 0 0 1 1 0 1 1 0 0 0 0 0 0 0 0 1 1 
0 0 0 0 0 0 0 0 0 0 0 1 1 0 1 1 0 0 0 
1 1 1 0 0 0 0 1 0 0 0 0 0 0 0 0 0 0 0 
0 1 1 1 0 1 1 0 0 1 0 0 0 0 0 1 0 0 0 
0 1 0 1 0 0 1 0 0 0 0 1 1 0 1 1 1 0 0 
0 1 0 0 1 0 0 1 0 0 0 0 0 1 0 1 1 0 1 

JOBS [19] - [15, 17, 6, 8, 2, 14, 4, 13, 19, 0, 7, 5, 16, 3, 11, 9, 18, 10, 1]
TOOL SWITCHES : 2
MAKESPAN : 132

# -------------------------- #

--- TOTAL TOOL SWITCHES : 2
--- HIGHEST MAKESPAN : 132
--- TOTAL FLOWTIME : 1295
--- RUNNING TIME : 6.29015

# -------------------------- #
RUN : 1 - instancias_txt/SSP-NPM-I/ins102_m=3_j=20_t=15_var=2.txt

- MACHINE [0]

1 
1 
0 
0 
1 
0 
0 
1 
0 
0 
0 
1 
0 
1 
1 

JOBS [1] - [16]
TOOL SWITCHES : 0
MAKESPAN : 5

- MACHINE [1]

0 0 0 
1 0 0 
0 1 1 
0 0 1 
1 1 0 
0 0 0 
1 1 0 
0 0 0 
1 0 1 
1 1 0 
0 1 0 
0 0 1 
0 0 0 
0 0 0 
1 1 1 

JOBS [3] - [6, 7, 1]
TOOL SWITCHES : 0
MAKESPAN : 23

- MACHINE [2]

1 0 1 0 1 1 0 0 1 0 1 0 1 0 1 1 
0 0 1 0 1 0 1 0 0 0 1 1 0 1 0 0 
0 1 1 1 0 0 1 1 0 0 0 1 0 0 0 0 
1 0 1 1 0 0 0 0 0 1 0 0 0 0 0 0 
1 1 0 1 0 1 0 0 1 0 0 0 0 0 0 1 
0 0 0 0 0 0 0 1 1 1 1 0 1 1 0 0 
1 1 1 1 1 1 0 1 0 1 0 0 1 0 0 1 
1 0 1 0 1 1 1 0 0 0 0 0 0 0 0 0 
1 1 0 0 0 0 0 1 0 1 0 1 1 1 0 1 
0 0 0 1 0 1 1 0 0 0 0 1 1 0 1 0 
0 1 0 0 0 0 0 1 0 0 0 0 1 1 1 1 
0 0 1 0 1 1 0 0 1 1 1 0 1 1 0 0 
0 0 0 0 1 0 1 0 1 0 1 0 0 0 1 1 
0 1 0 1 0 0 0 1 0 1 1 1 0 0 1 0 
0 0 0 0 0 0 0 0 0 0 0 0 0 0 0 0 

JOBS [16] - [14, 2, 15, 4, 19, 11, 3, 5, 18, 0, 9, 13, 17, 8, 10, 12]
TOOL SWITCHES : 1
MAKESPAN : 69

# -------------------------- #

--- TOTAL TOOL SWITCHES : 1
--- HIGHEST MAKESPAN : 69
--- TOTAL FLOWTIME : 683
--- RUNNING TIME : 6.12247

# -------------------------- #
RUN : 1 - instancias_txt/SSP-NPM-I/ins103_m=3_j=20_t=15_var=3.txt

- MACHINE [0]

1 
0 
0 
1 
0 
0 
1 
0 
0 
0 
1 
0 
1 
1 
0 

JOBS [1] - [19]
TOOL SWITCHES : 0
MAKESPAN : 4

- MACHINE [1]

0 
1 
0 
1 
0 
0 
0 
0 
0 
0 
0 
1 
1 
0 
1 

JOBS [1] - [8]
TOOL SWITCHES : 0
MAKESPAN : 2

- MACHINE [2]

1 0 0 0 0 0 0 0 0 0 1 1 0 1 0 1 1 0 
1 1 1 1 0 1 0 0 0 1 0 0 0 1 0 1 0 0 
0 0 1 1 0 0 0 1 0 1 1 0 0 1 0 0 0 1 
0 0 0 0 0 0 0 0 0 0 0 0 1 1 1 0 1 1 
1 0 0 0 0 1 0 1 1 0 0 1 1 0 1 0 1 1 
0 0 0 0 0 0 0 0 1 1 1 0 1 0 0 0 1 0 
1 1 1 1 1 0 0 0 1 0 0 0 1 0 0 1 0 0 
0 0 1 0 0 1 1 1 0 1 1 0 1 0 1 1 0 0 
0 1 1 1 1 1 1 1 0 1 1 1 0 1 0 1 0 0 
0 0 0 0 1 1 1 1 0 0 0 0 0 1 0 0 1 1 
1 0 0 0 1 1 1 0 1 0 1 0 1 0 1 1 0 0 
1 1 0 0 0 0 1 0 1 0 0 1 1 0 0 1 1 1 
0 0 0 1 0 0 1 1 0 1 0 1 0 0 0 0 0 0 
1 1 1 1 1 1 1 0 0 0 0 0 0 0 0 0 0 0 
0 0 1 0 1 0 0 1 1 0 0 1 0 0 1 0 1 1 

JOBS [18] - [6, 2, 17, 7, 14, 13, 10, 16, 15, 12, 0, 1, 11, 4, 3, 18, 9, 5]
TOOL SWITCHES : 2
MAKESPAN : 126

# -------------------------- #

--- TOTAL TOOL SWITCHES : 2
--- HIGHEST MAKESPAN : 126
--- TOTAL FLOWTIME : 1119
--- RUNNING TIME : 6.00246

# -------------------------- #
RUN : 1 - instancias_txt/SSP-NPM-I/ins104_m=3_j=20_t=15_var=4.txt

- MACHINE [0]

0 
0 
1 
1 
0 
1 
0 
0 
1 
0 
1 
0 
0 
1 
0 

JOBS [1] - [9]
TOOL SWITCHES : 0
MAKESPAN : 1

- MACHINE [1]

0 0 0 0 0 1 0 1 1 
1 1 1 1 0 0 1 1 1 
0 0 0 0 0 0 0 0 0 
1 0 0 1 1 1 1 1 0 
0 1 1 0 1 0 0 0 0 
1 0 1 1 0 0 0 0 0 
1 1 0 0 0 1 0 0 0 
0 0 1 1 0 0 1 0 0 
1 1 0 0 0 0 0 0 0 
0 0 0 1 1 1 1 0 1 
0 0 1 1 1 0 1 1 0 
0 0 0 0 1 1 0 0 0 
0 1 1 0 1 1 0 0 1 
1 1 0 0 0 0 0 1 1 
0 0 0 0 0 0 1 1 1 

JOBS [9] - [3, 14, 13, 11, 10, 15, 16, 17, 12]
TOOL SWITCHES : 4
MAKESPAN : 63

- MACHINE [2]

1 1 1 1 0 1 1 1 1 1 
0 0 0 0 0 1 0 1 1 0 
1 1 1 0 1 0 0 0 1 1 
0 0 0 0 0 0 0 0 0 0 
1 1 0 1 1 1 0 0 0 0 
0 1 1 1 1 0 0 1 1 0 
0 1 1 1 1 0 0 1 0 0 
0 1 0 0 0 0 1 0 0 1 
1 0 0 0 0 1 0 0 1 0 
0 0 1 1 1 1 0 0 0 1 
1 0 0 0 0 0 1 0 0 0 
0 0 1 1 1 0 1 1 0 1 
0 0 0 0 0 0 0 0 0 0 
0 1 0 0 1 1 0 0 0 1 
0 0 0 0 0 1 1 1 0 0 

JOBS [10] - [19, 0, 8, 4, 18, 7, 5, 1, 6, 2]
TOOL SWITCHES : 0
MAKESPAN : 55

# -------------------------- #

--- TOTAL TOOL SWITCHES : 4
--- HIGHEST MAKESPAN : 63
--- TOTAL FLOWTIME : 606
--- RUNNING TIME : 3.36721

# -------------------------- #
RUN : 1 - instancias_txt/SSP-NPM-I/ins105_m=3_j=20_t=15_var=5.txt

- MACHINE [0]

0 
1 
0 
1 
0 
0 
1 
0 
0 
1 
0 
0 
1 
0 
0 

JOBS [1] - [12]
TOOL SWITCHES : 0
MAKESPAN : 8

- MACHINE [1]

1 0 
1 1 
0 0 
1 0 
0 1 
0 0 
0 0 
0 1 
1 1 
1 1 
0 0 
0 0 
1 1 
1 0 
0 0 

JOBS [2] - [17, 1]
TOOL SWITCHES : 0
MAKESPAN : 8

- MACHINE [2]

1 1 0 0 1 1 0 0 0 1 0 1 0 1 1 0 1 
1 0 1 0 1 0 1 0 1 1 0 0 1 0 0 0 1 
1 0 0 1 1 0 0 0 1 0 0 0 0 0 1 0 0 
0 0 0 0 0 0 0 0 1 0 1 0 1 1 1 0 0 
0 0 1 1 0 1 1 0 0 0 0 1 0 0 1 1 0 
1 1 0 1 0 0 1 0 1 1 0 0 0 1 1 0 0 
1 0 1 0 0 1 1 1 0 0 1 0 1 1 0 1 1 
0 1 1 1 0 0 0 1 0 0 0 0 1 0 0 0 1 
0 0 0 0 1 0 1 1 0 0 0 0 0 0 0 0 0 
0 0 0 0 0 1 1 0 1 0 1 0 0 1 0 1 0 
1 1 0 1 1 0 0 0 1 1 1 1 0 0 0 1 1 
0 0 0 0 0 1 1 1 0 0 1 1 1 0 1 0 1 
0 1 1 1 0 0 0 0 0 0 0 0 0 0 0 0 0 
1 1 1 0 1 0 0 1 1 1 1 1 1 0 0 1 0 
0 0 1 0 0 1 0 0 0 1 0 1 1 0 0 1 0 

JOBS [17] - [4, 14, 2, 10, 9, 7, 6, 16, 8, 5, 11, 15, 19, 13, 0, 18, 3]
TOOL SWITCHES : 2
MAKESPAN : 112

# -------------------------- #

--- TOTAL TOOL SWITCHES : 2
--- HIGHEST MAKESPAN : 112
--- TOTAL FLOWTIME : 1063
--- RUNNING TIME : 7.83437

# -------------------------- #
RUN : 1 - instancias_txt/SSP-NPM-I/ins106_m=3_j=20_t=15_var=6.txt

- MACHINE [0]

0 
1 
1 
0 
0 
1 
0 
0 
1 
1 
0 
1 
0 
1 
0 

JOBS [1] - [10]
TOOL SWITCHES : 0
MAKESPAN : 10

- MACHINE [1]

1 1 0 0 1 
0 0 1 0 0 
0 0 0 0 0 
0 0 1 1 1 
0 1 1 0 1 
1 1 0 1 1 
1 1 0 0 0 
0 0 0 0 0 
1 1 1 0 1 
0 0 0 0 0 
0 0 0 0 0 
0 1 1 1 1 
1 0 0 1 1 
0 1 0 1 0 
0 0 0 0 0 

JOBS [5] - [15, 18, 14, 16, 1]
TOOL SWITCHES : 0
MAKESPAN : 26

- MACHINE [2]

0 0 0 0 0 0 1 0 1 0 1 0 1 1 
0 0 0 0 0 0 1 1 0 1 1 1 1 0 
1 0 1 0 0 0 1 1 0 0 1 0 0 1 
0 1 0 1 0 1 0 1 0 1 0 1 0 1 
0 0 0 0 1 0 0 0 1 0 0 1 0 0 
0 1 0 0 0 0 1 0 1 0 1 0 0 0 
1 0 1 0 1 1 0 0 0 0 0 0 0 0 
1 0 0 1 1 1 0 0 0 0 0 0 1 0 
0 0 0 0 0 0 0 0 0 0 0 0 0 0 
1 1 1 0 0 1 1 1 0 1 1 1 0 0 
0 0 0 0 1 1 0 0 1 1 1 1 0 1 
0 1 0 0 1 1 1 0 0 0 0 0 1 1 
1 1 1 1 1 0 0 1 1 1 1 0 1 0 
0 0 1 1 0 0 0 0 0 1 0 0 1 0 
1 1 0 1 1 0 0 1 1 1 0 0 0 1 

JOBS [14] - [6, 7, 5, 3, 19, 13, 2, 17, 9, 4, 12, 11, 8, 0]
TOOL SWITCHES : 1
MAKESPAN : 92

# -------------------------- #

--- TOTAL TOOL SWITCHES : 1
--- HIGHEST MAKESPAN : 92
--- TOTAL FLOWTIME : 729
--- RUNNING TIME : 7.22569

# -------------------------- #
RUN : 1 - instancias_txt/SSP-NPM-I/ins107_m=3_j=20_t=15_var=7.txt

- MACHINE [0]

0 1 
1 1 
1 1 
0 0 
0 0 
0 0 
0 0 
1 1 
1 0 
0 0 
0 1 
1 1 
0 0 
0 0 
0 0 

JOBS [2] - [1, 8]
TOOL SWITCHES : 0
MAKESPAN : 9

- MACHINE [1]

1 
0 
0 
0 
1 
0 
1 
0 
1 
1 
1 
0 
0 
0 
0 

JOBS [1] - [3]
TOOL SWITCHES : 0
MAKESPAN : 8

- MACHINE [2]

0 0 0 0 0 0 0 0 0 1 1 1 0 0 1 0 1 
0 0 0 0 0 0 1 0 1 1 0 1 0 1 1 1 1 
0 0 1 0 1 1 0 1 0 0 0 1 1 0 0 1 1 
1 0 1 0 0 0 1 1 0 0 0 1 1 0 0 1 1 
1 0 0 0 0 1 0 0 1 1 0 0 1 1 1 0 0 
0 0 0 1 1 1 1 1 1 1 1 0 0 0 0 0 1 
0 0 0 1 1 0 1 0 1 1 1 0 0 0 1 0 0 
1 0 0 0 0 0 0 1 1 0 0 0 1 1 1 0 0 
1 0 1 0 0 0 1 1 1 0 0 0 0 0 0 0 0 
1 1 1 0 1 1 0 0 0 0 0 0 0 0 0 0 0 
1 0 0 1 0 0 1 1 0 1 1 0 0 0 0 1 0 
0 1 1 0 1 0 0 0 0 0 1 0 1 0 1 0 0 
0 1 1 1 0 0 0 0 0 0 1 1 1 1 0 1 0 
0 1 0 0 0 1 0 0 0 0 0 0 0 1 0 1 0 
0 1 1 1 1 0 1 0 0 1 0 0 1 0 0 0 1 

JOBS [17] - [5, 17, 7, 14, 2, 11, 12, 9, 15, 10, 4, 19, 0, 6, 18, 16, 13]
TOOL SWITCHES : 2
MAKESPAN : 122

# -------------------------- #

--- TOTAL TOOL SWITCHES : 2
--- HIGHEST MAKESPAN : 122
--- TOTAL FLOWTIME : 1220
--- RUNNING TIME : 5.09478

# -------------------------- #
RUN : 1 - instancias_txt/SSP-NPM-I/ins108_m=3_j=20_t=15_var=8.txt

- MACHINE [0]

0 0 
0 0 
1 1 
0 0 
1 1 
1 0 
0 0 
0 0 
1 1 
0 1 
0 1 
1 0 
0 0 
0 0 
0 0 

JOBS [2] - [0, 17]
TOOL SWITCHES : 0
MAKESPAN : 12

- MACHINE [1]

1 1 
0 1 
0 0 
1 0 
0 1 
0 0 
1 0 
0 0 
0 0 
0 0 
0 1 
0 1 
0 1 
1 0 
1 1 

JOBS [2] - [12, 14]
TOOL SWITCHES : 0
MAKESPAN : 3

- MACHINE [2]

1 1 1 0 0 0 0 0 1 0 0 1 0 0 0 1 
0 1 0 1 1 1 0 0 0 0 0 0 0 0 0 0 
0 1 1 1 0 0 0 0 1 1 0 0 0 0 1 1 
1 0 0 0 1 1 1 1 0 0 1 0 1 1 1 0 
0 0 0 0 0 0 0 0 0 1 0 1 1 0 1 0 
0 1 1 1 0 0 0 0 1 1 1 1 1 0 0 0 
1 0 0 1 1 0 0 0 0 0 0 0 1 1 0 0 
0 0 0 0 0 0 1 1 0 1 0 1 0 0 1 0 
1 0 0 0 0 1 1 0 0 1 1 0 0 0 0 1 
1 0 0 0 1 0 1 1 0 0 0 1 0 1 0 1 
1 0 1 0 0 1 0 1 1 0 0 0 0 0 1 0 
0 0 1 1 1 0 1 0 1 0 1 1 1 0 0 1 
0 1 1 0 0 1 1 1 0 1 1 0 0 1 1 0 
0 0 0 0 1 1 0 1 1 0 0 0 0 0 0 0 
0 0 0 1 1 1 0 0 0 1 0 1 0 1 0 1 

JOBS [16] - [18, 16, 6, 4, 3, 7, 19, 8, 10, 2, 5, 11, 15, 1, 9, 13]
TOOL SWITCHES : 2
MAKESPAN : 78

# -------------------------- #

--- TOTAL TOOL SWITCHES : 2
--- HIGHEST MAKESPAN : 78
--- TOTAL FLOWTIME : 742
--- RUNNING TIME : 7.66831

# -------------------------- #
RUN : 1 - instancias_txt/SSP-NPM-I/ins109_m=3_j=20_t=15_var=9.txt

- MACHINE [0]

0 
1 
1 
1 
0 
1 
0 
0 
0 
0 
0 
1 
0 
1 
1 

JOBS [1] - [15]
TOOL SWITCHES : 0
MAKESPAN : 7

- MACHINE [1]

0 
0 
1 
0 
1 
0 
0 
0 
1 
0 
1 
1 
1 
0 
0 

JOBS [1] - [1]
TOOL SWITCHES : 0
MAKESPAN : 6

- MACHINE [2]

1 1 1 1 0 0 0 0 1 1 1 0 0 0 0 0 1 0 
1 0 0 1 1 0 0 0 1 1 1 0 0 1 1 0 0 0 
1 0 1 0 0 1 0 0 0 0 1 0 1 1 0 1 0 0 
0 0 0 0 0 1 1 0 1 0 0 0 0 1 0 0 1 0 
0 0 1 1 1 0 1 1 1 1 1 0 0 0 0 0 0 0 
0 1 0 1 0 0 1 1 0 1 0 0 1 1 0 0 0 1 
0 1 0 0 1 0 0 1 0 0 1 0 0 0 0 1 1 1 
0 0 0 0 0 0 0 0 0 0 0 1 1 0 1 1 1 0 
0 0 0 0 0 0 1 0 1 0 0 1 1 1 0 1 0 1 
0 1 0 0 1 1 1 0 0 0 1 1 0 0 1 0 0 0 
0 0 1 0 0 0 1 1 1 0 0 1 0 0 0 0 0 0 
1 1 0 0 0 1 0 0 0 0 0 1 1 0 0 1 0 0 
1 0 0 1 1 1 0 0 0 0 0 0 0 0 0 0 0 0 
1 1 1 0 1 1 0 0 0 1 0 1 0 0 1 0 1 1 
1 0 1 1 0 1 0 1 0 0 1 1 0 0 1 1 1 1 

JOBS [18] - [13, 19, 14, 10, 18, 17, 9, 6, 16, 2, 8, 11, 12, 7, 3, 4, 0, 5]
TOOL SWITCHES : 2
MAKESPAN : 95

# -------------------------- #

--- TOTAL TOOL SWITCHES : 2
--- HIGHEST MAKESPAN : 95
--- TOTAL FLOWTIME : 890
--- RUNNING TIME : 6.95166

# -------------------------- #
RUN : 1 - instancias_txt/SSP-NPM-I/ins110_m=3_j=20_t=15_var=10.txt

- MACHINE [0]

















JOBS [0] - []
TOOL SWITCHES : 0
MAKESPAN : 0

- MACHINE [1]

0 0 0 
0 1 0 
1 1 1 
0 0 0 
1 0 0 
1 1 1 
0 0 1 
0 0 0 
1 1 0 
0 0 1 
1 0 1 
0 1 1 
0 0 0 
0 0 0 
1 0 0 

JOBS [3] - [13, 17, 7]
TOOL SWITCHES : 0
MAKESPAN : 15

- MACHINE [2]

1 1 1 0 0 0 1 0 0 1 0 1 0 1 0 0 0 
0 0 0 0 1 1 0 0 0 1 1 1 1 1 0 0 1 
0 0 0 0 1 1 0 1 0 0 1 1 0 0 1 0 1 
1 0 1 1 0 0 0 0 0 1 1 0 1 1 0 1 0 
1 0 0 1 1 0 1 0 0 0 0 0 0 0 0 0 0 
0 0 1 0 0 0 1 1 1 1 0 0 0 0 0 0 0 
1 1 1 1 0 0 0 1 0 0 1 0 0 0 0 1 1 
0 1 0 1 1 1 0 1 0 1 0 1 1 0 1 0 0 
0 0 1 0 0 1 1 1 1 1 0 1 1 1 1 0 1 
0 1 0 0 1 1 1 0 0 0 0 0 0 0 1 1 0 
0 1 1 1 0 0 0 0 0 0 0 0 0 0 0 0 0 
0 0 0 0 0 0 0 0 1 1 0 1 0 0 0 1 1 
0 0 0 0 0 0 1 1 1 0 0 0 1 0 0 0 1 
1 0 0 0 1 1 0 0 1 0 1 0 0 1 0 0 1 
1 1 0 1 0 0 1 1 1 0 0 0 0 1 1 1 0 

JOBS [17] - [19, 10, 16, 14, 5, 8, 9, 11, 12, 4, 3, 15, 18, 1, 0, 2, 6]
TOOL SWITCHES : 2
MAKESPAN : 75

# -------------------------- #

--- TOTAL TOOL SWITCHES : 2
--- HIGHEST MAKESPAN : 75
--- TOTAL FLOWTIME : 692
--- RUNNING TIME : 7.30229

# -------------------------- #
RUN : 1 - instancias_txt/SSP-NPM-I/ins111_m=3_j=20_t=15_var=11.txt

- MACHINE [0]

1 
0 
1 
1 
1 
0 
0 
0 
1 
1 
0 
0 
0 
0 
1 

JOBS [1] - [2]
TOOL SWITCHES : 0
MAKESPAN : 1

- MACHINE [1]

1 0 0 0 
1 0 0 1 
0 0 0 0 
1 0 1 1 
0 0 0 0 
0 0 0 1 
0 0 0 0 
1 0 1 0 
0 1 1 0 
1 0 1 1 
0 0 0 0 
0 0 1 0 
1 1 0 1 
0 0 0 0 
0 1 0 1 

JOBS [4] - [15, 17, 1, 13]
TOOL SWITCHES : 0
MAKESPAN : 24

- MACHINE [2]

0 0 0 1 0 0 0 0 1 0 1 0 0 1 1 
0 0 0 0 1 1 0 1 1 1 0 1 0 1 0 
0 0 0 0 0 0 0 1 0 1 0 1 0 0 1 
0 0 0 0 0 0 0 0 0 0 0 0 0 0 0 
1 1 1 0 1 1 0 0 1 0 0 0 0 1 1 
0 1 0 1 0 1 1 0 0 1 1 1 1 0 0 
0 0 1 1 1 1 0 1 0 0 1 1 0 0 1 
1 0 0 0 1 0 0 0 0 1 0 0 1 0 0 
1 0 1 1 1 0 1 0 1 0 0 0 1 0 0 
0 1 0 0 0 1 1 1 1 1 1 0 0 1 0 
0 1 1 0 0 0 1 1 0 0 0 1 1 0 1 
1 1 0 0 1 0 1 1 1 0 1 1 1 0 0 
0 0 0 1 0 1 0 1 0 1 1 1 1 1 1 
1 1 1 1 0 1 1 0 0 0 0 0 0 0 0 
1 1 1 0 0 0 0 0 1 0 0 0 0 1 0 

JOBS [15] - [14, 4, 18, 7, 19, 9, 8, 12, 10, 11, 5, 16, 6, 3, 0]
TOOL SWITCHES : 1
MAKESPAN : 74

# -------------------------- #

--- TOTAL TOOL SWITCHES : 1
--- HIGHEST MAKESPAN : 74
--- TOTAL FLOWTIME : 656
--- RUNNING TIME : 5.03631

# -------------------------- #
RUN : 1 - instancias_txt/SSP-NPM-I/ins112_m=3_j=20_t=15_var=12.txt

- MACHINE [0]

1 
1 
1 
0 
0 
0 
0 
0 
1 
1 
0 
0 
0 
1 
0 

JOBS [1] - [3]
TOOL SWITCHES : 0
MAKESPAN : 3

- MACHINE [1]

0 0 0 
0 1 1 
0 0 0 
1 1 0 
0 0 0 
1 1 0 
0 0 0 
0 0 1 
0 0 0 
1 0 1 
1 0 1 
0 1 1 
0 1 1 
1 1 1 
1 1 0 

JOBS [3] - [19, 10, 9]
TOOL SWITCHES : 0
MAKESPAN : 21

- MACHINE [2]

0 0 1 1 1 1 1 0 0 1 0 0 0 1 0 1 
0 1 1 0 0 0 0 1 1 0 0 0 0 1 0 0 
0 0 1 0 1 0 1 1 0 0 0 0 0 0 1 1 
1 1 0 0 1 0 1 1 0 1 0 0 0 0 0 0 
0 1 1 0 1 1 0 0 1 1 0 0 1 0 0 0 
1 0 1 1 0 1 0 0 0 0 1 1 0 0 1 0 
1 1 0 0 0 0 1 1 1 0 1 1 1 1 0 0 
0 0 0 0 0 0 0 0 0 0 1 0 1 1 1 0 
0 0 0 1 0 0 0 1 1 0 0 0 1 0 0 1 
1 0 0 0 1 1 0 0 0 0 0 0 1 0 1 1 
0 0 0 0 0 0 1 1 1 1 0 1 0 1 1 1 
0 1 1 0 0 1 0 0 0 0 0 0 1 1 1 0 
0 0 0 1 1 0 0 0 0 1 1 1 1 0 0 1 
1 1 0 0 0 0 0 0 0 0 0 0 0 0 0 0 
1 0 0 1 0 1 1 1 1 0 1 1 0 0 1 0 

JOBS [16] - [8, 7, 0, 13, 12, 4, 6, 1, 18, 17, 2, 16, 14, 5, 15, 11]
TOOL SWITCHES : 2
MAKESPAN : 95

# -------------------------- #

--- TOTAL TOOL SWITCHES : 2
--- HIGHEST MAKESPAN : 95
--- TOTAL FLOWTIME : 884
--- RUNNING TIME : 5.89408

# -------------------------- #
RUN : 1 - instancias_txt/SSP-NPM-I/ins113_m=3_j=20_t=15_var=13.txt

- MACHINE [0]

0 
0 
0 
0 
0 
0 
0 
1 
1 
1 
1 
1 
1 
0 
0 

JOBS [1] - [14]
TOOL SWITCHES : 0
MAKESPAN : 2

- MACHINE [1]

1 1 
0 1 
0 1 
1 0 
0 0 
1 1 
0 0 
0 0 
1 0 
1 1 
0 0 
0 0 
0 1 
1 1 
0 0 

JOBS [2] - [13, 5]
TOOL SWITCHES : 0
MAKESPAN : 12

- MACHINE [2]

0 1 1 1 1 0 0 0 0 0 0 0 0 0 0 0 0 
1 1 0 1 0 0 1 1 1 0 1 0 0 0 0 1 0 
1 1 0 0 0 1 1 0 1 0 0 1 1 1 1 0 0 
0 0 0 1 0 0 0 0 1 0 1 0 1 0 0 1 1 
0 0 1 0 0 0 0 1 1 0 0 1 1 1 0 1 0 
0 0 0 0 0 0 1 0 0 1 0 1 1 0 1 0 0 
1 0 1 1 0 1 0 0 0 1 0 0 0 0 0 1 0 
1 0 0 0 1 0 0 0 1 1 1 0 0 0 1 1 0 
0 1 0 0 1 1 0 0 0 0 0 0 0 1 0 1 1 
1 0 1 0 0 1 1 1 1 1 0 0 1 0 0 0 1 
0 1 0 0 1 1 0 1 0 1 0 1 0 1 0 0 1 
0 0 1 0 0 1 1 0 0 1 1 1 0 1 1 0 0 
0 0 0 0 0 0 0 0 0 0 1 0 0 1 1 0 1 
1 0 0 1 1 1 0 1 1 0 0 0 0 0 0 0 0 
0 1 1 1 1 0 0 0 0 0 1 1 0 0 1 1 0 

JOBS [17] - [15, 10, 9, 8, 0, 7, 12, 18, 2, 19, 11, 16, 17, 6, 4, 3, 1]
TOOL SWITCHES : 2
MAKESPAN : 129

# -------------------------- #

--- TOTAL TOOL SWITCHES : 2
--- HIGHEST MAKESPAN : 129
--- TOTAL FLOWTIME : 1117
--- RUNNING TIME : 6.78379

# -------------------------- #
RUN : 1 - instancias_txt/SSP-NPM-I/ins114_m=3_j=20_t=15_var=14.txt

- MACHINE [0]

0 
1 
1 
0 
1 
0 
1 
0 
0 
1 
0 
1 
0 
0 
0 

JOBS [1] - [17]
TOOL SWITCHES : 0
MAKESPAN : 6

- MACHINE [1]

1 1 0 1 
1 0 0 1 
0 0 0 0 
0 0 1 1 
0 0 0 0 
1 1 1 0 
0 0 0 0 
1 1 1 0 
0 0 1 1 
0 0 0 0 
1 0 0 0 
0 0 0 0 
0 1 1 1 
0 1 1 0 
1 1 0 0 

JOBS [4] - [12, 9, 13, 2]
TOOL SWITCHES : 0
MAKESPAN : 23

- MACHINE [2]

0 1 0 0 0 0 1 1 0 0 1 1 1 0 0 
0 0 0 0 0 0 0 0 0 0 0 0 0 0 0 
0 0 0 1 1 0 1 0 0 1 1 0 0 0 1 
0 0 0 1 0 0 0 1 1 1 0 0 0 1 1 
0 0 1 1 0 0 0 0 1 0 0 1 1 0 0 
0 1 1 0 1 0 0 0 1 0 0 0 0 0 0 
1 1 1 0 1 0 0 0 0 0 0 0 0 0 0 
0 0 1 0 0 1 0 0 1 0 0 0 1 1 1 
0 0 0 1 1 0 1 1 0 0 0 0 1 0 1 
1 1 0 0 0 1 1 1 1 1 1 0 0 0 0 
1 1 1 1 0 1 1 0 0 1 0 1 1 1 1 
0 0 0 0 0 1 1 1 0 1 0 1 0 1 0 
1 1 0 1 1 0 0 1 1 0 0 1 0 0 0 
1 0 0 1 0 1 0 0 0 0 1 0 1 1 1 
1 1 1 0 1 1 0 0 1 1 1 1 0 0 0 

JOBS [15] - [3, 5, 0, 4, 15, 7, 8, 10, 6, 18, 11, 19, 1, 14, 16]
TOOL SWITCHES : 1
MAKESPAN : 71

# -------------------------- #

--- TOTAL TOOL SWITCHES : 1
--- HIGHEST MAKESPAN : 71
--- TOTAL FLOWTIME : 644
--- RUNNING TIME : 5.5999

# -------------------------- #
RUN : 1 - instancias_txt/SSP-NPM-I/ins115_m=3_j=20_t=15_var=15.txt

- MACHINE [0]

0 
1 
0 
0 
0 
1 
0 
1 
0 
1 
0 
0 
0 
0 
1 

JOBS [1] - [0]
TOOL SWITCHES : 0
MAKESPAN : 5

- MACHINE [1]

1 0 1 
1 0 1 
1 1 1 
0 0 0 
0 0 1 
0 0 0 
0 1 0 
0 0 0 
1 1 0 
1 0 0 
1 1 1 
0 0 0 
0 0 0 
0 0 1 
1 1 1 

JOBS [3] - [5, 19, 15]
TOOL SWITCHES : 0
MAKESPAN : 19

- MACHINE [2]

1 1 0 1 0 1 1 1 1 1 0 1 0 0 0 1 
0 0 1 1 1 1 0 0 0 0 0 1 0 0 1 0 
1 1 1 0 0 1 0 0 1 0 0 1 0 1 0 1 
0 0 0 0 0 0 1 1 0 1 0 0 1 0 1 0 
0 0 1 0 0 1 0 0 1 0 1 0 1 1 0 1 
0 0 0 0 1 0 1 1 0 0 1 0 1 0 0 0 
1 1 1 0 1 0 0 0 1 1 0 0 0 0 1 0 
1 1 1 1 0 1 0 1 0 1 0 1 0 1 0 0 
0 0 0 0 0 0 0 1 1 0 0 0 1 0 1 0 
1 1 0 0 1 1 0 0 0 0 0 0 0 0 0 0 
0 1 1 1 1 0 0 0 0 1 1 1 1 1 0 1 
1 0 0 1 1 1 1 0 1 0 1 1 0 1 0 1 
0 0 0 1 0 0 0 1 0 0 0 1 0 1 1 0 
0 1 1 0 0 0 1 0 0 1 1 0 1 0 0 1 
0 0 0 0 0 0 0 0 0 0 0 0 0 0 0 0 

JOBS [16] - [4, 1, 11, 3, 8, 9, 7, 16, 17, 18, 13, 10, 6, 2, 14, 12]
TOOL SWITCHES : 1
MAKESPAN : 90

# -------------------------- #

--- TOTAL TOOL SWITCHES : 1
--- HIGHEST MAKESPAN : 90
--- TOTAL FLOWTIME : 752
--- RUNNING TIME : 6.88012

# -------------------------- #
RUN : 1 - instancias_txt/SSP-NPM-I/ins116_m=3_j=20_t=15_var=16.txt

- MACHINE [0]

1 
1 
0 
1 
0 
0 
1 
0 
0 
0 
1 
0 
0 
0 
1 

JOBS [1] - [5]
TOOL SWITCHES : 0
MAKESPAN : 5

- MACHINE [1]

1 0 
1 0 
0 0 
1 0 
0 0 
1 1 
1 1 
0 1 
0 0 
0 1 
0 0 
0 0 
0 0 
1 1 
1 0 

JOBS [2] - [13, 16]
TOOL SWITCHES : 0
MAKESPAN : 6

- MACHINE [2]

0 1 1 0 0 1 0 1 1 0 0 1 0 1 0 1 0 
0 0 0 0 1 0 0 1 0 0 0 0 0 1 1 0 1 
1 0 1 1 0 0 0 0 0 0 1 1 0 1 0 0 0 
1 1 0 1 0 0 1 1 0 0 0 0 0 0 0 1 0 
0 0 0 1 0 1 1 0 0 1 0 1 1 0 0 0 1 
0 1 1 0 1 1 0 1 1 1 0 0 0 0 1 1 0 
0 0 1 0 0 0 0 0 1 1 0 0 1 0 0 1 0 
0 1 0 0 1 0 0 0 0 0 1 1 0 0 1 0 0 
0 1 1 0 0 0 0 1 0 1 1 0 1 1 1 0 1 
0 0 0 1 1 1 1 1 1 0 1 0 0 1 0 0 0 
0 0 0 0 0 0 0 0 0 1 1 0 1 0 1 0 1 
1 0 0 1 0 0 1 0 1 1 0 1 0 0 0 1 1 
0 0 0 0 0 1 1 0 0 0 0 1 1 1 1 1 1 
1 1 1 1 1 0 0 0 0 0 0 0 0 0 0 0 0 
1 0 0 0 0 1 1 0 1 0 0 0 0 0 0 0 0 

JOBS [17] - [18, 19, 11, 10, 17, 8, 12, 2, 6, 0, 1, 4, 14, 15, 7, 9, 3]
TOOL SWITCHES : 2
MAKESPAN : 113

# -------------------------- #

--- TOTAL TOOL SWITCHES : 2
--- HIGHEST MAKESPAN : 113
--- TOTAL FLOWTIME : 1091
--- RUNNING TIME : 6.5797

# -------------------------- #
RUN : 1 - instancias_txt/SSP-NPM-I/ins117_m=3_j=20_t=15_var=17.txt

- MACHINE [0]

0 
0 
1 
1 
1 
0 
0 
0 
0 
0 
1 
1 
0 
1 
1 

JOBS [1] - [14]
TOOL SWITCHES : 0
MAKESPAN : 7

- MACHINE [1]

1 1 1 
0 0 0 
1 0 0 
1 0 1 
0 1 0 
0 0 0 
1 0 1 
0 0 1 
0 0 0 
0 0 0 
1 1 0 
0 0 1 
1 1 0 
0 1 1 
0 0 0 

JOBS [3] - [1, 2, 15]
TOOL SWITCHES : 0
MAKESPAN : 6

- MACHINE [2]

1 0 1 1 0 0 0 0 0 1 0 1 0 0 0 0 
0 1 0 1 1 1 1 0 1 1 0 0 0 0 0 0 
0 0 1 0 0 1 1 1 0 0 0 0 0 1 0 0 
0 0 0 0 0 0 0 0 0 0 0 0 0 0 0 0 
0 1 0 0 0 1 1 1 0 1 1 1 0 0 0 1 
0 0 0 1 0 0 0 1 1 1 1 0 1 1 0 1 
1 1 0 0 0 0 0 0 0 0 1 0 1 0 1 0 
1 0 0 1 0 0 1 0 1 0 1 0 1 0 1 0 
0 0 0 1 0 1 1 1 1 0 1 0 0 1 0 1 
0 1 1 0 1 1 0 0 1 0 0 0 1 0 1 0 
0 0 0 0 0 0 0 0 0 0 1 1 0 1 0 0 
1 0 0 0 1 1 0 1 0 1 0 0 0 1 0 1 
0 1 1 1 1 0 0 0 0 1 0 1 0 1 0 1 
0 0 1 1 1 1 1 1 1 0 0 0 0 0 1 1 
1 0 1 0 1 0 1 0 0 1 0 1 1 0 1 0 

JOBS [16] - [8, 7, 12, 9, 0, 10, 4, 16, 13, 5, 17, 6, 18, 19, 3, 11]
TOOL SWITCHES : 1
MAKESPAN : 78

# -------------------------- #

--- TOTAL TOOL SWITCHES : 1
--- HIGHEST MAKESPAN : 78
--- TOTAL FLOWTIME : 593
--- RUNNING TIME : 5.76913

# -------------------------- #
RUN : 1 - instancias_txt/SSP-NPM-I/ins118_m=3_j=20_t=15_var=18.txt

- MACHINE [0]

0 0 
1 1 
0 0 
0 0 
0 0 
0 0 
1 1 
1 1 
0 0 
0 1 
0 0 
1 1 
0 1 
1 0 
0 0 

JOBS [2] - [6, 17]
TOOL SWITCHES : 0
MAKESPAN : 11

- MACHINE [1]

1 0 1 
0 0 0 
0 0 0 
1 0 0 
0 0 0 
0 0 0 
1 1 0 
1 1 0 
1 1 0 
0 0 0 
0 0 1 
0 1 1 
0 0 1 
0 1 1 
0 1 0 

JOBS [3] - [0, 9, 11]
TOOL SWITCHES : 0
MAKESPAN : 12

- MACHINE [2]

1 0 1 0 1 0 0 0 0 1 1 0 0 0 0 
0 1 1 1 0 1 1 0 0 0 0 0 0 0 1 
1 0 1 0 1 0 0 1 0 0 0 1 1 1 0 
1 1 1 0 1 1 0 0 0 0 0 0 0 0 0 
1 1 0 0 0 1 1 0 1 0 1 0 0 1 0 
1 1 0 1 0 1 0 0 1 0 1 0 1 0 0 
0 0 1 1 1 0 1 1 0 1 0 1 0 0 0 
1 1 0 1 0 0 0 1 1 0 0 1 1 1 0 
1 0 1 1 0 0 1 0 0 1 0 1 0 1 0 
0 1 1 0 0 1 1 1 0 1 1 0 0 1 1 
0 0 0 0 0 0 0 0 1 0 1 0 1 1 1 
0 0 0 0 0 0 0 0 0 0 0 0 0 0 0 
0 0 0 0 1 0 0 1 1 0 0 0 0 0 1 
0 0 0 1 0 1 0 1 1 0 0 0 1 0 0 
0 1 0 0 0 0 1 1 1 1 0 1 1 0 1 

JOBS [15] - [16, 1, 8, 13, 14, 18, 3, 15, 5, 2, 12, 10, 7, 4, 19]
TOOL SWITCHES : 1
MAKESPAN : 91

# -------------------------- #

--- TOTAL TOOL SWITCHES : 1
--- HIGHEST MAKESPAN : 91
--- TOTAL FLOWTIME : 772
--- RUNNING TIME : 4.84421

# -------------------------- #
RUN : 1 - instancias_txt/SSP-NPM-I/ins119_m=3_j=20_t=15_var=19.txt

- MACHINE [0]

1 
1 
0 
0 
0 
0 
1 
0 
0 
0 
0 
0 
1 
1 
1 

JOBS [1] - [15]
TOOL SWITCHES : 0
MAKESPAN : 1

- MACHINE [1]

1 1 1 
0 1 1 
1 1 1 
0 0 0 
0 0 1 
1 0 0 
1 1 1 
0 0 0 
1 1 0 
0 0 1 
0 0 0 
0 0 0 
0 0 0 
1 0 0 
1 0 1 

JOBS [3] - [18, 16, 1]
TOOL SWITCHES : 0
MAKESPAN : 14

- MACHINE [2]

0 1 1 0 0 0 1 1 0 0 0 1 1 1 0 1 
0 1 1 1 0 0 0 0 0 0 1 0 1 0 0 1 
0 0 1 0 1 1 0 0 0 0 0 1 0 1 1 0 
1 1 0 0 0 1 1 1 0 1 1 1 0 0 1 1 
0 0 0 1 0 0 1 1 1 1 0 1 1 0 1 1 
1 1 0 0 0 0 0 1 1 1 0 0 0 1 0 0 
0 0 0 0 0 0 0 0 0 0 0 0 0 0 0 0 
1 0 1 0 1 0 0 0 0 1 1 1 1 1 1 0 
1 0 0 0 0 0 1 0 0 0 0 0 0 0 1 1 
0 0 0 0 1 1 0 0 1 1 0 1 1 1 0 0 
0 0 0 1 1 1 0 0 1 1 0 0 0 1 1 0 
1 1 1 1 1 1 0 0 1 0 1 0 0 0 0 0 
0 0 0 1 0 1 1 1 1 0 1 1 0 0 0 0 
1 1 0 1 0 0 0 0 0 0 0 0 0 0 0 0 
1 1 1 1 0 0 1 1 0 0 1 0 0 1 0 1 

JOBS [16] - [0, 11, 8, 13, 3, 19, 12, 6, 17, 2, 14, 4, 7, 5, 9, 10]
TOOL SWITCHES : 1
MAKESPAN : 109

# -------------------------- #

--- TOTAL TOOL SWITCHES : 1
--- HIGHEST MAKESPAN : 109
--- TOTAL FLOWTIME : 917
--- RUNNING TIME : 7.2477

# -------------------------- #
RUN : 1 - instancias_txt/SSP-NPM-I/ins120_m=3_j=20_t=15_var=20.txt

- MACHINE [0]

0 
0 
1 
1 
1 
0 
0 
1 
0 
1 
0 
0 
0 
0 
0 

JOBS [1] - [18]
TOOL SWITCHES : 0
MAKESPAN : 7

- MACHINE [1]

0 0 1 1 1 1 1 0 1 0 0 
1 0 1 1 1 0 0 0 0 0 0 
1 1 0 1 1 1 0 0 0 1 1 
0 0 0 0 0 0 0 0 0 0 0 
1 1 0 1 0 0 0 0 0 0 0 
1 0 0 1 1 1 1 1 0 1 0 
0 0 0 0 1 0 0 1 1 0 0 
1 1 1 0 0 1 1 0 0 1 1 
0 1 1 0 0 1 1 0 1 0 1 
0 1 1 0 0 0 1 0 1 1 1 
1 1 0 1 1 0 1 1 1 0 0 
0 0 0 0 0 0 0 0 0 1 1 
1 1 0 0 0 0 0 1 1 0 1 
0 0 0 0 0 0 0 0 1 1 1 
0 0 0 0 0 1 1 1 0 0 0 

JOBS [11] - [15, 16, 6, 8, 2, 0, 17, 3, 14, 11, 12]
TOOL SWITCHES : 4
MAKESPAN : 66

- MACHINE [2]

0 1 0 1 0 0 0 0 
1 0 1 1 0 0 1 0 
1 0 1 0 1 1 1 0 
0 0 1 0 1 0 0 0 
0 1 0 1 0 1 0 1 
1 1 0 0 0 0 1 1 
0 0 0 1 1 0 0 1 
1 1 1 0 0 1 0 0 
1 1 1 1 0 0 1 1 
0 0 0 0 0 0 0 0 
0 0 0 0 0 0 0 0 
0 1 0 0 1 1 1 0 
0 0 1 0 1 1 1 0 
1 0 0 1 0 1 0 0 
0 1 0 0 1 1 0 1 

JOBS [8] - [19, 9, 7, 13, 4, 10, 5, 1]
TOOL SWITCHES : 0
MAKESPAN : 41

# -------------------------- #

--- TOTAL TOOL SWITCHES : 4
--- HIGHEST MAKESPAN : 66
--- TOTAL FLOWTIME : 592
--- RUNNING TIME : 3.71425

# -------------------------- #


avg : 1.8
