RUN : 1 - instancias_txt/SSP-NPM-I/ins101_m=3_j=20_t=15_var=1.txt

- MACHINE [0]

















JOBS [0] - []
TOOL SWITCHES : 0
MAKESPAN : 0

- MACHINE [1]

0 1 0 1 
0 0 0 0 
0 1 1 0 
0 0 1 1 
1 1 0 1 
0 0 0 0 
0 0 0 0 
1 1 1 1 
1 1 1 1 
0 0 0 0 
0 0 0 0 
1 0 1 0 
1 0 0 1 
0 0 0 0 
0 0 0 0 

JOBS [4] - [6, 7, 15, 0]
TOOL SWITCHES : 0
MAKESPAN : 25

- MACHINE [2]

1 1 0 0 0 1 1 1 0 1 0 0 0 0 1 0 
1 1 0 0 0 0 0 1 0 0 0 1 1 0 0 0 
0 0 0 0 1 1 1 1 0 0 0 1 0 1 0 0 
0 0 0 0 0 0 0 0 0 1 1 1 1 1 0 0 
1 0 1 1 1 1 1 0 0 0 1 0 1 0 0 0 
0 0 0 0 1 0 1 1 1 0 1 1 0 0 1 1 
0 0 1 0 0 0 0 0 1 1 0 0 0 1 1 1 
1 1 1 0 1 0 0 1 0 0 1 1 0 0 0 0 
1 1 1 1 0 0 0 0 1 0 0 0 0 0 0 0 
0 0 1 0 0 0 1 1 0 0 1 0 1 1 1 0 
0 1 0 1 0 1 0 0 0 0 0 1 0 0 1 0 
0 0 0 0 0 0 0 0 0 0 0 0 1 0 1 1 
0 0 0 1 0 0 0 0 1 1 0 0 0 1 0 1 
0 1 0 1 1 1 0 0 1 1 0 1 0 0 0 1 
1 0 1 1 1 0 0 0 0 0 1 0 1 0 0 1 

JOBS [16] - [3, 11, 2, 9, 18, 16, 19, 10, 8, 4, 1, 5, 13, 14, 12, 17]
TOOL SWITCHES : 2
MAKESPAN : 114

# -------------------------- #

--- TOTAL TOOL SWITCHES : 2
--- HIGHEST MAKESPAN : 114
--- TOTAL FLOWTIME : 1052
--- RUNNING TIME : 5.97274

# -------------------------- #
RUN : 1 - instancias_txt/SSP-NPM-I/ins102_m=3_j=20_t=15_var=2.txt

- MACHINE [0]

1 
1 
0 
0 
1 
0 
0 
1 
0 
0 
0 
1 
0 
1 
1 

JOBS [1] - [16]
TOOL SWITCHES : 0
MAKESPAN : 5

- MACHINE [1]

0 0 0 
0 1 0 
1 0 1 
0 0 1 
1 1 0 
0 0 0 
1 1 0 
0 0 0 
0 1 1 
1 1 0 
1 0 0 
0 0 1 
0 0 0 
0 0 0 
1 1 1 

JOBS [3] - [7, 6, 1]
TOOL SWITCHES : 0
MAKESPAN : 23

- MACHINE [2]

1 1 1 1 1 0 1 0 0 0 0 1 0 1 1 0 
0 1 0 1 0 1 0 0 0 0 1 0 1 1 0 0 
0 0 0 0 0 1 0 1 0 1 1 0 0 1 0 1 
0 0 0 0 0 0 0 0 1 1 0 0 0 1 1 0 
0 0 1 0 1 0 1 0 0 1 0 0 0 0 1 1 
0 1 0 0 0 0 1 1 1 0 0 1 1 0 0 0 
0 0 1 1 1 0 0 1 1 1 0 1 0 1 1 1 
0 0 1 1 0 1 0 0 0 0 0 0 0 1 1 0 
0 0 0 0 1 0 0 1 1 0 1 1 1 0 1 1 
1 0 1 0 0 1 0 0 0 1 1 1 0 0 0 0 
1 0 0 0 1 0 0 1 0 0 0 1 1 0 0 1 
0 1 1 1 0 0 1 0 1 0 0 1 1 1 0 0 
1 1 0 1 1 1 1 0 0 0 0 0 0 0 0 0 
1 1 0 0 0 0 0 1 1 1 1 0 0 0 0 1 
0 0 0 0 0 0 0 0 0 0 0 0 0 0 0 0 

JOBS [16] - [10, 9, 11, 19, 12, 3, 18, 5, 0, 4, 13, 17, 8, 15, 14, 2]
TOOL SWITCHES : 1
MAKESPAN : 69

# -------------------------- #

--- TOTAL TOOL SWITCHES : 1
--- HIGHEST MAKESPAN : 69
--- TOTAL FLOWTIME : 643
--- RUNNING TIME : 6.3986

# -------------------------- #
RUN : 1 - instancias_txt/SSP-NPM-I/ins103_m=3_j=20_t=15_var=3.txt

- MACHINE [0]

0 
0 
0 
0 
0 
0 
1 
0 
1 
1 
1 
0 
0 
1 
1 

JOBS [1] - [14]
TOOL SWITCHES : 0
MAKESPAN : 9

- MACHINE [1]

0 0 0 
1 1 1 
1 1 1 
0 0 0 
0 0 0 
0 0 1 
1 1 0 
0 1 1 
1 1 1 
0 0 0 
0 0 0 
0 0 0 
1 0 1 
1 1 0 
0 1 0 

JOBS [3] - [7, 17, 12]
TOOL SWITCHES : 0
MAKESPAN : 17

- MACHINE [2]

1 0 1 0 0 0 0 1 0 0 1 1 0 0 1 1 
1 0 0 0 1 1 0 1 0 1 0 0 0 0 0 1 
0 0 0 0 0 0 0 0 0 0 0 0 1 1 1 1 
0 1 1 1 1 0 0 0 0 0 0 1 1 0 0 1 
1 1 0 1 0 0 1 0 0 1 1 1 1 1 0 0 
0 1 0 0 0 0 1 0 0 0 0 1 0 0 1 0 
1 1 1 0 0 1 1 1 0 0 0 0 0 0 0 0 
0 1 0 1 0 0 0 1 1 1 0 0 0 1 1 0 
0 0 0 0 0 1 0 1 1 1 1 0 0 1 1 1 
0 0 0 0 0 0 0 0 1 1 0 1 1 1 0 1 
1 1 1 1 0 0 1 1 1 1 0 0 0 0 1 0 
1 1 0 0 1 1 1 1 1 0 1 1 1 0 0 0 
0 0 1 0 1 0 0 0 1 0 1 0 0 1 0 0 
1 0 1 0 0 1 0 0 1 1 0 0 0 0 0 0 
0 0 0 1 1 0 1 0 0 0 1 1 1 1 0 0 

JOBS [16] - [6, 11, 19, 3, 8, 2, 15, 18, 10, 13, 1, 9, 5, 16, 0, 4]
TOOL SWITCHES : 2
MAKESPAN : 110

# -------------------------- #

--- TOTAL TOOL SWITCHES : 2
--- HIGHEST MAKESPAN : 110
--- TOTAL FLOWTIME : 965
--- RUNNING TIME : 5.95096

# -------------------------- #
RUN : 1 - instancias_txt/SSP-NPM-I/ins104_m=3_j=20_t=15_var=4.txt

- MACHINE [0]

















JOBS [0] - []
TOOL SWITCHES : 0
MAKESPAN : 0

- MACHINE [1]

0 1 1 
1 0 1 
0 0 0 
0 0 0 
1 0 0 
1 0 1 
0 0 1 
1 1 0 
0 0 0 
0 0 0 
1 1 0 
0 1 1 
1 0 0 
0 0 0 
0 1 1 

JOBS [3] - [13, 5, 1]
TOOL SWITCHES : 0
MAKESPAN : 26

- MACHINE [2]

1 1 1 0 0 0 0 1 1 0 1 1 0 1 1 1 0 
1 1 1 1 0 1 0 1 0 1 0 0 1 0 0 0 0 
0 0 0 0 0 0 1 1 1 0 1 1 0 1 0 0 1 
0 0 1 1 1 1 1 0 0 0 0 0 1 0 1 0 0 
1 0 0 0 1 0 0 0 1 1 1 0 0 0 0 1 1 
0 0 0 0 0 1 1 1 0 0 1 1 1 0 0 1 1 
0 0 0 0 0 0 0 0 0 1 1 1 1 0 1 1 1 
0 0 0 1 0 1 0 0 0 0 1 0 0 1 0 0 0 
1 0 0 0 0 0 1 1 1 1 0 0 1 0 0 0 0 
1 1 0 1 1 1 0 0 0 0 0 1 0 1 1 1 1 
0 0 1 1 1 1 1 0 1 0 0 0 0 0 0 0 0 
0 0 0 0 1 0 0 0 0 0 0 1 0 1 1 1 1 
0 1 0 0 1 0 0 0 0 1 0 0 0 0 1 0 0 
1 1 1 0 0 0 1 0 0 1 1 0 1 1 0 0 1 
1 1 1 1 0 0 0 0 0 0 0 0 0 0 0 0 0 

JOBS [17] - [7, 12, 17, 16, 10, 11, 9, 6, 19, 14, 0, 8, 3, 2, 15, 4, 18]
TOOL SWITCHES : 2
MAKESPAN : 103

# -------------------------- #

--- TOTAL TOOL SWITCHES : 2
--- HIGHEST MAKESPAN : 103
--- TOTAL FLOWTIME : 1139
--- RUNNING TIME : 6.84596

# -------------------------- #
RUN : 1 - instancias_txt/SSP-NPM-I/ins105_m=3_j=20_t=15_var=5.txt

- MACHINE [0]

















JOBS [0] - []
TOOL SWITCHES : 0
MAKESPAN : 0

- MACHINE [1]

0 0 
1 1 
0 0 
1 1 
0 0 
0 0 
1 1 
0 1 
0 0 
1 0 
0 0 
0 1 
1 0 
0 1 
0 1 

JOBS [2] - [12, 19]
TOOL SWITCHES : 0
MAKESPAN : 9

- MACHINE [2]

0 1 1 0 1 0 1 0 1 1 0 1 1 1 1 0 0 0 
1 1 0 0 0 0 1 0 1 0 1 1 0 1 0 0 1 1 
1 0 1 0 0 0 1 1 1 0 0 0 0 0 0 0 0 0 
1 1 1 1 1 0 0 0 0 0 0 0 0 0 0 0 0 0 
0 0 1 0 0 0 0 1 0 1 1 0 1 0 0 1 1 1 
1 0 1 0 1 0 1 1 0 0 1 0 0 1 1 0 0 0 
0 0 0 1 1 1 1 0 0 1 1 1 0 0 0 1 1 0 
0 0 0 0 0 1 0 1 0 0 0 1 0 0 1 0 1 1 
0 1 0 0 0 1 0 0 1 0 1 0 0 0 0 0 0 1 
1 1 0 1 1 0 0 0 0 1 1 0 0 0 0 1 0 1 
1 0 0 1 0 0 1 1 1 0 0 1 1 1 1 1 0 0 
0 0 1 1 0 1 0 0 0 1 1 1 1 0 0 0 0 0 
0 1 0 0 0 0 0 1 0 0 0 0 0 0 1 0 1 1 
1 1 0 1 0 1 1 0 1 0 0 0 1 1 1 1 1 0 
0 0 0 0 0 0 0 0 0 1 0 0 1 1 0 1 1 0 

JOBS [18] - [8, 17, 0, 11, 13, 16, 4, 10, 9, 7, 6, 3, 15, 5, 14, 18, 2, 1]
TOOL SWITCHES : 2
MAKESPAN : 110

# -------------------------- #

--- TOTAL TOOL SWITCHES : 2
--- HIGHEST MAKESPAN : 110
--- TOTAL FLOWTIME : 1086
--- RUNNING TIME : 7.53817

# -------------------------- #
RUN : 1 - instancias_txt/SSP-NPM-I/ins106_m=3_j=20_t=15_var=6.txt

- MACHINE [0]

0 
1 
1 
0 
0 
1 
0 
0 
1 
1 
0 
1 
0 
1 
0 

JOBS [1] - [10]
TOOL SWITCHES : 0
MAKESPAN : 10

- MACHINE [1]

1 0 1 0 1 
0 1 0 0 0 
0 0 0 0 0 
0 1 1 1 0 
0 1 1 0 1 
1 0 1 1 1 
1 0 0 0 1 
0 0 0 0 0 
1 1 1 0 1 
0 0 0 0 0 
0 0 0 0 0 
0 1 1 1 1 
1 0 1 1 0 
0 0 0 1 1 
0 0 0 0 0 

JOBS [5] - [15, 14, 1, 16, 18]
TOOL SWITCHES : 0
MAKESPAN : 26

- MACHINE [2]

1 0 1 0 1 1 0 0 1 0 0 0 0 0 
0 1 1 1 0 1 1 0 1 0 0 0 0 0 
0 1 1 0 1 1 0 0 0 0 0 0 1 1 
0 1 0 1 1 0 1 1 0 0 1 1 0 0 
1 0 0 0 0 0 1 0 0 1 0 0 0 0 
1 0 1 0 0 1 0 0 0 0 0 1 0 0 
0 0 0 0 0 0 0 0 0 1 1 0 1 1 
0 0 0 0 0 0 0 1 1 1 1 0 0 1 
0 0 0 0 0 0 0 0 0 0 0 0 0 0 
0 1 1 1 0 1 1 0 0 0 1 1 1 1 
1 0 1 1 1 0 1 0 0 1 1 0 0 0 
0 0 0 0 1 1 0 0 1 1 1 1 0 0 
1 1 1 1 0 0 0 1 1 1 0 1 1 1 
0 0 0 1 0 0 0 1 1 0 0 0 1 0 
1 1 0 1 1 0 0 1 0 1 0 1 0 1 

JOBS [14] - [9, 17, 12, 4, 0, 2, 11, 3, 8, 19, 13, 7, 5, 6]
TOOL SWITCHES : 1
MAKESPAN : 92

# -------------------------- #

--- TOTAL TOOL SWITCHES : 1
--- HIGHEST MAKESPAN : 92
--- TOTAL FLOWTIME : 808
--- RUNNING TIME : 5.70209

# -------------------------- #
RUN : 1 - instancias_txt/SSP-NPM-I/ins107_m=3_j=20_t=15_var=7.txt

- MACHINE [0]

1 0 
1 1 
1 1 
1 1 
0 0 
0 0 
0 0 
0 0 
0 0 
0 0 
0 1 
0 0 
1 1 
0 1 
0 0 

JOBS [2] - [19, 16]
TOOL SWITCHES : 0
MAKESPAN : 16

- MACHINE [1]

0 0 0 
0 0 1 
0 1 0 
0 0 0 
0 1 1 
0 1 0 
0 0 0 
0 0 1 
0 0 0 
1 1 0 
0 0 0 
1 0 0 
1 0 1 
1 1 1 
1 0 0 

JOBS [3] - [17, 11, 6]
TOOL SWITCHES : 0
MAKESPAN : 14

- MACHINE [2]

0 0 0 1 1 0 0 0 1 0 0 1 1 1 0 
0 0 0 0 1 1 0 0 0 1 1 1 1 1 0 
1 1 0 0 1 0 0 1 0 0 1 1 0 0 1 
1 0 1 0 1 1 0 1 0 0 0 0 0 0 1 
0 0 1 1 0 0 0 1 0 1 0 0 1 1 0 
0 1 0 0 1 1 1 0 1 1 0 0 0 1 1 
0 1 0 1 0 1 1 0 1 1 0 0 1 1 0 
0 0 1 0 0 0 0 1 0 1 1 1 1 0 1 
1 0 1 1 0 1 0 0 0 1 1 0 0 0 1 
1 1 1 1 0 0 0 0 0 0 0 0 0 0 0 
0 0 1 1 0 1 1 0 1 0 0 1 0 1 1 
1 1 0 0 0 0 0 1 1 0 1 1 1 0 0 
1 0 0 0 0 0 1 1 1 0 0 0 0 0 0 
0 0 0 0 0 0 0 0 0 0 0 0 0 0 0 
1 1 0 0 1 1 1 1 0 0 0 0 0 1 0 

JOBS [15] - [7, 2, 5, 3, 13, 12, 14, 0, 4, 15, 1, 8, 18, 10, 9]
TOOL SWITCHES : 1
MAKESPAN : 101

# -------------------------- #

--- TOTAL TOOL SWITCHES : 1
--- HIGHEST MAKESPAN : 101
--- TOTAL FLOWTIME : 799
--- RUNNING TIME : 6.68457

# -------------------------- #
RUN : 1 - instancias_txt/SSP-NPM-I/ins108_m=3_j=20_t=15_var=8.txt

- MACHINE [0]

0 0 
0 0 
1 0 
0 1 
1 1 
1 1 
0 1 
0 0 
1 0 
0 0 
0 0 
1 1 
0 0 
0 0 
0 0 

JOBS [2] - [0, 15]
TOOL SWITCHES : 0
MAKESPAN : 5

- MACHINE [1]

0 0 0 
1 0 0 
0 0 0 
1 1 1 
0 0 0 
0 1 0 
1 0 1 
0 0 0 
0 1 0 
1 0 1 
0 0 0 
1 1 0 
0 1 1 
1 0 0 
1 0 1 

JOBS [3] - [3, 5, 1]
TOOL SWITCHES : 0
MAKESPAN : 11

- MACHINE [2]

1 0 0 0 1 0 1 0 1 1 0 1 1 0 1 
1 0 0 0 1 0 0 0 0 0 1 0 0 1 0 
1 0 1 1 0 1 0 0 0 1 0 1 1 1 0 
0 1 1 0 0 0 0 1 1 0 1 0 0 0 1 
0 0 1 1 1 1 1 0 0 0 0 0 0 0 0 
1 0 0 1 0 0 1 0 0 1 0 1 0 1 0 
0 0 0 0 0 0 0 0 1 0 0 0 0 1 1 
0 1 1 1 0 0 1 1 0 0 0 0 0 0 0 
0 1 0 1 0 1 0 0 0 0 1 0 1 0 1 
0 1 0 0 0 1 1 1 0 0 0 0 1 0 1 
0 0 1 0 1 1 0 1 0 1 1 1 0 0 1 
0 1 0 0 1 0 1 0 0 1 0 1 1 1 0 
1 1 1 1 1 0 0 1 0 1 1 0 0 0 0 
0 0 0 0 0 0 0 1 1 0 1 1 0 0 0 
0 0 0 1 1 0 1 0 1 0 1 0 1 1 0 

JOBS [15] - [16, 19, 9, 2, 14, 17, 11, 8, 12, 6, 7, 10, 13, 4, 18]
TOOL SWITCHES : 2
MAKESPAN : 67

# -------------------------- #

--- TOTAL TOOL SWITCHES : 2
--- HIGHEST MAKESPAN : 67
--- TOTAL FLOWTIME : 602
--- RUNNING TIME : 6.9676

# -------------------------- #
RUN : 1 - instancias_txt/SSP-NPM-I/ins109_m=3_j=20_t=15_var=9.txt

- MACHINE [0]

1 
1 
0 
0 
1 
1 
0 
0 
0 
0 
0 
0 
1 
0 
1 

JOBS [1] - [10]
TOOL SWITCHES : 0
MAKESPAN : 9

- MACHINE [1]

0 1 
1 0 
0 0 
0 1 
0 0 
0 0 
0 1 
1 1 
0 0 
1 0 
0 0 
0 0 
0 0 
1 1 
1 1 

JOBS [2] - [3, 0]
TOOL SWITCHES : 0
MAKESPAN : 8

- MACHINE [2]

0 0 0 1 1 0 0 0 1 0 0 0 1 0 1 1 0 
0 0 0 1 1 0 1 1 0 0 0 0 1 0 0 1 1 
1 1 0 0 0 0 1 1 0 0 0 1 1 1 1 1 0 
0 0 0 1 0 1 1 1 0 0 0 1 0 0 0 0 0 
0 0 0 1 1 1 0 0 0 0 1 0 0 1 1 1 1 
1 0 0 0 1 1 1 1 1 1 1 0 0 0 0 0 0 
0 1 0 0 0 0 0 0 1 1 1 0 0 0 0 1 1 
1 1 1 0 0 0 0 0 0 0 0 0 0 0 0 0 0 
1 1 1 1 0 1 0 1 0 1 0 0 0 1 0 0 0 
0 0 1 0 0 1 0 0 1 0 0 1 0 0 0 1 1 
0 0 1 1 0 1 0 0 0 0 1 0 0 1 1 0 0 
1 1 1 0 0 0 1 0 1 0 0 1 1 1 0 0 0 
0 0 0 0 0 0 0 0 0 0 0 1 1 1 0 0 1 
0 0 1 0 1 0 1 0 1 1 0 1 1 0 1 0 1 
0 1 1 0 0 0 1 0 0 1 1 1 1 0 1 1 0 

JOBS [17] - [12, 4, 11, 16, 2, 9, 15, 7, 19, 5, 6, 17, 13, 1, 14, 8, 18]
TOOL SWITCHES : 2
MAKESPAN : 94

# -------------------------- #

--- TOTAL TOOL SWITCHES : 2
--- HIGHEST MAKESPAN : 94
--- TOTAL FLOWTIME : 898
--- RUNNING TIME : 7.05357

# -------------------------- #
RUN : 1 - instancias_txt/SSP-NPM-I/ins110_m=3_j=20_t=15_var=10.txt

- MACHINE [0]

0 
0 
0 
1 
1 
0 
1 
1 
0 
0 
1 
0 
0 
0 
1 

JOBS [1] - [14]
TOOL SWITCHES : 0
MAKESPAN : 4

- MACHINE [1]

0 0 0 
0 1 1 
1 1 1 
0 0 0 
0 0 0 
1 1 0 
1 0 0 
0 0 1 
0 1 1 
1 0 1 
1 0 0 
1 1 0 
0 0 0 
0 0 1 
0 0 0 

JOBS [3] - [7, 17, 8]
TOOL SWITCHES : 0
MAKESPAN : 18

- MACHINE [2]

0 1 1 1 0 0 0 1 1 0 0 0 0 1 0 1 
0 0 1 0 0 1 1 0 0 1 0 0 1 1 0 1 
1 0 0 0 1 1 1 0 0 1 1 0 0 1 0 0 
0 1 1 1 0 1 0 0 0 0 0 0 1 0 1 1 
1 0 0 1 0 0 1 0 1 0 0 0 0 0 0 0 
1 1 0 0 0 0 0 0 1 0 1 1 0 0 0 1 
0 1 0 1 0 1 0 1 0 1 1 0 0 0 1 0 
0 0 0 0 1 0 1 1 0 0 1 0 1 1 0 1 
1 1 1 0 1 0 0 0 1 1 1 1 1 1 0 1 
0 0 0 0 1 0 1 1 1 0 0 0 0 0 1 0 
1 1 0 0 0 0 0 1 0 0 0 0 0 0 0 0 
0 0 0 0 0 0 0 0 0 1 0 1 0 1 1 1 
0 0 0 0 0 0 0 0 1 1 1 1 1 0 0 0 
0 0 1 1 0 1 1 0 0 1 0 1 0 0 0 0 
1 0 1 1 1 0 0 1 1 0 1 1 0 0 1 0 

JOBS [16] - [13, 16, 1, 19, 0, 3, 5, 10, 9, 6, 11, 12, 18, 15, 2, 4]
TOOL SWITCHES : 2
MAKESPAN : 79

# -------------------------- #

--- TOTAL TOOL SWITCHES : 2
--- HIGHEST MAKESPAN : 79
--- TOTAL FLOWTIME : 742
--- RUNNING TIME : 7.34545

# -------------------------- #
RUN : 1 - instancias_txt/SSP-NPM-I/ins111_m=3_j=20_t=15_var=11.txt

- MACHINE [0]

1 
0 
1 
1 
1 
0 
0 
0 
1 
1 
0 
0 
0 
0 
1 

JOBS [1] - [2]
TOOL SWITCHES : 0
MAKESPAN : 1

- MACHINE [1]

1 0 0 
1 1 0 
0 0 0 
1 1 1 
0 0 0 
0 1 0 
0 0 0 
1 0 1 
0 0 1 
1 1 1 
0 0 0 
0 0 1 
1 1 0 
0 0 0 
0 1 0 

JOBS [3] - [15, 13, 1]
TOOL SWITCHES : 0
MAKESPAN : 17

- MACHINE [2]

0 0 0 0 1 0 0 1 1 1 0 1 0 0 0 0 
0 1 1 0 1 0 0 1 0 0 0 0 1 1 1 0 
0 0 0 0 0 0 0 0 0 0 0 1 1 1 1 0 
0 0 0 0 0 0 0 0 0 0 0 0 0 0 0 0 
1 1 1 0 1 0 1 1 0 0 1 1 0 0 0 0 
0 1 0 0 0 1 1 0 1 1 0 0 1 1 0 1 
0 1 1 0 0 0 0 0 1 1 1 1 0 1 1 0 
1 0 1 0 0 0 0 0 0 0 0 0 1 0 0 1 
1 0 1 1 1 1 0 0 0 1 1 0 0 0 0 1 
0 1 0 0 1 1 1 1 1 0 0 0 1 0 1 0 
0 0 0 0 0 1 1 0 0 0 1 1 0 1 1 1 
1 0 1 0 1 1 1 0 1 0 0 0 0 1 1 1 
0 1 0 1 0 0 0 1 1 1 0 1 1 1 1 1 
1 1 0 0 0 1 1 0 0 1 1 0 0 0 0 0 
1 0 0 1 1 0 1 1 0 0 1 0 0 0 0 0 

JOBS [16] - [14, 9, 19, 17, 10, 8, 4, 3, 5, 7, 18, 0, 11, 16, 12, 6]
TOOL SWITCHES : 1
MAKESPAN : 84

# -------------------------- #

--- TOTAL TOOL SWITCHES : 1
--- HIGHEST MAKESPAN : 84
--- TOTAL FLOWTIME : 810
--- RUNNING TIME : 4.72013

# -------------------------- #
RUN : 1 - instancias_txt/SSP-NPM-I/ins112_m=3_j=20_t=15_var=12.txt

- MACHINE [0]

0 
0 
0 
0 
0 
1 
1 
1 
0 
0 
0 
0 
1 
0 
1 

JOBS [1] - [2]
TOOL SWITCHES : 0
MAKESPAN : 5

- MACHINE [1]

1 1 0 
0 1 0 
0 1 1 
0 0 0 
1 1 0 
1 1 1 
0 0 0 
0 0 1 
0 0 0 
1 0 1 
0 0 1 
1 1 1 
0 0 0 
0 0 0 
1 0 1 

JOBS [3] - [4, 0, 15]
TOOL SWITCHES : 0
MAKESPAN : 20

- MACHINE [2]

0 0 0 1 0 1 0 1 1 1 0 0 0 0 1 1 
1 0 0 0 0 0 1 0 0 1 1 1 0 1 0 1 
0 0 0 1 0 0 1 1 0 1 0 0 0 0 1 0 
1 0 1 1 1 0 1 1 1 0 1 0 0 0 0 0 
0 0 0 0 0 0 0 1 1 0 1 0 1 1 0 0 
1 1 1 0 1 1 0 0 0 0 0 0 0 0 0 0 
0 1 0 1 1 0 1 0 0 0 1 0 1 1 0 1 
0 0 0 0 0 0 0 0 0 0 0 1 1 0 0 1 
0 0 0 0 0 1 1 0 0 1 0 0 1 1 1 0 
0 0 1 0 1 0 0 1 0 1 0 1 1 0 1 0 
0 1 1 1 0 0 1 0 1 0 0 1 0 1 1 1 
1 0 0 0 0 0 0 0 0 0 1 1 1 0 0 1 
1 1 0 0 0 1 0 1 1 0 0 1 1 0 1 0 
1 0 1 0 1 0 0 0 0 1 1 1 0 0 0 0 
1 1 1 1 1 1 1 0 0 0 0 0 0 1 0 0 

JOBS [16] - [10, 16, 19, 6, 8, 13, 1, 12, 17, 3, 7, 9, 14, 18, 11, 5]
TOOL SWITCHES : 2
MAKESPAN : 91

# -------------------------- #

--- TOTAL TOOL SWITCHES : 2
--- HIGHEST MAKESPAN : 91
--- TOTAL FLOWTIME : 785
--- RUNNING TIME : 6.67155

# -------------------------- #
RUN : 1 - instancias_txt/SSP-NPM-I/ins113_m=3_j=20_t=15_var=13.txt

- MACHINE [0]

0 
0 
1 
0 
1 
0 
0 
0 
1 
0 
1 
1 
1 
0 
0 

JOBS [1] - [6]
TOOL SWITCHES : 0
MAKESPAN : 10

- MACHINE [1]

1 1 
1 0 
1 0 
0 1 
0 0 
1 1 
0 0 
0 0 
0 1 
1 1 
0 0 
0 0 
1 0 
1 1 
0 0 

JOBS [2] - [5, 13]
TOOL SWITCHES : 0
MAKESPAN : 12

- MACHINE [2]

1 1 1 0 1 0 0 0 0 0 0 0 0 0 0 0 0 
0 0 1 0 1 1 1 1 1 0 0 1 0 1 0 0 0 
0 0 1 1 0 0 0 1 1 1 1 1 0 0 0 1 0 
0 0 0 0 1 0 1 0 1 1 0 0 0 1 1 0 0 
0 1 0 0 0 1 0 0 1 1 1 0 0 1 0 0 0 
0 0 0 0 0 0 0 0 0 1 1 1 1 0 0 1 0 
0 1 0 1 1 0 0 1 0 0 0 0 1 1 0 0 0 
1 0 0 0 0 0 1 1 1 0 0 0 1 1 0 1 1 
1 0 1 1 0 0 0 0 0 0 0 0 0 1 1 0 1 
0 1 0 1 0 1 0 1 1 1 0 1 1 0 1 0 1 
1 0 1 1 0 1 0 0 0 0 1 0 1 0 1 0 1 
0 1 0 1 0 0 1 0 0 0 1 1 1 0 0 1 1 
0 0 0 0 0 0 1 0 0 0 0 0 0 0 1 1 1 
1 0 0 1 1 1 0 1 1 0 0 0 0 0 0 0 0 
1 1 1 0 1 0 1 0 0 0 1 0 0 1 0 1 0 

JOBS [17] - [0, 9, 10, 7, 8, 18, 11, 15, 2, 17, 16, 12, 19, 3, 1, 4, 14]
TOOL SWITCHES : 2
MAKESPAN : 123

# -------------------------- #

--- TOTAL TOOL SWITCHES : 2
--- HIGHEST MAKESPAN : 123
--- TOTAL FLOWTIME : 1162
--- RUNNING TIME : 6.69498

# -------------------------- #
RUN : 1 - instancias_txt/SSP-NPM-I/ins114_m=3_j=20_t=15_var=14.txt

- MACHINE [0]

1 
1 
0 
0 
0 
1 
0 
1 
0 
0 
1 
0 
0 
0 
1 

JOBS [1] - [12]
TOOL SWITCHES : 0
MAKESPAN : 8

- MACHINE [1]

0 1 
1 1 
1 0 
0 1 
1 0 
0 0 
1 0 
0 0 
0 1 
1 0 
0 0 
1 0 
0 1 
0 0 
0 0 

JOBS [2] - [17, 2]
TOOL SWITCHES : 0
MAKESPAN : 16

- MACHINE [2]

0 1 0 0 1 1 1 0 0 0 0 1 0 1 0 0 1 
0 0 0 0 0 0 0 0 0 0 0 0 0 0 0 0 0 
1 0 0 0 0 1 0 1 0 1 1 0 0 1 0 0 0 
1 0 0 1 1 0 0 0 0 1 1 0 0 0 1 1 0 
0 1 0 0 0 0 0 0 0 1 0 0 1 0 1 0 1 
0 0 0 0 0 0 1 1 0 0 0 1 1 0 1 1 0 
0 0 0 0 0 0 1 1 1 0 0 0 1 0 0 0 0 
0 0 1 1 0 0 0 0 0 0 1 1 1 0 1 1 1 
0 0 0 0 1 1 0 1 0 1 1 0 0 0 0 1 1 
1 0 1 0 1 1 1 0 1 0 0 0 0 1 1 0 0 
1 1 1 1 0 1 1 0 1 1 1 0 1 0 0 0 1 
1 1 1 1 1 1 0 0 0 0 0 0 0 0 0 0 0 
0 1 0 0 1 0 1 1 1 1 0 1 0 0 1 1 0 
0 0 1 1 0 0 0 0 1 1 1 1 0 1 0 1 1 
1 1 1 0 0 0 1 1 1 0 0 1 1 1 1 0 0 

JOBS [17] - [18, 19, 7, 14, 10, 8, 5, 15, 3, 4, 16, 9, 0, 11, 6, 13, 1]
TOOL SWITCHES : 1
MAKESPAN : 83

# -------------------------- #

--- TOTAL TOOL SWITCHES : 1
--- HIGHEST MAKESPAN : 83
--- TOTAL FLOWTIME : 793
--- RUNNING TIME : 5.81406

# -------------------------- #
RUN : 1 - instancias_txt/SSP-NPM-I/ins115_m=3_j=20_t=15_var=15.txt

- MACHINE [0]

0 
1 
0 
1 
0 
0 
1 
0 
1 
0 
0 
0 
1 
0 
0 

JOBS [1] - [14]
TOOL SWITCHES : 0
MAKESPAN : 2

- MACHINE [1]

0 1 0 1 1 
0 0 0 0 0 
0 0 0 0 0 
1 1 0 1 1 
1 0 1 0 0 
1 0 1 1 1 
0 1 0 0 0 
0 1 0 0 1 
1 0 0 0 1 
0 0 0 0 0 
1 1 1 0 0 
0 0 1 1 0 
0 0 0 0 1 
1 1 1 1 0 
0 0 0 0 0 

JOBS [5] - [6, 18, 13, 7, 16]
TOOL SWITCHES : 1
MAKESPAN : 21

- MACHINE [2]

1 0 1 0 1 1 0 0 0 1 1 1 1 1 
1 0 1 1 0 0 0 1 1 0 1 1 0 1 
1 1 1 0 1 1 1 0 1 1 0 1 1 1 
0 0 0 0 0 0 0 0 0 0 0 0 0 0 
0 0 1 0 0 0 1 0 1 1 0 0 1 1 
0 0 0 1 0 0 0 1 0 0 0 0 0 0 
0 1 0 0 1 1 0 1 1 1 0 0 0 0 
0 0 0 1 1 1 1 0 1 0 1 1 0 1 
1 1 0 0 0 0 0 0 0 1 0 0 0 0 
1 0 0 1 1 1 0 1 0 0 0 0 0 1 
1 1 1 0 1 0 1 1 1 0 1 1 1 0 
0 0 0 0 0 1 1 1 0 1 1 1 1 1 
0 0 0 0 0 0 1 0 0 0 1 1 0 0 
0 0 1 0 1 0 0 0 1 0 0 0 1 0 
1 1 1 1 0 0 0 0 0 0 0 0 0 0 

JOBS [14] - [5, 19, 15, 0, 1, 4, 2, 8, 11, 17, 3, 10, 12, 9]
TOOL SWITCHES : 1
MAKESPAN : 70

# -------------------------- #

--- TOTAL TOOL SWITCHES : 2
--- HIGHEST MAKESPAN : 70
--- TOTAL FLOWTIME : 508
--- RUNNING TIME : 7.79063

# -------------------------- #
RUN : 1 - instancias_txt/SSP-NPM-I/ins116_m=3_j=20_t=15_var=16.txt

- MACHINE [0]

0 
1 
0 
0 
1 
0 
0 
0 
1 
0 
1 
1 
1 
0 
0 

JOBS [1] - [3]
TOOL SWITCHES : 0
MAKESPAN : 5

- MACHINE [1]

1 0 0 1 
1 0 1 1 
1 1 0 0 
0 0 0 1 
0 0 0 0 
0 0 1 1 
0 0 0 0 
0 1 1 0 
1 1 1 1 
1 1 0 1 
0 1 1 0 
0 0 0 0 
1 0 1 0 
0 0 0 0 
0 0 0 0 

JOBS [4] - [15, 1, 7, 2]
TOOL SWITCHES : 0
MAKESPAN : 20

- MACHINE [2]

1 1 1 1 0 0 0 1 0 0 0 0 1 1 1 
1 0 1 0 1 0 0 0 0 0 0 0 0 0 0 
0 0 0 0 0 0 1 0 0 1 0 0 0 1 1 
1 1 1 0 0 1 1 0 0 1 0 0 1 0 0 
0 0 0 0 0 1 1 1 0 0 1 1 0 1 0 
1 1 0 1 1 0 0 1 1 0 1 0 1 0 1 
1 1 1 1 0 0 0 0 1 0 1 1 0 0 1 
0 0 0 0 1 0 0 0 1 0 0 0 1 1 0 
0 0 0 0 0 0 0 0 0 0 1 1 1 0 1 
0 0 0 1 1 1 1 1 1 0 0 0 0 0 0 
0 0 1 0 0 0 0 0 0 0 1 1 0 0 0 
0 1 0 1 0 1 1 0 0 1 1 0 0 1 0 
0 1 0 0 0 1 0 1 0 0 0 1 0 1 0 
1 0 0 0 1 0 1 0 1 1 0 0 1 0 1 
1 0 1 1 0 1 0 1 0 1 0 0 0 0 0 

JOBS [15] - [13, 9, 5, 6, 17, 12, 10, 8, 16, 18, 0, 14, 19, 4, 11]
TOOL SWITCHES : 2
MAKESPAN : 91

# -------------------------- #

--- TOTAL TOOL SWITCHES : 2
--- HIGHEST MAKESPAN : 91
--- TOTAL FLOWTIME : 755
--- RUNNING TIME : 6.52754

# -------------------------- #
RUN : 1 - instancias_txt/SSP-NPM-I/ins117_m=3_j=20_t=15_var=17.txt

- MACHINE [0]

1 
0 
0 
1 
0 
0 
1 
1 
0 
0 
0 
1 
0 
1 
0 

JOBS [1] - [15]
TOOL SWITCHES : 0
MAKESPAN : 2

- MACHINE [1]

1 0 
0 0 
1 1 
1 1 
0 1 
0 0 
1 0 
0 0 
0 0 
0 0 
1 1 
0 1 
1 0 
0 1 
0 1 

JOBS [2] - [1, 14]
TOOL SWITCHES : 0
MAKESPAN : 11

- MACHINE [2]

1 0 0 0 1 0 1 0 0 0 0 1 1 0 1 0 0 
0 0 0 1 0 0 0 0 1 1 0 1 1 1 0 1 0 
0 0 0 0 0 0 0 0 1 0 1 0 0 0 1 1 1 
0 0 0 0 0 0 0 0 0 0 0 0 0 0 0 0 0 
0 1 0 1 1 0 1 1 1 0 1 1 0 0 0 1 0 
0 1 1 0 0 0 0 1 0 0 1 1 1 1 0 0 1 
1 1 1 1 0 1 0 0 0 0 0 0 0 0 0 0 0 
1 1 1 0 0 1 0 0 0 0 0 0 1 1 0 1 0 
0 1 0 0 0 0 0 1 1 0 1 0 1 1 0 1 1 
0 0 1 1 0 1 0 0 1 1 0 0 0 1 1 0 0 
0 1 0 0 1 0 1 0 0 0 0 0 0 0 0 0 1 
1 0 0 0 0 0 0 1 1 1 1 1 0 0 0 0 1 
0 0 0 1 1 0 1 1 0 1 0 1 1 0 1 0 1 
0 0 0 0 0 1 1 1 1 1 1 0 1 1 1 1 0 
1 0 1 0 1 1 0 0 0 1 0 1 0 0 1 1 0 

JOBS [17] - [8, 17, 18, 7, 6, 3, 2, 11, 10, 0, 16, 5, 9, 13, 12, 4, 19]
TOOL SWITCHES : 1
MAKESPAN : 82

# -------------------------- #

--- TOTAL TOOL SWITCHES : 1
--- HIGHEST MAKESPAN : 82
--- TOTAL FLOWTIME : 770
--- RUNNING TIME : 5.31707

# -------------------------- #
RUN : 1 - instancias_txt/SSP-NPM-I/ins118_m=3_j=20_t=15_var=18.txt

- MACHINE [0]

1 
0 
0 
0 
0 
0 
0 
0 
0 
0 
1 
1 
1 
1 
0 

JOBS [1] - [11]
TOOL SWITCHES : 0
MAKESPAN : 5

- MACHINE [1]

0 0 0 0 
1 1 0 0 
0 0 1 0 
0 0 0 0 
0 0 0 0 
0 0 0 0 
1 1 1 1 
1 1 1 1 
0 0 1 1 
0 1 0 0 
0 0 0 0 
1 1 0 1 
0 1 0 0 
1 0 0 1 
0 0 1 1 

JOBS [4] - [6, 17, 10, 9]
TOOL SWITCHES : 0
MAKESPAN : 26

- MACHINE [2]

1 1 0 1 1 1 0 1 0 0 0 0 0 0 0 
0 0 0 1 0 0 1 0 1 0 1 1 0 0 1 
1 1 1 1 0 0 0 0 0 1 0 0 1 0 0 
1 1 0 1 0 0 0 1 0 0 0 1 0 0 1 
1 0 1 0 0 1 0 0 1 0 0 1 0 1 1 
1 0 0 0 0 1 0 0 0 0 1 1 1 1 1 
0 1 0 1 1 0 0 1 1 1 1 0 0 0 0 
1 0 1 0 0 0 0 1 0 1 1 1 1 1 0 
1 0 1 1 1 0 0 1 1 0 1 0 0 0 0 
0 0 1 1 1 1 1 0 1 1 0 1 0 0 1 
0 0 1 0 0 1 1 0 0 0 0 0 1 1 0 
0 0 0 0 0 0 0 0 0 0 0 0 0 0 0 
0 1 0 0 0 0 1 0 0 1 0 0 0 1 0 
0 0 0 0 0 0 0 0 0 1 1 0 1 1 1 
0 0 0 0 1 0 1 0 1 1 0 1 1 1 0 

JOBS [15] - [16, 14, 4, 8, 2, 12, 19, 0, 3, 15, 13, 1, 7, 5, 18]
TOOL SWITCHES : 1
MAKESPAN : 85

# -------------------------- #

--- TOTAL TOOL SWITCHES : 1
--- HIGHEST MAKESPAN : 85
--- TOTAL FLOWTIME : 798
--- RUNNING TIME : 5.12315

# -------------------------- #
RUN : 1 - instancias_txt/SSP-NPM-I/ins119_m=3_j=20_t=15_var=19.txt

- MACHINE [0]

1 
1 
1 
0 
1 
0 
1 
0 
0 
1 
0 
0 
0 
0 
1 

JOBS [1] - [1]
TOOL SWITCHES : 0
MAKESPAN : 3

- MACHINE [1]

1 1 1 
1 1 0 
1 0 1 
0 0 0 
0 0 0 
0 0 1 
1 1 1 
0 0 0 
1 0 1 
0 0 0 
0 0 0 
0 0 0 
0 1 0 
0 1 1 
0 1 1 

JOBS [3] - [16, 15, 18]
TOOL SWITCHES : 0
MAKESPAN : 7

- MACHINE [2]

0 1 1 1 0 1 0 0 0 0 1 1 1 0 1 0 
1 1 0 0 0 1 0 0 0 0 1 0 0 1 1 0 
0 0 0 0 0 1 1 1 0 1 0 1 1 0 0 0 
1 1 1 1 1 0 1 1 1 0 0 0 1 0 1 0 
0 1 1 1 0 0 1 0 1 0 1 0 1 1 0 1 
0 0 1 0 1 0 0 0 1 0 0 1 0 0 1 1 
0 0 0 0 0 0 0 0 0 0 0 0 0 0 0 0 
1 0 0 0 1 1 1 0 1 1 1 1 1 0 0 0 
0 1 0 1 1 0 1 0 0 0 0 0 0 0 0 0 
0 0 0 0 0 0 0 1 1 1 1 1 1 0 0 1 
0 0 0 0 0 0 1 1 1 1 0 1 0 1 0 1 
1 0 0 0 1 1 0 1 0 1 0 0 0 1 1 1 
1 0 1 1 0 0 0 1 0 0 0 0 1 1 0 1 
0 0 0 0 1 0 0 0 0 0 0 0 0 1 1 0 
1 1 1 1 1 1 0 0 0 0 0 1 0 1 1 0 

JOBS [16] - [14, 10, 6, 12, 0, 8, 9, 19, 2, 3, 7, 5, 4, 13, 11, 17]
TOOL SWITCHES : 1
MAKESPAN : 109

# -------------------------- #

--- TOTAL TOOL SWITCHES : 1
--- HIGHEST MAKESPAN : 109
--- TOTAL FLOWTIME : 898
--- RUNNING TIME : 6.54511

# -------------------------- #
RUN : 1 - instancias_txt/SSP-NPM-I/ins120_m=3_j=20_t=15_var=20.txt

- MACHINE [0]

0 
1 
1 
1 
0 
0 
0 
1 
1 
0 
0 
0 
1 
0 
0 

JOBS [1] - [7]
TOOL SWITCHES : 0
MAKESPAN : 4

- MACHINE [1]

0 0 0 
0 0 0 
1 1 1 
0 1 1 
1 1 0 
0 0 0 
0 0 1 
1 1 0 
0 0 0 
0 1 0 
0 0 0 
1 0 1 
1 0 1 
1 0 0 
1 0 1 

JOBS [3] - [10, 18, 4]
TOOL SWITCHES : 0
MAKESPAN : 14

- MACHINE [2]

1 1 1 0 1 0 0 0 0 1 0 1 1 1 0 0 
1 1 1 1 1 1 1 0 0 0 0 0 0 0 0 0 
0 0 1 1 1 1 1 1 0 0 0 0 0 1 1 1 
0 0 0 0 0 0 0 0 0 0 0 0 0 0 0 0 
0 1 1 0 0 1 0 0 1 0 0 1 0 0 1 0 
0 0 1 1 1 1 1 0 1 1 1 1 0 1 0 1 
0 1 0 0 1 0 0 0 1 0 1 0 1 0 0 0 
1 0 0 1 0 1 0 1 0 1 0 1 0 1 1 1 
1 1 0 1 0 0 1 1 1 1 0 1 1 1 1 0 
1 0 0 0 0 0 0 1 0 1 0 0 1 0 1 1 
0 0 1 0 1 1 0 0 0 1 1 0 1 0 1 0 
0 0 0 0 0 0 1 1 0 0 0 1 0 0 0 1 
0 0 0 0 0 1 1 1 0 0 1 0 1 0 1 0 
0 1 0 1 0 0 0 1 0 0 0 0 1 0 0 1 
0 0 0 0 0 0 0 0 1 1 1 1 0 1 0 0 

JOBS [16] - [6, 13, 8, 19, 2, 15, 5, 12, 1, 17, 3, 9, 14, 0, 16, 11]
TOOL SWITCHES : 1
MAKESPAN : 77

# -------------------------- #

--- TOTAL TOOL SWITCHES : 1
--- HIGHEST MAKESPAN : 77
--- TOTAL FLOWTIME : 733
--- RUNNING TIME : 4.8889

# -------------------------- #


avg : 1.55
