RUN : 1 - instancias_txt/SSP-NPM-I/ins101_m=3_j=20_t=15_var=1.txt

- MACHINE [0]

0 
0 
1 
1 
0 
0 
1 
0 
0 
1 
0 
0 
1 
0 
0 

JOBS [1] - [14]
TOOL SWITCHES : 0
MAKESPAN : 2

- MACHINE [1]

1 1 1 0 
1 0 1 0 
0 1 0 0 
0 0 0 0 
1 1 0 1 
0 0 0 0 
0 0 0 0 
1 0 1 0 
1 0 1 1 
0 0 0 0 
0 1 1 1 
0 0 0 0 
0 0 0 1 
0 1 1 1 
1 0 0 1 

JOBS [4] - [3, 16, 11, 9]
TOOL SWITCHES : 0
MAKESPAN : 33

- MACHINE [2]

1 1 1 0 0 0 0 0 0 0 1 1 0 0 1 
1 0 0 1 1 0 0 0 0 0 0 0 0 0 0 
1 0 1 1 0 0 0 1 0 0 0 1 1 0 0 
0 0 0 1 1 0 0 1 1 0 1 0 0 0 1 
0 0 1 0 1 1 0 0 1 1 0 1 1 0 1 
1 1 1 1 0 0 1 0 1 0 0 0 1 1 0 
0 1 0 0 0 1 1 0 0 0 1 0 0 1 0 
1 0 0 1 0 1 0 1 1 1 0 1 1 0 1 
0 0 0 0 0 1 1 1 0 1 0 1 0 0 1 
1 1 1 0 1 1 0 0 1 0 0 0 0 0 0 
0 1 0 1 0 0 0 0 0 0 0 0 0 0 0 
0 1 0 0 1 0 0 1 0 1 0 0 0 1 0 
0 0 0 0 0 0 1 0 0 1 1 0 0 1 1 
0 0 0 1 0 0 1 0 0 0 1 0 1 1 0 
0 0 0 0 1 1 0 0 1 0 0 0 1 1 0 

JOBS [15] - [10, 12, 19, 5, 13, 2, 8, 15, 1, 6, 4, 7, 18, 17, 0]
TOOL SWITCHES : 2
MAKESPAN : 106

# -------------------------- #

--- TOTAL TOOL SWITCHES : 2
--- HIGHEST MAKESPAN : 106
--- TOTAL FLOWTIME : 963
--- RUNNING TIME : 6.39886

# -------------------------- #
RUN : 1 - instancias_txt/SSP-NPM-I/ins102_m=3_j=20_t=15_var=2.txt

- MACHINE [0]

1 
1 
0 
0 
1 
0 
0 
1 
0 
0 
0 
1 
0 
1 
1 

JOBS [1] - [16]
TOOL SWITCHES : 0
MAKESPAN : 5

- MACHINE [1]

0 0 0 
0 1 0 
1 0 1 
0 0 1 
1 1 0 
0 0 0 
1 1 0 
0 0 0 
0 1 1 
1 1 0 
1 0 0 
0 0 1 
0 0 0 
0 0 0 
1 1 1 

JOBS [3] - [7, 6, 1]
TOOL SWITCHES : 0
MAKESPAN : 23

- MACHINE [2]

1 0 0 1 1 1 0 1 0 0 1 1 0 1 1 0 
1 0 0 1 0 0 0 0 1 1 0 0 0 1 0 1 
1 0 1 0 0 0 1 0 1 0 0 0 1 0 0 1 
1 1 1 0 0 1 0 0 0 0 0 0 0 0 0 0 
0 0 1 0 1 1 0 1 0 0 1 0 1 0 0 0 
0 1 0 1 1 0 1 0 0 1 0 0 0 0 1 0 
1 1 1 0 0 1 1 1 0 0 1 0 1 1 1 0 
1 0 0 0 0 1 0 0 0 0 1 0 0 1 0 1 
0 1 0 0 0 1 1 1 1 1 0 0 1 0 1 0 
0 0 1 0 0 0 0 0 1 0 1 1 0 0 1 1 
0 0 0 0 0 0 1 1 0 1 0 1 1 0 1 0 
1 1 0 1 1 0 0 0 0 1 1 0 0 1 1 0 
0 0 0 1 1 0 0 1 0 0 0 1 0 1 0 1 
0 1 1 1 0 0 1 0 1 0 0 1 1 0 0 0 
0 0 0 0 0 0 0 0 0 0 0 0 0 0 0 0 

JOBS [16] - [15, 0, 4, 9, 18, 14, 5, 12, 13, 8, 11, 10, 2, 19, 17, 3]
TOOL SWITCHES : 1
MAKESPAN : 69

# -------------------------- #

--- TOTAL TOOL SWITCHES : 1
--- HIGHEST MAKESPAN : 69
--- TOTAL FLOWTIME : 700
--- RUNNING TIME : 6.22668

# -------------------------- #
RUN : 1 - instancias_txt/SSP-NPM-I/ins103_m=3_j=20_t=15_var=3.txt

- MACHINE [0]

















JOBS [0] - []
TOOL SWITCHES : 0
MAKESPAN : 0

- MACHINE [1]

1 0 0 
1 1 1 
0 0 0 
0 0 0 
1 0 1 
0 0 0 
1 1 0 
0 0 1 
0 1 1 
0 0 1 
1 0 1 
1 1 0 
0 0 0 
1 1 1 
0 0 0 

JOBS [3] - [6, 2, 13]
TOOL SWITCHES : 0
MAKESPAN : 11

- MACHINE [2]

1 0 0 0 1 0 0 0 1 1 0 0 0 1 0 0 1 
1 0 0 1 0 1 1 1 1 0 0 0 0 0 0 0 0 
1 0 0 0 0 1 1 1 0 0 1 1 0 0 0 0 1 
1 0 0 1 1 0 0 0 0 1 0 1 1 0 1 0 0 
0 0 0 0 0 0 0 0 0 1 1 1 1 1 1 1 0 
0 0 0 0 0 0 0 1 0 1 0 0 0 0 1 1 1 
0 0 1 0 1 1 1 0 1 0 0 0 0 0 1 1 0 
0 1 0 0 0 0 1 1 1 0 1 0 1 0 1 0 1 
1 1 1 0 0 1 1 1 1 0 1 0 0 1 0 0 1 
1 1 1 0 0 0 0 0 0 1 1 1 0 0 0 0 0 
0 1 1 0 1 0 0 0 1 0 0 0 1 0 1 1 1 
0 1 0 1 0 0 0 0 1 1 0 1 0 1 1 1 0 
0 1 0 1 1 1 0 1 0 0 1 0 0 1 0 0 0 
0 1 1 0 1 1 1 0 0 0 0 0 0 0 0 0 0 
0 0 1 1 0 0 1 0 0 1 1 1 1 1 0 1 0 

JOBS [17] - [4, 10, 14, 8, 19, 7, 17, 12, 18, 9, 16, 5, 3, 1, 11, 15, 0]
TOOL SWITCHES : 2
MAKESPAN : 123

# -------------------------- #

--- TOTAL TOOL SWITCHES : 2
--- HIGHEST MAKESPAN : 123
--- TOTAL FLOWTIME : 1091
--- RUNNING TIME : 6.29971

# -------------------------- #
RUN : 1 - instancias_txt/SSP-NPM-I/ins104_m=3_j=20_t=15_var=4.txt

- MACHINE [0]

















JOBS [0] - []
TOOL SWITCHES : 0
MAKESPAN : 0

- MACHINE [1]

1 1 1 
0 0 1 
0 0 0 
0 0 0 
1 0 0 
1 0 1 
1 0 1 
0 1 0 
0 0 0 
1 0 0 
0 1 0 
1 1 1 
0 0 0 
0 0 0 
0 1 1 

JOBS [3] - [4, 5, 1]
TOOL SWITCHES : 0
MAKESPAN : 19

- MACHINE [2]

0 1 0 0 1 1 0 0 1 0 0 0 1 1 1 1 1 
1 1 1 1 1 1 1 0 1 1 0 0 0 0 0 0 0 
0 0 0 0 0 0 0 1 1 0 0 1 0 1 1 1 1 
0 0 1 1 0 1 0 1 0 1 1 0 1 0 0 0 0 
1 1 0 0 0 0 1 0 0 0 1 1 0 1 0 1 0 
0 0 1 0 0 0 1 1 1 1 0 1 0 0 0 1 1 
1 0 0 0 0 0 0 0 0 1 0 1 1 0 0 1 1 
0 0 1 1 0 0 1 0 0 0 0 0 0 0 1 1 0 
1 1 0 0 0 0 0 1 1 1 0 0 0 1 0 0 0 
0 1 1 1 1 0 0 0 0 0 1 1 1 0 1 0 1 
0 0 1 1 0 1 1 1 0 0 1 0 0 1 0 0 0 
0 0 0 0 0 0 0 0 0 0 1 1 1 0 1 0 1 
1 0 0 0 1 0 1 0 0 0 1 0 1 0 0 0 0 
1 1 0 0 1 1 0 1 0 1 0 1 0 0 1 1 0 
0 1 0 1 1 1 0 0 0 0 0 0 0 0 0 0 0 

JOBS [17] - [14, 7, 11, 16, 12, 17, 13, 9, 6, 3, 10, 18, 15, 19, 2, 0, 8]
TOOL SWITCHES : 2
MAKESPAN : 107

# -------------------------- #

--- TOTAL TOOL SWITCHES : 2
--- HIGHEST MAKESPAN : 107
--- TOTAL FLOWTIME : 1101
--- RUNNING TIME : 6.52737

# -------------------------- #
RUN : 1 - instancias_txt/SSP-NPM-I/ins105_m=3_j=20_t=15_var=5.txt

- MACHINE [0]

1 
1 
1 
0 
0 
1 
1 
0 
0 
0 
1 
0 
0 
1 
0 

JOBS [1] - [4]
TOOL SWITCHES : 0
MAKESPAN : 6

- MACHINE [1]

0 
0 
0 
0 
0 
0 
1 
1 
1 
0 
0 
1 
0 
1 
0 

JOBS [1] - [16]
TOOL SWITCHES : 0
MAKESPAN : 5

- MACHINE [2]

1 1 0 0 1 0 0 0 0 1 1 1 1 0 0 1 0 1 
1 1 1 1 0 0 1 1 1 0 0 1 0 0 1 0 0 1 
1 0 1 0 1 1 0 0 0 0 0 0 0 0 0 0 0 0 
0 1 1 0 1 0 0 1 1 1 0 0 0 0 0 0 1 0 
0 0 0 1 1 1 1 0 0 0 1 0 1 1 1 0 0 0 
0 0 1 0 1 1 1 0 0 1 0 1 0 0 0 1 0 0 
0 0 0 0 0 0 1 1 1 1 0 0 1 1 1 0 1 1 
0 0 0 1 0 1 0 1 0 0 0 0 0 0 1 1 0 1 
1 1 0 1 0 0 1 0 0 0 0 0 0 0 0 0 0 0 
0 1 1 1 0 0 1 0 1 1 0 0 1 1 0 0 1 0 
1 0 1 0 0 1 0 0 0 0 1 1 0 1 0 1 1 1 
0 0 0 0 1 0 1 1 0 0 1 0 1 0 0 0 1 1 
0 1 0 1 0 1 0 0 1 0 0 0 0 0 1 1 0 0 
1 1 1 0 0 0 0 1 0 0 1 1 0 1 1 1 1 0 
0 0 0 0 0 0 0 1 0 0 1 1 1 1 1 0 0 0 

JOBS [18] - [9, 17, 8, 1, 0, 10, 6, 19, 12, 13, 15, 5, 7, 18, 2, 14, 11, 3]
TOOL SWITCHES : 2
MAKESPAN : 106

# -------------------------- #

--- TOTAL TOOL SWITCHES : 2
--- HIGHEST MAKESPAN : 106
--- TOTAL FLOWTIME : 972
--- RUNNING TIME : 7.67392

# -------------------------- #
RUN : 1 - instancias_txt/SSP-NPM-I/ins106_m=3_j=20_t=15_var=6.txt

- MACHINE [0]

0 
1 
1 
0 
0 
1 
0 
0 
1 
1 
0 
1 
0 
1 
0 

JOBS [1] - [10]
TOOL SWITCHES : 0
MAKESPAN : 10

- MACHINE [1]

0 1 0 1 1 
1 0 0 0 0 
0 0 0 0 0 
1 1 1 0 0 
1 1 0 1 0 
0 1 1 1 1 
0 0 0 1 1 
0 0 0 0 0 
1 1 0 1 1 
0 0 0 0 0 
0 0 0 0 0 
1 1 1 1 0 
0 1 1 0 1 
0 0 1 1 0 
0 0 0 0 0 

JOBS [5] - [14, 1, 16, 18, 15]
TOOL SWITCHES : 0
MAKESPAN : 26

- MACHINE [2]

0 0 0 1 1 0 0 0 0 0 1 1 0 1 
0 1 0 0 1 0 0 0 1 0 1 0 1 1 
0 0 1 0 1 0 1 0 0 0 0 1 1 1 
0 1 0 0 0 1 0 1 1 1 0 1 1 0 
1 1 0 1 0 0 0 0 0 0 0 0 0 0 
0 0 0 1 1 1 0 0 0 0 0 0 0 1 
1 0 1 0 0 0 1 1 0 0 0 0 0 0 
1 0 1 0 0 0 0 1 0 1 1 0 0 0 
0 0 0 0 0 0 0 0 0 0 0 0 0 0 
0 1 1 0 1 1 1 1 1 0 0 0 1 1 
1 1 0 1 0 0 0 1 1 0 0 1 0 1 
1 0 0 0 1 1 0 1 0 0 1 1 0 0 
1 0 1 1 0 1 1 0 1 1 1 0 1 1 
0 0 0 0 0 0 1 0 1 1 1 0 0 0 
1 0 1 1 0 1 0 0 1 1 0 1 1 0 

JOBS [14] - [19, 11, 6, 9, 2, 7, 5, 13, 4, 3, 8, 0, 17, 12]
TOOL SWITCHES : 1
MAKESPAN : 92

# -------------------------- #

--- TOTAL TOOL SWITCHES : 1
--- HIGHEST MAKESPAN : 92
--- TOTAL FLOWTIME : 667
--- RUNNING TIME : 5.27012

# -------------------------- #
RUN : 1 - instancias_txt/SSP-NPM-I/ins107_m=3_j=20_t=15_var=7.txt

- MACHINE [0]

0 
1 
1 
1 
0 
0 
0 
0 
0 
0 
1 
0 
1 
1 
0 

JOBS [1] - [16]
TOOL SWITCHES : 0
MAKESPAN : 7

- MACHINE [1]

0 0 0 
0 0 1 
1 0 0 
0 0 0 
1 0 1 
1 0 0 
0 0 0 
0 0 1 
0 0 0 
1 1 0 
0 0 0 
0 1 0 
0 1 1 
1 1 1 
0 1 0 

JOBS [3] - [11, 17, 6]
TOOL SWITCHES : 0
MAKESPAN : 14

- MACHINE [2]

0 0 0 1 1 0 0 0 1 0 0 1 0 1 1 1 
0 0 0 0 1 1 0 0 1 0 1 1 1 0 1 1 
1 1 0 0 1 0 1 0 1 1 1 1 0 0 0 0 
1 0 1 0 1 1 1 0 0 1 0 1 0 0 0 0 
0 0 1 1 0 0 1 0 0 0 0 0 1 0 1 1 
0 1 0 0 0 1 0 1 0 1 0 1 1 1 1 0 
0 1 0 1 0 1 0 1 0 0 0 0 1 1 1 1 
0 0 1 0 0 0 1 0 1 1 1 0 1 0 0 1 
1 0 1 1 0 1 0 0 0 1 1 0 1 0 0 0 
1 1 1 1 0 0 0 0 0 0 0 0 0 0 0 0 
0 0 1 1 0 1 0 1 1 1 0 0 0 1 1 0 
1 1 0 0 0 0 1 0 1 0 1 0 0 1 0 1 
1 0 0 0 1 0 1 1 0 0 0 0 0 1 0 0 
0 0 0 0 0 0 0 0 0 0 0 0 0 0 0 0 
1 1 0 0 0 1 1 1 0 0 0 1 0 0 1 0 

JOBS [16] - [7, 2, 5, 3, 19, 12, 0, 14, 8, 9, 1, 13, 15, 4, 10, 18]
TOOL SWITCHES : 1
MAKESPAN : 110

# -------------------------- #

--- TOTAL TOOL SWITCHES : 1
--- HIGHEST MAKESPAN : 110
--- TOTAL FLOWTIME : 950
--- RUNNING TIME : 6.57423

# -------------------------- #
RUN : 1 - instancias_txt/SSP-NPM-I/ins108_m=3_j=20_t=15_var=8.txt

- MACHINE [0]

















JOBS [0] - []
TOOL SWITCHES : 0
MAKESPAN : 0

- MACHINE [1]

0 0 0 0 
0 0 0 0 
0 1 0 1 
1 0 1 1 
1 1 0 1 
1 1 1 0 
1 0 0 0 
0 0 0 1 
0 1 1 0 
0 0 0 0 
0 0 0 1 
1 1 1 0 
0 0 1 1 
0 0 0 0 
0 0 0 0 

JOBS [4] - [15, 0, 5, 9]
TOOL SWITCHES : 0
MAKESPAN : 16

- MACHINE [2]

1 0 0 1 1 1 0 1 0 1 1 0 0 0 1 0 
0 1 1 0 0 0 0 0 1 1 1 0 0 0 0 0 
1 0 0 0 1 1 0 0 1 1 0 0 1 1 0 0 
0 1 1 1 0 0 1 1 0 0 0 1 0 0 0 1 
0 0 0 0 0 0 0 0 0 0 1 0 1 1 1 0 
0 0 0 0 1 1 0 0 1 1 0 0 1 0 1 0 
0 0 1 1 0 0 1 1 1 0 0 0 0 0 0 0 
0 0 0 0 0 0 0 0 0 0 0 1 1 0 1 1 
1 1 0 1 0 0 0 0 0 0 0 0 1 1 0 1 
1 0 1 1 0 0 1 0 0 0 0 1 0 1 1 1 
0 1 0 1 1 1 0 0 0 0 1 1 0 1 0 0 
1 0 1 0 1 1 0 0 1 0 1 0 0 0 1 1 
0 1 0 0 0 1 1 0 0 1 1 1 1 0 0 1 
0 1 1 0 1 0 0 1 0 0 0 1 0 0 0 0 
1 1 1 0 0 0 1 1 1 0 1 0 1 0 1 0 

JOBS [16] - [13, 7, 3, 18, 10, 6, 1, 12, 4, 16, 14, 8, 2, 17, 11, 19]
TOOL SWITCHES : 2
MAKESPAN : 81

# -------------------------- #

--- TOTAL TOOL SWITCHES : 2
--- HIGHEST MAKESPAN : 81
--- TOTAL FLOWTIME : 708
--- RUNNING TIME : 6.52528

# -------------------------- #
RUN : 1 - instancias_txt/SSP-NPM-I/ins109_m=3_j=20_t=15_var=9.txt

- MACHINE [0]

















JOBS [0] - []
TOOL SWITCHES : 0
MAKESPAN : 0

- MACHINE [1]

1 
0 
0 
1 
0 
0 
1 
1 
0 
0 
0 
0 
0 
1 
1 

JOBS [1] - [0]
TOOL SWITCHES : 0
MAKESPAN : 2

- MACHINE [2]

0 0 1 1 1 1 0 0 0 0 0 0 0 1 1 1 0 0 0 
0 1 1 1 1 0 0 1 1 0 0 0 1 1 0 1 0 0 0 
0 1 0 0 1 1 1 1 0 1 0 1 0 0 0 1 0 0 1 
1 1 0 1 0 0 1 1 0 0 0 0 0 0 0 0 0 0 0 
1 0 1 1 0 1 0 0 1 1 0 0 0 1 0 1 1 0 0 
1 1 1 0 0 0 0 1 0 0 1 1 0 1 1 0 1 0 0 
0 0 0 0 0 0 0 0 1 0 1 0 0 0 1 1 1 0 1 
0 0 0 0 0 0 0 0 0 0 0 1 1 0 0 0 0 1 1 
1 1 0 1 0 0 0 0 0 1 1 1 0 0 0 0 0 1 1 
1 0 0 0 0 0 1 0 1 0 0 0 1 0 1 1 0 1 0 
1 0 0 1 0 1 0 0 0 1 0 0 0 0 0 0 1 1 0 
0 0 0 0 1 0 1 1 0 1 0 1 0 0 1 0 0 1 1 
0 0 1 0 1 0 1 0 1 1 0 0 0 0 0 0 0 0 0 
0 0 0 0 1 1 1 1 1 0 1 0 1 1 1 0 0 1 0 
0 0 1 0 1 1 1 1 0 0 1 0 1 0 0 1 1 1 1 

JOBS [19] - [9, 7, 10, 16, 13, 14, 17, 15, 18, 1, 5, 12, 3, 2, 19, 8, 6, 11, 4]
TOOL SWITCHES : 2
MAKESPAN : 105

# -------------------------- #

--- TOTAL TOOL SWITCHES : 2
--- HIGHEST MAKESPAN : 105
--- TOTAL FLOWTIME : 1027
--- RUNNING TIME : 7.19831

# -------------------------- #
RUN : 1 - instancias_txt/SSP-NPM-I/ins110_m=3_j=20_t=15_var=10.txt

- MACHINE [0]

















JOBS [0] - []
TOOL SWITCHES : 0
MAKESPAN : 0

- MACHINE [1]

0 0 
1 1 
1 1 
0 1 
1 0 
0 0 
0 1 
1 0 
0 0 
1 0 
0 0 
0 0 
0 0 
1 1 
0 0 

JOBS [2] - [5, 3]
TOOL SWITCHES : 0
MAKESPAN : 19

- MACHINE [2]

0 1 0 1 0 1 0 0 0 0 0 1 0 1 1 0 0 1 
0 1 1 1 1 1 0 1 0 0 1 0 0 0 0 0 0 0 
0 0 0 1 1 0 1 1 0 1 1 0 1 0 0 1 0 0 
0 1 1 0 0 1 0 0 1 0 0 1 0 0 0 0 1 1 
0 0 0 0 0 0 0 0 0 0 0 0 0 1 0 1 1 1 
1 0 0 0 0 1 1 1 0 0 0 1 1 1 0 1 0 0 
0 0 0 0 1 0 1 0 1 0 0 1 1 0 1 0 1 1 
0 0 1 1 0 1 1 0 0 1 1 0 0 0 1 0 1 0 
1 1 1 1 1 1 1 1 0 1 1 1 0 1 0 1 0 0 
0 0 0 0 0 0 0 0 1 1 1 0 1 1 1 0 0 0 
0 0 0 0 0 0 0 0 0 0 0 1 1 0 1 1 1 0 
1 0 0 1 1 1 0 1 1 0 0 0 1 0 0 0 0 0 
1 0 1 0 1 0 1 0 0 0 0 0 0 1 0 0 0 0 
1 1 0 0 1 0 0 0 0 0 1 0 0 0 0 0 0 1 
1 1 0 0 0 0 1 0 1 1 0 0 0 1 1 1 1 1 

JOBS [18] - [12, 1, 18, 15, 6, 4, 11, 17, 2, 0, 8, 16, 7, 9, 10, 13, 14, 19]
TOOL SWITCHES : 2
MAKESPAN : 74

# -------------------------- #

--- TOTAL TOOL SWITCHES : 2
--- HIGHEST MAKESPAN : 74
--- TOTAL FLOWTIME : 696
--- RUNNING TIME : 7.35533

# -------------------------- #
RUN : 1 - instancias_txt/SSP-NPM-I/ins111_m=3_j=20_t=15_var=11.txt

- MACHINE [0]

1 
0 
0 
0 
0 
1 
1 
0 
1 
0 
0 
0 
1 
1 
0 

JOBS [1] - [7]
TOOL SWITCHES : 0
MAKESPAN : 9

- MACHINE [1]

0 0 0 
0 0 0 
0 0 0 
0 0 0 
0 1 1 
0 1 0 
0 0 0 
0 0 1 
1 0 1 
0 1 0 
0 1 0 
0 1 1 
1 0 0 
0 1 1 
1 1 1 

JOBS [3] - [17, 4, 14]
TOOL SWITCHES : 0
MAKESPAN : 11

- MACHINE [2]

0 1 0 0 1 0 1 1 0 1 0 0 0 0 0 1 
0 1 0 1 1 1 0 0 1 1 1 1 0 1 0 0 
0 0 0 1 0 0 1 1 0 0 0 1 0 1 0 0 
0 0 0 0 0 0 1 0 1 1 0 0 1 0 0 0 
1 1 0 0 1 1 1 1 0 0 1 0 0 0 0 0 
0 0 1 1 0 1 0 0 1 0 0 0 0 1 1 1 
1 0 0 1 0 1 0 1 0 0 1 1 0 0 0 1 
0 0 0 0 0 0 0 0 0 1 1 0 1 1 1 0 
1 1 1 0 0 0 1 0 0 0 1 0 1 0 1 0 
0 1 1 0 1 1 1 0 1 1 0 1 1 1 0 1 
1 0 1 1 0 0 0 1 0 0 0 1 0 0 1 0 
0 1 1 1 0 0 0 0 0 0 1 1 1 0 1 1 
0 0 0 1 1 1 0 1 1 1 0 1 0 1 1 1 
1 0 1 0 0 1 0 0 0 0 0 0 0 0 0 0 
1 1 0 0 1 0 1 0 1 0 0 0 0 0 0 0 

JOBS [16] - [18, 10, 8, 16, 3, 9, 2, 0, 13, 15, 19, 12, 1, 11, 6, 5]
TOOL SWITCHES : 2
MAKESPAN : 81

# -------------------------- #

--- TOTAL TOOL SWITCHES : 2
--- HIGHEST MAKESPAN : 81
--- TOTAL FLOWTIME : 702
--- RUNNING TIME : 5.14734

# -------------------------- #
RUN : 1 - instancias_txt/SSP-NPM-I/ins112_m=3_j=20_t=15_var=12.txt

- MACHINE [0]

















JOBS [0] - []
TOOL SWITCHES : 0
MAKESPAN : 0

- MACHINE [1]

0 0 
1 0 
0 0 
1 0 
1 1 
0 0 
1 1 
0 1 
0 1 
0 1 
0 0 
1 1 
0 1 
1 0 
0 0 

JOBS [2] - [7, 14]
TOOL SWITCHES : 0
MAKESPAN : 5

- MACHINE [2]

0 0 1 0 0 0 0 0 1 1 0 1 1 1 1 1 0 1 
1 0 1 0 0 1 0 1 1 0 0 0 1 0 0 0 1 0 
0 1 0 0 0 1 0 0 1 0 0 0 1 1 1 1 0 0 
0 0 0 0 1 1 1 1 0 0 0 1 0 1 0 1 0 0 
0 0 0 0 0 0 0 0 0 0 0 1 1 0 0 1 1 1 
0 1 0 1 1 0 1 1 0 1 1 0 1 0 0 0 0 1 
0 0 1 1 0 1 1 0 0 0 1 0 0 1 0 0 1 0 
1 1 1 1 0 0 0 0 0 0 0 0 0 0 0 0 0 0 
0 0 0 0 0 1 0 0 1 1 0 0 0 0 1 0 1 0 
1 1 0 0 1 0 1 0 1 0 0 0 0 0 1 1 0 1 
1 1 1 0 1 1 0 0 0 0 1 1 0 1 1 0 1 0 
1 1 1 0 0 0 0 1 0 0 0 0 1 0 0 0 0 1 
1 0 0 1 0 0 0 1 0 1 1 1 0 0 1 1 0 0 
1 0 0 0 1 0 1 1 1 0 0 0 0 0 0 0 0 0 
0 1 0 1 1 1 1 1 0 1 1 0 0 1 0 0 1 1 

JOBS [18] - [9, 15, 5, 2, 19, 1, 8, 10, 3, 13, 16, 17, 0, 6, 11, 12, 18, 4]
TOOL SWITCHES : 2
MAKESPAN : 113

# -------------------------- #

--- TOTAL TOOL SWITCHES : 2
--- HIGHEST MAKESPAN : 113
--- TOTAL FLOWTIME : 1087
--- RUNNING TIME : 7.23909

# -------------------------- #
RUN : 1 - instancias_txt/SSP-NPM-I/ins113_m=3_j=20_t=15_var=13.txt

- MACHINE [0]

















JOBS [0] - []
TOOL SWITCHES : 0
MAKESPAN : 0

- MACHINE [1]

1 1 
0 1 
0 1 
1 0 
0 0 
1 1 
0 0 
0 0 
1 0 
1 1 
0 0 
0 0 
0 1 
1 1 
0 0 

JOBS [2] - [13, 5]
TOOL SWITCHES : 0
MAKESPAN : 12

- MACHINE [2]

0 0 0 1 0 0 0 0 0 0 0 0 0 0 1 0 1 1 
0 1 1 1 0 0 0 0 0 0 1 1 0 1 1 1 0 0 
1 0 1 1 1 0 0 1 1 0 0 1 1 1 0 0 0 0 
0 1 0 0 0 1 0 0 1 0 1 1 0 0 1 0 0 0 
0 0 0 0 1 0 0 1 1 0 1 1 0 0 0 1 0 1 
1 0 1 0 0 0 0 1 1 1 0 0 0 0 0 0 0 0 
0 0 0 0 0 0 0 0 0 1 1 0 1 1 1 0 0 1 
1 1 0 0 0 0 1 0 0 1 1 1 0 1 0 0 1 0 
0 0 0 1 1 1 1 0 0 0 1 0 1 0 0 0 1 0 
0 0 1 0 0 1 1 0 1 1 0 1 1 1 0 1 0 1 
0 0 0 1 1 1 1 1 0 1 0 0 1 0 0 1 1 0 
1 1 1 0 1 0 1 1 0 1 0 0 1 0 0 0 0 1 
1 1 0 0 1 1 1 0 0 0 0 0 0 0 0 0 0 0 
0 0 0 0 0 0 0 0 0 0 0 1 1 1 1 1 1 0 
1 1 0 1 0 0 0 1 0 0 1 0 0 0 1 0 1 1 

JOBS [18] - [4, 11, 12, 10, 6, 1, 14, 16, 17, 19, 3, 2, 7, 15, 8, 18, 0, 9]
TOOL SWITCHES : 2
MAKESPAN : 131

# -------------------------- #

--- TOTAL TOOL SWITCHES : 2
--- HIGHEST MAKESPAN : 131
--- TOTAL FLOWTIME : 1305
--- RUNNING TIME : 6.11242

# -------------------------- #
RUN : 1 - instancias_txt/SSP-NPM-I/ins114_m=3_j=20_t=15_var=14.txt

- MACHINE [0]

0 
1 
1 
0 
1 
0 
1 
0 
0 
1 
0 
1 
0 
0 
0 

JOBS [1] - [17]
TOOL SWITCHES : 0
MAKESPAN : 6

- MACHINE [1]

0 1 1 
0 1 1 
0 0 0 
1 0 1 
0 0 0 
1 1 0 
0 0 0 
1 1 0 
1 0 1 
0 0 0 
0 1 0 
0 0 0 
1 0 1 
1 0 0 
0 1 0 

JOBS [3] - [13, 12, 2]
TOOL SWITCHES : 0
MAKESPAN : 20

- MACHINE [2]

0 0 1 0 1 0 0 1 0 1 0 0 1 1 1 0 
0 0 0 0 0 0 0 0 0 0 0 0 0 0 0 0 
0 0 0 1 1 1 0 1 1 0 0 1 0 0 0 0 
0 0 0 0 0 1 0 0 1 0 1 1 1 0 0 1 
0 1 0 0 0 0 0 0 0 1 1 1 0 1 0 0 
0 1 1 1 0 0 0 0 0 0 1 0 0 0 1 0 
1 1 1 1 0 0 0 0 0 0 0 0 0 0 0 0 
0 1 0 0 0 1 1 0 0 0 1 0 0 1 1 1 
0 0 0 1 1 1 0 0 0 0 0 1 1 1 0 0 
1 0 1 0 1 0 1 1 1 0 1 0 1 0 0 0 
1 1 1 0 1 1 1 0 1 1 0 1 0 1 0 1 
0 0 0 0 1 0 1 0 1 1 0 0 1 0 0 1 
1 0 1 1 0 0 0 0 0 1 1 1 1 0 1 0 
1 0 0 0 0 1 1 1 0 0 0 1 0 1 1 1 
1 1 1 1 0 0 1 1 1 1 1 0 0 0 1 0 

JOBS [16] - [3, 0, 5, 15, 8, 16, 7, 11, 18, 19, 6, 4, 10, 1, 9, 14]
TOOL SWITCHES : 1
MAKESPAN : 81

# -------------------------- #

--- TOTAL TOOL SWITCHES : 1
--- HIGHEST MAKESPAN : 81
--- TOTAL FLOWTIME : 748
--- RUNNING TIME : 5.48089

# -------------------------- #
RUN : 1 - instancias_txt/SSP-NPM-I/ins115_m=3_j=20_t=15_var=15.txt

- MACHINE [0]

1 
1 
1 
0 
1 
0 
0 
0 
0 
0 
1 
0 
0 
1 
1 

JOBS [1] - [15]
TOOL SWITCHES : 0
MAKESPAN : 3

- MACHINE [1]

0 0 1 
1 0 1 
0 1 1 
0 0 0 
0 0 0 
1 0 0 
0 1 0 
1 0 0 
0 1 1 
1 0 1 
0 1 1 
0 0 0 
0 0 0 
0 0 0 
1 1 1 

JOBS [3] - [0, 19, 5]
TOOL SWITCHES : 0
MAKESPAN : 16

- MACHINE [2]

1 0 1 0 0 0 1 1 1 0 1 1 0 1 1 1 
0 1 0 0 0 0 1 0 0 1 1 0 1 0 1 0 
0 0 0 0 0 1 0 1 0 1 1 1 0 1 1 1 
1 1 1 1 0 0 0 0 1 0 0 0 0 0 0 0 
0 0 0 1 1 1 0 1 0 1 0 0 0 0 1 1 
1 0 1 1 1 0 0 0 0 0 0 0 1 0 0 0 
0 1 0 0 0 0 0 1 1 1 0 1 1 1 0 0 
1 0 0 0 0 1 1 0 1 1 1 1 0 1 1 0 
1 1 0 1 0 0 0 1 0 0 0 0 0 0 0 0 
0 0 0 0 0 0 0 0 0 0 0 1 1 1 1 0 
0 0 0 1 1 1 1 0 1 1 1 0 1 1 0 1 
0 0 1 0 1 1 1 1 0 0 1 1 1 0 1 1 
1 1 0 0 0 1 1 0 0 0 1 0 0 0 0 0 
0 0 1 1 1 0 0 0 1 1 0 0 0 1 0 1 
0 0 0 0 0 0 0 0 0 0 0 0 0 0 0 0 

JOBS [16] - [16, 14, 7, 6, 13, 2, 3, 17, 18, 11, 10, 4, 8, 1, 9, 12]
TOOL SWITCHES : 1
MAKESPAN : 90

# -------------------------- #

--- TOTAL TOOL SWITCHES : 1
--- HIGHEST MAKESPAN : 90
--- TOTAL FLOWTIME : 803
--- RUNNING TIME : 6.18407

# -------------------------- #
RUN : 1 - instancias_txt/SSP-NPM-I/ins116_m=3_j=20_t=15_var=16.txt

- MACHINE [0]

0 0 
0 1 
0 0 
0 0 
1 1 
0 0 
1 0 
0 0 
1 1 
0 0 
1 1 
0 1 
1 1 
0 0 
0 0 

JOBS [2] - [14, 3]
TOOL SWITCHES : 0
MAKESPAN : 8

- MACHINE [1]

1 
1 
0 
1 
0 
0 
1 
0 
0 
0 
1 
0 
0 
0 
1 

JOBS [1] - [5]
TOOL SWITCHES : 0
MAKESPAN : 2

- MACHINE [2]

0 1 1 0 1 1 0 1 1 1 0 1 0 0 1 0 0 
0 0 1 0 1 0 0 0 0 0 1 0 0 1 1 0 0 
1 0 0 0 0 0 1 1 0 0 0 1 0 0 1 1 0 
1 0 1 1 1 0 1 0 1 1 0 0 0 0 0 0 0 
0 1 0 1 0 0 1 1 0 0 0 0 0 0 0 0 1 
0 1 1 0 1 1 0 0 1 1 1 1 1 1 0 0 1 
0 0 0 0 1 1 0 0 0 1 0 1 1 0 0 0 1 
0 0 0 0 0 0 0 1 1 0 1 0 1 1 0 1 0 
0 0 1 0 0 0 0 0 1 0 0 1 0 1 1 1 1 
0 1 1 1 0 1 1 0 0 0 1 0 1 0 1 1 0 
0 0 0 0 0 0 0 0 0 0 0 0 0 1 0 1 1 
1 0 0 1 0 1 1 1 0 1 0 0 0 0 0 0 1 
0 1 0 1 0 0 0 1 0 1 0 0 0 1 1 0 0 
1 0 0 0 1 0 1 0 1 0 1 1 1 0 0 0 0 
1 1 0 1 1 1 0 0 0 0 0 0 0 0 0 0 0 

JOBS [17] - [18, 8, 2, 12, 13, 6, 10, 4, 19, 9, 17, 11, 16, 7, 15, 1, 0]
TOOL SWITCHES : 2
MAKESPAN : 115

# -------------------------- #

--- TOTAL TOOL SWITCHES : 2
--- HIGHEST MAKESPAN : 115
--- TOTAL FLOWTIME : 1009
--- RUNNING TIME : 5.95846

# -------------------------- #
RUN : 1 - instancias_txt/SSP-NPM-I/ins117_m=3_j=20_t=15_var=17.txt

- MACHINE [0]

1 
0 
0 
1 
0 
0 
1 
1 
0 
0 
0 
1 
0 
1 
0 

JOBS [1] - [15]
TOOL SWITCHES : 0
MAKESPAN : 2

- MACHINE [1]

0 1 
0 0 
1 1 
1 1 
1 0 
0 0 
0 1 
0 0 
0 0 
0 0 
1 1 
1 0 
0 1 
1 0 
1 0 

JOBS [2] - [14, 1]
TOOL SWITCHES : 0
MAKESPAN : 11

- MACHINE [2]

0 1 0 0 0 1 1 0 0 0 0 0 0 1 0 1 1 
1 0 1 1 1 0 1 0 1 0 0 0 0 0 0 0 1 
1 1 1 0 0 0 0 0 0 0 1 0 0 0 1 0 0 
0 0 0 0 0 0 0 0 0 0 0 0 0 0 0 0 0 
1 0 1 0 0 0 1 0 1 0 1 1 1 1 0 1 0 
0 0 0 1 0 0 1 0 0 1 1 1 1 0 1 0 1 
0 0 0 0 0 1 0 1 1 1 0 1 0 0 0 0 0 
0 0 1 1 0 1 0 1 0 1 0 1 0 0 0 0 1 
1 0 1 1 0 0 0 0 0 0 1 1 1 0 1 0 1 
1 1 0 1 1 0 0 1 1 1 0 0 0 0 0 0 0 
0 0 0 0 0 0 0 0 0 0 0 1 0 1 1 1 0 
1 0 0 0 1 1 1 0 0 0 1 0 1 0 1 0 0 
0 1 0 0 1 0 1 0 1 0 0 0 1 1 1 1 1 
1 1 1 1 1 0 0 1 0 0 1 0 1 1 0 0 1 
0 1 1 0 1 1 1 1 0 1 0 0 0 0 0 1 0 

JOBS [17] - [10, 12, 4, 13, 0, 8, 5, 3, 7, 18, 16, 17, 11, 2, 19, 6, 9]
TOOL SWITCHES : 1
MAKESPAN : 82

# -------------------------- #

--- TOTAL TOOL SWITCHES : 1
--- HIGHEST MAKESPAN : 82
--- TOTAL FLOWTIME : 765
--- RUNNING TIME : 5.28518

# -------------------------- #
RUN : 1 - instancias_txt/SSP-NPM-I/ins118_m=3_j=20_t=15_var=18.txt

- MACHINE [0]

0 
0 
0 
0 
1 
1 
0 
1 
0 
0 
1 
0 
1 
1 
1 

JOBS [1] - [5]
TOOL SWITCHES : 0
MAKESPAN : 1

- MACHINE [1]

1 1 0 0 0 0 0 0 0 
0 0 0 0 0 1 1 1 1 
0 1 1 1 1 0 0 0 0 
0 1 0 0 0 1 1 0 0 
1 1 0 1 0 1 1 1 0 
1 1 1 0 0 1 1 0 1 
0 0 0 0 1 0 0 1 1 
0 1 1 1 1 1 0 0 1 
0 1 0 1 1 0 0 1 1 
1 0 0 1 0 1 1 1 0 
1 0 1 1 0 0 0 0 0 
0 0 0 0 0 0 0 0 0 
0 0 0 0 0 0 0 0 0 
0 0 1 0 0 0 1 0 1 
0 0 1 0 1 1 0 1 0 

JOBS [9] - [12, 16, 7, 4, 10, 1, 18, 3, 13]
TOOL SWITCHES : 3
MAKESPAN : 61

- MACHINE [2]

0 0 0 1 1 1 1 0 1 0 
1 0 0 0 0 0 1 1 0 1 
0 0 1 0 0 1 1 0 0 0 
0 0 0 1 0 1 1 0 0 0 
0 0 0 0 0 0 0 0 0 0 
0 0 0 0 0 0 0 0 0 0 
1 1 1 1 1 1 1 1 0 0 
1 1 1 1 0 0 0 1 0 0 
0 1 0 1 1 0 1 0 0 0 
1 0 1 0 1 0 1 0 0 1 
0 0 0 0 0 0 0 0 1 1 
1 1 0 0 0 0 0 1 1 0 
1 0 1 0 0 1 0 0 1 1 
0 1 1 0 0 0 0 1 1 0 
0 1 1 0 1 0 0 0 0 1 

JOBS [10] - [17, 9, 15, 0, 2, 14, 8, 6, 11, 19]
TOOL SWITCHES : 0
MAKESPAN : 61

# -------------------------- #

--- TOTAL TOOL SWITCHES : 3
--- HIGHEST MAKESPAN : 61
--- TOTAL FLOWTIME : 680
--- RUNNING TIME : 3.21711

# -------------------------- #
RUN : 1 - instancias_txt/SSP-NPM-I/ins119_m=3_j=20_t=15_var=19.txt

- MACHINE [0]

1 
1 
0 
0 
0 
0 
1 
0 
0 
0 
0 
0 
1 
1 
1 

JOBS [1] - [15]
TOOL SWITCHES : 0
MAKESPAN : 1

- MACHINE [1]

1 1 1 
1 1 0 
1 1 1 
0 0 0 
0 1 0 
0 0 1 
1 1 1 
0 0 0 
1 0 1 
0 1 0 
0 0 0 
0 0 0 
0 0 0 
0 0 1 
0 1 1 

JOBS [3] - [16, 1, 18]
TOOL SWITCHES : 0
MAKESPAN : 14

- MACHINE [2]

1 0 1 1 0 1 1 1 0 0 0 1 0 0 1 0 
1 0 0 0 0 0 1 1 0 0 0 0 1 0 1 1 
0 0 1 0 1 1 1 0 1 0 1 0 0 0 0 0 
1 1 1 1 0 0 0 0 1 0 1 1 0 1 1 1 
1 1 1 1 0 0 0 1 0 1 1 1 1 0 0 0 
0 1 0 0 0 1 0 0 0 1 0 1 0 1 1 0 
0 0 0 0 0 0 0 0 0 0 0 0 0 0 0 0 
0 1 1 0 1 1 1 1 0 0 1 0 0 1 0 1 
1 0 0 1 0 0 0 0 0 0 1 0 0 1 0 0 
0 1 1 0 1 1 0 1 1 1 0 0 0 0 0 0 
0 1 0 0 1 1 0 0 1 1 1 0 1 0 0 0 
0 0 0 0 1 0 1 0 1 1 0 0 1 1 1 1 
0 0 1 1 0 0 0 0 1 1 0 1 1 0 0 1 
0 0 0 0 0 0 0 0 0 0 0 0 1 1 1 0 
1 0 0 1 0 1 1 0 0 0 0 1 1 1 1 1 

JOBS [16] - [10, 2, 4, 12, 3, 5, 8, 7, 19, 17, 9, 6, 13, 0, 11, 14]
TOOL SWITCHES : 1
MAKESPAN : 109

# -------------------------- #

--- TOTAL TOOL SWITCHES : 1
--- HIGHEST MAKESPAN : 109
--- TOTAL FLOWTIME : 932
--- RUNNING TIME : 6.50099

# -------------------------- #
RUN : 1 - instancias_txt/SSP-NPM-I/ins120_m=3_j=20_t=15_var=20.txt

- MACHINE [0]

0 
0 
1 
1 
0 
0 
1 
0 
0 
0 
0 
1 
1 
0 
1 

JOBS [1] - [4]
TOOL SWITCHES : 0
MAKESPAN : 9

- MACHINE [1]

0 1 0 0 
1 1 0 0 
1 0 1 1 
1 0 0 1 
0 0 1 1 
0 0 0 0 
0 0 0 0 
1 1 1 1 
1 1 1 0 
0 1 1 1 
0 0 1 0 
0 0 0 0 
1 0 1 0 
0 0 0 0 
0 0 0 0 

JOBS [4] - [7, 6, 16, 18]
TOOL SWITCHES : 0
MAKESPAN : 17

- MACHINE [2]

1 0 0 1 1 1 1 1 0 0 1 0 0 0 0 
0 0 0 1 1 0 1 0 0 0 0 0 1 1 1 
1 0 0 0 1 0 1 0 1 1 0 1 1 1 1 
0 0 0 0 0 0 0 0 0 0 0 0 0 0 0 
0 0 1 1 1 0 0 0 0 1 1 0 1 0 0 
1 1 1 0 1 1 1 0 1 0 1 0 1 1 1 
0 1 1 1 0 0 1 1 0 0 0 0 0 0 0 
1 0 0 0 0 1 0 0 1 1 1 1 1 1 0 
1 0 1 1 0 1 0 1 0 0 1 1 0 1 1 
0 0 0 0 0 1 0 1 1 0 0 1 0 0 0 
0 1 0 0 1 1 1 1 0 0 0 0 1 0 0 
0 0 0 0 0 0 0 0 1 1 1 1 0 0 1 
0 1 0 0 0 0 0 1 0 1 0 1 1 0 1 
0 0 0 1 0 0 0 1 1 1 0 1 0 1 0 
1 1 1 0 0 1 0 0 0 1 1 0 0 0 0 

JOBS [15] - [0, 3, 1, 13, 8, 17, 2, 14, 11, 10, 9, 12, 15, 19, 5]
TOOL SWITCHES : 1
MAKESPAN : 74

# -------------------------- #

--- TOTAL TOOL SWITCHES : 1
--- HIGHEST MAKESPAN : 74
--- TOTAL FLOWTIME : 505
--- RUNNING TIME : 5.83397

# -------------------------- #


avg : 1.65
