RUN : 1 - instancias_txt/SSP-NPM-I/ins101_m=3_j=20_t=15_var=1.txt

- MACHINE [0]

















JOBS [0] - []
TOOL SWITCHES : 0
MAKESPAN : 0

- MACHINE [1]

1 0 1 
1 1 0 
0 1 1 
0 1 0 
0 0 1 
0 1 0 
0 0 0 
1 1 0 
1 0 0 
0 0 0 
1 1 1 
0 0 0 
0 0 0 
1 1 1 
0 0 0 

JOBS [3] - [11, 5, 16]
TOOL SWITCHES : 0
MAKESPAN : 21

- MACHINE [2]

1 1 0 0 1 0 0 0 1 0 1 1 0 1 0 0 0 
0 0 0 0 0 0 0 0 0 0 1 1 0 0 1 0 0 
0 0 0 0 1 1 0 0 0 0 0 1 0 1 0 1 1 
0 1 0 0 0 1 0 0 1 0 0 0 1 0 1 0 1 
0 1 1 1 1 0 1 0 0 0 1 0 1 1 1 1 0 
1 0 0 0 1 0 0 1 0 1 0 1 1 0 0 1 0 
1 0 0 0 0 1 1 1 1 1 0 0 0 0 0 0 0 
0 1 1 0 0 0 1 0 0 0 1 1 1 1 0 1 1 
0 1 1 1 0 0 1 1 0 0 1 0 0 1 0 0 1 
1 0 0 0 1 1 1 0 0 0 0 1 1 0 1 0 0 
1 0 0 1 0 0 0 0 0 0 0 0 0 0 0 0 0 
1 0 1 0 0 0 0 0 0 1 0 0 0 0 1 0 1 
0 1 1 1 0 1 0 1 1 1 0 0 0 0 0 0 0 
0 0 0 1 0 0 0 1 1 1 0 0 0 0 0 1 0 
0 0 0 1 0 0 1 0 0 1 1 0 1 0 1 1 0 

JOBS [17] - [12, 0, 6, 9, 19, 14, 2, 8, 4, 17, 3, 10, 1, 7, 13, 18, 15]
TOOL SWITCHES : 2
MAKESPAN : 122

# -------------------------- #

--- TOTAL TOOL SWITCHES : 2
--- HIGHEST MAKESPAN : 122
--- TOTAL FLOWTIME : 1029
--- RUNNING TIME : 5.86228

# -------------------------- #
RUN : 1 - instancias_txt/SSP-NPM-I/ins102_m=3_j=20_t=15_var=2.txt

- MACHINE [0]

0 
1 
0 
0 
0 
1 
0 
0 
1 
0 
1 
1 
0 
0 
0 

JOBS [1] - [8]
TOOL SWITCHES : 0
MAKESPAN : 4

- MACHINE [1]

0 
0 
1 
1 
1 
0 
1 
0 
0 
1 
0 
0 
0 
1 
0 

JOBS [1] - [4]
TOOL SWITCHES : 0
MAKESPAN : 2

- MACHINE [2]

1 1 0 0 1 1 1 1 0 1 1 1 1 0 0 0 0 0 
0 1 1 0 1 0 0 0 0 0 0 1 1 0 0 0 1 1 
0 0 1 1 0 0 0 0 0 0 0 1 0 1 1 1 0 1 
0 0 0 0 0 0 0 0 1 0 1 1 0 0 1 0 0 0 
1 0 0 0 0 1 0 0 0 1 1 0 1 1 0 1 1 0 
0 1 0 1 0 1 0 1 1 0 0 0 0 0 0 0 0 0 
1 0 0 1 1 0 0 1 1 1 1 1 0 1 0 1 1 0 
0 0 1 0 1 0 0 0 0 1 1 1 1 0 0 0 0 0 
1 0 0 1 0 0 0 1 1 0 1 0 0 0 1 1 1 1 
0 0 1 0 0 0 1 1 0 1 0 0 0 1 0 0 1 1 
1 0 0 1 0 0 1 1 0 0 0 0 0 1 0 1 0 0 
0 1 0 0 1 1 0 1 1 1 0 1 1 0 1 0 0 0 
1 1 1 0 1 1 1 0 0 0 0 0 0 0 0 0 0 0 
0 1 0 1 0 0 1 0 1 0 0 0 1 0 0 1 0 1 
0 0 0 0 0 0 0 0 0 0 0 0 1 1 1 0 1 0 

JOBS [18] - [12, 9, 3, 5, 19, 18, 10, 17, 0, 11, 14, 15, 16, 7, 1, 2, 6, 13]
TOOL SWITCHES : 2
MAKESPAN : 87

# -------------------------- #

--- TOTAL TOOL SWITCHES : 2
--- HIGHEST MAKESPAN : 87
--- TOTAL FLOWTIME : 743
--- RUNNING TIME : 6.52898

# -------------------------- #
RUN : 1 - instancias_txt/SSP-NPM-I/ins103_m=3_j=20_t=15_var=3.txt

- MACHINE [0]

0 0 
1 1 
1 0 
0 0 
0 0 
0 0 
1 1 
0 0 
1 1 
0 0 
0 0 
0 1 
1 0 
1 1 
0 0 

JOBS [2] - [7, 2]
TOOL SWITCHES : 0
MAKESPAN : 5

- MACHINE [1]

1 1 
1 0 
1 0 
1 1 
0 1 
0 1 
0 0 
0 0 
1 0 
1 1 
0 0 
0 1 
0 0 
0 0 
0 1 

JOBS [2] - [4, 9]
TOOL SWITCHES : 0
MAKESPAN : 17

- MACHINE [2]

0 0 0 0 0 0 0 1 0 1 1 0 0 0 1 1 
0 0 0 0 1 1 1 0 0 0 1 0 0 1 1 0 
0 1 1 0 1 0 0 0 0 0 0 0 0 1 0 1 
0 0 1 0 0 1 0 0 1 1 0 0 1 0 0 0 
0 1 1 0 0 0 1 1 1 0 1 1 1 0 0 0 
0 0 0 0 0 0 0 0 0 0 0 1 1 1 0 1 
1 0 0 0 1 0 0 0 0 1 1 1 1 0 1 0 
0 1 0 1 1 0 1 0 1 0 0 0 1 1 1 1 
1 1 0 1 1 0 1 1 0 0 0 0 0 1 1 1 
1 1 1 1 0 0 1 0 0 0 0 0 0 0 0 0 
1 0 0 1 0 0 1 0 1 1 1 1 1 0 1 1 
0 0 1 1 0 1 0 1 0 0 1 1 1 0 1 0 
0 1 0 1 0 1 0 1 0 1 0 0 0 1 0 0 
1 0 0 1 1 0 1 0 0 1 1 0 0 0 0 0 
1 1 1 0 1 1 0 1 1 0 0 1 0 0 0 0 

JOBS [16] - [14, 16, 5, 10, 17, 8, 13, 1, 3, 19, 6, 15, 11, 12, 18, 0]
TOOL SWITCHES : 2
MAKESPAN : 116

# -------------------------- #

--- TOTAL TOOL SWITCHES : 2
--- HIGHEST MAKESPAN : 116
--- TOTAL FLOWTIME : 1012
--- RUNNING TIME : 6.15103

# -------------------------- #
RUN : 1 - instancias_txt/SSP-NPM-I/ins104_m=3_j=20_t=15_var=4.txt

- MACHINE [0]

1 1 
1 0 
1 1 
0 0 
0 1 
1 0 
0 0 
0 0 
1 1 
0 0 
0 1 
0 0 
0 0 
0 0 
0 0 

JOBS [2] - [6, 19]
TOOL SWITCHES : 0
MAKESPAN : 11

- MACHINE [1]

0 1 1 
1 1 1 
0 0 0 
0 0 0 
1 0 1 
0 0 0 
1 0 0 
0 0 0 
1 0 1 
0 1 1 
0 0 0 
0 0 0 
1 1 0 
1 1 1 
0 1 1 

JOBS [3] - [14, 12, 7]
TOOL SWITCHES : 0
MAKESPAN : 24

- MACHINE [2]

0 1 0 1 1 1 1 0 1 1 1 0 0 0 0 
1 0 0 0 1 0 0 1 0 1 0 1 0 0 1 
0 0 0 0 0 0 1 0 1 0 1 0 1 1 0 
0 0 1 1 0 0 0 1 0 1 0 1 1 0 1 
1 1 1 0 0 0 0 0 1 0 0 0 0 1 0 
1 1 0 0 1 0 0 1 1 0 1 1 1 1 0 
0 1 0 1 1 0 0 0 1 0 1 1 0 1 0 
1 0 0 0 0 1 1 1 1 0 0 0 0 0 1 
0 0 0 0 0 0 0 0 0 0 0 1 1 0 0 
0 1 1 1 0 0 1 1 0 0 1 0 0 1 1 
1 0 1 0 0 1 0 1 0 1 0 0 1 0 1 
0 1 1 1 1 1 1 0 0 0 1 0 0 1 0 
1 0 1 1 0 0 0 0 0 0 0 0 0 0 0 
0 0 0 0 0 0 1 0 1 1 0 1 1 1 0 
0 0 0 0 1 1 0 0 0 1 0 0 0 0 1 

JOBS [15] - [13, 4, 10, 15, 1, 5, 2, 11, 0, 17, 8, 3, 9, 18, 16]
TOOL SWITCHES : 2
MAKESPAN : 79

# -------------------------- #

--- TOTAL TOOL SWITCHES : 2
--- HIGHEST MAKESPAN : 79
--- TOTAL FLOWTIME : 773
--- RUNNING TIME : 6.95355

# -------------------------- #
RUN : 1 - instancias_txt/SSP-NPM-I/ins105_m=3_j=20_t=15_var=5.txt

- MACHINE [0]

















JOBS [0] - []
TOOL SWITCHES : 0
MAKESPAN : 0

- MACHINE [1]

1 1 0 
1 0 1 
0 0 1 
0 1 1 
0 0 0 
1 1 1 
0 1 0 
0 0 0 
0 0 0 
0 1 1 
1 0 1 
0 0 0 
0 0 0 
1 0 1 
1 0 0 

JOBS [3] - [5, 13, 8]
TOOL SWITCHES : 0
MAKESPAN : 21

- MACHINE [2]

1 1 1 1 1 0 0 0 0 0 0 1 0 0 1 1 0 
1 0 1 1 0 0 1 1 0 1 1 1 0 1 0 0 0 
1 1 0 1 0 1 0 0 0 0 0 0 0 0 0 0 0 
0 1 0 0 0 0 0 1 0 0 1 1 1 0 0 0 0 
0 1 0 0 0 1 1 0 0 1 0 0 0 1 1 1 1 
1 1 0 0 1 1 1 0 0 0 0 0 0 0 0 0 0 
1 0 1 0 0 0 1 1 1 1 1 0 1 0 0 1 1 
0 0 1 0 1 1 0 1 1 1 0 0 0 1 0 0 0 
0 0 0 1 0 0 1 0 1 0 0 1 0 1 0 0 0 
0 0 0 0 0 0 1 0 0 0 1 1 1 1 0 1 1 
1 0 1 1 1 1 0 0 0 0 0 0 1 0 1 0 1 
0 1 1 0 0 0 1 1 1 0 0 0 1 0 1 1 0 
0 0 0 0 1 1 0 0 0 1 1 1 0 1 0 0 0 
1 0 0 1 1 0 0 1 1 1 0 1 1 0 1 0 1 
0 0 0 0 0 0 0 1 0 1 0 0 0 0 1 1 1 

JOBS [17] - [4, 0, 3, 9, 14, 10, 6, 19, 16, 2, 12, 17, 11, 1, 15, 7, 18]
TOOL SWITCHES : 2
MAKESPAN : 99

# -------------------------- #

--- TOTAL TOOL SWITCHES : 2
--- HIGHEST MAKESPAN : 99
--- TOTAL FLOWTIME : 1021
--- RUNNING TIME : 6.73357

# -------------------------- #
RUN : 1 - instancias_txt/SSP-NPM-I/ins106_m=3_j=20_t=15_var=6.txt

- MACHINE [0]

0 0 
0 0 
0 0 
1 1 
0 0 
1 0 
0 0 
0 1 
0 0 
0 0 
0 0 
1 0 
1 1 
1 1 
0 1 

JOBS [2] - [16, 3]
TOOL SWITCHES : 0
MAKESPAN : 9

- MACHINE [1]

1 1 
0 0 
0 0 
0 0 
1 0 
1 1 
1 1 
0 0 
1 1 
0 0 
0 0 
1 0 
0 1 
1 0 
0 0 

JOBS [2] - [18, 15]
TOOL SWITCHES : 0
MAKESPAN : 11

- MACHINE [2]

0 1 1 0 0 0 0 0 0 1 0 1 1 0 0 1 
0 0 1 0 0 0 1 1 0 1 1 0 0 1 1 1 
0 1 0 0 1 0 0 1 1 1 0 0 0 0 1 1 
1 1 0 0 0 1 1 1 0 0 1 1 0 1 0 0 
0 0 0 1 0 0 0 0 0 0 1 1 1 1 0 0 
0 0 0 0 0 1 0 0 0 1 0 1 1 0 1 1 
1 0 0 1 1 0 0 0 1 0 0 0 0 0 0 0 
1 0 1 1 1 0 0 0 0 0 0 0 0 0 0 0 
0 0 0 0 0 0 0 0 0 0 0 1 0 1 1 0 
1 0 0 0 1 1 1 1 1 1 1 0 0 0 1 1 
1 1 0 1 0 0 1 0 0 1 1 0 1 0 0 0 
1 1 1 1 0 1 0 0 0 0 0 1 0 1 1 1 
0 0 1 1 1 1 1 1 1 1 0 1 1 0 0 0 
0 0 1 0 0 0 1 0 1 0 0 0 0 0 1 0 
0 1 0 1 1 1 1 1 0 0 0 0 1 0 0 0 

JOBS [16] - [13, 0, 8, 19, 6, 7, 4, 17, 5, 12, 11, 1, 9, 14, 10, 2]
TOOL SWITCHES : 2
MAKESPAN : 106

# -------------------------- #

--- TOTAL TOOL SWITCHES : 2
--- HIGHEST MAKESPAN : 106
--- TOTAL FLOWTIME : 973
--- RUNNING TIME : 6.1278

# -------------------------- #
RUN : 1 - instancias_txt/SSP-NPM-I/ins107_m=3_j=20_t=15_var=7.txt

- MACHINE [0]

1 0 
1 1 
1 1 
1 1 
0 0 
0 0 
0 0 
0 0 
0 0 
0 0 
0 1 
0 0 
1 1 
0 1 
0 0 

JOBS [2] - [19, 16]
TOOL SWITCHES : 0
MAKESPAN : 16

- MACHINE [1]

0 0 0 
0 1 0 
0 0 1 
0 0 0 
0 1 1 
0 0 1 
0 0 0 
0 1 0 
0 0 0 
1 0 1 
0 0 0 
1 0 0 
1 1 0 
1 1 1 
1 0 0 

JOBS [3] - [17, 6, 11]
TOOL SWITCHES : 0
MAKESPAN : 14

- MACHINE [2]

0 1 0 0 0 1 1 1 0 0 0 1 1 0 0 
0 0 0 0 1 1 1 0 1 0 0 1 1 0 1 
1 0 0 1 0 1 0 0 0 1 1 1 0 0 1 
1 0 0 1 0 0 0 0 1 0 1 1 0 1 0 
1 0 0 0 1 0 1 1 0 0 0 0 1 1 0 
0 1 1 0 1 0 0 0 1 1 1 1 1 0 0 
0 1 1 0 1 0 1 1 1 1 0 0 1 0 0 
1 0 0 0 1 1 1 0 0 0 1 0 0 1 1 
0 0 0 1 1 0 0 1 1 0 1 0 0 1 1 
0 0 0 1 0 0 0 1 0 1 0 0 0 1 0 
0 1 1 0 0 1 0 1 1 0 1 0 1 1 0 
1 1 0 1 0 1 1 0 0 1 0 0 0 0 1 
1 1 1 1 0 0 0 0 0 0 0 0 0 0 0 
0 0 0 0 0 0 0 0 0 0 0 0 0 0 0 
1 0 1 1 0 0 0 0 1 1 0 1 1 0 0 

JOBS [15] - [0, 4, 14, 7, 15, 8, 18, 3, 12, 2, 9, 13, 10, 5, 1]
TOOL SWITCHES : 1
MAKESPAN : 101

# -------------------------- #

--- TOTAL TOOL SWITCHES : 1
--- HIGHEST MAKESPAN : 101
--- TOTAL FLOWTIME : 813
--- RUNNING TIME : 5.89024

# -------------------------- #
RUN : 1 - instancias_txt/SSP-NPM-I/ins108_m=3_j=20_t=15_var=8.txt

- MACHINE [0]

1 1 
0 1 
1 1 
0 0 
0 0 
1 1 
0 0 
0 0 
0 0 
0 0 
1 0 
1 0 
1 1 
0 0 
0 0 

JOBS [2] - [6, 16]
TOOL SWITCHES : 0
MAKESPAN : 8

- MACHINE [1]

0 0 0 
1 0 0 
0 0 0 
1 1 1 
0 0 0 
0 0 0 
0 0 0 
0 1 1 
1 0 1 
0 1 1 
1 1 0 
0 0 1 
1 1 1 
1 1 0 
1 0 0 

JOBS [3] - [7, 8, 19]
TOOL SWITCHES : 0
MAKESPAN : 14

- MACHINE [2]

0 1 1 1 0 1 0 0 1 0 0 0 0 1 0 
1 0 1 0 1 0 0 0 0 0 0 0 0 0 0 
0 1 0 0 1 0 1 0 1 0 1 1 0 0 1 
1 0 0 1 0 0 0 1 0 1 0 1 1 1 0 
0 0 1 0 0 1 1 0 0 1 1 1 0 0 1 
0 1 0 0 1 1 1 1 0 1 1 0 0 0 0 
1 0 0 1 1 0 0 0 0 1 0 0 1 1 0 
0 0 0 0 0 1 0 0 0 0 1 1 0 0 0 
0 0 0 0 0 0 1 1 1 0 1 0 0 1 1 
1 0 0 0 0 1 0 0 1 0 0 0 1 1 1 
0 1 1 0 0 0 0 0 0 0 0 1 0 1 1 
1 1 1 0 1 1 1 1 1 1 0 0 0 0 0 
0 0 1 0 0 0 0 1 0 0 1 1 1 0 0 
1 1 0 1 0 0 0 0 0 0 0 0 0 0 0 
1 0 1 1 1 1 0 0 1 0 1 0 1 0 0 

JOBS [15] - [3, 10, 14, 12, 4, 11, 0, 5, 13, 15, 2, 9, 1, 18, 17]
TOOL SWITCHES : 2
MAKESPAN : 75

# -------------------------- #

--- TOTAL TOOL SWITCHES : 2
--- HIGHEST MAKESPAN : 75
--- TOTAL FLOWTIME : 676
--- RUNNING TIME : 7.24036

# -------------------------- #
RUN : 1 - instancias_txt/SSP-NPM-I/ins109_m=3_j=20_t=15_var=9.txt

- MACHINE [0]

















JOBS [0] - []
TOOL SWITCHES : 0
MAKESPAN : 0

- MACHINE [1]

1 0 0 
1 0 1 
0 0 1 
1 1 1 
1 1 0 
0 1 1 
0 0 0 
0 0 0 
1 1 1 
0 1 0 
1 1 0 
0 0 0 
0 0 0 
0 0 0 
0 0 0 

JOBS [3] - [16, 9, 7]
TOOL SWITCHES : 0
MAKESPAN : 20

- MACHINE [2]

0 1 1 0 1 0 0 1 0 0 1 0 1 0 0 0 1 
1 1 1 1 0 0 0 1 1 0 1 0 0 0 0 0 0 
1 0 1 0 0 1 0 1 0 1 0 1 0 0 0 1 1 
1 0 0 0 1 1 0 0 0 0 0 0 0 0 0 0 0 
0 1 0 0 0 0 0 1 1 0 1 1 0 1 0 0 1 
1 1 0 0 0 0 1 0 0 1 1 0 1 1 0 0 0 
0 0 0 0 1 0 1 1 1 0 0 0 1 1 0 1 0 
0 0 0 1 1 0 0 0 0 1 0 0 0 0 1 1 0 
0 0 0 0 0 0 1 0 0 1 0 1 0 0 1 1 0 
0 0 0 1 0 1 0 1 1 0 0 0 1 0 1 0 0 
0 0 0 0 0 0 0 0 0 0 0 1 0 1 1 0 1 
1 0 1 0 0 1 0 0 0 1 0 1 1 0 1 1 0 
0 0 1 0 0 1 0 0 1 0 1 1 0 0 0 0 0 
1 1 1 1 1 1 1 0 1 0 0 0 1 0 1 0 1 
1 0 1 1 1 1 1 1 0 0 1 0 0 1 1 1 1 

JOBS [17] - [15, 2, 13, 3, 0, 17, 5, 8, 18, 12, 10, 1, 19, 6, 11, 4, 14]
TOOL SWITCHES : 2
MAKESPAN : 98

# -------------------------- #

--- TOTAL TOOL SWITCHES : 2
--- HIGHEST MAKESPAN : 98
--- TOTAL FLOWTIME : 1065
--- RUNNING TIME : 6.91719

# -------------------------- #
RUN : 1 - instancias_txt/SSP-NPM-I/ins110_m=3_j=20_t=15_var=10.txt

- MACHINE [0]

















JOBS [0] - []
TOOL SWITCHES : 0
MAKESPAN : 0

- MACHINE [1]

0 0 0 0 
1 1 1 1 
1 1 0 1 
1 0 1 0 
0 1 0 0 
0 0 0 0 
1 0 0 0 
0 1 1 1 
0 0 1 1 
0 1 0 1 
0 0 0 0 
0 0 0 0 
0 0 1 0 
1 1 0 1 
0 0 0 0 

JOBS [4] - [3, 5, 18, 8]
TOOL SWITCHES : 0
MAKESPAN : 32

- MACHINE [2]

0 0 1 0 1 0 0 1 0 1 0 0 1 1 1 0 
1 0 1 1 1 0 0 1 0 0 0 0 0 0 0 0 
1 0 0 1 0 1 0 1 1 0 1 0 0 0 0 1 
0 0 1 0 1 0 1 0 0 0 0 1 0 1 1 0 
0 0 0 0 0 0 0 0 0 0 0 1 1 1 0 1 
1 1 0 0 1 0 0 0 1 0 1 0 1 0 1 1 
0 0 0 1 0 0 1 0 1 1 1 1 0 1 1 0 
0 0 0 0 1 1 0 1 1 1 0 1 0 0 0 0 
1 1 1 1 1 1 0 1 1 0 0 0 1 0 1 1 
0 0 0 0 0 1 1 0 0 1 1 0 1 0 0 0 
0 0 0 0 0 0 0 0 0 1 1 1 0 0 1 1 
1 1 0 1 1 0 1 1 0 0 1 0 0 0 0 0 
0 1 0 1 0 0 0 0 1 0 0 0 1 0 0 0 
0 1 1 1 0 0 0 0 0 0 0 0 0 1 0 0 
0 1 1 0 0 1 1 0 1 1 0 1 1 1 0 1 

JOBS [16] - [17, 12, 1, 6, 4, 0, 2, 15, 11, 10, 7, 14, 9, 19, 16, 13]
TOOL SWITCHES : 2
MAKESPAN : 66

# -------------------------- #

--- TOTAL TOOL SWITCHES : 2
--- HIGHEST MAKESPAN : 66
--- TOTAL FLOWTIME : 581
--- RUNNING TIME : 7.52772

# -------------------------- #
RUN : 1 - instancias_txt/SSP-NPM-I/ins111_m=3_j=20_t=15_var=11.txt

- MACHINE [0]

0 0 
0 0 
0 0 
0 0 
1 0 
0 0 
0 0 
1 0 
1 1 
0 0 
0 0 
1 0 
0 1 
1 0 
1 1 

JOBS [2] - [14, 17]
TOOL SWITCHES : 0
MAKESPAN : 8

- MACHINE [1]

0 0 
1 0 
0 0 
0 0 
1 1 
0 0 
1 1 
1 0 
1 1 
0 0 
0 1 
1 0 
0 0 
0 1 
0 1 

JOBS [2] - [19, 18]
TOOL SWITCHES : 0
MAKESPAN : 8

- MACHINE [2]

0 0 1 0 1 0 1 0 1 0 1 0 1 0 1 0 
1 1 0 0 0 0 0 1 1 1 0 0 1 1 1 0 
1 0 0 0 0 0 1 0 0 1 1 0 0 1 0 0 
0 0 0 0 0 0 1 1 0 0 0 1 0 0 1 0 
0 1 0 0 0 1 1 0 1 0 1 0 1 0 0 0 
0 1 1 1 1 1 0 1 0 1 0 0 0 1 0 1 
1 1 1 0 1 0 0 0 0 1 1 0 0 0 0 0 
0 0 0 0 0 0 0 0 0 0 0 1 0 1 1 1 
0 0 0 1 1 0 1 0 1 0 0 1 0 0 0 1 
1 1 1 1 0 1 1 1 1 0 0 1 1 1 1 0 
1 0 0 1 0 1 0 0 0 1 1 0 0 0 0 1 
1 0 1 1 0 1 0 0 1 1 0 1 0 0 0 1 
1 1 1 0 1 0 0 1 0 1 1 0 1 1 1 1 
0 1 0 1 1 1 0 0 0 0 0 0 0 0 0 0 
0 0 0 0 0 1 1 1 1 0 0 0 1 0 0 0 

JOBS [16] - [12, 9, 5, 8, 7, 4, 2, 13, 10, 16, 0, 1, 3, 11, 15, 6]
TOOL SWITCHES : 2
MAKESPAN : 80

# -------------------------- #

--- TOTAL TOOL SWITCHES : 2
--- HIGHEST MAKESPAN : 80
--- TOTAL FLOWTIME : 642
--- RUNNING TIME : 5.76597

# -------------------------- #
RUN : 1 - instancias_txt/SSP-NPM-I/ins112_m=3_j=20_t=15_var=12.txt

- MACHINE [0]

1 
0 
0 
0 
0 
1 
0 
0 
1 
0 
0 
0 
1 
0 
1 

JOBS [1] - [13]
TOOL SWITCHES : 0
MAKESPAN : 4

- MACHINE [1]

0 
0 
0 
0 
1 
0 
1 
1 
1 
1 
0 
1 
1 
0 
0 

JOBS [1] - [14]
TOOL SWITCHES : 0
MAKESPAN : 1

- MACHINE [2]

0 1 1 1 0 1 1 1 1 0 0 0 0 0 0 0 0 1 
1 0 1 0 1 1 0 0 0 1 1 0 0 0 0 0 1 1 
1 1 1 0 0 1 1 0 1 0 0 1 0 0 0 0 0 0 
1 0 0 1 0 0 1 0 1 1 1 0 0 1 1 0 0 0 
0 0 0 1 1 1 0 1 1 0 1 0 0 0 0 0 0 0 
0 0 0 0 0 1 0 1 0 1 0 1 1 1 1 1 0 0 
1 0 0 0 1 0 1 0 0 0 1 0 1 1 0 1 0 1 
0 0 0 0 0 0 0 0 0 0 0 1 0 0 0 1 1 1 
1 1 1 0 1 0 0 0 0 0 0 0 0 0 0 0 0 0 
0 1 1 0 0 0 0 1 1 0 0 1 0 1 1 0 1 0 
1 1 0 1 1 0 1 0 0 0 0 1 1 0 1 0 1 1 
0 0 0 0 0 1 0 1 0 1 1 1 0 0 0 0 1 1 
0 1 0 1 0 0 0 0 1 1 0 0 1 0 0 1 1 0 
0 0 1 0 0 0 0 0 0 1 1 0 0 1 1 0 1 0 
1 0 0 0 1 0 1 1 0 1 0 1 1 1 1 1 0 0 

JOBS [18] - [1, 11, 3, 17, 18, 0, 6, 4, 12, 10, 7, 15, 16, 8, 19, 2, 9, 5]
TOOL SWITCHES : 2
MAKESPAN : 116

# -------------------------- #

--- TOTAL TOOL SWITCHES : 2
--- HIGHEST MAKESPAN : 116
--- TOTAL FLOWTIME : 1043
--- RUNNING TIME : 7.47681

# -------------------------- #
RUN : 1 - instancias_txt/SSP-NPM-I/ins113_m=3_j=20_t=15_var=13.txt

- MACHINE [0]

1 
1 
1 
0 
0 
1 
0 
0 
0 
1 
0 
0 
1 
1 
0 

JOBS [1] - [5]
TOOL SWITCHES : 0
MAKESPAN : 2

- MACHINE [1]

0 1 
1 0 
1 0 
0 1 
0 0 
1 1 
0 0 
0 0 
0 1 
1 1 
0 0 
1 0 
0 0 
0 1 
0 0 

JOBS [2] - [12, 13]
TOOL SWITCHES : 0
MAKESPAN : 14

- MACHINE [2]

0 0 0 0 0 0 1 0 0 0 1 0 1 1 0 0 0 
0 0 0 0 1 0 0 0 0 1 0 1 1 1 1 0 1 
1 0 0 1 0 1 0 0 1 0 0 0 0 1 1 1 1 
0 1 0 0 1 1 0 0 0 0 0 1 1 0 1 0 0 
1 0 0 0 0 1 1 0 1 1 0 1 0 0 1 0 0 
1 0 1 1 0 1 0 0 0 0 0 0 0 0 0 0 0 
0 0 1 0 0 0 1 0 0 0 0 1 1 0 0 1 1 
0 0 1 1 1 0 0 1 0 0 1 1 0 0 1 0 1 
0 1 0 0 0 0 0 1 1 0 1 1 0 1 0 1 0 
0 1 1 0 0 1 1 1 0 1 0 0 0 0 1 1 1 
1 1 1 0 0 0 0 1 1 1 1 0 0 1 0 1 0 
1 0 1 1 1 0 1 1 1 0 0 0 0 0 0 1 0 
0 1 0 1 1 0 0 1 1 0 0 0 0 0 0 0 0 
0 0 0 0 0 0 0 0 0 1 1 0 1 0 1 1 1 
1 0 0 1 1 0 1 0 0 0 1 1 1 1 0 0 0 

JOBS [17] - [16, 1, 19, 4, 11, 17, 9, 14, 6, 18, 0, 3, 8, 10, 2, 7, 15]
TOOL SWITCHES : 2
MAKESPAN : 126

# -------------------------- #

--- TOTAL TOOL SWITCHES : 2
--- HIGHEST MAKESPAN : 126
--- TOTAL FLOWTIME : 1250
--- RUNNING TIME : 6.92799

# -------------------------- #
RUN : 1 - instancias_txt/SSP-NPM-I/ins114_m=3_j=20_t=15_var=14.txt

- MACHINE [0]

0 
1 
1 
0 
1 
0 
1 
0 
0 
1 
0 
1 
0 
0 
0 

JOBS [1] - [17]
TOOL SWITCHES : 0
MAKESPAN : 6

- MACHINE [1]

1 1 
1 1 
0 0 
1 0 
0 0 
0 1 
0 0 
0 1 
1 0 
0 0 
0 1 
0 0 
1 0 
0 0 
0 1 

JOBS [2] - [2, 12]
TOOL SWITCHES : 0
MAKESPAN : 10

- MACHINE [2]

0 0 0 0 1 0 1 1 0 0 1 1 1 0 0 1 0 
0 0 0 0 0 0 0 0 0 0 0 0 0 0 0 0 0 
0 1 0 1 0 0 0 1 0 1 0 1 0 0 1 0 0 
0 0 0 1 0 1 1 0 1 1 0 0 0 0 1 0 1 
1 0 0 1 0 1 0 0 0 0 1 0 0 0 0 1 0 
1 1 0 0 1 1 0 0 1 0 0 0 1 0 0 0 0 
1 1 1 0 1 0 0 0 0 0 0 0 0 0 0 0 0 
1 0 0 0 0 1 0 0 1 0 0 0 1 1 1 1 1 
0 1 0 1 0 0 1 1 1 0 0 0 0 0 1 1 0 
0 0 1 0 1 1 1 1 0 1 0 1 0 1 0 0 0 
1 0 1 1 1 0 0 1 0 1 1 0 0 1 1 1 1 
0 0 0 0 0 0 1 1 0 1 1 0 0 1 0 0 1 
0 1 1 1 1 1 1 0 1 0 1 0 1 0 0 0 0 
0 0 1 1 0 0 0 0 1 0 0 1 1 1 1 1 1 
1 1 1 0 1 1 0 0 0 1 1 1 1 1 0 0 0 

JOBS [17] - [0, 15, 3, 4, 5, 6, 10, 8, 13, 18, 19, 11, 9, 7, 16, 1, 14]
TOOL SWITCHES : 1
MAKESPAN : 83

# -------------------------- #

--- TOTAL TOOL SWITCHES : 1
--- HIGHEST MAKESPAN : 83
--- TOTAL FLOWTIME : 795
--- RUNNING TIME : 5.81365

# -------------------------- #
RUN : 1 - instancias_txt/SSP-NPM-I/ins115_m=3_j=20_t=15_var=15.txt

- MACHINE [0]

1 
1 
1 
0 
1 
0 
0 
0 
0 
0 
1 
0 
0 
1 
1 

JOBS [1] - [15]
TOOL SWITCHES : 0
MAKESPAN : 3

- MACHINE [1]

0 0 1 
1 0 1 
0 1 1 
0 0 0 
0 0 0 
1 0 0 
0 1 0 
1 0 0 
0 1 1 
1 0 1 
0 1 1 
0 0 0 
0 0 0 
0 0 0 
1 1 1 

JOBS [3] - [0, 19, 5]
TOOL SWITCHES : 0
MAKESPAN : 16

- MACHINE [2]

1 1 1 0 0 1 1 1 1 1 1 0 0 0 0 1 
1 0 0 1 0 0 0 0 0 1 0 1 0 1 0 1 
1 1 1 0 0 0 1 0 1 1 0 0 1 1 0 0 
0 0 0 0 1 1 0 1 0 0 1 1 0 0 0 0 
1 0 1 0 1 0 0 0 1 0 0 0 1 1 1 0 
0 0 0 1 1 0 0 1 0 0 1 0 0 0 1 0 
0 1 0 1 0 1 1 0 1 0 0 1 0 1 0 0 
1 1 0 0 0 1 1 0 0 1 1 0 1 1 0 1 
0 0 0 0 1 0 0 0 1 0 1 1 0 0 0 0 
1 1 0 1 0 0 1 0 0 0 0 0 0 0 0 0 
0 0 1 1 1 1 1 0 0 1 0 0 1 1 1 1 
1 1 1 1 0 0 0 1 1 1 0 0 1 0 1 1 
0 0 0 0 0 0 0 0 0 1 1 1 1 0 0 1 
0 0 1 0 1 1 1 1 0 0 0 0 0 1 1 0 
0 0 0 0 0 0 0 0 0 0 0 0 0 0 0 0 

JOBS [16] - [9, 4, 12, 8, 6, 18, 1, 7, 17, 10, 16, 14, 2, 11, 13, 3]
TOOL SWITCHES : 1
MAKESPAN : 90

# -------------------------- #

--- TOTAL TOOL SWITCHES : 1
--- HIGHEST MAKESPAN : 90
--- TOTAL FLOWTIME : 801
--- RUNNING TIME : 5.78766

# -------------------------- #
RUN : 1 - instancias_txt/SSP-NPM-I/ins116_m=3_j=20_t=15_var=16.txt

- MACHINE [0]

0 0 
0 1 
0 0 
0 0 
1 1 
0 0 
1 0 
0 0 
1 1 
0 0 
1 1 
0 1 
1 1 
0 0 
0 0 

JOBS [2] - [14, 3]
TOOL SWITCHES : 0
MAKESPAN : 8

- MACHINE [1]

0 0 1 
0 0 0 
1 0 1 
0 0 0 
0 0 0 
0 1 1 
0 1 1 
1 1 0 
1 0 1 
1 1 0 
1 0 0 
0 0 0 
0 0 0 
0 1 1 
0 0 0 

JOBS [3] - [1, 16, 11]
TOOL SWITCHES : 0
MAKESPAN : 17

- MACHINE [2]

1 1 0 0 1 1 1 0 1 0 0 1 1 0 1 
1 1 0 1 0 1 0 0 1 1 0 0 0 0 0 
0 0 0 0 0 0 0 1 1 0 1 0 0 0 1 
1 1 0 0 0 1 1 1 0 0 1 1 0 1 0 
0 0 1 0 0 0 0 0 0 0 1 0 1 1 1 
0 1 1 1 1 1 1 0 0 1 0 1 1 0 0 
1 1 1 0 1 0 1 0 0 0 0 0 0 0 0 
0 0 0 1 0 0 0 0 0 1 0 1 0 0 1 
0 0 1 1 0 1 0 0 1 0 0 1 0 0 0 
0 0 0 0 1 1 0 0 1 1 1 0 1 1 0 
1 0 1 1 0 0 0 0 0 0 0 0 0 0 0 
0 0 1 0 1 0 1 1 0 0 1 0 0 1 1 
0 0 0 1 0 0 1 0 1 0 0 0 1 1 1 
0 1 0 0 0 0 0 1 0 1 1 1 0 0 0 
1 1 0 0 1 0 0 1 0 0 0 0 1 1 0 

JOBS [15] - [5, 13, 0, 7, 6, 2, 9, 18, 15, 17, 10, 19, 8, 12, 4]
TOOL SWITCHES : 2
MAKESPAN : 95

# -------------------------- #

--- TOTAL TOOL SWITCHES : 2
--- HIGHEST MAKESPAN : 95
--- TOTAL FLOWTIME : 847
--- RUNNING TIME : 5.96275

# -------------------------- #
RUN : 1 - instancias_txt/SSP-NPM-I/ins117_m=3_j=20_t=15_var=17.txt

- MACHINE [0]

1 
0 
0 
1 
0 
0 
1 
1 
0 
0 
0 
1 
0 
1 
0 

JOBS [1] - [15]
TOOL SWITCHES : 0
MAKESPAN : 2

- MACHINE [1]

0 1 
0 0 
1 1 
1 1 
1 0 
0 0 
0 1 
0 0 
0 0 
0 0 
1 1 
1 0 
0 1 
1 0 
1 0 

JOBS [2] - [14, 1]
TOOL SWITCHES : 0
MAKESPAN : 11

- MACHINE [2]

1 0 0 1 0 0 0 0 0 1 1 0 1 0 1 0 0 
1 0 1 0 0 0 1 1 0 0 0 1 0 0 1 1 0 
0 0 0 0 0 0 0 0 0 0 1 1 0 1 0 1 1 
0 0 0 0 0 0 0 0 0 0 0 0 0 0 0 0 0 
0 0 0 1 1 1 0 1 0 0 0 1 1 1 1 1 0 
1 0 1 0 1 1 0 0 1 0 0 0 0 1 1 0 1 
0 1 0 0 0 1 0 1 1 1 0 0 0 0 0 0 0 
1 1 1 0 0 1 0 0 1 1 0 0 0 0 0 1 0 
1 0 1 0 1 1 0 0 0 0 0 1 0 1 0 1 1 
0 1 1 0 0 0 1 1 1 0 1 1 0 0 0 0 0 
0 0 0 1 0 1 0 0 0 0 0 0 1 0 0 0 1 
0 0 0 0 1 0 1 0 0 1 0 1 0 1 1 0 1 
1 0 0 1 1 0 1 1 0 0 1 0 1 0 1 0 1 
1 1 1 1 1 0 1 0 0 0 1 1 0 1 0 1 0 
0 1 0 0 0 0 1 0 1 1 1 0 1 0 1 1 0 

JOBS [17] - [9, 3, 13, 2, 11, 17, 0, 7, 18, 8, 12, 10, 6, 16, 5, 4, 19]
TOOL SWITCHES : 1
MAKESPAN : 82

# -------------------------- #

--- TOTAL TOOL SWITCHES : 1
--- HIGHEST MAKESPAN : 82
--- TOTAL FLOWTIME : 808
--- RUNNING TIME : 5.51232

# -------------------------- #
RUN : 1 - instancias_txt/SSP-NPM-I/ins118_m=3_j=20_t=15_var=18.txt

- MACHINE [0]

0 
0 
0 
0 
1 
1 
0 
1 
0 
0 
1 
0 
1 
1 
1 

JOBS [1] - [5]
TOOL SWITCHES : 0
MAKESPAN : 1

- MACHINE [1]

1 0 0 1 1 0 0 0 0 
0 0 0 0 0 1 1 1 1 
0 1 1 1 0 0 0 0 0 
0 0 0 1 0 0 1 0 1 
1 1 0 1 0 0 1 1 1 
1 0 1 1 0 1 1 0 1 
0 0 0 0 1 1 0 1 0 
0 1 1 1 0 1 0 0 1 
0 1 0 1 1 1 0 1 0 
1 1 0 0 1 0 1 1 1 
1 1 1 0 0 0 0 0 0 
0 0 0 0 0 0 0 0 0 
0 0 0 0 0 0 0 0 0 
0 0 1 0 0 1 1 0 0 
0 0 1 0 1 0 0 1 1 

JOBS [9] - [12, 4, 7, 16, 2, 13, 18, 3, 1]
TOOL SWITCHES : 3
MAKESPAN : 61

- MACHINE [2]

0 1 0 1 1 0 0 1 0 0 
0 0 1 0 1 1 1 0 0 0 
1 0 0 0 1 0 0 1 0 1 
0 1 0 0 1 0 0 1 0 0 
0 0 0 0 0 0 0 0 0 0 
0 0 0 0 0 0 0 0 0 0 
1 1 0 0 1 1 1 1 1 1 
1 1 0 0 0 1 1 0 1 1 
0 1 0 0 1 0 0 0 1 1 
1 0 1 0 1 1 0 0 0 0 
0 0 1 1 0 0 0 0 0 0 
0 0 0 1 0 1 1 0 1 0 
1 0 1 1 0 1 0 1 0 0 
1 0 0 1 0 0 1 0 1 0 
1 0 1 0 0 0 0 0 1 1 

JOBS [10] - [15, 0, 19, 11, 8, 17, 6, 14, 9, 10]
TOOL SWITCHES : 0
MAKESPAN : 63

# -------------------------- #

--- TOTAL TOOL SWITCHES : 3
--- HIGHEST MAKESPAN : 63
--- TOTAL FLOWTIME : 630
--- RUNNING TIME : 3.31927

# -------------------------- #
RUN : 1 - instancias_txt/SSP-NPM-I/ins119_m=3_j=20_t=15_var=19.txt

- MACHINE [0]

1 
1 
1 
0 
1 
0 
1 
0 
0 
1 
0 
0 
0 
0 
1 

JOBS [1] - [1]
TOOL SWITCHES : 0
MAKESPAN : 3

- MACHINE [1]

1 1 1 
1 0 1 
1 1 0 
0 0 0 
0 0 0 
0 1 0 
1 1 1 
0 0 0 
1 1 0 
0 0 0 
0 0 0 
0 0 0 
0 0 1 
0 1 1 
0 1 1 

JOBS [3] - [16, 18, 15]
TOOL SWITCHES : 0
MAKESPAN : 7

- MACHINE [2]

1 0 1 0 0 0 1 1 0 1 0 1 0 0 1 1 
0 0 1 1 0 0 1 1 0 1 0 0 1 0 0 0 
0 0 0 0 1 0 0 0 0 1 1 1 0 1 1 0 
1 1 1 1 1 1 1 0 0 0 1 0 0 0 1 1 
1 0 1 0 1 1 0 1 1 0 0 0 1 0 1 1 
0 1 0 0 0 1 1 0 1 0 0 1 0 0 0 1 
0 0 0 0 0 0 0 0 0 0 0 0 0 0 0 0 
0 1 0 1 1 1 0 1 0 1 0 1 0 1 1 0 
1 1 1 0 1 0 0 0 0 0 0 0 0 0 0 0 
0 0 0 0 0 1 0 1 1 0 1 1 0 1 1 0 
0 0 0 0 1 1 0 0 1 0 1 1 1 1 0 0 
0 1 0 1 0 0 1 0 1 1 1 0 1 1 0 0 
1 0 0 1 0 0 0 0 1 0 1 0 1 0 1 1 
0 1 0 0 0 0 1 0 0 0 0 0 1 0 0 0 
1 1 1 1 0 0 1 0 0 1 0 1 1 0 0 1 

JOBS [16] - [12, 0, 10, 14, 9, 2, 11, 7, 17, 8, 19, 5, 13, 3, 4, 6]
TOOL SWITCHES : 1
MAKESPAN : 109

# -------------------------- #

--- TOTAL TOOL SWITCHES : 1
--- HIGHEST MAKESPAN : 109
--- TOTAL FLOWTIME : 918
--- RUNNING TIME : 6.52313

# -------------------------- #
RUN : 1 - instancias_txt/SSP-NPM-I/ins120_m=3_j=20_t=15_var=20.txt

- MACHINE [0]

0 
0 
1 
1 
0 
0 
1 
0 
0 
0 
0 
1 
1 
0 
1 

JOBS [1] - [4]
TOOL SWITCHES : 0
MAKESPAN : 9

- MACHINE [1]

0 0 0 
0 1 0 
1 1 1 
1 1 0 
1 0 0 
0 0 0 
0 0 0 
1 1 1 
0 1 1 
1 0 1 
0 0 0 
0 0 1 
0 1 1 
0 0 1 
0 0 0 

JOBS [3] - [18, 7, 12]
TOOL SWITCHES : 0
MAKESPAN : 7

- MACHINE [2]

1 1 1 0 0 0 1 0 1 1 1 0 0 0 1 0 
0 1 1 0 0 0 0 0 0 1 0 1 1 1 1 0 
0 0 1 0 0 1 0 1 0 1 1 1 1 1 0 1 
0 0 0 0 0 0 0 0 0 0 0 0 0 0 0 0 
0 1 0 1 0 0 0 1 1 1 0 0 0 1 0 1 
0 0 1 1 1 1 1 0 1 1 1 1 1 1 0 0 
1 1 1 1 1 0 0 0 0 0 0 0 0 0 0 0 
0 0 0 0 0 1 1 1 1 0 1 0 1 1 1 1 
1 1 0 1 0 0 1 0 1 0 1 1 1 0 1 1 
1 0 0 0 0 1 1 0 0 0 0 0 0 0 1 1 
1 0 1 0 1 0 1 0 0 1 0 0 0 1 0 1 
0 0 0 0 0 1 0 1 1 0 0 1 0 0 0 0 
1 0 0 0 1 0 0 1 0 0 0 1 0 1 0 1 
1 1 0 0 0 1 0 1 0 0 0 0 1 0 0 0 
0 0 0 1 1 0 1 1 1 0 1 0 0 0 0 0 

JOBS [16] - [14, 13, 2, 1, 3, 11, 17, 10, 9, 8, 0, 5, 19, 15, 6, 16]
TOOL SWITCHES : 1
MAKESPAN : 74

# -------------------------- #

--- TOTAL TOOL SWITCHES : 1
--- HIGHEST MAKESPAN : 74
--- TOTAL FLOWTIME : 623
--- RUNNING TIME : 5.6654

# -------------------------- #


avg : 1.75
