RUN : 1 - instancias_txt/SSP-NPM-I/ins101_m=3_j=20_t=15_var=1.txt

- MACHINE [0]

1 0 
0 0 
0 1 
1 1 
0 0 
0 0 
1 1 
0 0 
0 0 
0 1 
0 0 
0 0 
1 1 
1 0 
0 0 

JOBS [2] - [4, 14]
TOOL SWITCHES : 0
MAKESPAN : 11

- MACHINE [1]

0 0 0 0 
0 0 0 0 
0 0 0 0 
0 0 0 0 
0 1 1 0 
1 0 0 1 
1 0 1 1 
0 1 1 0 
1 1 1 0 
0 0 1 0 
0 0 0 0 
0 1 0 1 
1 1 0 1 
1 0 0 1 
0 0 1 1 

JOBS [4] - [8, 6, 2, 17]
TOOL SWITCHES : 0
MAKESPAN : 14

- MACHINE [2]

1 1 0 1 0 0 1 0 1 1 0 1 0 1 
0 0 0 0 1 0 1 1 0 1 0 0 0 1 
1 0 1 1 1 0 1 0 1 0 1 0 0 0 
0 0 1 0 1 1 0 1 0 0 0 1 0 0 
1 0 0 1 0 1 0 1 1 1 1 1 1 0 
0 1 0 1 1 1 1 0 0 0 1 0 0 0 
0 1 0 0 0 0 0 0 0 0 0 0 0 0 
0 0 1 0 1 1 1 0 1 1 1 1 0 1 
0 0 1 0 0 0 0 0 1 1 0 1 1 1 
0 1 0 1 0 1 1 1 0 0 0 0 0 0 
1 1 0 0 1 0 0 0 0 0 0 0 1 1 
0 1 1 0 0 0 0 1 0 0 0 0 0 0 
0 0 0 0 0 0 0 0 0 0 0 1 1 0 
1 0 0 0 1 0 0 0 0 0 1 0 1 1 
0 0 0 0 0 1 0 1 0 1 1 0 1 0 

JOBS [14] - [16, 12, 15, 19, 5, 1, 10, 13, 7, 3, 18, 0, 9, 11]
TOOL SWITCHES : 2
MAKESPAN : 97

# -------------------------- #

--- TOTAL TOOL SWITCHES : 2
--- HIGHEST MAKESPAN : 97
--- TOTAL FLOWTIME : 723
--- RUNNING TIME : 5.96301

# -------------------------- #
RUN : 1 - instancias_txt/SSP-NPM-I/ins102_m=3_j=20_t=15_var=2.txt

- MACHINE [0]

0 
0 
0 
1 
0 
1 
1 
0 
1 
0 
0 
1 
0 
1 
0 

JOBS [1] - [0]
TOOL SWITCHES : 0
MAKESPAN : 6

- MACHINE [1]

0 1 1 0 1 0 1 1 
0 0 1 0 1 1 0 1 
1 0 0 1 0 1 0 1 
1 1 0 1 0 0 0 1 
0 1 1 1 0 0 1 0 
0 0 0 0 0 0 0 0 
0 1 0 1 1 0 1 1 
0 1 1 0 1 1 1 1 
1 1 0 0 0 0 0 0 
0 0 0 1 0 1 1 0 
0 0 0 0 0 0 0 0 
1 0 1 0 1 0 1 1 
0 0 0 0 1 1 0 0 
0 0 1 1 0 0 0 0 
1 0 1 0 0 0 0 0 

JOBS [8] - [1, 14, 16, 4, 19, 3, 11, 15]
TOOL SWITCHES : 3
MAKESPAN : 47

- MACHINE [2]

0 1 0 1 1 0 0 1 1 0 0 
0 0 0 0 0 0 1 1 0 1 1 
1 0 1 0 0 1 0 0 0 0 1 
0 0 0 0 0 0 0 0 0 0 0 
1 0 1 1 1 0 1 0 0 0 0 
0 1 0 1 0 1 0 1 0 1 0 
1 1 1 0 1 1 1 0 0 0 0 
0 0 0 0 0 0 0 0 0 0 0 
0 1 1 0 1 1 1 0 0 1 1 
1 1 0 0 0 0 1 0 1 0 1 
1 1 1 0 1 1 0 0 1 1 0 
0 1 0 1 0 0 0 1 0 1 0 
0 0 0 1 1 0 0 1 1 0 0 
0 0 1 0 0 1 0 1 1 0 1 
1 0 0 0 0 0 1 0 0 0 0 

JOBS [11] - [7, 17, 2, 18, 12, 5, 6, 9, 10, 8, 13]
TOOL SWITCHES : 0
MAKESPAN : 47

# -------------------------- #

--- TOTAL TOOL SWITCHES : 3
--- HIGHEST MAKESPAN : 47
--- TOTAL FLOWTIME : 513
--- RUNNING TIME : 3.43422

# -------------------------- #
RUN : 1 - instancias_txt/SSP-NPM-I/ins103_m=3_j=20_t=15_var=3.txt

- MACHINE [0]

















JOBS [0] - []
TOOL SWITCHES : 0
MAKESPAN : 0

- MACHINE [1]

0 0 0 0 
1 1 1 1 
1 1 0 1 
0 0 0 0 
0 0 0 0 
0 0 0 1 
1 1 1 0 
1 0 0 1 
1 1 1 1 
0 0 0 0 
0 0 0 0 
0 0 1 0 
0 1 0 1 
1 1 1 0 
1 0 0 0 

JOBS [4] - [17, 7, 2, 12]
TOOL SWITCHES : 0
MAKESPAN : 18

- MACHINE [2]

1 1 0 1 0 1 0 0 0 0 1 0 1 1 0 0 
0 1 0 0 0 0 0 1 0 0 0 0 1 1 0 1 
1 1 0 0 0 0 1 0 0 1 0 0 0 0 0 0 
0 1 1 1 0 0 1 1 1 0 1 0 0 0 0 0 
0 0 1 1 1 1 1 0 1 1 0 0 1 0 0 1 
1 0 1 1 1 0 0 0 0 0 0 0 0 0 0 0 
0 0 1 0 1 0 0 0 0 0 1 0 1 1 1 0 
1 0 1 0 0 0 0 0 1 1 0 1 0 1 0 1 
1 1 0 0 0 1 0 0 0 1 0 1 0 1 1 1 
0 1 0 1 0 0 1 0 0 1 0 1 0 0 1 1 
1 0 1 0 1 0 0 0 1 0 1 1 1 1 1 1 
0 0 1 1 1 1 1 1 0 0 0 1 1 1 0 0 
0 0 0 0 0 1 0 1 0 1 1 1 0 0 0 0 
0 0 0 0 0 0 0 0 0 0 1 1 1 0 1 1 
0 0 0 1 1 1 1 1 1 1 0 0 0 0 1 0 

JOBS [16] - [0, 4, 11, 9, 15, 1, 5, 8, 3, 16, 19, 10, 6, 18, 14, 13]
TOOL SWITCHES : 2
MAKESPAN : 113

# -------------------------- #

--- TOTAL TOOL SWITCHES : 2
--- HIGHEST MAKESPAN : 113
--- TOTAL FLOWTIME : 991
--- RUNNING TIME : 5.94233

# -------------------------- #
RUN : 1 - instancias_txt/SSP-NPM-I/ins104_m=3_j=20_t=15_var=4.txt

- MACHINE [0]

1 
1 
0 
0 
0 
0 
0 
0 
0 
1 
0 
0 
1 
1 
1 

JOBS [1] - [12]
TOOL SWITCHES : 0
MAKESPAN : 10

- MACHINE [1]

1 
1 
0 
0 
1 
0 
0 
0 
1 
1 
0 
0 
0 
1 
1 

JOBS [1] - [7]
TOOL SWITCHES : 0
MAKESPAN : 10

- MACHINE [2]

0 0 1 1 0 1 0 0 1 1 1 1 1 0 0 1 0 1 
0 1 0 0 1 0 1 0 0 1 0 0 1 1 0 1 1 0 
0 0 0 0 0 1 0 1 1 1 1 0 0 0 1 0 0 1 
1 0 0 1 0 0 1 0 0 0 0 0 1 1 1 0 1 0 
1 1 1 0 1 1 0 1 0 0 1 0 0 0 0 0 0 0 
0 0 1 0 1 1 1 1 0 1 0 0 0 1 1 1 0 1 
0 1 1 1 0 1 0 1 0 0 0 0 0 1 0 1 0 1 
0 0 0 0 1 1 1 0 1 0 0 1 0 0 0 0 1 0 
0 1 0 0 0 0 0 0 0 1 1 0 0 1 1 0 0 0 
1 0 1 1 0 0 1 1 1 0 0 0 0 0 0 0 1 1 
1 0 0 0 1 0 1 0 0 0 1 1 1 0 1 0 1 0 
1 0 1 1 0 0 0 1 1 0 0 1 0 0 0 1 0 1 
1 1 0 1 1 0 0 0 0 0 0 0 0 0 0 0 0 0 
0 1 0 0 0 1 0 1 1 0 0 0 1 1 1 0 0 0 
0 0 0 0 0 0 0 0 0 0 0 1 1 0 0 1 1 0 

JOBS [18] - [10, 14, 4, 15, 13, 0, 11, 18, 2, 6, 19, 5, 17, 3, 9, 1, 16, 8]
TOOL SWITCHES : 2
MAKESPAN : 104

# -------------------------- #

--- TOTAL TOOL SWITCHES : 2
--- HIGHEST MAKESPAN : 104
--- TOTAL FLOWTIME : 1144
--- RUNNING TIME : 5.86537

# -------------------------- #
RUN : 1 - instancias_txt/SSP-NPM-I/ins105_m=3_j=20_t=15_var=5.txt

- MACHINE [0]

















JOBS [0] - []
TOOL SWITCHES : 0
MAKESPAN : 0

- MACHINE [1]

1 
1 
1 
0 
0 
1 
1 
0 
0 
0 
1 
0 
0 
1 
0 

JOBS [1] - [4]
TOOL SWITCHES : 0
MAKESPAN : 5

- MACHINE [2]

1 0 0 1 1 0 1 0 1 0 0 0 0 1 1 1 0 0 1 
0 1 1 0 1 0 1 0 0 0 1 1 1 0 1 1 0 1 0 
0 0 0 0 0 0 0 0 0 0 0 0 0 0 0 1 1 1 1 
0 0 1 0 0 0 1 1 1 0 0 0 1 0 0 0 0 1 1 
1 1 0 1 0 1 0 0 0 0 1 1 0 0 0 0 1 0 1 
0 0 0 0 1 0 0 0 1 0 0 1 0 1 0 0 1 1 1 
1 1 1 0 0 1 0 1 1 1 0 1 1 0 1 0 0 0 0 
0 1 1 0 0 0 0 0 0 1 1 0 0 1 1 0 1 0 0 
0 0 0 0 0 0 1 0 0 1 1 1 0 0 0 1 0 0 0 
1 0 0 0 0 1 1 1 1 0 1 1 1 0 0 0 0 1 0 
0 0 0 1 1 1 0 1 0 0 0 0 0 1 1 1 1 1 0 
1 0 1 1 0 0 0 1 0 1 0 1 0 0 1 0 0 0 1 
0 1 0 0 0 0 1 0 0 0 1 0 1 1 0 0 1 0 0 
0 1 1 1 1 1 1 1 0 1 0 0 0 1 0 1 0 1 0 
1 1 1 1 1 1 0 0 0 0 0 0 0 0 0 0 0 0 0 

JOBS [19] - [7, 2, 19, 15, 5, 18, 17, 11, 13, 16, 1, 6, 12, 14, 3, 9, 10, 8, 0]
TOOL SWITCHES : 2
MAKESPAN : 115

# -------------------------- #

--- TOTAL TOOL SWITCHES : 2
--- HIGHEST MAKESPAN : 115
--- TOTAL FLOWTIME : 1159
--- RUNNING TIME : 7.20105

# -------------------------- #
RUN : 1 - instancias_txt/SSP-NPM-I/ins106_m=3_j=20_t=15_var=6.txt

- MACHINE [0]

















JOBS [0] - []
TOOL SWITCHES : 0
MAKESPAN : 0

- MACHINE [1]

1 1 1 
1 1 0 
1 1 0 
0 0 0 
0 0 1 
1 1 1 
0 0 0 
0 0 0 
0 0 0 
1 1 0 
0 1 1 
1 0 0 
0 1 1 
0 0 0 
0 0 1 

JOBS [3] - [2, 12, 9]
TOOL SWITCHES : 0
MAKESPAN : 21

- MACHINE [2]

1 0 0 1 1 0 1 0 0 0 1 0 0 0 0 0 0 
0 1 0 0 0 0 1 1 1 0 0 0 0 0 1 0 1 
0 1 0 0 0 0 0 0 0 1 1 1 0 0 1 0 0 
0 0 1 1 0 1 0 1 1 0 1 0 0 1 1 1 1 
1 0 0 1 0 0 0 1 0 0 0 0 1 0 0 0 1 
1 1 1 1 1 1 0 0 0 0 0 0 0 0 0 0 0 
1 0 0 0 1 0 0 0 0 1 0 1 1 1 0 0 0 
0 0 0 0 0 0 1 0 0 0 0 1 1 1 0 1 0 
1 1 0 1 1 0 0 1 0 0 0 0 0 0 0 0 0 
0 1 0 0 0 1 0 0 1 1 0 1 0 1 1 0 1 
0 0 0 0 0 0 0 0 1 0 1 0 1 1 0 0 1 
1 1 1 1 0 1 1 1 0 0 1 0 1 1 0 0 0 
0 0 1 1 1 1 1 0 1 1 0 1 1 0 1 1 0 
1 1 1 0 0 0 1 0 1 1 0 0 0 0 0 1 0 
0 0 0 0 0 1 0 0 1 0 1 1 1 0 1 1 0 

JOBS [17] - [18, 10, 16, 1, 15, 7, 8, 14, 4, 5, 0, 6, 19, 13, 17, 3, 11]
TOOL SWITCHES : 2
MAKESPAN : 102

# -------------------------- #

--- TOTAL TOOL SWITCHES : 2
--- HIGHEST MAKESPAN : 102
--- TOTAL FLOWTIME : 856
--- RUNNING TIME : 6.47668

# -------------------------- #
RUN : 1 - instancias_txt/SSP-NPM-I/ins107_m=3_j=20_t=15_var=7.txt

- MACHINE [0]

0 
0 
0 
0 
0 
0 
0 
0 
0 
1 
0 
1 
1 
1 
1 

JOBS [1] - [17]
TOOL SWITCHES : 0
MAKESPAN : 7

- MACHINE [1]

0 0 0 
0 1 1 
1 0 1 
0 0 1 
1 1 0 
1 0 0 
0 0 0 
0 1 0 
0 0 0 
1 0 0 
0 0 1 
0 0 0 
0 1 1 
1 1 1 
0 0 0 

JOBS [3] - [11, 6, 16]
TOOL SWITCHES : 0
MAKESPAN : 15

- MACHINE [2]

0 0 1 0 1 1 1 1 0 0 1 1 0 0 0 0 
0 0 0 0 1 1 0 1 1 1 1 1 0 0 0 1 
0 1 0 1 0 1 0 1 0 0 0 1 0 1 1 1 
1 1 0 0 0 1 0 0 1 0 0 1 0 1 1 0 
1 0 1 0 1 0 0 0 0 1 1 0 0 1 0 0 
0 0 0 1 1 0 1 0 1 1 0 1 1 0 1 0 
0 0 1 1 1 0 1 0 1 1 1 0 1 0 0 0 
1 0 0 0 0 0 0 1 0 1 1 0 0 1 1 1 
1 1 1 0 0 0 0 0 1 1 0 0 0 0 1 1 
1 1 1 1 0 0 0 0 0 0 0 0 0 0 0 0 
1 0 1 0 1 0 1 1 1 0 0 0 1 0 1 0 
0 1 0 1 0 0 1 1 0 0 1 0 0 1 0 1 
0 1 0 0 0 1 1 0 0 0 0 0 1 1 0 0 
0 0 0 0 0 0 0 0 0 0 0 0 0 0 0 0 
0 1 0 1 1 0 0 0 1 0 0 1 1 1 0 0 

JOBS [16] - [5, 7, 3, 2, 10, 19, 4, 8, 12, 15, 18, 13, 14, 0, 9, 1]
TOOL SWITCHES : 1
MAKESPAN : 110

# -------------------------- #

--- TOTAL TOOL SWITCHES : 1
--- HIGHEST MAKESPAN : 110
--- TOTAL FLOWTIME : 929
--- RUNNING TIME : 7.32335

# -------------------------- #
RUN : 1 - instancias_txt/SSP-NPM-I/ins108_m=3_j=20_t=15_var=8.txt

- MACHINE [0]

0 
0 
0 
1 
0 
0 
0 
1 
0 
1 
1 
0 
1 
1 
0 

JOBS [1] - [8]
TOOL SWITCHES : 0
MAKESPAN : 6

- MACHINE [1]

0 0 0 1 
0 0 0 0 
1 1 0 0 
0 0 1 1 
1 1 1 0 
1 0 1 0 
0 0 1 1 
0 0 0 0 
1 1 0 1 
0 1 0 1 
0 1 0 1 
1 0 1 0 
0 0 0 0 
0 0 0 0 
0 0 0 0 

JOBS [4] - [0, 17, 15, 18]
TOOL SWITCHES : 0
MAKESPAN : 16

- MACHINE [2]

0 0 1 1 0 1 0 0 1 1 0 0 1 0 1 
0 0 0 1 0 0 1 1 0 0 0 0 0 1 1 
1 1 0 0 0 1 0 1 1 0 0 0 1 0 1 
1 0 0 0 1 0 1 0 0 1 1 1 0 1 0 
1 1 1 1 0 0 0 0 0 0 0 0 0 0 0 
0 1 1 0 0 0 0 1 1 0 0 1 1 0 1 
0 0 0 0 0 0 1 1 0 1 1 0 0 0 0 
1 1 1 0 1 0 0 0 0 0 0 0 0 0 0 
0 1 0 0 1 1 0 0 0 0 0 1 0 1 0 
0 0 1 0 1 1 1 0 0 0 1 0 0 0 0 
1 0 0 1 0 0 0 0 1 0 0 0 1 1 0 
0 0 1 1 1 1 1 1 1 0 0 1 1 0 0 
1 1 0 1 1 0 0 0 0 0 1 1 1 1 1 
0 0 0 0 0 0 1 0 1 1 0 0 0 1 0 
0 1 1 1 0 1 1 1 0 1 1 0 0 1 0 

JOBS [15] - [9, 2, 11, 14, 19, 13, 3, 4, 10, 12, 1, 5, 6, 7, 16]
TOOL SWITCHES : 2
MAKESPAN : 81

# -------------------------- #

--- TOTAL TOOL SWITCHES : 2
--- HIGHEST MAKESPAN : 81
--- TOTAL FLOWTIME : 616
--- RUNNING TIME : 6.70501

# -------------------------- #
RUN : 1 - instancias_txt/SSP-NPM-I/ins109_m=3_j=20_t=15_var=9.txt

- MACHINE [0]

















JOBS [0] - []
TOOL SWITCHES : 0
MAKESPAN : 0

- MACHINE [1]

0 0 
0 0 
1 0 
0 0 
1 1 
0 1 
0 1 
0 0 
1 0 
0 0 
1 1 
1 0 
1 0 
0 0 
0 1 

JOBS [2] - [1, 6]
TOOL SWITCHES : 0
MAKESPAN : 8

- MACHINE [2]

0 1 1 0 0 0 0 0 1 1 1 0 0 1 1 0 1 0 
1 1 1 1 0 1 0 1 0 0 1 0 0 0 1 0 1 0 
0 0 1 1 1 1 1 0 0 0 1 0 1 1 0 0 0 0 
0 0 0 1 1 1 0 0 1 0 0 0 0 0 1 0 0 1 
1 1 0 0 0 0 0 0 0 0 1 0 0 1 1 0 1 1 
0 1 0 1 0 1 0 0 0 1 0 1 1 0 0 0 1 1 
1 0 0 0 0 0 1 0 1 1 1 1 0 0 0 0 0 0 
0 0 0 0 0 0 1 1 1 0 0 0 1 0 0 1 0 0 
0 0 0 0 0 1 1 0 0 0 0 1 1 0 1 1 0 1 
1 0 0 0 1 0 0 1 0 1 1 0 0 0 0 1 0 1 
0 0 0 0 0 0 0 0 0 0 0 0 0 1 1 1 0 1 
0 0 1 1 1 0 1 0 0 1 0 0 1 0 0 1 0 0 
1 1 1 0 1 0 0 0 0 0 0 0 0 0 0 0 0 0 
1 0 1 1 1 0 0 1 1 1 0 1 0 1 0 1 1 0 
0 1 1 1 1 0 1 1 1 0 1 1 0 1 0 1 0 0 

JOBS [18] - [18, 10, 13, 15, 17, 7, 4, 3, 0, 19, 8, 5, 12, 14, 16, 11, 2, 9]
TOOL SWITCHES : 2
MAKESPAN : 101

# -------------------------- #

--- TOTAL TOOL SWITCHES : 2
--- HIGHEST MAKESPAN : 101
--- TOTAL FLOWTIME : 943
--- RUNNING TIME : 6.76644

# -------------------------- #
RUN : 1 - instancias_txt/SSP-NPM-I/ins110_m=3_j=20_t=15_var=10.txt

- MACHINE [0]

0 1 
1 1 
1 1 
0 0 
0 0 
1 0 
0 0 
0 1 
1 1 
0 0 
0 0 
1 1 
0 0 
0 0 
0 0 

JOBS [2] - [17, 15]
TOOL SWITCHES : 0
MAKESPAN : 7

- MACHINE [1]

0 0 0 0 
1 1 1 1 
1 0 1 1 
0 1 1 0 
0 0 0 0 
0 0 0 0 
0 0 1 1 
1 1 0 0 
1 1 0 1 
1 0 0 0 
0 0 0 0 
0 0 0 1 
0 1 0 1 
1 0 1 1 
0 0 0 0 

JOBS [4] - [8, 18, 3, 6]
TOOL SWITCHES : 0
MAKESPAN : 30

- MACHINE [2]

0 1 0 0 1 0 0 1 1 0 1 0 1 0 
0 0 0 0 0 0 0 0 0 0 1 1 1 0 
0 0 1 1 0 0 1 0 0 1 0 1 0 0 
1 0 0 0 0 1 0 1 1 0 1 0 1 0 
0 0 0 1 1 1 0 0 1 0 0 1 0 0 
0 0 1 1 1 0 1 1 0 0 1 0 0 1 
1 1 1 0 0 1 1 1 1 0 0 0 0 0 
0 1 0 0 0 1 1 0 0 1 1 1 0 0 
0 0 0 1 1 0 1 1 0 1 1 0 1 1 
1 1 1 0 1 0 0 0 0 1 0 1 0 0 
0 1 1 1 0 1 0 1 0 0 0 0 0 0 
1 0 1 0 0 0 0 0 0 0 1 0 0 1 
0 0 0 0 1 0 1 0 0 0 0 0 0 1 
0 0 0 0 0 0 0 0 1 0 0 1 1 1 
1 1 0 1 1 1 1 0 1 1 0 0 1 1 

JOBS [14] - [2, 10, 7, 13, 9, 14, 11, 16, 19, 0, 4, 5, 1, 12]
TOOL SWITCHES : 2
MAKESPAN : 63

# -------------------------- #

--- TOTAL TOOL SWITCHES : 2
--- HIGHEST MAKESPAN : 63
--- TOTAL FLOWTIME : 548
--- RUNNING TIME : 6.66859

# -------------------------- #
RUN : 1 - instancias_txt/SSP-NPM-I/ins111_m=3_j=20_t=15_var=11.txt

- MACHINE [0]

1 
0 
1 
1 
1 
0 
0 
0 
1 
1 
0 
0 
0 
0 
1 

JOBS [1] - [2]
TOOL SWITCHES : 0
MAKESPAN : 1

- MACHINE [1]

0 1 0 0 
0 1 1 0 
0 0 0 0 
1 1 1 0 
0 0 0 0 
0 0 1 0 
0 0 0 0 
1 1 0 0 
1 0 0 1 
1 1 1 0 
0 0 0 0 
1 0 0 0 
0 1 1 1 
0 0 0 0 
0 0 1 1 

JOBS [4] - [1, 15, 13, 17]
TOOL SWITCHES : 0
MAKESPAN : 24

- MACHINE [2]

1 0 0 0 0 0 1 1 0 1 0 1 0 0 0 
0 0 0 1 0 0 1 0 0 1 1 0 1 1 1 
0 0 0 0 0 0 0 0 0 0 1 1 1 0 1 
0 0 0 0 0 0 0 0 0 0 0 0 0 0 0 
0 0 1 1 1 1 1 0 0 1 0 1 0 1 0 
1 1 0 0 1 0 0 1 1 0 1 0 0 1 1 
1 0 0 1 0 1 0 1 0 0 1 1 1 1 0 
0 0 1 1 0 0 0 0 1 0 0 0 0 0 1 
1 1 1 1 0 1 0 0 1 1 0 0 0 0 0 
0 1 0 0 1 0 1 1 0 1 0 0 1 1 1 
0 1 0 0 1 1 0 0 1 0 1 1 1 0 0 
0 1 1 1 1 0 0 1 1 1 1 0 1 0 0 
1 0 0 0 0 0 1 1 1 0 1 1 1 1 1 
1 1 1 0 1 1 0 0 0 0 0 0 0 1 0 
0 0 1 0 1 1 1 0 0 1 0 0 0 0 0 

JOBS [15] - [7, 8, 14, 19, 4, 18, 3, 5, 6, 10, 16, 0, 12, 9, 11]
TOOL SWITCHES : 1
MAKESPAN : 74

# -------------------------- #

--- TOTAL TOOL SWITCHES : 1
--- HIGHEST MAKESPAN : 74
--- TOTAL FLOWTIME : 642
--- RUNNING TIME : 5.53999

# -------------------------- #
RUN : 1 - instancias_txt/SSP-NPM-I/ins112_m=3_j=20_t=15_var=12.txt

- MACHINE [0]

0 
0 
0 
1 
0 
1 
1 
0 
0 
1 
0 
0 
0 
1 
1 

JOBS [1] - [8]
TOOL SWITCHES : 0
MAKESPAN : 5

- MACHINE [1]

1 0 
0 0 
0 0 
1 0 
1 1 
0 0 
0 1 
0 1 
0 1 
0 1 
1 0 
0 1 
1 1 
0 0 
0 0 

JOBS [2] - [17, 14]
TOOL SWITCHES : 0
MAKESPAN : 9

- MACHINE [2]

0 1 0 1 0 0 1 0 0 1 1 1 0 1 0 1 0 
0 1 0 0 1 1 1 1 1 0 0 1 0 0 1 0 0 
1 0 0 0 0 0 1 0 0 1 1 1 0 1 1 0 0 
0 0 0 0 0 1 0 1 0 0 1 0 1 1 1 0 0 
0 0 0 1 0 1 1 0 1 0 1 0 0 0 0 0 0 
1 0 1 1 0 0 1 1 0 0 0 0 1 0 0 1 1 
0 1 1 0 0 1 0 0 1 0 0 0 0 1 1 0 1 
1 1 1 0 1 0 0 0 0 0 0 0 0 0 0 0 0 
0 0 0 0 0 0 0 0 1 1 0 1 0 0 1 1 0 
1 0 0 1 1 0 0 0 0 1 1 1 1 0 0 0 0 
1 1 0 0 1 0 0 0 1 1 0 0 1 1 1 0 1 
1 1 0 1 1 1 1 1 0 0 0 0 0 0 0 0 0 
0 0 1 0 1 0 0 1 0 1 1 0 0 0 0 1 1 
0 0 0 0 1 1 0 1 0 0 0 1 1 0 0 0 0 
1 0 1 1 0 0 0 1 1 0 0 0 1 1 1 1 1 

JOBS [17] - [15, 5, 2, 4, 9, 7, 0, 10, 18, 11, 12, 3, 19, 6, 1, 13, 16]
TOOL SWITCHES : 2
MAKESPAN : 106

# -------------------------- #

--- TOTAL TOOL SWITCHES : 2
--- HIGHEST MAKESPAN : 106
--- TOTAL FLOWTIME : 1106
--- RUNNING TIME : 7.45803

# -------------------------- #
RUN : 1 - instancias_txt/SSP-NPM-I/ins113_m=3_j=20_t=15_var=13.txt

- MACHINE [0]

0 
0 
0 
0 
0 
0 
0 
1 
1 
1 
1 
1 
1 
0 
0 

JOBS [1] - [14]
TOOL SWITCHES : 0
MAKESPAN : 2

- MACHINE [1]

0 0 0 
0 0 0 
0 1 1 
1 1 0 
0 1 1 
0 1 0 
0 0 0 
0 0 0 
1 0 1 
1 1 0 
1 0 1 
0 0 1 
1 0 1 
0 0 0 
0 0 0 

JOBS [3] - [1, 17, 6]
TOOL SWITCHES : 0
MAKESPAN : 21

- MACHINE [2]

1 0 0 1 0 0 1 1 1 0 0 0 0 1 0 0 
1 1 1 0 0 1 1 1 0 1 1 0 0 0 1 0 
1 0 1 0 1 0 0 1 0 1 1 1 0 0 0 1 
0 1 1 1 0 1 1 0 0 0 0 0 0 0 0 0 
0 0 1 0 0 1 0 0 0 0 0 1 0 1 1 0 
1 0 0 1 1 0 0 0 0 0 1 1 1 0 0 0 
0 0 0 0 0 1 1 0 0 1 0 0 1 1 0 1 
0 1 1 0 1 1 0 0 1 1 0 0 1 0 0 0 
0 0 0 1 0 1 0 1 1 0 0 0 0 0 0 1 
1 0 1 1 0 0 0 0 0 1 1 0 1 1 1 1 
0 0 0 0 0 0 0 1 1 0 0 1 1 0 1 1 
0 1 0 0 1 0 0 0 0 0 1 1 1 1 0 1 
1 1 0 0 1 0 0 0 0 0 0 0 0 0 0 0 
1 0 1 1 0 0 1 0 1 1 0 0 0 0 1 1 
0 1 0 0 1 1 1 1 1 0 0 1 0 1 0 0 

JOBS [16] - [5, 11, 2, 13, 4, 3, 8, 10, 0, 15, 12, 16, 19, 9, 18, 7]
TOOL SWITCHES : 2
MAKESPAN : 113

# -------------------------- #

--- TOTAL TOOL SWITCHES : 2
--- HIGHEST MAKESPAN : 113
--- TOTAL FLOWTIME : 980
--- RUNNING TIME : 6.80796

# -------------------------- #
RUN : 1 - instancias_txt/SSP-NPM-I/ins114_m=3_j=20_t=15_var=14.txt

- MACHINE [0]

0 
1 
1 
0 
1 
0 
1 
0 
0 
1 
0 
1 
0 
0 
0 

JOBS [1] - [17]
TOOL SWITCHES : 0
MAKESPAN : 6

- MACHINE [1]

1 1 
1 1 
0 0 
1 0 
0 0 
0 1 
0 0 
0 1 
1 0 
0 0 
0 1 
0 0 
1 0 
0 0 
0 1 

JOBS [2] - [2, 12]
TOOL SWITCHES : 0
MAKESPAN : 10

- MACHINE [2]

0 0 1 0 0 1 1 1 1 0 0 0 1 0 0 0 1 
0 0 0 0 0 0 0 0 0 0 0 0 0 0 0 0 0 
0 1 0 0 0 1 0 0 0 1 0 0 0 1 0 1 1 
0 0 0 0 0 0 1 0 0 1 1 1 0 1 1 1 0 
0 0 0 0 1 0 0 1 0 1 1 0 1 0 0 0 0 
0 1 1 0 1 0 0 0 1 0 1 0 0 0 1 0 0 
0 1 1 1 1 0 0 0 0 0 0 0 0 0 0 0 0 
1 0 0 0 1 0 0 0 1 0 1 1 1 1 1 0 0 
0 1 0 0 0 0 1 0 0 1 0 0 1 1 1 0 1 
1 0 1 1 0 1 1 0 0 0 1 0 0 0 0 1 1 
1 0 1 1 1 0 0 1 0 1 0 1 1 1 0 1 1 
1 0 0 0 0 0 1 1 0 0 0 1 0 0 0 1 1 
0 1 1 1 0 0 1 1 1 1 1 0 0 0 1 0 0 
1 0 0 1 0 1 0 0 1 1 0 1 1 1 1 0 0 
1 1 1 1 1 1 0 1 1 0 1 0 0 0 0 1 0 

JOBS [17] - [7, 15, 5, 3, 0, 11, 10, 19, 9, 4, 6, 14, 1, 16, 13, 18, 8]
TOOL SWITCHES : 1
MAKESPAN : 83

# -------------------------- #

--- TOTAL TOOL SWITCHES : 1
--- HIGHEST MAKESPAN : 83
--- TOTAL FLOWTIME : 816
--- RUNNING TIME : 5.90042

# -------------------------- #
RUN : 1 - instancias_txt/SSP-NPM-I/ins115_m=3_j=20_t=15_var=15.txt

- MACHINE [0]

1 
1 
1 
0 
1 
0 
0 
0 
0 
0 
1 
0 
0 
1 
1 

JOBS [1] - [15]
TOOL SWITCHES : 0
MAKESPAN : 3

- MACHINE [1]

0 0 1 
0 1 1 
1 0 1 
0 0 0 
0 0 0 
0 1 0 
1 0 0 
0 1 0 
1 0 1 
0 1 1 
1 0 1 
0 0 0 
0 0 0 
0 0 0 
1 1 1 

JOBS [3] - [19, 0, 5]
TOOL SWITCHES : 0
MAKESPAN : 16

- MACHINE [2]

1 1 1 1 0 1 0 1 1 0 1 0 1 0 1 0 
1 1 0 0 1 0 1 1 0 0 0 0 0 1 0 0 
1 0 1 1 0 0 0 1 1 0 0 1 1 1 0 0 
0 0 0 0 0 1 1 0 0 1 1 0 0 0 1 0 
1 0 0 0 0 0 0 0 1 1 0 1 1 1 0 1 
0 0 0 0 1 1 0 0 0 1 0 0 0 0 1 1 
0 0 1 1 1 0 1 0 0 0 1 0 1 1 0 0 
1 1 1 1 0 1 0 1 0 0 1 1 0 1 0 0 
0 0 0 0 0 1 1 0 0 1 0 0 1 0 0 0 
1 0 1 1 1 0 0 0 0 0 0 0 0 0 0 0 
0 1 1 0 1 0 0 1 1 1 1 1 0 1 0 1 
1 1 0 1 1 0 0 1 1 0 0 1 1 0 1 1 
0 1 0 0 0 1 1 1 0 0 0 1 0 0 0 0 
0 0 1 0 0 0 0 0 1 1 1 0 0 1 1 1 
0 0 0 0 0 0 0 0 0 0 0 0 0 0 0 0 

JOBS [16] - [9, 3, 1, 4, 8, 16, 14, 10, 12, 6, 18, 2, 17, 11, 7, 13]
TOOL SWITCHES : 1
MAKESPAN : 90

# -------------------------- #

--- TOTAL TOOL SWITCHES : 1
--- HIGHEST MAKESPAN : 90
--- TOTAL FLOWTIME : 767
--- RUNNING TIME : 6.71611

# -------------------------- #
RUN : 1 - instancias_txt/SSP-NPM-I/ins116_m=3_j=20_t=15_var=16.txt

- MACHINE [0]

0 
0 
0 
0 
1 
1 
1 
0 
1 
0 
1 
1 
0 
0 
0 

JOBS [1] - [0]
TOOL SWITCHES : 0
MAKESPAN : 2

- MACHINE [1]

0 1 0 
1 0 0 
0 0 0 
0 1 0 
1 0 1 
0 1 0 
0 1 1 
0 0 0 
1 0 1 
0 0 0 
1 0 1 
1 1 0 
1 1 1 
0 0 0 
0 0 0 

JOBS [3] - [3, 9, 14]
TOOL SWITCHES : 0
MAKESPAN : 23

- MACHINE [2]

0 1 1 0 1 1 1 0 1 1 0 1 0 0 0 1 
0 0 0 0 0 0 1 0 0 1 1 1 0 1 0 1 
0 0 0 1 1 0 1 1 1 0 0 0 0 0 1 0 
1 0 0 1 0 1 0 1 0 1 0 1 0 0 0 1 
1 0 1 1 1 0 0 0 0 0 0 0 0 0 0 0 
0 1 1 0 0 1 0 0 1 1 1 1 1 1 0 0 
0 1 0 0 0 0 0 0 1 0 0 1 1 0 0 1 
0 0 0 0 1 1 0 0 0 0 1 0 1 1 1 0 
0 0 0 0 0 1 1 0 1 1 0 0 0 1 1 0 
1 1 1 1 0 0 1 0 0 1 1 0 1 0 1 0 
0 0 0 0 0 0 0 0 0 0 0 0 0 1 1 1 
1 1 0 1 1 0 0 1 0 0 0 0 0 0 0 0 
1 0 1 0 1 0 1 0 0 0 0 0 0 1 0 0 
0 0 0 1 0 1 0 1 1 0 1 1 1 0 0 0 
1 1 1 0 0 0 0 1 0 0 0 1 0 0 0 1 

JOBS [16] - [12, 6, 8, 10, 4, 19, 15, 18, 11, 2, 17, 13, 16, 7, 1, 5]
TOOL SWITCHES : 2
MAKESPAN : 108

# -------------------------- #

--- TOTAL TOOL SWITCHES : 2
--- HIGHEST MAKESPAN : 108
--- TOTAL FLOWTIME : 884
--- RUNNING TIME : 6.22058

# -------------------------- #
RUN : 1 - instancias_txt/SSP-NPM-I/ins117_m=3_j=20_t=15_var=17.txt

- MACHINE [0]

1 1 
0 0 
0 0 
0 1 
0 0 
0 0 
1 1 
1 1 
0 0 
0 0 
0 0 
1 1 
0 0 
0 1 
1 0 

JOBS [2] - [8, 15]
TOOL SWITCHES : 0
MAKESPAN : 8

- MACHINE [1]

0 1 1 1 
0 0 0 0 
1 0 1 0 
1 0 1 0 
1 1 0 1 
0 0 0 0 
0 0 1 0 
0 0 0 0 
0 0 0 0 
0 0 0 0 
1 1 1 1 
1 0 0 0 
0 1 1 1 
1 0 0 1 
1 1 0 0 

JOBS [4] - [14, 6, 1, 2]
TOOL SWITCHES : 0
MAKESPAN : 24

- MACHINE [2]

1 0 0 0 0 1 0 0 0 0 0 0 1 0 
1 1 1 1 1 1 1 0 0 0 0 0 0 0 
0 0 0 0 1 0 1 1 0 0 0 1 1 0 
0 0 0 0 0 0 0 0 0 0 0 0 0 0 
0 0 0 1 1 1 1 1 1 0 0 0 0 1 
1 0 1 0 0 1 0 1 1 1 0 1 0 1 
0 0 0 1 0 0 0 0 0 1 1 0 0 1 
1 0 1 0 0 0 1 0 0 1 1 0 0 1 
1 0 1 0 1 0 1 1 1 0 0 1 0 1 
0 1 1 1 1 0 0 0 0 1 1 0 1 0 
0 0 0 0 0 0 0 0 0 0 0 1 0 1 
0 1 0 0 1 1 0 1 1 0 0 1 0 0 
1 1 0 1 0 1 0 0 1 0 0 1 1 0 
1 1 1 0 1 0 1 1 1 0 1 0 1 0 
0 1 0 0 0 1 1 0 0 1 1 0 1 0 

JOBS [14] - [9, 0, 13, 7, 10, 5, 4, 16, 11, 18, 3, 19, 12, 17]
TOOL SWITCHES : 1
MAKESPAN : 70

# -------------------------- #

--- TOTAL TOOL SWITCHES : 1
--- HIGHEST MAKESPAN : 70
--- TOTAL FLOWTIME : 581
--- RUNNING TIME : 5.64488

# -------------------------- #
RUN : 1 - instancias_txt/SSP-NPM-I/ins118_m=3_j=20_t=15_var=18.txt

- MACHINE [0]

0 
0 
0 
0 
1 
1 
0 
1 
0 
0 
1 
0 
1 
1 
1 

JOBS [1] - [5]
TOOL SWITCHES : 0
MAKESPAN : 1

- MACHINE [1]

0 0 1 1 0 0 0 0 
0 0 0 0 1 1 1 1 
1 1 0 1 0 0 0 0 
0 0 0 1 0 0 1 1 
1 0 1 1 1 0 1 1 
0 1 1 1 0 1 1 1 
0 0 0 0 1 1 0 0 
1 1 0 1 0 1 0 1 
1 0 0 1 1 1 0 0 
1 0 1 0 1 0 1 1 
1 1 1 0 0 0 0 0 
0 0 0 0 0 0 0 0 
0 0 0 0 0 0 0 0 
0 1 0 0 0 1 1 0 
0 1 0 0 1 0 0 1 

JOBS [8] - [4, 7, 12, 16, 3, 13, 18, 1]
TOOL SWITCHES : 3
MAKESPAN : 53

- MACHINE [2]

1 0 0 0 1 1 1 0 0 1 0 
0 1 0 1 0 1 0 0 1 0 0 
0 0 1 0 0 1 1 0 0 0 1 
0 0 0 0 1 1 1 0 0 0 0 
0 0 0 0 0 0 0 0 0 0 0 
0 0 0 0 0 0 0 0 0 0 0 
1 1 1 0 1 1 1 1 1 0 1 
0 1 1 0 1 0 0 1 1 0 1 
1 0 0 0 1 1 0 1 0 0 1 
1 0 1 1 0 1 0 0 1 0 0 
0 0 0 1 0 0 0 0 0 1 0 
0 1 0 0 0 0 0 1 1 1 0 
0 0 1 1 0 0 1 0 1 1 0 
0 1 1 0 0 0 0 1 0 1 0 
1 0 1 1 0 0 0 1 0 0 1 

JOBS [11] - [2, 6, 15, 19, 0, 8, 14, 9, 17, 11, 10]
TOOL SWITCHES : 0
MAKESPAN : 69

# -------------------------- #

--- TOTAL TOOL SWITCHES : 3
--- HIGHEST MAKESPAN : 69
--- TOTAL FLOWTIME : 596
--- RUNNING TIME : 3.38108

# -------------------------- #
RUN : 1 - instancias_txt/SSP-NPM-I/ins119_m=3_j=20_t=15_var=19.txt

- MACHINE [0]

1 
1 
0 
0 
0 
0 
1 
0 
0 
0 
0 
0 
1 
1 
1 

JOBS [1] - [15]
TOOL SWITCHES : 0
MAKESPAN : 1

- MACHINE [1]

1 1 1 
0 1 1 
1 1 1 
0 0 0 
0 1 0 
1 0 0 
1 1 1 
0 0 0 
1 0 1 
0 1 0 
0 0 0 
0 0 0 
0 0 0 
1 0 0 
1 1 0 

JOBS [3] - [18, 1, 16]
TOOL SWITCHES : 0
MAKESPAN : 14

- MACHINE [2]

0 1 0 0 1 0 0 0 1 1 1 1 0 0 1 1 
0 1 1 0 1 0 1 0 1 0 0 0 0 0 0 1 
1 1 0 0 0 1 0 0 0 1 0 0 0 1 1 0 
1 0 0 1 1 1 1 1 1 1 1 1 0 0 0 0 
1 0 1 0 0 0 0 1 1 1 1 1 1 0 0 1 
0 0 0 1 1 0 0 1 0 0 1 0 1 0 1 0 
0 0 0 0 0 0 0 0 0 0 0 0 0 0 0 0 
1 1 0 1 0 0 1 1 0 1 0 0 0 1 1 1 
1 0 0 1 0 0 0 0 1 0 0 1 0 0 0 0 
0 0 0 0 0 1 0 1 0 1 0 0 1 1 1 1 
1 0 1 0 0 1 0 1 0 0 0 0 1 1 1 0 
0 1 1 1 1 1 1 0 0 0 0 0 1 1 0 0 
0 0 1 0 0 1 1 0 0 1 1 1 1 0 0 0 
0 0 1 1 1 0 0 0 0 0 0 0 0 0 0 0 
0 1 1 1 1 0 1 0 1 0 1 1 0 0 1 0 

JOBS [16] - [9, 8, 13, 0, 11, 19, 14, 2, 10, 4, 6, 12, 17, 3, 5, 7]
TOOL SWITCHES : 1
MAKESPAN : 109

# -------------------------- #

--- TOTAL TOOL SWITCHES : 1
--- HIGHEST MAKESPAN : 109
--- TOTAL FLOWTIME : 906
--- RUNNING TIME : 6.38675

# -------------------------- #
RUN : 1 - instancias_txt/SSP-NPM-I/ins120_m=3_j=20_t=15_var=20.txt

- MACHINE [0]

0 
0 
1 
1 
0 
0 
1 
0 
0 
0 
0 
1 
1 
0 
1 

JOBS [1] - [4]
TOOL SWITCHES : 0
MAKESPAN : 9

- MACHINE [1]

1 0 0 0 
1 1 0 0 
0 1 1 1 
0 1 1 0 
0 0 1 1 
0 0 0 0 
0 0 0 0 
1 1 1 1 
1 1 0 1 
1 0 1 1 
0 0 0 1 
0 0 0 0 
0 1 0 1 
0 0 0 0 
0 0 0 0 

JOBS [4] - [6, 7, 18, 16]
TOOL SWITCHES : 0
MAKESPAN : 17

- MACHINE [2]

0 0 0 1 0 0 0 1 1 1 1 1 0 0 1 
0 0 0 0 1 1 0 1 0 0 0 1 1 0 1 
1 1 0 0 1 1 1 1 1 0 0 0 1 0 1 
0 0 0 0 0 0 0 0 0 0 0 0 0 0 0 
1 0 1 1 0 0 0 0 0 0 0 1 1 0 1 
0 1 1 1 1 1 0 1 1 1 0 0 1 1 1 
0 0 1 0 0 0 0 1 0 0 1 1 0 1 0 
1 1 0 1 1 0 1 0 1 1 0 0 1 0 0 
0 0 1 1 1 1 1 0 1 1 1 1 0 0 0 
0 1 0 0 0 0 1 0 0 1 1 0 0 0 0 
0 0 0 0 0 0 0 1 0 1 1 0 1 1 1 
1 1 0 1 0 1 1 0 0 0 0 0 0 0 0 
1 0 0 0 0 1 1 0 0 0 1 0 1 1 0 
1 1 0 0 1 0 1 0 0 0 1 1 0 0 0 
1 0 1 1 0 0 0 0 1 1 0 0 0 1 0 

JOBS [15] - [10, 11, 1, 9, 19, 5, 12, 2, 0, 17, 14, 13, 15, 3, 8]
TOOL SWITCHES : 1
MAKESPAN : 74

# -------------------------- #

--- TOTAL TOOL SWITCHES : 1
--- HIGHEST MAKESPAN : 74
--- TOTAL FLOWTIME : 706
--- RUNNING TIME : 6.188

# -------------------------- #


avg : 1.75
