RUN : 1 - instancias_txt/SSP-NPM-II/ins640_m=6_j=120_t=120_sw=h_dens=d_var=20.txt

- MACHINE [0]

1 1 0 1 0 0 1 1 0 1 1 0 1 1 
0 1 0 0 1 1 0 0 0 1 0 1 1 0 
0 1 1 1 1 1 0 0 0 0 0 0 0 1 
1 1 0 0 0 0 0 0 0 1 1 0 0 1 
0 0 0 1 1 0 0 0 1 1 1 1 1 1 
1 1 0 0 1 0 0 0 1 0 0 0 0 1 
1 0 1 1 0 1 1 1 0 0 1 0 0 1 
0 0 0 1 0 1 0 0 1 0 1 1 0 0 
0 0 0 0 0 1 1 1 1 0 0 0 0 0 
0 0 1 1 0 1 1 0 0 0 1 1 0 1 
1 1 1 0 1 1 0 0 1 1 0 0 1 0 
0 0 0 0 0 0 1 1 0 0 0 0 0 0 
1 0 0 1 0 0 0 0 0 0 0 1 1 1 
0 0 0 0 0 0 0 0 0 0 0 1 1 1 
0 1 1 1 0 0 1 0 1 1 1 0 0 0 
0 1 1 1 0 0 1 0 0 1 1 1 1 0 
0 0 0 1 0 1 1 1 1 0 0 0 0 1 
0 1 0 0 0 0 1 1 0 1 0 1 1 1 
0 1 0 0 0 1 1 1 0 0 1 1 1 1 
1 1 0 0 0 0 0 1 0 1 0 1 1 1 
0 0 0 0 0 0 0 0 0 0 0 0 1 1 
1 1 0 1 0 0 0 1 1 1 0 0 0 0 
1 1 0 0 0 0 0 0 0 0 0 1 1 0 
0 0 0 0 0 1 0 1 0 0 0 0 0 1 
1 1 0 0 0 1 1 1 0 0 0 0 1 1 
0 1 0 1 0 1 1 0 1 0 0 0 1 1 
0 0 0 0 0 1 1 0 1 0 0 0 0 1 
0 0 0 0 0 0 0 1 0 1 0 1 1 0 
0 0 0 0 1 1 1 0 1 1 1 1 0 0 
0 0 0 0 1 0 1 0 0 0 1 1 1 1 
0 0 1 0 0 1 1 0 0 0 1 0 1 0 
0 1 0 0 1 1 1 1 1 1 0 1 1 1 
1 0 0 1 1 0 1 0 0 0 0 0 0 1 
0 1 1 1 0 0 0 1 1 1 1 0 0 1 
1 1 1 0 0 0 1 0 1 0 0 1 0 0 
0 0 1 0 0 0 1 0 0 0 0 0 1 1 
0 1 1 1 1 0 0 0 1 1 0 0 1 0 
0 0 0 0 0 0 1 0 0 0 0 1 0 0 
1 1 0 0 0 0 1 1 0 0 0 1 0 0 
1 1 0 0 0 0 0 0 0 0 0 0 1 0 
0 0 1 1 0 1 1 0 0 0 0 1 1 1 
0 0 0 0 1 1 0 0 0 0 0 1 1 1 
0 1 0 1 1 1 0 0 0 1 0 0 0 0 
0 0 0 0 0 0 0 0 0 1 1 0 1 1 
0 0 0 1 1 1 0 0 0 1 1 1 0 0 
0 1 0 0 0 0 0 1 0 0 1 0 1 1 
0 0 0 0 0 0 0 0 0 1 1 1 0 1 
1 0 1 1 1 0 0 0 0 1 0 0 1 0 
1 1 0 1 0 1 0 0 1 1 0 1 1 1 
0 1 0 1 1 0 0 0 1 0 0 0 1 1 
0 0 0 0 0 1 1 0 0 1 0 0 0 0 
0 0 0 0 1 0 0 1 0 1 0 0 1 1 
1 1 0 0 0 1 1 1 1 0 0 0 1 1 
0 0 0 1 0 0 0 0 1 1 0 0 0 1 
0 0 1 0 0 0 0 0 0 1 0 0 0 0 
1 1 1 1 1 1 1 0 0 0 0 1 0 1 
0 0 1 0 0 0 0 0 0 1 1 1 1 1 
1 0 1 1 0 1 0 0 0 0 0 1 0 1 
0 0 1 0 0 0 1 1 1 1 1 0 0 1 
1 0 0 1 0 0 1 0 1 0 0 1 1 1 
1 0 0 0 1 1 0 0 0 0 1 1 1 0 
0 0 1 0 1 1 1 0 0 0 0 0 1 0 
1 0 0 0 0 0 0 0 0 1 1 1 0 0 
0 0 0 0 1 0 1 1 0 0 0 0 1 0 
0 0 0 1 0 0 1 0 0 0 1 1 0 0 
0 1 0 0 1 1 1 0 1 0 0 0 0 0 
0 0 0 0 0 0 1 0 0 0 0 0 0 1 
0 1 1 0 0 1 0 0 0 1 0 1 1 0 
0 1 1 0 0 1 0 0 0 1 0 0 0 0 
0 0 0 0 1 1 1 1 1 0 0 0 0 0 
1 0 1 1 0 0 0 0 0 0 0 0 0 1 
1 1 0 1 0 0 1 0 0 0 0 1 1 0 
0 1 0 0 0 0 0 0 0 1 0 1 0 0 
1 0 0 0 0 0 1 1 0 1 0 1 1 1 
0 0 1 1 0 1 0 1 0 0 0 0 0 0 
0 1 0 0 1 0 0 0 1 1 1 1 1 1 
1 0 0 0 0 1 1 1 0 0 0 0 0 1 
0 1 0 0 0 0 0 0 0 1 1 1 0 1 
1 1 1 0 0 1 0 0 0 0 0 0 0 0 
1 0 1 0 1 1 1 0 0 1 0 0 0 0 
0 0 1 1 1 1 1 1 0 0 0 0 1 1 
0 1 1 0 1 0 0 0 0 0 1 1 1 0 
0 1 0 0 1 1 1 1 0 1 0 0 1 1 
1 0 1 0 0 0 0 1 1 1 0 0 1 0 
1 1 1 1 0 0 1 1 0 0 0 0 1 1 
0 1 0 0 1 1 0 0 1 1 0 0 1 0 
1 0 0 0 0 0 0 0 0 1 0 0 1 0 
1 0 0 0 0 0 0 1 1 1 0 0 1 1 
0 1 1 0 0 1 0 0 0 0 1 0 0 1 
0 0 0 0 0 1 0 0 0 0 0 0 1 0 
0 1 0 1 1 1 0 0 0 0 1 1 0 0 
1 0 1 0 0 1 0 0 0 1 0 0 0 0 
0 0 1 1 0 0 0 0 0 0 0 0 1 1 
0 1 1 0 1 1 1 0 1 1 1 1 1 1 
1 0 0 0 0 0 1 0 0 0 0 1 1 0 
1 0 0 0 1 1 1 0 0 0 1 1 1 0 
1 1 1 0 0 0 0 1 0 0 0 1 0 1 
1 1 0 0 0 1 0 0 1 0 0 1 1 1 
0 1 0 0 1 0 1 0 0 1 0 1 0 1 
1 1 0 0 0 0 1 0 1 0 0 0 1 0 
1 0 0 0 1 0 0 1 1 1 0 1 0 1 
1 1 0 0 1 0 1 0 1 0 0 0 0 1 
0 0 0 0 1 0 0 0 1 1 1 1 1 1 
0 0 0 0 0 0 0 0 0 0 0 1 1 1 
0 0 0 0 0 1 0 0 0 0 1 1 1 1 
0 0 0 1 0 0 0 0 1 1 1 1 1 1 
1 1 1 1 0 0 1 1 0 0 0 0 0 1 
0 1 1 1 0 0 1 0 1 1 0 0 1 0 
1 0 0 0 0 1 1 0 1 0 0 1 1 0 
0 0 0 0 0 0 1 0 0 1 1 1 1 1 
1 1 0 0 1 1 0 0 0 0 0 1 1 0 
0 0 0 0 0 0 1 1 1 1 0 0 1 0 
0 0 1 0 1 0 1 1 0 1 0 0 1 1 
0 1 0 0 0 1 1 0 1 0 0 1 0 0 
0 1 0 1 1 1 1 1 1 1 1 1 1 1 
0 0 0 1 1 1 1 1 1 1 1 1 1 1 
0 0 0 0 0 1 1 0 0 1 1 0 1 0 
0 0 0 0 1 0 0 0 1 0 0 0 0 1 
0 1 0 0 0 0 1 1 0 0 0 0 0 1 
0 1 0 0 1 0 1 0 1 0 1 0 0 0 

JOBS [14] - [17, 37, 44, 41, 117, 26, 14, 85, 3, 99, 51, 20, 59, 98]
TOOL SWITCHES : 322
FLOWTIME : 81
MAKESPAN : 2335

- MACHINE [1]

0 0 1 0 0 1 0 1 0 1 1 1 0 0 
0 1 1 1 1 1 1 1 0 0 1 0 1 1 
0 0 0 1 0 1 0 0 1 1 0 1 0 0 
1 0 0 0 0 1 0 1 1 1 0 0 1 1 
0 0 0 1 0 1 0 0 0 0 0 1 1 0 
0 0 0 0 0 0 0 1 1 1 0 0 0 1 
0 0 0 1 0 1 0 0 0 1 0 1 0 0 
0 0 0 0 0 1 0 1 1 0 0 0 0 0 
1 1 0 1 1 1 1 0 0 1 0 0 0 1 
1 1 0 1 1 1 0 0 1 1 1 0 0 1 
0 0 0 0 1 1 0 0 0 0 0 1 1 0 
0 1 1 0 0 1 1 1 1 0 1 0 0 1 
0 1 1 0 1 1 0 1 0 0 0 0 1 0 
0 1 0 1 1 1 0 0 1 0 1 0 1 0 
1 0 0 0 0 0 1 1 1 1 1 1 0 0 
0 0 1 1 1 1 0 0 1 0 1 0 0 0 
1 1 0 1 1 1 0 0 0 0 1 1 1 1 
1 0 1 1 0 0 1 0 1 0 1 0 0 0 
0 0 0 1 0 0 0 1 0 1 1 1 0 0 
1 0 0 0 1 1 0 1 1 0 0 0 0 1 
0 1 0 0 0 1 1 1 1 0 1 1 1 1 
1 0 0 0 0 0 1 1 1 1 1 0 1 1 
1 1 0 1 0 1 0 1 0 0 0 0 1 0 
0 1 0 1 1 0 0 0 1 1 0 1 1 1 
1 1 0 1 0 1 0 1 1 0 1 0 0 1 
1 1 1 1 0 0 0 0 1 0 0 0 0 1 
1 1 0 1 1 0 0 1 1 0 1 0 0 0 
0 0 0 0 1 0 0 1 0 0 1 0 0 1 
1 0 0 1 0 1 0 1 1 1 1 0 1 1 
0 0 0 0 0 1 0 0 0 0 1 0 0 0 
1 0 0 0 0 0 0 0 0 1 1 0 1 0 
1 0 0 0 0 0 0 1 0 0 1 1 0 0 
0 1 0 0 0 0 1 1 1 0 0 1 1 1 
1 0 0 0 0 1 1 1 1 1 1 0 1 1 
0 0 1 1 1 1 1 0 0 0 1 0 1 0 
0 0 0 1 0 1 0 1 1 1 0 0 1 1 
1 1 0 0 0 0 0 0 0 1 0 1 1 1 
0 0 0 0 0 0 0 1 1 0 1 1 1 1 
1 1 1 1 1 1 1 1 0 0 0 1 1 1 
0 0 1 0 0 0 0 0 1 0 1 1 1 1 
0 0 0 0 1 0 1 0 0 1 0 1 0 1 
0 0 0 1 0 1 1 0 0 0 1 0 0 1 
1 0 0 1 1 1 0 0 1 1 1 1 1 0 
0 0 0 0 0 1 1 0 1 1 1 1 0 0 
0 1 1 1 0 0 0 1 1 0 1 1 1 1 
1 1 0 1 0 0 0 1 1 0 0 1 1 1 
0 0 0 0 0 0 0 1 0 1 1 0 0 1 
1 1 0 0 0 1 0 0 1 0 0 0 0 1 
0 1 0 1 0 0 0 0 0 1 1 0 0 1 
1 1 1 1 1 0 0 0 0 0 1 1 0 1 
0 1 0 0 0 0 1 1 1 1 0 0 0 1 
0 0 0 1 0 1 0 0 0 0 0 0 0 1 
1 0 0 1 0 0 0 0 1 0 1 1 1 0 
0 1 1 1 0 0 0 0 1 0 0 0 1 1 
0 0 0 0 0 1 1 1 1 0 1 1 0 0 
0 0 0 1 0 0 0 0 1 0 0 0 0 1 
0 1 0 1 0 1 1 0 1 1 1 0 1 0 
0 1 0 1 0 1 1 0 0 1 1 1 1 1 
0 1 0 1 0 0 0 1 0 1 0 0 0 1 
0 0 1 0 1 0 0 0 0 0 1 0 0 1 
1 1 0 1 0 0 0 1 0 0 1 0 0 0 
0 0 0 1 0 1 0 0 0 0 0 1 1 0 
0 1 1 1 0 0 0 0 0 0 0 1 1 1 
0 1 0 1 0 1 0 1 1 0 1 0 1 1 
0 1 0 0 0 1 0 0 0 1 1 1 1 1 
0 0 0 1 1 0 1 1 1 0 0 1 1 1 
1 1 0 0 1 1 1 1 1 0 0 0 1 0 
0 0 0 1 0 0 0 1 0 0 0 1 1 1 
0 1 1 1 1 1 0 1 1 1 0 1 1 0 
1 1 1 1 0 1 0 0 0 1 1 0 1 0 
1 1 1 0 0 1 1 1 0 0 0 0 1 1 
1 1 0 1 1 0 0 0 0 1 1 0 1 1 
1 1 0 0 0 0 0 0 1 1 0 0 0 0 
0 0 0 1 0 0 1 1 0 1 1 0 1 0 
0 0 0 1 0 1 0 1 0 0 1 0 1 0 
1 0 0 1 0 1 1 0 0 1 0 0 1 0 
1 1 0 1 1 0 1 0 0 0 1 1 0 0 
1 1 0 0 0 0 0 1 0 0 1 1 0 1 
0 0 0 0 1 1 0 1 1 1 0 0 0 0 
0 0 1 1 1 1 1 1 0 0 1 0 0 0 
0 1 1 1 1 0 0 0 0 0 0 0 1 0 
0 0 1 0 1 1 0 1 0 0 1 0 0 0 
0 0 0 1 1 0 0 1 1 0 0 0 0 1 
0 0 1 0 0 0 0 0 1 0 1 0 1 1 
1 1 1 0 0 1 1 0 1 1 1 0 1 0 
1 0 0 0 1 0 0 0 0 1 1 1 1 0 
1 1 1 1 0 0 1 0 0 1 0 0 1 1 
1 1 1 1 1 1 0 0 0 1 0 0 1 1 
0 1 0 0 0 0 1 0 1 1 1 0 0 1 
0 0 0 0 0 1 0 0 0 1 1 1 0 0 
1 1 0 0 1 1 0 1 0 0 0 1 1 0 
1 0 1 1 0 1 1 1 0 0 0 0 0 1 
1 1 1 0 0 1 1 0 1 0 1 0 1 1 
0 0 0 1 0 1 1 0 0 1 1 0 1 0 
0 0 0 1 0 0 0 1 1 0 0 0 1 1 
0 1 0 0 0 0 1 0 0 0 0 0 0 0 
0 0 1 0 0 0 0 1 1 0 1 0 1 0 
0 0 1 0 0 0 0 1 0 1 1 1 1 1 
1 0 1 1 1 1 1 0 0 0 0 0 0 1 
0 1 0 1 0 0 1 0 1 1 1 1 0 0 
0 1 0 0 0 1 0 1 1 0 1 1 0 0 
0 0 0 1 1 0 0 0 0 1 1 0 1 1 
1 0 1 1 0 0 1 0 0 1 1 0 0 0 
0 0 0 0 1 1 1 1 0 1 1 1 1 1 
1 1 0 1 1 1 1 0 1 0 1 0 1 0 
1 0 1 1 0 0 0 1 0 0 0 0 0 1 
1 1 0 1 0 1 0 1 1 0 0 1 1 0 
0 1 1 1 1 0 0 0 1 0 1 0 1 0 
0 1 1 1 1 0 0 0 1 0 1 0 1 0 
0 0 0 0 0 1 0 0 1 1 1 1 0 1 
0 0 0 1 0 0 0 0 1 1 1 0 0 0 
0 1 0 0 0 0 0 1 0 0 1 0 0 1 
0 0 0 0 0 1 0 1 1 1 0 0 1 0 
1 1 1 1 0 1 0 0 0 0 0 0 0 1 
1 1 0 0 1 1 0 0 1 0 0 0 0 0 
1 0 0 1 0 0 0 1 0 1 0 1 1 0 
0 0 0 0 1 1 0 0 1 1 0 0 0 1 
1 1 1 0 1 1 0 1 1 1 1 0 1 0 
0 0 1 1 0 0 0 1 1 0 0 0 0 0 
0 1 1 1 0 1 1 1 0 0 0 1 0 0 

JOBS [14] - [83, 57, 119, 58, 114, 115, 56, 88, 71, 91, 0, 61, 4, 73]
TOOL SWITCHES : 357
FLOWTIME : 72
MAKESPAN : 2571

- MACHINE [2]

1 0 0 0 0 1 0 0 1 0 1 1 0 0 0 1 0 1 
0 0 0 0 0 0 0 1 0 0 1 1 1 0 1 1 1 1 
0 0 1 0 1 1 0 1 1 0 1 1 1 1 0 1 0 0 
1 0 0 0 1 1 0 0 0 0 0 0 0 1 1 1 0 1 
1 0 1 0 1 1 0 0 0 1 0 1 1 1 1 0 0 1 
0 0 0 0 0 0 1 1 1 0 0 0 1 1 1 0 1 1 
0 1 0 0 1 0 1 0 0 0 1 0 1 1 0 0 0 1 
0 0 0 0 0 0 0 0 1 1 0 1 1 1 0 0 0 0 
1 1 1 1 1 1 0 0 0 0 1 0 0 1 0 0 0 1 
0 1 1 1 0 0 1 1 1 1 1 0 1 0 0 0 0 1 
1 0 0 1 1 0 0 0 1 1 0 0 0 0 0 1 0 1 
1 0 0 0 0 1 0 1 0 1 1 0 0 1 1 0 1 0 
0 0 1 1 0 0 0 0 0 0 0 1 1 1 1 1 0 1 
0 0 0 0 0 1 1 1 1 1 0 0 0 1 1 0 1 0 
1 1 0 0 0 0 1 0 0 1 0 1 1 0 0 1 1 1 
0 1 1 1 1 0 0 0 1 1 0 0 0 0 1 1 0 0 
1 1 1 1 1 0 0 0 0 0 0 0 0 0 0 1 0 1 
0 0 0 1 0 0 0 0 1 0 0 0 1 0 1 1 1 1 
1 0 0 1 0 0 0 1 1 1 1 1 0 0 1 0 0 1 
0 0 0 0 0 0 0 0 0 0 0 0 1 1 1 0 0 0 
1 1 1 0 1 1 0 0 0 0 0 0 0 1 1 0 0 0 
1 0 0 1 0 1 0 0 0 0 1 0 0 1 1 0 0 1 
0 1 0 0 1 0 1 0 0 1 0 0 0 0 0 0 0 0 
0 0 1 0 1 1 1 1 1 1 0 1 1 1 0 0 0 0 
0 1 1 0 0 0 0 0 0 1 0 1 1 1 1 0 0 0 
0 0 0 1 0 0 0 0 0 0 0 1 0 0 0 0 0 1 
1 0 0 0 0 0 0 0 1 1 1 1 1 1 0 1 0 1 
0 0 0 0 0 0 1 0 1 0 0 1 0 1 0 0 0 1 
1 1 0 1 0 1 0 1 1 1 0 0 0 1 0 0 0 0 
0 0 1 0 1 0 1 1 0 0 0 0 1 1 1 0 1 1 
0 0 1 0 0 0 0 1 1 1 0 0 1 1 1 0 0 0 
1 0 1 0 1 1 0 0 0 0 0 1 0 1 1 0 0 0 
1 0 1 1 1 0 1 0 1 0 0 0 1 0 0 0 1 1 
1 0 0 0 1 0 1 1 1 1 1 1 1 1 1 1 0 0 
1 0 1 0 0 0 0 0 1 1 1 0 0 1 0 0 1 0 
1 1 1 0 0 0 0 0 1 1 1 0 0 1 1 1 0 1 
1 1 1 1 1 1 1 1 0 0 0 0 1 1 0 0 0 1 
1 0 0 1 1 0 1 0 1 0 0 1 1 1 0 0 0 0 
0 1 0 1 1 1 1 0 1 1 1 0 0 0 1 1 0 0 
0 0 0 0 1 0 0 1 1 1 0 0 1 1 1 0 1 1 
1 1 0 0 0 0 0 0 0 1 1 0 0 1 1 0 1 0 
0 1 0 0 1 0 1 0 0 0 1 1 1 0 0 0 1 1 
0 0 1 0 1 0 0 0 1 0 0 0 0 1 1 0 1 1 
0 0 0 1 1 0 1 1 0 0 0 1 1 1 1 0 1 0 
1 1 0 0 1 0 0 0 0 0 0 1 0 0 0 0 0 1 
1 1 0 0 1 0 0 0 0 0 0 0 0 0 1 1 0 1 
1 0 0 0 0 0 0 0 0 1 1 1 1 0 1 0 1 1 
0 1 1 0 0 0 1 0 1 1 0 0 1 1 1 0 1 1 
0 1 1 0 0 1 1 0 0 1 0 0 1 0 0 0 1 0 
1 1 0 1 1 0 1 1 1 1 0 0 1 0 0 0 1 1 
0 1 1 1 1 0 0 1 1 0 1 1 0 0 1 1 0 0 
0 1 0 1 1 1 0 1 1 0 1 1 1 1 1 1 0 1 
1 0 0 0 0 0 0 0 1 0 0 0 1 1 1 0 0 1 
0 0 1 1 1 1 0 1 0 0 0 0 1 1 1 0 0 0 
0 1 0 1 1 0 0 0 1 0 0 1 1 1 0 0 0 1 
1 0 0 0 1 1 1 0 1 1 1 1 1 0 1 1 0 0 
1 1 0 0 1 0 0 0 0 0 1 0 1 1 1 0 0 1 
0 0 0 0 0 0 0 1 1 0 1 0 1 1 1 1 0 0 
1 1 1 1 1 0 0 1 0 0 0 0 1 0 0 0 0 0 
0 1 0 0 0 0 0 0 1 1 0 1 1 1 0 1 1 1 
1 1 0 1 1 0 1 1 1 0 0 0 0 0 0 1 0 0 
1 0 0 1 1 0 0 1 1 1 1 0 0 1 0 0 1 0 
1 0 0 1 1 0 0 0 0 0 0 0 1 0 0 1 1 0 
0 1 1 0 1 1 0 1 1 0 0 0 0 1 1 0 0 0 
1 0 1 1 1 0 0 1 1 1 0 0 0 0 0 0 0 0 
1 1 1 1 0 0 0 0 0 0 0 0 1 0 0 0 0 0 
0 0 0 0 1 0 1 1 1 1 0 0 1 0 0 0 0 0 
1 0 0 1 1 1 1 1 1 1 0 1 1 0 1 0 0 1 
0 0 0 1 1 0 0 1 0 0 0 1 1 1 0 0 0 0 
1 1 0 0 1 1 0 1 1 1 0 1 1 1 0 0 0 0 
0 1 0 0 1 0 0 0 0 1 0 0 0 1 0 1 1 1 
1 0 0 1 0 0 0 0 0 0 0 0 0 1 0 0 0 0 
1 0 0 0 1 0 0 0 0 0 0 1 1 0 0 0 0 0 
0 1 1 0 1 0 1 0 0 0 0 0 1 1 0 0 1 0 
1 0 0 0 1 0 0 1 1 0 0 1 0 0 1 0 0 0 
0 0 0 0 1 1 0 0 1 1 0 1 1 1 1 1 0 0 
1 1 1 1 0 0 1 0 1 1 0 1 0 0 0 0 0 0 
0 1 1 1 0 0 0 0 0 0 0 1 1 1 1 0 0 0 
0 1 0 0 1 1 0 0 0 0 1 1 0 1 0 0 1 1 
0 0 0 0 1 0 0 0 1 0 0 0 1 0 1 1 1 0 
0 0 0 0 0 0 0 0 0 1 1 0 1 1 0 1 0 1 
1 0 1 0 0 0 0 0 1 1 0 0 1 0 1 0 1 0 
0 1 0 1 1 0 1 0 1 0 0 1 1 1 1 1 0 0 
0 0 0 0 0 0 0 0 1 0 0 0 0 1 1 0 0 0 
0 0 1 1 1 1 0 0 0 1 0 1 0 0 0 0 0 0 
0 1 1 0 0 1 1 1 1 0 0 1 0 0 0 0 0 0 
0 1 0 0 1 1 1 0 0 0 0 1 1 1 0 0 0 1 
0 0 0 0 0 0 0 1 1 1 0 1 0 0 1 1 1 1 
0 1 0 0 0 0 0 0 1 0 0 0 0 0 1 1 1 1 
0 1 1 0 1 0 0 0 0 0 1 1 0 1 1 0 1 1 
1 0 0 0 1 0 1 1 0 0 0 1 1 0 1 0 1 0 
1 1 0 0 0 0 0 0 1 0 0 1 1 1 0 1 0 1 
0 1 0 0 0 0 0 0 0 0 0 1 1 0 0 0 0 0 
0 0 1 1 1 1 0 1 1 0 0 0 0 1 1 0 1 1 
0 1 1 0 1 0 0 0 1 0 0 1 0 0 0 0 0 1 
1 0 0 0 0 0 0 1 1 0 0 0 0 0 1 1 0 1 
1 1 1 0 0 0 1 1 1 1 1 1 0 0 0 0 0 1 
0 1 1 1 1 0 1 0 0 0 0 0 0 0 0 0 0 0 
1 0 0 0 0 1 1 0 0 0 1 1 1 1 1 1 0 1 
1 1 1 0 1 1 1 1 1 0 0 0 0 1 0 0 0 0 
0 0 0 1 0 0 0 1 0 0 1 0 1 1 0 0 1 1 
1 0 0 1 1 0 0 0 0 0 1 0 1 0 0 0 0 1 
1 0 1 1 1 1 0 1 0 0 0 0 0 1 1 0 0 0 
1 1 0 1 1 1 0 0 0 0 1 0 0 0 0 0 0 0 
0 0 0 1 1 1 1 1 0 1 1 0 1 1 1 1 0 1 
1 1 1 0 1 0 1 0 1 0 1 1 1 0 0 1 1 0 
0 0 0 1 0 0 0 0 1 1 0 0 0 0 0 0 0 0 
0 0 0 1 0 0 1 0 0 1 0 0 1 1 1 0 1 1 
1 1 0 0 1 1 0 0 0 1 1 1 1 1 1 1 0 0 
1 0 0 0 1 0 0 0 1 0 0 0 0 1 0 0 0 0 
0 1 0 0 1 0 0 0 1 0 0 0 1 1 1 0 0 1 
0 0 1 1 0 1 0 1 0 1 0 0 1 0 1 0 0 0 
0 0 1 1 1 1 0 1 1 1 1 0 1 0 1 0 0 0 
0 0 0 0 0 0 0 1 0 1 1 1 1 1 0 0 0 1 
0 1 1 0 0 1 0 0 1 1 0 1 0 0 1 1 0 1 
0 0 1 0 0 0 1 0 1 1 0 1 1 1 0 0 0 0 
1 1 1 0 0 0 1 1 1 0 1 1 0 0 0 0 0 0 
0 0 1 0 1 1 1 0 0 0 0 0 0 0 0 0 0 0 
0 0 0 0 0 1 0 1 0 1 0 1 0 1 0 1 1 1 
1 0 0 1 1 0 1 0 0 1 1 1 1 1 0 0 0 0 

JOBS [18] - [10, 67, 6, 16, 30, 111, 34, 13, 116, 118, 55, 110, 23, 38, 74, 86, 107, 50]
TOOL SWITCHES : 339
FLOWTIME : 101
MAKESPAN : 2474

- MACHINE [3]

1 0 0 0 0 0 0 0 0 1 1 1 0 1 0 1 0 0 0 0 0 0 
1 1 1 1 0 1 1 1 0 0 0 0 0 0 0 1 0 0 0 1 1 0 
0 1 0 0 1 1 0 1 0 1 0 1 1 1 0 0 0 0 0 0 1 0 
1 1 1 0 0 0 0 0 1 0 0 0 0 0 0 0 0 0 0 0 0 0 
0 1 1 1 0 1 0 0 1 0 0 0 0 0 0 1 0 0 0 0 0 1 
0 0 1 0 0 0 0 1 0 1 0 0 1 0 0 0 1 0 0 0 1 0 
1 1 1 0 1 1 1 0 1 1 0 0 1 1 1 1 1 1 1 1 1 0 
1 1 0 0 0 0 0 1 0 1 1 1 1 0 1 0 0 0 0 1 0 0 
1 1 0 0 0 1 1 1 1 0 0 1 0 0 0 0 0 1 1 1 1 1 
1 1 1 1 1 0 0 0 0 0 0 0 0 1 1 1 0 0 0 1 1 1 
1 0 0 0 0 0 0 0 0 0 0 1 0 1 1 1 0 1 0 1 1 0 
1 0 0 0 0 0 1 0 1 0 1 1 1 0 0 0 1 1 0 0 1 1 
0 1 0 0 0 0 1 0 0 1 0 0 0 0 1 0 1 1 0 0 0 0 
0 0 1 1 1 1 1 0 1 1 0 0 1 1 0 0 1 1 1 1 0 1 
0 0 0 0 0 1 1 0 1 1 1 1 1 0 1 1 0 0 1 1 0 0 
1 1 0 0 1 0 0 1 0 1 1 0 1 0 0 0 0 1 0 0 0 0 
0 1 1 0 1 0 1 1 0 1 1 1 1 1 1 1 0 1 0 0 0 0 
0 1 0 0 1 1 1 1 0 0 0 0 0 0 1 0 0 1 0 0 1 0 
1 0 1 0 0 1 1 0 1 0 1 0 0 0 1 0 0 1 0 1 1 0 
0 1 0 0 0 0 0 0 0 1 0 0 1 1 0 0 1 0 0 0 0 0 
0 0 0 1 0 0 1 0 0 0 1 0 1 1 1 0 1 1 1 0 0 1 
0 1 0 1 1 1 0 0 0 1 0 1 1 0 1 1 0 0 0 0 0 0 
1 1 1 1 0 1 0 1 0 0 0 1 1 0 1 0 0 1 0 1 0 0 
0 0 1 1 0 1 0 1 1 0 0 1 1 1 1 0 0 0 1 1 1 1 
0 0 0 0 1 0 1 1 1 0 1 1 1 1 0 0 1 0 1 1 1 1 
1 0 1 0 0 1 0 0 0 0 1 1 0 0 0 0 0 0 0 0 0 0 
0 0 0 1 1 1 1 0 0 1 0 1 0 1 0 1 1 1 0 1 0 1 
0 1 1 1 0 1 0 0 1 1 1 0 0 0 0 1 1 0 0 0 0 0 
0 0 0 1 0 0 1 1 0 0 1 1 1 0 0 1 1 0 0 0 0 0 
0 1 0 0 0 1 0 0 0 0 1 0 1 1 0 0 1 1 1 1 0 1 
0 1 0 1 1 0 0 0 0 1 0 0 0 0 1 1 0 1 0 1 1 1 
0 0 0 0 0 1 0 0 1 1 0 1 0 0 1 1 1 1 1 0 0 1 
0 0 0 0 0 0 0 1 1 1 0 1 0 0 0 0 1 1 0 1 1 0 
1 1 1 0 0 0 0 1 1 0 0 0 1 1 0 1 1 0 1 0 1 1 
0 0 0 0 0 0 1 0 1 1 0 1 0 1 0 0 1 1 0 1 1 1 
1 1 0 0 1 0 1 0 0 1 1 0 1 0 0 0 0 0 0 1 0 1 
0 0 0 1 0 1 0 0 1 1 1 0 0 0 0 0 1 1 1 0 0 0 
0 0 0 0 0 1 1 1 0 1 0 0 0 0 0 0 1 0 0 0 0 0 
0 1 1 1 0 1 1 0 0 0 0 0 0 1 1 1 0 0 1 0 1 1 
0 1 0 0 1 1 1 0 0 0 1 1 1 0 1 0 0 0 0 0 1 0 
0 0 1 0 1 1 1 0 0 0 0 0 1 0 0 1 0 0 0 1 1 0 
0 1 0 0 0 1 0 0 0 0 0 0 0 1 0 1 1 1 1 1 1 1 
0 1 1 1 1 0 1 0 1 0 1 0 0 1 1 0 0 0 0 1 1 1 
0 1 0 1 0 0 1 0 0 0 1 1 1 1 0 1 0 0 0 1 0 0 
1 0 0 0 1 1 0 0 0 0 0 0 0 0 0 1 0 0 0 0 1 0 
1 0 1 1 0 1 0 0 0 0 1 0 0 0 0 1 1 0 1 0 0 1 
0 1 1 0 0 1 1 1 1 0 1 1 1 1 0 0 0 0 0 1 0 1 
0 0 0 0 0 1 0 0 0 0 0 1 1 0 0 1 0 0 0 0 0 1 
1 1 0 0 0 1 1 0 0 0 0 0 1 0 1 1 0 0 1 1 0 1 
1 1 0 1 1 1 1 1 0 1 0 0 0 1 0 0 0 0 0 0 1 0 
1 1 1 1 0 1 0 0 0 0 0 0 1 0 0 0 1 1 1 1 0 1 
1 0 1 0 0 0 0 0 0 1 0 1 1 0 1 1 1 1 1 1 1 0 
1 1 0 1 0 1 0 0 0 0 1 1 1 1 0 1 1 1 1 0 0 0 
0 1 1 1 1 0 0 0 1 0 0 0 1 0 0 0 0 1 1 1 0 1 
1 1 1 0 0 1 0 0 0 1 1 1 1 0 1 0 0 0 0 0 0 0 
0 0 0 0 1 1 1 1 1 0 0 1 0 0 0 0 0 1 1 1 1 1 
0 1 0 0 0 0 0 0 1 1 0 0 0 0 0 0 0 0 1 1 0 0 
1 0 0 0 0 1 1 0 0 1 1 1 1 0 1 0 1 1 1 1 0 1 
1 0 0 0 0 1 0 1 0 1 1 0 0 0 1 0 1 1 1 0 1 0 
0 0 0 0 0 1 1 1 1 1 0 0 0 0 0 0 0 0 1 0 0 1 
0 1 1 1 0 1 1 1 1 1 1 0 0 0 0 1 0 0 0 0 0 0 
0 0 0 0 0 0 1 1 0 0 1 0 1 1 0 0 1 0 0 1 0 0 
1 1 1 1 0 1 0 1 1 0 0 0 0 1 0 1 1 1 0 1 0 1 
0 0 0 1 0 1 1 1 0 1 0 1 0 0 1 0 0 1 0 1 0 1 
0 0 0 0 0 0 0 1 1 0 0 0 0 0 0 1 0 0 1 0 0 0 
0 1 0 0 0 0 0 0 0 1 0 1 0 0 1 1 1 0 0 1 0 1 
1 1 0 0 0 1 1 1 1 0 1 1 1 0 1 1 0 1 0 0 1 1 
0 0 1 0 0 0 1 0 1 1 1 1 0 1 0 0 0 0 1 0 0 0 
0 1 1 0 1 1 1 1 1 0 1 0 1 0 1 1 0 0 1 1 1 1 
0 0 0 0 0 0 0 0 0 0 0 0 1 0 1 1 0 1 0 1 0 1 
1 1 0 0 0 1 0 0 0 1 0 0 1 0 1 0 0 0 1 1 0 1 
0 1 1 0 1 1 1 0 0 0 0 0 0 0 0 1 1 1 0 0 0 1 
0 0 0 0 0 0 0 0 1 0 0 0 0 0 1 1 0 0 1 1 0 0 
1 1 1 0 0 1 0 1 0 0 0 0 0 1 0 0 0 1 1 0 0 1 
0 0 0 0 1 1 1 1 0 1 0 0 1 0 1 0 1 0 0 0 0 0 
1 1 0 0 0 0 0 0 0 0 1 1 1 1 1 1 0 1 0 0 0 1 
1 0 0 1 0 1 1 0 1 0 0 0 0 0 1 1 0 1 0 0 0 0 
1 1 0 1 0 0 0 0 0 0 0 1 0 0 0 1 1 0 0 1 0 1 
0 0 1 0 1 0 1 0 0 0 1 1 1 1 1 1 0 0 1 0 0 0 
0 0 0 1 0 0 0 1 0 1 0 0 0 0 0 1 1 0 0 0 0 1 
0 0 1 0 0 0 0 1 0 0 0 0 1 0 1 0 0 1 0 1 1 0 
0 0 1 1 0 0 1 0 0 0 1 0 0 0 1 0 1 1 0 1 1 0 
1 0 0 1 1 1 0 1 1 1 0 1 0 1 1 1 1 0 0 1 0 0 
1 0 0 0 0 1 1 0 0 0 1 0 0 0 0 0 0 0 1 0 1 1 
1 0 0 0 0 0 1 1 0 1 0 0 0 0 1 0 0 0 1 0 0 0 
0 0 0 1 0 0 1 1 0 1 0 1 0 1 1 0 1 0 1 0 0 1 
0 0 0 1 0 1 0 0 0 0 0 0 1 1 0 1 1 1 1 0 0 0 
0 1 0 1 0 0 0 0 0 0 0 1 0 0 0 0 0 1 1 0 1 1 
0 0 1 0 0 1 1 1 1 0 1 1 0 0 1 1 0 0 1 1 0 1 
1 1 0 0 0 1 0 0 0 0 0 0 1 0 1 0 0 1 0 0 0 1 
1 1 0 0 1 1 1 1 1 0 1 0 0 1 0 1 1 1 0 1 0 0 
1 1 1 0 0 0 1 1 0 0 1 1 0 0 0 0 1 0 1 0 0 0 
0 0 1 0 0 0 0 1 1 0 1 0 1 1 0 0 1 0 0 1 0 1 
1 1 0 0 0 1 0 0 0 0 0 1 1 0 0 0 1 1 0 1 1 1 
1 0 0 0 0 0 0 0 0 0 0 1 0 0 0 1 0 1 0 0 0 0 
1 1 1 0 1 1 1 0 0 1 0 0 1 0 0 1 1 1 1 0 1 1 
1 1 0 1 1 0 0 0 0 0 0 1 1 0 0 0 0 1 0 0 1 1 
1 1 0 0 1 1 0 1 0 0 0 0 0 0 0 0 0 0 0 0 1 1 
0 1 0 1 1 0 0 1 1 0 1 0 1 1 0 0 1 0 0 0 0 1 
1 1 1 0 0 1 0 1 0 0 0 0 0 1 1 0 1 0 0 0 1 0 
1 0 0 1 0 1 1 0 0 1 0 1 1 0 0 0 1 0 1 0 1 0 
1 1 1 1 1 0 0 0 0 0 0 1 1 0 0 0 1 0 0 0 0 1 
0 0 0 0 0 0 0 0 0 0 1 1 1 0 1 0 1 0 0 1 0 0 
1 1 1 1 0 0 0 1 0 0 0 0 0 0 0 1 0 0 0 0 1 1 
1 1 1 0 0 0 0 0 1 0 0 1 0 0 0 0 0 0 0 1 0 1 
0 0 1 0 1 0 0 0 0 0 0 0 1 1 1 0 0 1 0 1 0 0 
0 1 0 1 0 1 0 0 1 1 1 0 0 1 0 0 0 1 1 1 1 0 
0 0 1 0 0 1 0 0 0 0 0 1 1 0 0 0 0 0 1 0 0 1 
0 0 0 0 0 1 1 0 0 0 0 1 0 0 0 1 1 1 1 1 0 1 
0 0 1 0 1 1 0 1 0 0 1 1 0 0 0 0 0 1 0 1 1 1 
0 1 1 0 1 1 0 1 0 1 1 0 0 0 0 1 0 1 1 0 0 0 
1 0 0 1 0 1 0 0 0 0 0 0 0 0 1 0 0 0 0 0 1 0 
0 1 0 1 1 0 0 0 1 1 1 0 0 1 1 1 1 0 0 0 0 0 
1 0 0 0 0 0 0 0 0 1 1 0 0 0 0 0 1 1 0 0 0 1 
1 1 0 0 0 1 0 1 1 0 0 0 0 1 0 0 1 0 1 0 0 0 
0 0 0 0 0 1 0 1 0 1 0 0 1 1 0 0 0 1 0 1 1 1 
1 1 0 0 1 0 0 1 1 0 0 0 0 0 0 0 0 0 0 0 1 0 
1 0 0 0 1 1 0 1 1 0 0 1 1 1 0 0 0 0 0 0 1 1 
0 0 1 0 1 0 0 0 1 0 1 1 0 0 0 1 1 0 0 0 0 0 
1 1 0 1 0 1 0 1 0 0 0 1 0 0 0 1 1 0 1 1 0 0 

JOBS [22] - [97, 43, 1, 100, 12, 52, 48, 92, 45, 53, 112, 62, 78, 24, 25, 5, 101, 70, 8, 9, 39, 77]
TOOL SWITCHES : 345
FLOWTIME : 119
MAKESPAN : 2534

- MACHINE [4]

1 0 0 1 1 1 1 0 0 0 1 0 0 1 1 0 0 1 1 1 0 1 0 1 
1 0 1 1 1 0 0 0 1 1 1 0 1 1 0 1 1 0 0 0 1 1 1 1 
0 0 1 0 0 0 0 0 0 1 0 1 1 0 1 1 0 1 0 0 0 1 1 1 
0 0 0 1 1 1 0 1 1 0 1 0 0 0 1 0 1 0 1 1 0 1 1 0 
0 0 0 1 1 0 0 0 0 0 0 0 0 0 1 0 1 0 1 1 0 1 1 0 
0 0 1 0 0 0 1 0 0 1 1 0 0 0 0 1 1 0 1 1 0 1 0 1 
1 1 0 1 1 0 1 1 0 1 0 0 0 0 0 0 0 0 1 1 1 1 0 0 
1 1 1 0 1 1 1 1 0 0 0 0 0 0 1 0 0 1 0 0 1 0 0 0 
1 1 0 0 0 0 0 0 0 0 0 0 1 0 0 0 0 1 1 0 0 1 0 1 
0 0 0 0 1 1 0 1 1 1 1 0 0 1 1 0 0 0 0 1 0 0 0 0 
0 0 1 1 1 1 1 1 1 1 0 0 0 0 1 0 1 0 1 0 1 1 1 0 
1 0 1 0 0 0 0 0 0 0 1 0 0 0 0 0 0 0 1 0 0 0 0 1 
1 1 1 0 0 1 0 0 0 1 0 0 1 1 0 0 0 1 0 1 1 1 1 1 
1 0 0 1 0 1 1 1 0 0 0 0 0 0 1 1 1 1 1 0 1 1 1 1 
0 0 0 0 0 0 0 1 0 0 1 1 0 1 0 0 1 1 0 0 0 0 0 0 
1 1 0 1 0 0 0 0 0 0 1 0 0 0 1 0 1 1 0 0 0 0 0 0 
1 1 1 1 0 0 0 0 0 1 1 1 0 0 0 0 0 1 1 1 1 1 1 0 
0 1 1 1 0 1 1 0 1 1 0 1 0 1 0 0 0 1 1 0 1 1 0 1 
0 1 1 1 0 0 0 0 0 0 0 0 1 1 1 1 1 1 0 1 0 1 1 1 
1 0 0 0 1 1 0 0 0 1 1 0 1 0 0 1 1 0 1 0 1 1 1 1 
0 1 1 0 0 1 0 0 1 0 0 1 0 0 0 0 0 1 1 0 0 0 0 1 
0 0 0 0 1 1 1 0 1 1 1 1 1 0 0 1 1 1 0 0 0 0 0 0 
1 0 0 0 0 0 1 0 0 0 1 1 0 0 0 0 1 0 1 1 0 1 0 0 
0 0 0 0 1 0 0 0 0 0 1 0 0 0 1 1 0 0 0 0 0 0 1 1 
1 0 0 1 1 0 0 1 0 0 0 0 1 0 0 0 0 1 0 0 0 1 0 0 
0 1 0 1 0 0 1 1 0 1 0 0 0 1 1 0 1 1 1 1 0 0 1 0 
0 0 1 0 1 0 0 1 0 1 1 0 1 1 0 0 0 0 0 0 0 1 1 1 
1 1 1 0 0 0 0 1 1 1 1 1 0 1 1 0 0 1 1 0 0 0 0 0 
1 0 1 0 0 0 0 0 0 0 0 0 0 0 0 0 0 1 0 0 1 1 0 0 
1 0 1 1 1 0 1 1 1 0 1 1 1 1 0 1 1 1 1 0 0 1 1 0 
1 1 1 0 0 0 1 0 0 0 1 0 1 1 0 0 1 0 0 0 0 1 0 0 
1 0 1 1 1 0 0 0 1 0 1 1 0 0 1 0 1 1 0 0 0 1 0 1 
1 0 0 1 1 0 0 1 0 1 0 1 1 1 0 0 1 0 0 1 1 1 0 0 
1 1 1 0 1 0 1 0 1 1 1 0 0 1 0 0 0 1 0 0 0 1 0 1 
1 1 1 0 1 1 1 0 0 1 0 1 1 1 1 1 1 0 0 1 1 0 0 0 
1 0 0 1 0 0 1 1 1 1 0 0 0 0 1 0 0 0 0 0 0 0 1 0 
1 0 1 1 0 0 0 0 0 1 0 0 1 0 0 0 0 0 1 1 1 1 1 1 
1 0 1 0 0 0 0 1 1 1 1 0 1 1 1 0 1 1 1 1 0 1 0 0 
1 1 0 1 1 0 1 0 0 0 1 0 0 0 0 1 0 1 1 0 0 1 0 0 
1 1 1 0 1 1 1 1 0 0 0 0 0 0 0 1 0 0 1 1 0 0 1 0 
0 1 0 1 1 0 1 0 1 0 1 1 0 0 1 1 0 1 1 0 0 0 0 1 
0 0 0 1 1 1 1 0 0 0 1 1 1 0 0 0 0 0 1 1 0 0 0 0 
1 1 1 0 0 0 0 0 0 0 0 0 0 0 1 0 0 1 1 0 0 1 1 1 
1 0 0 0 0 0 0 1 1 1 1 0 1 0 1 0 1 0 0 1 1 0 0 0 
1 0 1 1 1 0 1 0 0 1 1 0 1 0 0 0 0 0 0 1 1 0 0 0 
0 0 0 1 0 0 0 0 1 0 1 0 0 1 1 0 1 1 0 0 0 1 1 0 
0 0 1 0 1 1 0 0 1 0 0 1 0 1 0 1 0 0 0 1 1 0 0 1 
1 1 1 1 0 0 0 1 0 1 1 1 1 1 0 0 0 0 1 0 1 1 1 0 
1 1 1 0 1 0 1 1 0 0 0 0 0 0 0 1 1 0 0 0 0 0 0 0 
1 1 1 0 0 0 1 1 0 1 0 0 0 0 0 1 1 0 1 0 0 0 0 1 
1 0 0 0 1 0 1 0 0 0 1 1 1 0 0 1 1 1 0 0 1 1 1 1 
1 1 0 1 0 0 1 0 0 1 1 1 1 1 0 0 1 1 0 0 1 1 0 0 
1 0 0 1 1 1 0 1 0 1 0 0 1 0 1 0 0 1 0 1 0 0 0 1 
1 0 1 0 0 0 1 1 0 0 0 0 1 1 0 0 0 0 1 1 1 1 0 1 
0 0 0 0 1 1 1 0 0 0 0 0 1 1 1 1 0 1 1 1 1 0 1 0 
1 0 1 1 0 1 0 0 0 1 0 1 0 1 0 0 0 0 0 1 1 1 0 0 
1 0 0 0 0 1 0 1 0 0 0 1 1 0 1 0 0 0 0 0 1 1 1 0 
1 0 1 1 1 0 0 0 1 0 0 0 0 0 1 1 0 0 1 1 0 0 0 0 
1 0 0 0 1 1 0 0 1 1 0 0 0 0 0 1 1 0 0 0 1 1 1 0 
1 0 1 0 0 0 0 1 1 0 0 1 1 1 1 1 1 1 1 0 0 0 0 1 
0 0 1 1 0 0 1 0 1 0 0 1 1 0 0 1 0 0 0 1 1 1 1 0 
0 0 0 0 0 1 1 1 0 1 1 0 0 1 1 1 0 1 1 0 0 1 0 0 
0 1 0 0 0 1 0 1 0 0 1 1 0 0 0 1 0 1 0 0 0 0 0 1 
0 0 1 0 0 1 0 0 0 0 0 1 1 0 1 0 1 0 0 1 0 0 1 1 
0 0 1 0 1 1 0 0 0 0 0 0 0 1 0 0 0 0 1 1 1 0 1 1 
0 0 0 1 0 1 0 0 1 0 0 0 0 1 0 0 1 0 0 1 1 1 0 1 
0 1 0 1 1 1 1 0 1 1 1 0 0 1 0 0 0 1 0 1 1 1 0 1 
0 0 0 0 0 0 1 1 1 1 0 0 1 0 0 0 0 0 1 0 0 1 0 0 
0 0 1 1 0 0 0 0 0 1 1 1 0 1 1 1 0 1 0 0 0 0 0 1 
0 0 1 0 1 0 1 1 1 0 1 0 1 1 0 1 0 0 0 0 0 1 0 1 
0 1 1 1 1 1 1 1 0 0 1 0 1 0 0 0 1 1 0 0 0 1 0 0 
1 0 1 1 1 1 1 0 1 1 1 0 1 1 1 0 0 1 1 0 1 1 1 1 
0 0 0 0 0 0 1 0 0 0 1 0 1 1 0 0 0 0 1 1 1 1 1 1 
0 1 0 1 1 0 1 0 1 1 1 0 0 0 0 1 0 1 1 0 0 0 0 0 
0 0 1 0 1 0 1 0 1 1 1 0 1 1 1 0 0 0 0 1 0 0 0 1 
1 1 1 1 1 1 0 0 0 0 1 0 1 0 1 0 0 0 0 0 1 0 0 1 
0 0 0 0 1 1 1 1 0 1 1 1 1 1 1 0 1 1 1 1 1 0 0 1 
0 0 0 0 0 0 1 1 0 1 0 1 0 0 1 0 0 0 1 0 0 1 1 0 
0 0 1 1 1 1 1 1 1 0 0 0 1 0 0 1 0 0 0 0 0 0 0 0 
1 0 1 1 1 1 0 0 0 1 1 1 0 1 1 0 0 0 0 0 0 0 0 1 
0 1 0 0 0 0 0 1 1 0 0 0 0 1 1 1 0 1 0 1 1 1 1 0 
0 1 1 1 1 1 0 0 0 1 1 1 0 1 1 1 1 0 0 0 1 1 1 1 
1 1 1 1 1 0 1 0 0 0 0 0 0 0 0 0 1 0 1 1 1 0 1 0 
1 0 0 1 0 0 0 0 0 0 0 0 0 1 1 0 0 0 1 0 1 1 1 1 
0 0 0 1 1 1 0 1 1 0 0 1 0 0 0 0 0 0 0 0 0 0 1 1 
0 0 0 0 0 1 0 1 1 1 1 0 0 1 0 0 1 1 1 1 1 1 0 0 
0 0 1 1 1 0 0 1 1 0 0 0 0 0 0 0 0 0 0 0 1 1 0 0 
0 0 1 0 0 0 0 0 1 0 1 1 0 1 0 0 1 1 1 0 1 0 0 0 
0 1 1 0 1 1 0 1 1 0 0 0 0 1 1 0 0 1 1 1 0 0 1 1 
0 0 1 1 1 0 1 0 1 0 1 0 0 1 0 1 1 0 0 1 0 1 0 0 
1 1 0 0 0 0 1 0 0 1 0 0 0 1 1 0 0 0 1 0 1 1 0 1 
0 0 1 0 1 0 1 1 0 0 1 0 0 1 0 0 0 1 1 0 0 0 0 1 
0 0 0 1 0 0 0 1 1 0 1 0 0 1 0 0 0 0 0 0 0 0 1 1 
0 0 0 0 0 0 0 0 0 0 1 1 0 0 1 0 0 0 1 0 0 1 1 1 
1 1 1 1 1 0 1 1 1 0 1 1 0 0 1 0 0 0 0 0 1 1 1 1 
1 1 0 0 1 0 0 1 0 1 0 0 0 1 0 1 0 1 1 1 0 1 1 1 
1 0 0 0 1 0 0 0 0 1 1 1 0 0 1 0 0 0 0 1 1 0 0 1 
1 0 1 1 1 1 1 1 0 1 0 1 0 0 0 0 0 0 1 0 0 1 0 0 
0 0 0 1 1 0 0 0 0 0 0 0 0 0 1 0 1 1 0 0 0 1 1 0 
0 1 1 1 0 0 0 1 1 0 0 0 0 0 0 0 1 1 1 0 0 1 1 1 
1 0 0 1 0 1 0 1 0 0 1 0 0 0 0 0 0 0 1 0 0 0 0 0 
0 1 1 1 0 0 0 1 1 1 1 0 0 1 0 1 0 1 1 0 1 0 1 1 
1 0 1 1 0 1 1 0 1 1 1 0 0 0 0 0 0 0 1 1 1 0 1 1 
0 0 0 0 0 1 1 1 0 0 1 1 1 1 0 0 1 0 0 0 1 0 0 0 
0 1 1 1 1 0 1 0 0 0 0 0 0 1 0 1 1 0 1 0 0 0 1 1 
0 1 1 1 1 0 1 1 0 1 1 0 1 0 0 0 0 0 0 0 0 1 1 0 
1 0 1 0 0 1 1 1 0 1 1 1 0 1 0 0 0 0 0 0 0 1 0 0 
0 0 0 0 0 0 0 0 1 1 0 0 0 0 0 0 0 1 0 1 0 1 0 0 
0 0 1 1 0 1 0 0 0 0 1 0 0 1 0 0 1 1 1 0 0 1 1 0 
1 0 1 0 1 1 1 0 0 1 0 0 0 0 0 0 0 1 0 1 1 0 1 1 
1 1 1 0 1 1 0 0 0 1 0 0 0 0 0 0 0 1 1 1 1 0 1 1 
0 1 0 0 0 0 0 1 0 1 1 0 0 0 1 1 1 0 1 1 1 1 1 1 
0 0 0 0 0 0 0 1 0 1 1 0 0 0 0 1 1 1 0 1 1 0 0 0 
0 1 1 1 1 0 0 1 0 0 0 0 0 1 1 1 1 1 0 0 0 0 0 0 
0 0 1 0 1 1 1 1 1 1 0 0 0 1 0 0 1 0 1 1 0 1 1 1 
0 1 1 1 0 0 0 0 1 1 1 1 0 1 0 0 0 1 1 0 0 0 0 0 
1 1 1 1 0 0 0 0 1 0 1 0 1 0 0 0 1 1 1 0 1 1 0 1 
1 0 0 0 0 0 0 0 1 1 1 0 0 1 0 1 0 1 1 1 0 0 1 0 
0 0 1 1 0 0 0 0 0 1 1 0 1 0 0 0 0 1 1 1 1 0 1 1 
1 1 1 0 0 0 1 1 0 1 0 0 1 1 0 0 0 0 0 0 0 1 1 0 

JOBS [24] - [81, 29, 31, 11, 90, 46, 42, 63, 54, 79, 18, 95, 47, 104, 21, 49, 82, 80, 32, 36, 87, 7, 94, 109]
TOOL SWITCHES : 361
FLOWTIME : 139
MAKESPAN : 2666

- MACHINE [5]

0 1 1 0 0 1 1 1 0 1 1 1 0 1 1 1 0 0 0 0 0 0 0 1 0 0 0 1 
1 0 1 1 1 1 1 1 0 0 0 0 1 1 1 0 0 0 0 0 1 1 1 1 0 1 1 1 
0 0 0 0 1 1 1 1 0 0 0 1 1 1 0 0 0 0 1 0 1 0 1 0 1 0 0 0 
0 0 0 1 0 1 0 1 0 0 0 1 0 0 1 0 0 0 1 0 0 0 0 0 1 1 1 0 
1 0 1 0 1 0 0 1 0 1 1 0 1 0 1 0 1 1 0 0 0 0 0 0 1 1 0 1 
0 1 1 1 1 0 0 0 0 0 0 0 0 0 0 1 0 1 0 1 1 0 0 0 1 0 0 1 
1 1 1 0 0 0 0 0 0 0 1 1 0 1 1 1 1 1 0 0 0 0 0 0 1 1 1 1 
1 1 1 0 1 0 0 0 0 0 0 1 1 1 0 0 0 1 1 1 0 1 1 1 0 1 0 1 
0 0 0 0 1 0 1 1 1 0 1 1 0 1 1 1 0 1 0 0 0 0 1 1 1 0 1 0 
0 0 0 1 1 1 1 1 0 0 1 1 1 0 0 1 0 0 0 1 0 1 0 1 1 0 1 0 
1 0 0 0 0 0 0 0 1 1 1 1 0 0 1 1 0 0 0 1 1 0 1 0 1 0 0 1 
1 0 1 0 0 1 1 1 0 0 0 0 0 0 1 1 1 0 0 1 0 1 1 1 1 0 0 1 
0 0 1 1 1 1 1 0 0 1 0 0 0 0 1 1 1 0 0 1 1 1 0 0 0 1 0 0 
1 0 0 0 1 0 1 0 0 0 1 1 1 0 0 0 1 0 0 0 0 0 0 0 0 0 0 1 
1 1 1 0 0 1 0 1 0 1 0 0 1 0 0 1 1 1 0 0 0 1 1 0 1 1 0 1 
1 0 1 1 1 0 0 1 1 1 0 0 1 1 0 1 0 1 0 1 0 0 0 0 1 1 1 0 
1 0 1 0 0 0 1 0 0 1 1 0 1 1 1 0 1 1 1 1 0 0 0 0 0 1 1 1 
1 0 0 0 0 0 0 0 0 0 1 0 1 0 1 1 1 1 1 1 0 1 0 0 1 0 1 0 
1 0 1 1 1 0 0 0 0 0 1 1 0 0 0 0 1 1 0 0 1 1 1 1 0 1 0 1 
1 1 0 1 0 1 0 0 0 0 1 1 1 1 0 0 1 0 0 0 0 0 0 0 1 0 1 0 
1 1 1 0 0 0 0 1 1 1 1 1 0 0 0 0 0 0 1 1 0 1 1 0 0 1 1 0 
1 0 0 0 0 0 1 0 0 1 0 0 1 0 1 1 1 1 1 1 0 1 0 1 1 0 0 0 
1 0 1 0 0 1 1 1 0 1 1 0 1 1 1 1 0 0 1 0 0 0 0 0 0 0 0 1 
0 1 1 1 0 0 0 1 1 0 1 1 1 0 1 0 0 1 1 1 0 0 0 0 0 0 0 0 
1 0 1 1 1 0 1 1 0 0 1 1 0 0 1 0 1 1 0 0 0 0 1 1 1 1 1 1 
0 0 0 0 0 0 1 1 0 0 1 1 0 0 0 0 0 1 0 0 1 1 0 0 1 0 0 1 
0 0 1 1 1 0 0 1 1 1 0 0 0 0 0 1 1 1 1 1 0 1 1 0 1 0 1 0 
1 0 0 1 1 0 1 0 1 0 1 1 1 0 0 0 0 0 0 1 0 0 1 0 1 1 0 1 
1 0 1 1 1 0 0 1 0 0 0 1 1 0 1 0 1 0 0 1 0 0 0 0 0 0 0 0 
1 1 1 1 0 1 1 0 0 0 0 0 1 0 1 1 0 0 0 1 1 0 0 0 0 0 0 1 
1 0 1 0 0 0 0 0 1 1 0 1 1 1 0 1 0 1 1 1 1 1 0 0 0 0 1 0 
0 0 0 1 1 1 1 1 1 0 0 0 1 0 0 1 1 1 1 0 0 1 1 1 0 0 0 0 
0 0 0 1 1 0 1 1 0 1 0 1 1 1 1 1 0 0 0 0 1 0 0 1 1 0 1 0 
1 1 0 0 0 0 0 1 1 1 0 1 0 0 0 0 0 0 0 0 1 0 0 0 0 0 0 1 
1 0 1 0 1 0 1 1 0 1 0 1 0 0 1 0 1 0 1 1 0 1 0 1 0 1 0 1 
1 0 0 0 0 0 0 1 1 0 0 1 1 1 1 1 1 0 1 1 1 0 0 0 0 0 0 1 
1 0 1 0 0 0 0 0 0 0 0 0 1 1 0 1 0 0 0 0 1 1 0 1 1 0 1 1 
0 1 1 0 0 0 0 1 0 1 1 1 1 1 1 1 1 0 1 0 0 1 1 1 0 1 0 0 
1 0 1 1 1 1 1 1 0 1 1 0 0 0 1 1 0 1 1 1 0 1 1 1 1 0 0 0 
1 0 1 1 1 1 0 0 0 0 0 0 1 1 1 1 1 1 1 0 0 0 1 1 0 1 0 1 
0 0 1 1 0 1 0 0 0 0 1 0 1 0 0 1 1 1 0 1 1 1 1 0 0 0 0 0 
0 1 1 0 0 1 1 0 0 0 1 0 1 0 1 0 0 1 1 1 1 0 0 0 1 1 0 1 
0 0 0 0 1 0 0 0 0 0 0 1 0 1 1 0 1 1 0 0 1 0 0 1 0 0 0 0 
0 0 0 0 0 1 1 0 1 1 0 0 0 0 0 0 0 1 0 1 0 0 1 1 0 1 1 1 
1 0 0 1 0 0 0 1 1 1 0 0 1 1 0 0 0 1 1 0 0 0 0 0 1 1 1 0 
0 0 0 0 0 1 0 1 1 0 1 1 0 0 0 0 1 0 1 1 1 0 0 0 0 0 0 1 
0 1 1 0 1 0 0 0 0 1 0 1 0 0 0 1 1 1 1 0 0 0 0 1 1 1 0 1 
1 0 1 1 1 0 0 0 0 1 0 1 1 1 0 0 0 0 0 0 0 0 0 0 1 0 0 1 
0 0 0 1 1 1 1 1 1 0 0 1 1 0 0 1 1 0 0 0 0 0 1 0 0 1 0 1 
1 1 0 0 0 0 0 0 0 1 0 1 1 0 1 1 1 0 0 0 0 0 0 1 0 0 0 1 
0 0 0 1 1 1 0 1 0 0 0 0 0 0 0 0 1 1 1 1 0 0 1 0 0 0 0 0 
1 0 0 0 0 1 0 1 0 0 1 0 1 0 1 1 1 0 1 1 1 0 1 0 1 0 0 0 
0 0 1 1 1 0 1 1 0 0 1 1 1 1 0 0 1 0 1 1 1 1 1 1 1 1 0 1 
1 0 0 1 1 0 1 0 0 0 0 1 1 0 1 1 0 0 0 1 1 1 0 1 1 0 0 0 
1 0 0 0 0 0 0 1 1 0 0 1 0 0 0 1 0 0 0 0 1 0 1 1 0 0 0 1 
0 0 0 0 0 0 0 0 0 0 1 1 1 0 1 0 1 1 1 1 1 1 1 0 0 0 1 1 
1 0 0 1 0 0 0 0 0 1 1 0 0 0 0 0 0 1 0 1 0 0 0 1 1 0 1 1 
0 0 1 0 0 0 0 1 0 0 0 1 1 1 0 0 1 0 0 1 0 0 1 1 1 0 0 0 
1 0 1 1 0 1 1 0 0 1 1 1 0 0 1 1 0 0 0 1 0 0 0 0 1 0 1 1 
1 1 1 0 1 1 0 1 1 0 0 0 1 1 1 1 1 1 1 0 1 0 1 1 1 1 0 0 
0 0 1 1 1 0 1 1 1 1 0 0 0 1 0 0 1 1 0 0 0 1 1 0 0 0 1 1 
0 0 0 1 1 1 1 1 0 0 0 0 0 0 1 1 1 0 0 1 0 1 0 1 1 0 0 1 
1 1 0 1 0 0 1 0 1 0 0 1 1 0 1 1 1 1 1 0 0 0 0 1 1 1 0 1 
1 0 1 0 0 1 0 0 1 0 0 1 1 1 1 1 0 0 0 1 0 1 0 0 1 0 0 1 
0 0 1 1 0 1 1 1 1 0 0 0 0 0 0 0 0 0 0 1 1 1 1 1 1 0 0 1 
0 0 1 1 0 0 0 1 1 1 1 1 0 1 1 0 1 0 1 1 0 0 1 1 0 0 1 1 
0 1 1 1 0 0 0 1 1 0 0 0 1 1 1 0 0 0 1 1 1 1 1 1 1 1 0 0 
0 0 0 0 0 1 0 1 1 0 0 0 1 0 0 1 1 0 1 1 1 0 1 1 0 0 0 0 
0 0 0 0 1 1 1 0 1 0 1 0 0 0 0 1 0 0 1 0 0 0 0 1 1 0 0 1 
0 0 0 0 0 0 0 1 1 1 1 1 0 1 1 1 0 0 1 1 1 0 0 1 1 0 0 0 
1 0 1 1 1 0 1 1 0 0 1 1 1 0 0 1 0 1 1 0 0 0 0 1 0 1 1 0 
0 0 0 0 1 0 1 1 1 1 1 1 1 0 0 0 1 0 1 1 0 1 1 0 1 1 0 1 
0 1 1 0 0 0 1 0 0 1 0 0 0 0 1 1 1 0 0 0 0 0 0 1 0 0 0 1 
0 0 1 0 0 0 1 1 0 0 0 0 0 1 1 0 0 0 0 0 0 1 1 0 1 0 1 0 
1 0 0 1 0 1 1 0 1 0 1 0 0 1 1 0 0 0 0 0 0 0 0 0 0 1 0 1 
0 1 1 1 0 0 1 1 0 0 0 1 1 1 1 0 1 1 1 0 0 1 0 1 0 1 0 0 
1 0 1 0 1 1 1 0 0 0 0 0 0 1 1 1 0 1 0 0 0 0 0 1 0 0 0 0 
1 0 1 1 1 1 1 1 0 1 1 1 0 1 0 1 0 1 1 1 0 0 0 0 1 0 0 1 
1 0 0 0 0 0 1 0 0 1 1 0 1 0 0 0 1 0 1 1 1 0 1 1 0 0 0 1 
1 1 0 1 0 0 1 1 1 1 1 1 1 1 1 1 1 0 1 1 1 0 0 0 0 0 0 1 
1 0 1 0 1 1 0 1 1 1 1 0 0 0 0 0 0 0 0 1 0 1 0 0 1 0 0 0 
1 1 1 1 0 1 0 1 0 0 0 0 0 0 0 1 1 0 1 0 0 0 0 1 1 1 0 1 
0 0 0 0 0 0 1 0 0 0 0 0 1 1 1 0 0 0 0 1 0 1 0 1 0 0 0 0 
1 0 1 0 1 0 1 1 1 0 0 0 1 0 0 0 1 0 1 1 0 1 0 1 0 0 0 0 
0 1 1 1 1 0 0 0 0 0 1 1 0 1 1 1 0 1 1 1 1 0 0 1 1 1 0 0 
0 1 0 0 0 1 1 0 1 1 1 1 1 0 0 0 0 1 0 0 0 1 0 0 0 1 1 0 
1 0 1 0 0 1 1 1 1 1 1 1 0 0 1 0 0 0 1 0 1 0 1 0 0 0 0 0 
1 1 1 1 0 0 0 1 0 1 0 0 0 1 0 0 1 0 1 1 0 0 0 1 1 1 0 0 
0 1 0 0 0 0 0 0 0 0 0 1 1 0 0 0 0 1 1 1 1 0 0 0 1 1 0 1 
0 0 0 0 1 1 0 1 1 0 0 0 1 1 1 0 1 0 0 1 1 1 0 0 0 0 1 1 
0 0 0 0 0 1 0 1 1 0 1 0 1 0 1 0 1 1 0 0 1 0 1 1 1 0 0 1 
1 0 1 1 1 1 0 1 0 0 1 0 0 0 1 1 1 1 1 0 1 1 1 0 0 1 1 1 
1 0 0 1 0 1 0 1 0 0 0 0 1 1 1 1 1 1 0 0 1 0 0 1 0 0 1 0 
1 0 1 1 1 0 0 0 1 1 0 1 1 0 0 0 0 1 1 1 0 1 0 0 0 0 1 1 
1 0 1 0 1 0 0 0 1 0 0 1 0 0 1 1 0 0 1 0 0 1 0 0 0 0 1 1 
1 0 0 0 0 0 0 0 0 0 1 0 1 0 1 0 0 0 0 0 0 0 0 1 1 1 0 1 
1 1 1 1 0 0 0 1 0 0 1 1 0 0 1 0 1 1 1 0 1 1 0 0 0 1 1 0 
0 1 1 1 0 1 0 0 1 0 1 0 0 1 1 1 0 0 0 0 1 0 0 0 0 0 1 1 
0 1 1 1 1 0 0 0 1 0 0 0 1 1 1 1 1 1 1 1 0 1 0 0 0 0 0 1 
1 0 1 0 1 1 0 0 0 0 0 0 1 1 1 1 1 0 0 0 0 0 0 0 1 0 0 0 
1 0 0 0 1 1 0 0 0 0 0 0 0 1 0 0 1 0 0 0 1 0 1 1 1 0 0 1 
1 1 1 1 1 1 0 1 0 0 1 0 0 0 0 0 1 0 0 0 1 0 0 0 0 0 0 1 
0 0 1 1 1 1 0 0 0 0 0 1 1 1 1 0 0 1 1 0 1 0 1 0 0 1 0 1 
0 1 1 0 1 1 0 1 0 1 0 0 1 0 1 1 1 1 0 1 1 1 1 1 0 0 0 1 
1 0 1 1 0 0 0 0 1 1 0 1 1 0 1 0 1 1 1 0 0 0 0 0 0 0 0 1 
0 0 0 1 0 1 0 1 0 0 1 1 1 1 1 0 0 0 0 1 0 0 0 1 1 1 0 0 
1 0 1 0 0 0 0 0 1 1 0 0 0 0 0 0 0 0 0 1 1 1 1 0 0 0 1 0 
1 0 1 1 0 0 1 0 0 1 0 1 1 0 1 0 0 0 1 0 0 0 1 1 0 0 1 1 
1 0 0 0 0 1 0 0 0 0 0 1 1 1 1 0 1 1 0 0 0 0 0 0 0 0 0 0 
1 1 0 0 0 1 1 1 1 0 1 0 0 0 0 1 1 1 1 1 0 0 0 0 0 0 0 0 
1 0 1 1 0 0 0 0 1 0 1 1 0 0 1 1 1 1 0 1 0 1 0 1 1 0 1 0 
1 0 0 0 0 0 0 0 0 0 0 0 0 0 1 1 0 0 1 1 0 0 0 1 0 0 0 1 
1 1 1 0 0 1 1 0 1 1 0 1 0 1 1 1 0 0 0 0 1 1 0 0 0 0 0 0 
1 1 1 0 0 0 1 0 0 1 1 0 0 0 1 0 0 0 1 1 0 0 0 1 1 0 0 0 
1 0 1 1 1 0 0 1 0 1 0 0 1 1 0 0 0 1 0 1 1 0 0 1 0 0 0 1 
0 1 0 0 0 0 0 1 0 1 1 1 1 0 1 0 1 1 0 0 1 1 0 1 0 0 0 1 
0 0 1 0 1 1 1 1 1 1 1 1 1 0 0 1 1 0 1 0 0 1 0 1 1 0 0 0 
1 1 0 0 1 1 0 1 1 1 0 1 1 0 1 1 1 1 1 0 1 0 0 1 1 1 0 0 
0 1 0 0 0 1 0 1 1 0 0 1 1 1 1 0 0 0 0 0 1 1 0 1 1 1 0 1 
1 1 1 1 0 1 0 1 0 1 1 0 1 1 0 0 0 0 1 1 1 0 0 0 0 0 0 1 

JOBS [28] - [103, 84, 64, 93, 66, 60, 69, 89, 2, 22, 76, 96, 28, 108, 75, 33, 113, 27, 68, 102, 35, 105, 65, 15, 106, 40, 72, 19]
TOOL SWITCHES : 369
FLOWTIME : 178
MAKESPAN : 2761

# -------------------------- #

--- TOTAL TOOL SWITCHES : 2093
--- TOTAL FLOWTIME : 690
--- TOTAL MAKESPAN : 2761
--- RUNNING TIME : 50.4172

# -------------------------- #
