RUN : 1 - instancias_txt/SSP-NPM-I/ins121_m=3_j=15_t=20_var=1.txt

- MACHINE [0]

0 1 1 0 
1 1 1 0 
1 0 0 0 
0 0 0 1 
0 0 0 1 
0 0 0 1 
0 0 0 0 
1 0 0 0 
0 0 0 0 
0 0 0 0 
0 0 1 0 
1 1 0 0 
1 0 0 0 
0 0 0 0 
1 0 0 0 
1 1 0 0 
0 1 1 1 
0 1 1 1 
0 0 0 0 
0 0 1 1 

JOBS [4] - [5, 8, 6, 0]
TOOL SWITCHES : 8
MAKESPAN : 43

- MACHINE [1]

0 0 0 0 1 
0 0 0 0 0 
0 0 0 0 0 
1 0 0 0 1 
1 1 0 1 1 
0 0 0 0 0 
1 0 0 1 0 
1 1 1 0 0 
0 0 0 1 0 
0 1 1 1 0 
0 1 0 0 0 
1 0 1 0 1 
0 0 1 1 0 
0 0 1 0 0 
1 1 0 0 0 
0 0 0 0 0 
0 0 0 1 1 
0 0 0 0 1 
0 1 1 0 1 
1 0 1 1 0 

JOBS [5] - [2, 11, 12, 7, 14]
TOOL SWITCHES : 6
MAKESPAN : 39

- MACHINE [2]

0 1 0 0 0 1 
0 0 1 1 0 0 
0 0 0 0 0 1 
0 0 0 0 0 0 
0 0 0 0 1 1 
0 0 1 0 1 1 
1 0 0 0 0 1 
0 0 0 0 0 0 
0 1 0 1 0 0 
0 0 0 0 0 0 
1 0 1 0 0 0 
0 0 0 0 0 0 
1 0 1 1 1 0 
0 1 0 1 0 1 
1 1 1 1 1 0 
0 0 1 0 1 0 
0 0 0 0 0 1 
1 0 0 0 1 0 
1 1 1 1 1 0 
0 0 0 0 0 0 

JOBS [6] - [10, 13, 4, 1, 3, 9]
TOOL SWITCHES : 2
MAKESPAN : 31

# -------------------------- #

--- TOTAL TOOL SWITCHES : 16
--- HIGHEST MAKESPAN : 43
--- TOTAL FLOWTIME : 247
--- RUNNING TIME : 1.74004

# -------------------------- #
RUN : 1 - instancias_txt/SSP-NPM-I/ins122_m=3_j=15_t=20_var=2.txt

- MACHINE [0]

0 0 0 0 0 
0 0 0 1 0 
0 1 1 1 1 
0 0 0 0 1 
1 1 1 0 0 
0 0 0 1 0 
0 0 0 0 1 
1 1 0 0 0 
0 0 1 1 1 
0 0 0 1 0 
0 0 0 0 0 
0 0 0 0 0 
1 0 0 0 0 
0 0 1 0 0 
0 0 0 0 1 
1 0 1 1 1 
0 1 1 0 0 
1 0 0 0 0 
0 0 0 0 0 
0 1 0 1 1 

JOBS [5] - [9, 3, 1, 6, 0]
TOOL SWITCHES : 9
MAKESPAN : 28

- MACHINE [1]

1 0 1 0 0 
0 0 0 1 0 
0 0 1 0 0 
0 0 0 1 0 
1 1 0 0 1 
1 0 1 1 0 
0 0 0 0 0 
0 0 0 0 1 
0 0 0 0 0 
1 1 0 0 0 
1 1 0 0 0 
0 0 0 0 0 
0 0 0 0 1 
1 0 0 1 0 
0 0 0 0 0 
0 0 1 1 1 
0 1 1 0 1 
0 0 0 0 0 
0 1 1 0 1 
0 0 0 0 0 

JOBS [5] - [7, 8, 14, 10, 13]
TOOL SWITCHES : 4
MAKESPAN : 31

- MACHINE [2]

1 0 0 1 1 
0 0 0 1 0 
0 1 0 0 1 
0 0 0 0 0 
0 0 0 0 0 
0 1 0 0 0 
0 0 1 1 0 
0 0 0 0 0 
0 1 0 0 1 
0 0 1 1 0 
0 0 0 0 0 
1 1 1 0 0 
0 0 0 0 0 
0 1 0 0 0 
1 0 1 0 0 
1 0 0 0 0 
0 1 0 0 1 
1 0 1 1 0 
0 0 0 0 0 
1 1 0 0 1 

JOBS [5] - [11, 2, 4, 5, 12]
TOOL SWITCHES : 1
MAKESPAN : 21

# -------------------------- #

--- TOTAL TOOL SWITCHES : 14
--- HIGHEST MAKESPAN : 31
--- TOTAL FLOWTIME : 164
--- RUNNING TIME : 1.62393

# -------------------------- #
RUN : 1 - instancias_txt/SSP-NPM-I/ins123_m=3_j=15_t=20_var=3.txt

- MACHINE [0]

0 0 0 0 
1 1 0 1 
0 0 0 1 
1 1 0 0 
0 0 0 0 
0 0 0 1 
0 0 1 0 
1 0 1 1 
0 0 0 0 
1 1 0 0 
0 0 0 0 
0 0 1 0 
0 0 0 0 
1 0 0 0 
0 0 0 0 
1 1 0 1 
0 1 1 0 
1 0 0 0 
0 0 0 0 
0 1 1 1 

JOBS [4] - [1, 5, 4, 6]
TOOL SWITCHES : 6
MAKESPAN : 26

- MACHINE [1]

0 0 0 0 1 
0 0 0 0 0 
0 0 0 0 1 
1 0 0 1 0 
0 1 1 0 0 
1 1 1 1 0 
0 0 1 1 1 
1 1 1 0 0 
0 0 0 1 0 
0 0 0 0 1 
0 0 1 1 0 
0 1 0 0 0 
0 0 0 0 0 
0 0 0 0 1 
1 1 1 0 1 
0 1 0 0 0 
1 0 0 1 0 
1 0 0 0 0 
0 0 0 1 0 
0 0 0 0 1 

JOBS [5] - [14, 11, 3, 7, 13]
TOOL SWITCHES : 8
MAKESPAN : 33

- MACHINE [2]

0 0 0 0 0 0 
1 0 1 0 0 0 
0 0 0 0 0 0 
0 0 1 1 1 0 
0 0 1 0 0 1 
0 1 1 1 1 0 
0 0 0 0 0 0 
0 0 0 0 1 1 
0 0 0 1 0 0 
0 1 0 0 0 0 
1 0 0 1 0 1 
0 0 0 0 0 1 
0 1 0 0 0 1 
1 1 0 1 0 1 
0 0 0 0 1 0 
1 0 0 0 0 0 
1 0 1 0 1 0 
0 0 0 0 0 1 
0 1 0 0 0 0 
0 0 0 0 0 0 

JOBS [6] - [10, 8, 12, 9, 2, 0]
TOOL SWITCHES : 3
MAKESPAN : 29

# -------------------------- #

--- TOTAL TOOL SWITCHES : 17
--- HIGHEST MAKESPAN : 33
--- TOTAL FLOWTIME : 181
--- RUNNING TIME : 1.33978

# -------------------------- #
RUN : 1 - instancias_txt/SSP-NPM-I/ins124_m=3_j=15_t=20_var=4.txt

- MACHINE [0]

0 0 1 0 
0 0 0 1 
0 0 0 0 
0 0 0 0 
0 0 0 1 
0 0 0 1 
1 0 1 0 
0 0 0 0 
1 1 0 0 
0 0 0 1 
0 1 1 0 
1 1 0 0 
0 0 0 0 
0 0 1 0 
1 1 0 1 
1 0 1 0 
0 0 0 0 
0 1 0 0 
0 0 0 0 
0 0 0 0 

JOBS [4] - [3, 10, 0, 6]
TOOL SWITCHES : 6
MAKESPAN : 31

- MACHINE [1]

0 1 1 1 0 
0 0 0 0 0 
1 1 1 1 1 
0 1 1 0 1 
0 0 0 0 0 
0 0 0 0 1 
0 0 1 0 1 
0 1 0 0 0 
0 0 0 0 1 
1 0 0 1 0 
1 1 0 1 0 
1 1 0 0 0 
0 0 1 1 0 
0 0 0 0 0 
0 0 0 0 0 
0 0 0 0 0 
0 0 0 1 1 
0 0 0 0 0 
0 0 0 1 1 
1 1 0 0 0 

JOBS [5] - [5, 4, 9, 14, 1]
TOOL SWITCHES : 4
MAKESPAN : 26

- MACHINE [2]

0 1 0 0 0 0 
1 1 1 1 0 0 
0 0 1 0 0 1 
0 0 0 0 0 0 
0 0 0 0 0 0 
0 0 0 0 0 0 
1 1 0 1 0 0 
0 0 1 1 1 0 
0 1 1 0 1 0 
0 0 1 0 1 0 
0 0 1 0 0 0 
1 0 0 0 1 1 
0 0 0 0 1 1 
1 0 0 1 0 1 
0 0 0 0 0 1 
0 0 0 0 0 0 
0 0 0 1 0 0 
0 0 0 0 0 1 
1 0 0 1 1 0 
1 1 0 0 0 0 

JOBS [6] - [12, 7, 11, 2, 13, 8]
TOOL SWITCHES : 3
MAKESPAN : 25

# -------------------------- #

--- TOTAL TOOL SWITCHES : 13
--- HIGHEST MAKESPAN : 31
--- TOTAL FLOWTIME : 152
--- RUNNING TIME : 1.43997

# -------------------------- #
RUN : 1 - instancias_txt/SSP-NPM-I/ins125_m=3_j=15_t=20_var=5.txt

- MACHINE [0]

1 0 0 0 0 
1 0 0 0 0 
0 0 0 0 0 
0 0 0 1 0 
1 1 0 0 0 
0 1 0 0 0 
0 0 1 1 1 
0 0 1 1 1 
0 0 0 0 0 
0 0 0 1 0 
0 0 0 0 1 
1 1 1 0 0 
0 0 0 1 0 
0 0 0 0 1 
0 0 0 0 0 
1 0 1 0 0 
0 0 1 0 1 
1 1 0 1 1 
0 0 0 0 0 
1 1 1 0 0 

JOBS [5] - [14, 12, 1, 11, 4]
TOOL SWITCHES : 9
MAKESPAN : 33

- MACHINE [1]

0 1 0 0 
0 1 0 1 
0 0 0 0 
0 0 1 1 
0 1 1 0 
1 0 0 1 
1 0 0 1 
0 0 0 1 
1 1 1 0 
1 1 0 0 
0 0 0 0 
0 0 0 0 
0 0 0 0 
1 0 1 1 
0 0 1 0 
0 0 0 0 
0 0 0 0 
0 1 0 0 
0 0 0 0 
0 0 1 1 

JOBS [4] - [13, 3, 6, 8]
TOOL SWITCHES : 3
MAKESPAN : 28

- MACHINE [2]

1 0 1 1 1 0 
0 0 0 0 1 0 
0 0 0 0 1 1 
0 0 1 1 0 0 
0 0 0 0 0 0 
1 0 1 0 1 0 
0 0 0 0 0 1 
0 0 0 0 0 1 
1 0 0 1 0 1 
0 1 0 1 0 0 
1 0 0 0 0 1 
0 0 0 0 0 0 
1 1 0 0 0 0 
1 1 1 0 0 0 
0 1 0 0 0 0 
0 1 1 0 1 1 
0 0 0 1 1 1 
0 0 0 0 0 0 
0 1 0 1 1 0 
1 0 0 0 0 0 

JOBS [6] - [0, 7, 10, 2, 5, 9]
TOOL SWITCHES : 4
MAKESPAN : 36

# -------------------------- #

--- TOTAL TOOL SWITCHES : 16
--- HIGHEST MAKESPAN : 36
--- TOTAL FLOWTIME : 208
--- RUNNING TIME : 1.82043

# -------------------------- #
RUN : 1 - instancias_txt/SSP-NPM-I/ins126_m=3_j=15_t=20_var=6.txt

- MACHINE [0]

1 1 0 1 
0 1 1 0 
0 0 0 1 
0 0 0 0 
0 0 0 0 
0 0 1 1 
1 1 0 1 
1 1 1 1 
0 0 0 1 
0 0 0 0 
1 0 0 0 
0 0 0 0 
0 0 0 1 
0 0 0 0 
0 1 0 0 
0 0 1 0 
0 0 0 0 
1 0 1 0 
0 1 0 0 
1 0 0 0 

JOBS [4] - [1, 10, 9, 12]
TOOL SWITCHES : 7
MAKESPAN : 33

- MACHINE [1]

1 0 0 0 1 
1 0 1 0 0 
0 0 0 1 0 
1 0 0 0 1 
0 0 0 1 0 
0 1 0 0 0 
0 0 0 0 0 
0 0 0 0 0 
0 0 0 0 0 
0 0 0 0 0 
1 1 1 1 1 
0 0 0 1 0 
1 1 0 0 1 
0 0 0 0 1 
0 1 1 0 0 
1 1 1 0 0 
0 0 1 0 0 
0 0 0 0 0 
0 1 1 1 1 
1 0 1 0 1 

JOBS [5] - [5, 0, 3, 4, 7]
TOOL SWITCHES : 5
MAKESPAN : 28

- MACHINE [2]

0 0 0 0 0 0 
0 0 0 0 0 0 
0 0 0 0 0 0 
1 1 0 0 0 0 
1 0 0 1 1 0 
0 0 0 0 0 0 
0 1 1 0 0 0 
1 0 1 1 0 1 
1 1 0 0 1 0 
1 0 1 1 1 0 
0 0 0 1 0 0 
1 1 0 0 0 1 
0 0 0 0 1 0 
0 0 1 0 0 1 
0 1 1 1 0 1 
0 0 0 0 1 0 
0 0 0 0 0 1 
0 0 0 0 0 1 
1 0 0 1 0 0 
0 0 0 0 0 0 

JOBS [6] - [8, 14, 11, 13, 6, 2]
TOOL SWITCHES : 2
MAKESPAN : 29

# -------------------------- #

--- TOTAL TOOL SWITCHES : 14
--- HIGHEST MAKESPAN : 33
--- TOTAL FLOWTIME : 181
--- RUNNING TIME : 1.52175

# -------------------------- #
RUN : 1 - instancias_txt/SSP-NPM-I/ins127_m=3_j=15_t=20_var=7.txt

- MACHINE [0]

0 0 1 0 
0 0 0 1 
0 0 0 1 
0 0 1 1 
0 0 0 1 
0 1 0 0 
1 1 1 0 
0 0 1 1 
0 0 0 0 
0 0 0 0 
1 1 0 1 
0 0 0 0 
1 0 1 0 
1 1 0 0 
0 0 0 0 
0 0 0 0 
0 0 0 0 
1 1 0 0 
1 0 0 0 
0 0 0 0 

JOBS [4] - [5, 6, 1, 2]
TOOL SWITCHES : 6
MAKESPAN : 23

- MACHINE [1]

0 0 0 0 1 
0 0 0 0 1 
0 0 1 0 0 
1 0 0 0 1 
0 0 0 0 0 
0 1 1 1 0 
0 1 1 0 1 
1 0 1 0 1 
1 1 0 1 0 
0 1 1 0 0 
0 0 0 0 0 
0 0 0 1 0 
0 0 0 0 0 
0 0 0 0 0 
1 0 0 1 0 
1 0 0 1 0 
1 0 0 0 0 
0 0 0 0 0 
0 1 1 1 0 
0 0 0 1 1 

JOBS [5] - [13, 14, 10, 0, 12]
TOOL SWITCHES : 5
MAKESPAN : 35

- MACHINE [2]

1 0 1 0 1 0 
1 1 0 0 1 1 
0 0 0 0 0 0 
1 0 0 0 1 0 
0 0 0 0 0 0 
0 1 0 1 1 0 
0 0 0 0 0 0 
0 0 0 1 0 0 
0 0 0 0 0 1 
0 0 0 0 0 0 
1 0 1 0 1 1 
0 1 0 1 0 0 
0 1 0 1 0 0 
0 0 1 0 0 1 
0 0 0 0 0 1 
1 0 1 0 0 1 
0 1 1 0 0 0 
0 0 0 0 0 1 
0 0 1 0 0 0 
1 0 0 1 0 0 

JOBS [6] - [3, 4, 7, 9, 11, 8]
TOOL SWITCHES : 3
MAKESPAN : 32

# -------------------------- #

--- TOTAL TOOL SWITCHES : 14
--- HIGHEST MAKESPAN : 35
--- TOTAL FLOWTIME : 192
--- RUNNING TIME : 1.4689

# -------------------------- #
RUN : 1 - instancias_txt/SSP-NPM-I/ins128_m=3_j=15_t=20_var=8.txt

- MACHINE [0]

0 1 0 0 
0 0 1 1 
0 0 0 0 
1 0 1 0 
0 0 1 0 
0 1 0 0 
0 0 0 1 
1 1 0 1 
1 0 0 0 
1 0 0 0 
0 0 0 0 
1 0 0 0 
1 0 1 0 
0 0 0 1 
0 1 1 0 
0 0 0 1 
0 0 0 0 
0 0 0 0 
0 1 1 1 
1 1 0 0 

JOBS [4] - [4, 8, 2, 7]
TOOL SWITCHES : 10
MAKESPAN : 30

- MACHINE [1]

0 0 0 1 0 
0 0 0 0 1 
0 0 0 0 0 
0 0 1 0 1 
0 0 0 1 0 
0 1 1 1 0 
0 0 0 1 0 
0 0 0 0 0 
0 0 0 0 1 
0 0 0 0 1 
0 1 1 0 0 
0 1 0 0 0 
1 0 0 1 0 
0 0 1 0 1 
1 1 1 1 1 
1 1 0 0 0 
0 0 0 0 1 
1 0 1 0 0 
1 1 1 0 0 
0 0 0 0 0 

JOBS [5] - [1, 14, 12, 5, 9]
TOOL SWITCHES : 7
MAKESPAN : 36

- MACHINE [2]

1 0 1 0 1 0 
1 0 0 0 0 0 
0 0 0 0 1 1 
0 0 0 0 0 0 
0 1 0 1 1 0 
0 0 0 0 0 0 
0 0 0 0 0 0 
0 0 0 0 1 0 
0 1 1 0 1 1 
1 1 0 0 0 1 
1 0 0 1 0 0 
0 0 0 0 0 0 
0 0 0 0 0 0 
1 0 1 0 0 1 
0 0 1 0 0 0 
0 1 0 0 1 1 
0 0 1 1 1 0 
0 1 0 0 0 0 
1 0 0 1 0 0 
0 0 1 1 0 1 

JOBS [6] - [0, 6, 11, 3, 10, 13]
TOOL SWITCHES : 2
MAKESPAN : 38

# -------------------------- #

--- TOTAL TOOL SWITCHES : 19
--- HIGHEST MAKESPAN : 38
--- TOTAL FLOWTIME : 227
--- RUNNING TIME : 1.7629

# -------------------------- #
RUN : 1 - instancias_txt/SSP-NPM-I/ins129_m=3_j=15_t=20_var=9.txt

- MACHINE [0]

1 0 0 0 
0 0 0 0 
0 0 0 0 
0 0 0 0 
0 1 0 0 
0 0 1 1 
0 0 0 0 
1 1 0 0 
0 1 1 0 
0 0 1 0 
0 0 0 0 
0 0 1 1 
0 1 0 0 
0 0 1 1 
0 1 0 0 
0 0 0 1 
1 0 0 0 
1 1 0 1 
1 0 1 0 
0 0 0 1 

JOBS [4] - [6, 5, 1, 12]
TOOL SWITCHES : 8
MAKESPAN : 29

- MACHINE [1]

0 0 0 0 1 
0 0 0 0 0 
1 0 0 0 1 
0 0 0 1 0 
1 0 0 0 0 
0 1 0 1 0 
0 0 0 0 0 
0 0 1 1 0 
1 1 0 0 0 
0 0 0 0 0 
0 0 0 0 0 
0 0 0 0 0 
1 1 1 0 1 
0 0 0 1 1 
0 0 0 0 0 
0 0 0 0 0 
0 1 1 1 0 
1 1 1 0 1 
1 0 1 1 0 
0 1 1 1 1 

JOBS [5] - [13, 0, 11, 7, 10]
TOOL SWITCHES : 3
MAKESPAN : 22

- MACHINE [2]

0 1 0 0 0 0 
1 0 1 1 1 0 
0 0 0 1 0 0 
0 1 0 0 1 0 
1 0 0 0 0 1 
0 0 0 0 0 0 
0 0 0 0 0 1 
0 0 1 0 0 0 
0 0 0 0 0 1 
0 0 0 0 0 1 
0 1 1 0 1 0 
0 1 0 1 1 0 
0 0 0 0 0 0 
1 0 0 0 0 0 
1 1 0 1 1 1 
0 0 0 1 0 0 
1 0 1 0 0 1 
0 0 0 0 0 0 
0 0 1 0 0 0 
0 0 0 0 0 0 

JOBS [6] - [8, 9, 3, 14, 4, 2]
TOOL SWITCHES : 3
MAKESPAN : 25

# -------------------------- #

--- TOTAL TOOL SWITCHES : 14
--- HIGHEST MAKESPAN : 29
--- TOTAL FLOWTIME : 162
--- RUNNING TIME : 1.7838

# -------------------------- #
RUN : 1 - instancias_txt/SSP-NPM-I/ins130_m=3_j=15_t=20_var=10.txt

- MACHINE [0]

1 1 1 0 
0 0 0 1 
1 1 0 1 
1 0 0 0 
0 0 0 1 
0 0 1 0 
0 0 0 1 
0 0 0 0 
1 0 1 0 
0 1 0 0 
0 0 0 0 
0 0 0 0 
1 1 0 0 
1 1 0 0 
0 0 0 1 
0 0 0 0 
0 1 1 0 
0 0 0 0 
0 0 0 1 
1 0 1 1 

JOBS [4] - [4, 1, 13, 11]
TOOL SWITCHES : 9
MAKESPAN : 36

- MACHINE [1]

1 0 1 1 0 
0 0 1 0 0 
0 0 0 1 1 
0 0 0 0 0 
0 0 0 0 0 
0 0 1 1 0 
0 0 0 0 0 
1 0 1 0 1 
0 0 0 0 0 
1 0 1 0 0 
0 0 0 1 1 
1 1 0 0 0 
0 1 0 0 1 
1 0 0 0 1 
0 1 0 0 0 
1 1 0 1 0 
0 0 0 0 1 
0 0 0 0 1 
0 1 0 1 0 
0 0 0 0 0 

JOBS [5] - [8, 6, 12, 14, 2]
TOOL SWITCHES : 5
MAKESPAN : 33

- MACHINE [2]

0 1 0 0 0 0 
0 0 1 1 1 1 
0 0 0 0 0 0 
0 0 0 0 0 0 
1 0 0 1 0 0 
0 0 0 0 0 1 
0 0 0 0 0 0 
0 1 1 0 0 1 
0 1 1 0 0 0 
0 0 0 1 1 0 
1 0 1 0 0 0 
0 0 0 0 0 0 
1 0 0 0 1 1 
1 0 0 1 0 1 
1 0 1 0 0 1 
1 1 0 0 1 0 
1 1 0 0 1 1 
0 0 1 1 1 0 
0 0 0 0 0 0 
0 1 0 0 0 0 

JOBS [6] - [3, 5, 10, 7, 9, 0]
TOOL SWITCHES : 2
MAKESPAN : 28

# -------------------------- #

--- TOTAL TOOL SWITCHES : 16
--- HIGHEST MAKESPAN : 36
--- TOTAL FLOWTIME : 194
--- RUNNING TIME : 1.40946

# -------------------------- #
RUN : 1 - instancias_txt/SSP-NPM-I/ins131_m=3_j=15_t=20_var=11.txt

- MACHINE [0]

0 1 0 0 
0 0 0 0 
0 0 0 0 
1 0 0 0 
1 1 0 0 
1 1 0 1 
0 0 0 1 
0 0 0 1 
0 0 0 0 
0 0 1 1 
1 1 0 1 
0 0 1 0 
0 0 0 1 
0 0 1 0 
0 0 1 0 
0 0 0 0 
1 0 1 0 
0 0 0 0 
0 0 0 0 
1 1 1 1 

JOBS [4] - [8, 12, 2, 1]
TOOL SWITCHES : 8
MAKESPAN : 27

- MACHINE [1]

0 0 1 1 0 
1 1 0 1 0 
0 0 0 0 1 
1 0 1 0 0 
0 1 1 0 1 
0 0 0 0 0 
1 0 0 1 0 
0 0 0 0 0 
0 0 0 0 0 
0 0 0 0 0 
0 0 0 0 0 
0 0 1 1 1 
0 1 1 1 1 
1 0 1 0 0 
1 0 0 0 1 
0 0 0 1 1 
0 0 0 0 0 
0 1 0 0 0 
0 0 1 1 1 
0 1 0 0 0 

JOBS [5] - [4, 10, 0, 6, 5]
TOOL SWITCHES : 4
MAKESPAN : 32

- MACHINE [2]

1 0 0 1 0 1 
1 0 0 0 1 0 
0 0 0 0 0 0 
0 0 0 0 0 0 
0 0 1 0 1 0 
0 0 1 0 0 0 
0 0 0 0 0 0 
0 1 1 0 0 0 
1 1 0 1 0 1 
0 0 0 1 1 0 
1 1 0 0 1 1 
0 0 0 0 0 1 
0 0 0 0 0 0 
0 0 0 1 0 0 
1 1 0 0 1 1 
0 0 0 0 1 1 
0 1 0 1 0 0 
0 0 0 0 0 0 
0 1 1 0 0 0 
1 0 1 1 0 0 

JOBS [6] - [7, 13, 9, 3, 11, 14]
TOOL SWITCHES : 2
MAKESPAN : 37

# -------------------------- #

--- TOTAL TOOL SWITCHES : 14
--- HIGHEST MAKESPAN : 37
--- TOTAL FLOWTIME : 216
--- RUNNING TIME : 1.40969

# -------------------------- #
RUN : 1 - instancias_txt/SSP-NPM-I/ins132_m=3_j=15_t=20_var=12.txt

- MACHINE [0]

0 1 1 1 0 
0 0 0 0 0 
0 0 0 0 1 
0 1 1 1 0 
0 0 0 1 0 
0 0 0 0 0 
1 1 0 0 1 
0 0 1 1 0 
0 0 0 0 0 
0 0 0 0 0 
0 0 0 0 1 
1 1 1 1 0 
0 0 0 0 0 
1 1 1 0 0 
1 0 0 0 1 
0 0 0 0 0 
1 0 1 1 0 
0 0 0 0 1 
1 0 0 0 0 
0 1 0 0 0 

JOBS [5] - [13, 11, 2, 6, 8]
TOOL SWITCHES : 8
MAKESPAN : 29

- MACHINE [1]

0 1 0 0 
1 0 0 0 
0 0 1 1 
1 1 0 0 
0 0 0 0 
0 0 0 1 
1 0 1 0 
0 1 1 0 
0 1 0 0 
1 0 1 1 
0 0 1 1 
0 0 0 1 
0 0 0 0 
1 0 0 1 
0 0 0 0 
1 1 1 0 
0 0 0 0 
0 0 0 0 
0 0 0 0 
0 0 1 0 

JOBS [4] - [5, 0, 7, 12]
TOOL SWITCHES : 4
MAKESPAN : 27

- MACHINE [2]

1 1 1 0 0 0 
0 1 1 0 0 0 
0 0 0 0 0 0 
0 1 0 1 1 0 
1 0 0 1 0 1 
0 0 0 0 0 0 
0 0 0 0 0 0 
0 1 0 0 1 1 
1 0 1 1 0 1 
0 1 0 0 1 0 
1 0 0 1 1 0 
0 0 0 0 0 0 
0 0 0 0 0 1 
0 0 1 0 0 0 
1 1 1 0 1 0 
1 0 0 0 0 0 
0 0 0 0 0 0 
0 0 0 1 0 1 
0 0 0 0 0 0 
0 0 0 1 1 0 

JOBS [6] - [14, 4, 1, 9, 10, 3]
TOOL SWITCHES : 1
MAKESPAN : 22

# -------------------------- #

--- TOTAL TOOL SWITCHES : 13
--- HIGHEST MAKESPAN : 29
--- TOTAL FLOWTIME : 158
--- RUNNING TIME : 1.47648

# -------------------------- #
RUN : 1 - instancias_txt/SSP-NPM-I/ins133_m=3_j=15_t=20_var=13.txt

- MACHINE [0]

0 0 0 0 0 
1 0 1 1 1 
0 0 0 0 1 
0 0 0 0 0 
0 0 1 0 0 
0 1 1 0 0 
0 0 0 1 0 
0 0 0 0 1 
0 0 0 1 0 
0 1 0 0 0 
0 0 0 0 0 
0 1 1 1 1 
0 0 1 0 0 
1 0 1 0 0 
0 0 0 0 0 
0 0 0 0 1 
1 1 0 0 1 
1 1 0 0 0 
1 0 0 0 0 
0 0 0 1 0 

JOBS [5] - [0, 2, 11, 4, 6]
TOOL SWITCHES : 9
MAKESPAN : 28

- MACHINE [1]

0 1 0 0 0 
0 0 1 0 0 
0 0 0 0 0 
0 0 1 1 1 
0 0 0 1 1 
0 0 0 0 0 
0 0 0 0 0 
1 0 1 0 0 
0 0 0 1 0 
0 0 0 0 0 
0 1 1 0 1 
0 1 1 1 1 
1 0 0 0 0 
1 0 1 1 0 
0 0 0 0 1 
0 0 0 0 0 
1 1 0 0 0 
0 1 0 0 0 
1 0 0 1 1 
1 1 0 1 0 

JOBS [5] - [3, 13, 12, 5, 10]
TOOL SWITCHES : 5
MAKESPAN : 29

- MACHINE [2]

0 0 1 1 0 
0 0 0 0 0 
0 1 0 0 0 
0 0 0 0 0 
1 0 0 0 0 
1 0 0 0 1 
0 1 1 0 0 
1 0 1 0 1 
0 0 0 0 0 
0 0 0 1 1 
0 0 0 0 0 
1 0 1 1 1 
0 0 0 0 0 
0 1 0 0 0 
0 0 0 1 1 
0 0 1 1 0 
0 0 0 0 0 
1 1 0 0 0 
0 1 0 0 0 
1 0 0 0 0 

JOBS [5] - [8, 14, 1, 7, 9]
TOOL SWITCHES : 1
MAKESPAN : 27

# -------------------------- #

--- TOTAL TOOL SWITCHES : 15
--- HIGHEST MAKESPAN : 29
--- TOTAL FLOWTIME : 186
--- RUNNING TIME : 1.38818

# -------------------------- #
RUN : 1 - instancias_txt/SSP-NPM-I/ins134_m=3_j=15_t=20_var=14.txt

- MACHINE [0]

1 0 0 
1 0 0 
0 0 0 
0 0 0 
1 1 1 
0 0 1 
1 0 0 
0 0 0 
0 0 0 
0 1 0 
0 1 1 
0 0 1 
0 1 1 
0 0 0 
0 0 0 
0 0 1 
0 1 0 
1 1 0 
1 0 0 
0 0 1 

JOBS [3] - [8, 13, 7]
TOOL SWITCHES : 7
MAKESPAN : 27

- MACHINE [1]

1 0 0 0 0 
0 0 0 0 0 
0 0 0 0 0 
0 1 0 0 1 
0 0 0 0 0 
0 0 1 1 0 
1 1 0 0 0 
0 1 1 0 1 
0 0 0 1 1 
0 0 1 1 0 
1 0 0 1 0 
1 1 1 1 0 
0 1 0 0 0 
1 0 0 1 1 
1 0 1 0 1 
0 0 0 0 0 
0 0 1 0 0 
0 1 1 0 0 
0 0 0 0 0 
1 1 0 0 0 

JOBS [5] - [0, 1, 10, 12, 14]
TOOL SWITCHES : 5
MAKESPAN : 33

- MACHINE [2]

1 0 0 1 0 0 0 
0 0 1 0 0 1 0 
0 0 0 0 0 0 1 
0 0 0 0 1 0 1 
0 1 0 0 0 1 0 
0 0 0 0 1 1 0 
1 0 1 0 0 0 0 
0 1 1 1 1 1 0 
1 0 0 0 0 1 1 
0 0 0 1 1 0 1 
0 0 0 0 0 0 0 
0 1 1 1 0 0 0 
0 1 1 0 0 0 0 
0 0 0 0 0 0 0 
0 0 1 0 1 1 0 
1 1 0 1 0 0 1 
0 0 0 0 0 0 0 
0 0 1 1 1 0 1 
0 0 0 0 0 0 0 
1 1 0 0 0 0 1 

JOBS [7] - [4, 2, 3, 6, 9, 5, 11]
TOOL SWITCHES : 3
MAKESPAN : 35

# -------------------------- #

--- TOTAL TOOL SWITCHES : 15
--- HIGHEST MAKESPAN : 35
--- TOTAL FLOWTIME : 210
--- RUNNING TIME : 1.5426

# -------------------------- #
RUN : 1 - instancias_txt/SSP-NPM-I/ins135_m=3_j=15_t=20_var=15.txt

- MACHINE [0]

0 0 0 0 0 
0 0 0 1 1 
0 0 0 0 0 
0 0 0 0 0 
1 1 0 0 0 
0 0 0 0 0 
1 1 1 1 1 
0 0 1 1 0 
0 1 0 0 0 
0 0 0 1 1 
1 0 0 0 0 
0 0 0 0 0 
0 0 0 0 1 
0 1 0 0 0 
0 1 1 0 0 
1 0 0 0 0 
1 0 1 0 1 
0 1 1 1 1 
0 0 0 0 0 
0 0 1 0 0 

JOBS [5] - [2, 13, 7, 8, 0]
TOOL SWITCHES : 7
MAKESPAN : 31

- MACHINE [1]

1 1 1 0 
0 0 0 1 
1 1 1 1 
0 0 0 0 
0 0 1 1 
1 0 0 0 
0 1 1 0 
0 0 0 1 
1 0 0 0 
0 0 0 0 
0 0 0 0 
0 0 0 0 
0 1 1 0 
0 1 0 1 
0 0 0 0 
1 1 0 0 
0 0 0 0 
0 1 0 1 
0 0 0 0 
1 0 1 0 

JOBS [4] - [10, 5, 9, 14]
TOOL SWITCHES : 3
MAKESPAN : 30

- MACHINE [2]

0 1 0 1 0 0 
0 0 0 0 0 0 
0 0 1 0 1 0 
1 0 0 1 0 1 
0 0 0 0 0 1 
0 0 0 0 1 0 
0 1 0 1 1 1 
0 0 1 0 1 0 
0 1 0 0 0 0 
0 1 0 0 1 1 
1 0 0 0 0 0 
1 1 1 1 0 1 
0 0 0 0 0 0 
1 0 0 1 0 0 
0 0 0 0 0 1 
0 1 1 1 0 0 
0 0 0 0 0 0 
1 0 1 0 0 0 
1 0 1 0 0 1 
0 0 0 0 0 0 

JOBS [6] - [3, 12, 6, 11, 4, 1]
TOOL SWITCHES : 3
MAKESPAN : 39

# -------------------------- #

--- TOTAL TOOL SWITCHES : 13
--- HIGHEST MAKESPAN : 39
--- TOTAL FLOWTIME : 229
--- RUNNING TIME : 1.65714

# -------------------------- #
RUN : 1 - instancias_txt/SSP-NPM-I/ins136_m=3_j=15_t=20_var=16.txt

- MACHINE [0]

1 1 1 0 1 
0 0 0 0 0 
0 0 0 1 1 
0 0 0 1 0 
1 0 0 0 0 
0 0 0 0 1 
1 0 1 0 1 
1 1 0 1 0 
0 0 0 1 1 
0 0 0 0 1 
0 1 1 0 0 
0 0 0 0 0 
1 0 1 0 0 
0 1 0 0 0 
0 0 0 0 0 
0 0 1 0 0 
0 0 0 0 0 
0 0 0 0 1 
0 0 0 0 0 
1 1 0 1 0 

JOBS [5] - [10, 7, 8, 6, 4]
TOOL SWITCHES : 8
MAKESPAN : 34

- MACHINE [1]

1 0 0 0 
1 1 0 0 
0 0 0 0 
1 0 1 1 
0 0 1 0 
0 1 0 0 
0 0 1 1 
0 0 0 0 
0 0 0 0 
0 0 0 0 
1 0 1 0 
0 1 0 1 
1 1 1 1 
0 0 1 1 
0 1 1 0 
1 0 0 1 
0 0 0 0 
0 0 0 0 
0 0 0 0 
0 1 0 0 

JOBS [4] - [3, 12, 0, 9]
TOOL SWITCHES : 3
MAKESPAN : 25

- MACHINE [2]

0 0 0 0 0 0 
0 0 0 0 0 0 
0 0 0 1 1 1 
1 0 1 0 0 0 
0 1 0 0 0 0 
0 1 1 1 0 1 
0 0 0 0 0 0 
0 0 1 1 1 0 
1 0 0 1 0 0 
0 0 1 1 0 1 
0 1 1 0 0 0 
0 1 1 0 1 0 
0 0 0 0 0 0 
0 0 0 0 0 1 
0 1 0 0 1 1 
0 0 0 1 1 0 
1 1 0 0 0 0 
1 0 0 0 0 0 
0 0 0 0 1 1 
1 0 0 0 1 1 

JOBS [6] - [11, 2, 1, 14, 5, 13]
TOOL SWITCHES : 3
MAKESPAN : 32

# -------------------------- #

--- TOTAL TOOL SWITCHES : 14
--- HIGHEST MAKESPAN : 34
--- TOTAL FLOWTIME : 204
--- RUNNING TIME : 1.61385

# -------------------------- #
RUN : 1 - instancias_txt/SSP-NPM-I/ins137_m=3_j=15_t=20_var=17.txt

- MACHINE [0]

0 0 0 0 
0 0 1 0 
0 1 1 0 
1 1 1 1 
0 0 0 1 
1 1 0 0 
0 0 0 0 
0 0 0 1 
0 0 0 0 
0 0 0 1 
0 0 0 0 
1 1 0 0 
1 1 0 0 
1 0 0 0 
1 1 1 1 
0 0 0 0 
0 0 0 0 
1 0 1 1 
0 0 0 0 
0 0 0 0 

JOBS [4] - [0, 14, 4, 8]
TOOL SWITCHES : 5
MAKESPAN : 23

- MACHINE [1]

0 1 1 1 0 
1 0 1 1 1 
0 0 0 0 1 
1 0 1 0 0 
0 0 0 0 0 
0 0 1 0 0 
0 1 1 0 0 
0 0 0 0 1 
0 0 0 0 1 
0 1 0 1 0 
0 0 0 0 0 
0 0 0 0 0 
1 1 0 1 1 
0 0 0 0 0 
1 1 0 0 0 
1 0 0 0 0 
0 0 0 0 0 
0 0 0 1 0 
0 1 0 0 0 
0 0 0 1 1 

JOBS [5] - [9, 1, 11, 10, 13]
TOOL SWITCHES : 5
MAKESPAN : 28

- MACHINE [2]

1 1 0 0 0 0 
0 0 1 0 0 1 
1 0 1 0 0 1 
0 0 0 0 0 0 
0 1 0 0 0 0 
1 1 1 0 0 0 
0 0 0 0 0 0 
0 1 0 0 1 0 
0 0 1 1 1 1 
1 0 1 1 0 0 
0 0 0 0 0 0 
0 0 0 1 1 1 
0 0 0 0 0 0 
0 0 0 0 1 0 
1 0 0 0 0 0 
1 1 0 0 0 1 
0 0 0 0 1 0 
0 0 0 0 0 0 
1 0 0 1 1 1 
0 1 1 1 0 0 

JOBS [6] - [12, 3, 2, 5, 7, 6]
TOOL SWITCHES : 2
MAKESPAN : 26

# -------------------------- #

--- TOTAL TOOL SWITCHES : 12
--- HIGHEST MAKESPAN : 28
--- TOTAL FLOWTIME : 158
--- RUNNING TIME : 1.81271

# -------------------------- #
RUN : 1 - instancias_txt/SSP-NPM-I/ins138_m=3_j=15_t=20_var=18.txt

- MACHINE [0]

1 0 1 
0 0 0 
0 1 1 
0 0 0 
0 0 0 
1 1 1 
0 0 1 
0 1 1 
0 0 0 
0 1 0 
1 0 0 
0 1 1 
1 0 0 
1 0 0 
0 0 0 
0 1 0 
0 0 0 
0 0 0 
0 0 0 
0 0 0 

JOBS [3] - [10, 13, 11]
TOOL SWITCHES : 4
MAKESPAN : 17

- MACHINE [1]

0 0 1 0 0 
0 0 0 0 0 
0 0 1 0 0 
0 0 0 0 0 
1 1 0 0 0 
1 0 1 0 0 
1 0 0 0 0 
0 0 0 1 0 
0 0 0 1 0 
1 0 0 1 0 
1 1 0 0 1 
1 1 0 1 0 
0 0 0 0 0 
0 1 1 1 1 
0 0 0 0 0 
0 1 1 0 1 
0 0 0 1 1 
0 0 0 0 0 
1 0 1 0 0 
0 1 0 1 1 

JOBS [5] - [7, 4, 9, 8, 3]
TOOL SWITCHES : 5
MAKESPAN : 30

- MACHINE [2]

1 1 0 0 0 0 0 
1 0 1 1 1 0 1 
0 0 1 0 1 1 0 
1 1 0 0 0 1 1 
0 1 0 1 1 0 0 
1 0 1 1 1 0 0 
0 0 0 0 0 1 1 
0 0 0 0 1 1 1 
0 0 1 0 0 1 0 
0 0 0 0 0 0 0 
0 0 0 0 0 0 1 
0 0 0 0 0 0 0 
0 1 1 1 0 0 0 
0 0 1 0 0 0 0 
0 1 0 0 0 0 1 
0 0 0 0 0 1 0 
1 0 0 0 0 0 1 
0 0 0 0 0 0 0 
0 0 0 0 0 0 0 
0 0 0 1 0 1 0 

JOBS [7] - [14, 5, 12, 2, 1, 6, 0]
TOOL SWITCHES : 3
MAKESPAN : 32

# -------------------------- #

--- TOTAL TOOL SWITCHES : 12
--- HIGHEST MAKESPAN : 32
--- TOTAL FLOWTIME : 168
--- RUNNING TIME : 1.55277

# -------------------------- #
RUN : 1 - instancias_txt/SSP-NPM-I/ins139_m=3_j=15_t=20_var=19.txt

- MACHINE [0]

0 1 0 
1 0 0 
1 0 0 
1 0 0 
0 0 0 
0 0 0 
0 1 1 
1 1 0 
0 0 0 
0 0 0 
1 1 0 
0 0 0 
0 0 1 
1 0 1 
0 1 1 
0 0 1 
1 1 1 
0 0 1 
0 0 0 
0 0 0 

JOBS [3] - [3, 1, 6]
TOOL SWITCHES : 6
MAKESPAN : 26

- MACHINE [1]

1 0 0 1 
0 1 1 1 
0 0 0 0 
0 1 0 1 
0 0 0 1 
0 0 0 0 
1 0 0 0 
0 0 0 0 
0 0 1 0 
1 0 1 0 
0 1 1 0 
0 0 0 1 
1 1 0 0 
0 0 0 0 
0 1 0 0 
0 0 0 0 
1 0 0 0 
0 1 1 0 
1 1 1 1 
0 0 1 0 

JOBS [4] - [0, 7, 2, 11]
TOOL SWITCHES : 5
MAKESPAN : 30

- MACHINE [2]

1 1 0 1 1 0 0 0 
0 0 0 0 0 0 0 0 
0 0 1 1 0 1 0 1 
0 0 0 0 0 0 0 0 
0 0 0 0 0 0 1 1 
0 0 0 0 0 0 0 0 
1 0 0 1 0 1 1 0 
0 1 1 0 1 1 0 0 
0 0 0 0 1 1 0 0 
1 1 0 1 0 0 0 1 
0 1 0 0 1 0 1 0 
0 0 0 0 0 1 1 0 
0 0 0 0 1 0 0 1 
1 1 1 1 0 0 0 1 
0 0 0 0 0 0 0 0 
0 1 1 1 1 0 1 0 
1 0 0 0 0 0 0 1 
0 0 0 0 0 0 1 0 
0 0 1 0 0 1 1 0 
0 1 0 1 0 0 0 0 

JOBS [8] - [13, 5, 4, 12, 9, 14, 10, 8]
TOOL SWITCHES : 3
MAKESPAN : 39

# -------------------------- #

--- TOTAL TOOL SWITCHES : 14
--- HIGHEST MAKESPAN : 39
--- TOTAL FLOWTIME : 223
--- RUNNING TIME : 1.47911

# -------------------------- #
RUN : 1 - instancias_txt/SSP-NPM-I/ins140_m=3_j=15_t=20_var=20.txt

- MACHINE [0]

0 0 0 0 0 
0 1 1 0 0 
0 0 0 1 0 
0 0 0 0 0 
0 0 0 1 1 
0 0 0 0 0 
0 0 0 0 0 
0 0 0 0 0 
0 0 0 0 1 
1 1 1 0 1 
1 0 1 0 0 
1 0 0 0 0 
0 1 1 1 0 
0 0 0 0 1 
1 1 1 1 1 
0 0 0 0 1 
0 1 0 1 1 
0 0 0 0 0 
1 0 0 0 0 
0 1 1 0 0 

JOBS [5] - [2, 8, 7, 11, 14]
TOOL SWITCHES : 7
MAKESPAN : 28

- MACHINE [1]

1 0 1 0 
0 0 1 0 
0 0 0 0 
0 1 0 1 
0 0 0 0 
1 0 0 0 
1 1 1 0 
0 0 0 0 
0 1 0 1 
0 0 0 0 
1 0 0 0 
0 0 0 0 
0 1 1 0 
0 0 0 0 
0 1 1 0 
0 1 0 1 
1 0 0 1 
0 0 0 1 
0 0 0 1 
0 0 0 0 

JOBS [4] - [13, 12, 1, 9]
TOOL SWITCHES : 3
MAKESPAN : 29

- MACHINE [2]

1 1 0 0 0 1 
0 0 1 1 0 0 
1 0 1 1 0 0 
1 0 0 1 0 0 
0 0 0 0 0 0 
1 0 0 0 1 0 
0 0 0 1 1 0 
1 1 1 1 1 1 
0 0 1 0 1 0 
0 0 1 0 1 0 
0 1 1 1 0 0 
0 0 0 0 0 0 
0 0 0 0 0 0 
1 1 0 0 0 0 
0 0 0 0 0 0 
0 0 0 0 0 1 
1 0 1 0 0 1 
0 0 0 0 0 0 
0 1 0 0 1 1 
0 0 0 0 0 1 

JOBS [6] - [10, 3, 4, 5, 6, 0]
TOOL SWITCHES : 2
MAKESPAN : 34

# -------------------------- #

--- TOTAL TOOL SWITCHES : 12
--- HIGHEST MAKESPAN : 34
--- TOTAL FLOWTIME : 190
--- RUNNING TIME : 1.97267

# -------------------------- #


avg : 192.5
