RUN : 1 - instancias_txt/SSP-NPM-I/ins61_m=2_j=15_t=15_var=1.txt

- MACHINE [0]

0 0 0 0 0 1 1 1 
1 1 0 1 0 0 0 0 
0 0 0 0 0 0 1 0 
0 0 1 1 0 0 1 0 
1 1 0 0 0 0 0 0 
0 0 0 0 0 0 0 1 
0 0 0 0 0 1 0 1 
1 0 0 0 0 0 0 0 
0 0 0 0 0 0 0 0 
1 1 1 0 1 1 0 0 
0 0 0 0 0 0 0 1 
0 0 0 0 1 0 0 0 
0 1 1 1 1 1 0 0 
0 0 0 1 0 0 0 0 
0 1 1 0 0 1 1 1 

JOBS [8] - [4, 7, 13, 8, 3, 1, 14, 12]
TOOL SWITCHES : 11
MAKESPAN : 52

- MACHINE [1]

0 0 0 0 1 1 1 
0 0 1 1 1 1 1 
1 1 0 0 0 0 1 
1 0 1 0 1 1 0 
0 0 0 0 0 0 0 
1 1 0 0 0 0 0 
0 0 0 0 0 0 0 
1 0 0 1 0 0 1 
0 0 0 1 1 0 0 
0 0 0 0 0 1 0 
1 0 1 0 0 1 0 
0 1 1 1 1 0 1 
0 0 0 0 0 0 0 
0 0 0 0 0 0 0 
0 0 0 0 0 0 1 

JOBS [7] - [0, 5, 2, 9, 11, 6, 10]
TOOL SWITCHES : 5
MAKESPAN : 54

# -------------------------- #

--- TOTAL TOOL SWITCHES : 16
--- HIGHEST MAKESPAN : 54
--- TOTAL FLOWTIME : 324
--- RUNNING TIME : 1.01014

# -------------------------- #
RUN : 1 - instancias_txt/SSP-NPM-I/ins62_m=2_j=15_t=15_var=2.txt

- MACHINE [0]

1 1 0 1 0 0 0 0 
1 0 0 0 0 0 0 0 
0 0 0 0 0 0 0 1 
0 0 0 0 1 0 0 0 
0 1 1 0 0 0 0 0 
1 0 0 0 0 1 1 1 
1 0 0 0 0 1 0 0 
1 1 1 0 0 0 0 0 
0 1 0 0 0 0 1 0 
0 1 0 0 0 1 0 1 
0 0 0 1 1 0 1 1 
0 0 0 0 0 1 1 1 
0 0 0 1 1 0 0 0 
0 0 1 0 0 0 0 0 
0 0 0 0 1 1 0 0 

JOBS [8] - [2, 7, 12, 5, 8, 0, 10, 1]
TOOL SWITCHES : 14
MAKESPAN : 55

- MACHINE [1]

0 0 0 0 0 0 0 
0 0 0 1 0 0 0 
0 0 0 1 1 1 1 
0 0 1 0 0 1 0 
0 0 0 0 0 1 0 
0 0 1 0 0 0 0 
0 1 0 0 0 0 0 
0 0 0 0 0 0 0 
1 1 0 0 1 0 0 
0 0 0 0 0 0 0 
1 1 1 0 1 1 0 
1 1 0 0 0 0 1 
1 0 0 0 0 0 0 
1 1 0 1 1 0 1 
0 0 1 0 0 0 0 

JOBS [7] - [4, 6, 13, 11, 3, 9, 14]
TOOL SWITCHES : 5
MAKESPAN : 55

# -------------------------- #

--- TOTAL TOOL SWITCHES : 19
--- HIGHEST MAKESPAN : 55
--- TOTAL FLOWTIME : 481
--- RUNNING TIME : 0.968327

# -------------------------- #
RUN : 1 - instancias_txt/SSP-NPM-I/ins63_m=2_j=15_t=15_var=3.txt

- MACHINE [0]

1 0 0 0 0 0 0 0 
0 1 1 0 1 1 0 0 
1 1 0 0 0 0 0 0 
0 0 0 0 0 0 0 1 
0 0 0 0 0 0 0 0 
0 0 0 0 0 0 0 1 
1 0 1 0 0 0 1 0 
0 0 1 0 0 0 0 0 
0 0 0 0 1 1 1 0 
0 0 0 0 0 0 1 0 
0 0 1 1 1 0 0 1 
0 0 0 1 1 0 0 0 
0 0 0 0 0 1 1 1 
1 1 0 0 0 0 0 0 
0 0 0 1 0 0 0 0 

JOBS [8] - [14, 7, 11, 13, 1, 8, 2, 4]
TOOL SWITCHES : 9
MAKESPAN : 44

- MACHINE [1]

0 0 0 0 0 1 1 
0 0 0 0 1 1 1 
0 1 0 0 0 1 1 
0 0 0 0 0 0 0 
0 0 1 1 0 0 1 
1 0 1 1 0 0 0 
0 0 1 0 0 0 0 
0 1 0 1 0 0 0 
0 0 0 0 0 0 0 
0 1 0 0 0 0 0 
0 0 0 0 1 0 0 
0 0 0 1 1 0 0 
0 0 0 0 0 0 0 
1 0 0 0 1 0 0 
1 1 1 0 0 1 0 

JOBS [7] - [10, 3, 0, 9, 12, 5, 6]
TOOL SWITCHES : 5
MAKESPAN : 44

# -------------------------- #

--- TOTAL TOOL SWITCHES : 14
--- HIGHEST MAKESPAN : 44
--- TOTAL FLOWTIME : 332
--- RUNNING TIME : 1.01948

# -------------------------- #
RUN : 1 - instancias_txt/SSP-NPM-I/ins64_m=2_j=15_t=15_var=4.txt

- MACHINE [0]

1 0 0 0 0 0 0 
1 0 1 0 0 0 0 
0 0 0 1 1 0 0 
0 0 1 0 0 1 0 
1 0 0 0 0 1 1 
0 1 1 1 0 0 0 
0 0 0 0 0 1 0 
1 1 0 0 0 0 0 
0 0 0 0 1 0 1 
1 0 1 1 0 0 0 
0 0 0 0 0 0 1 
0 1 0 0 0 0 1 
0 0 0 0 1 0 0 
0 0 0 1 1 1 1 
0 0 1 0 1 0 0 

JOBS [7] - [11, 14, 6, 10, 1, 3, 9]
TOOL SWITCHES : 13
MAKESPAN : 56

- MACHINE [1]

1 0 0 0 1 0 0 0 
0 1 0 1 0 0 1 1 
0 0 0 0 0 0 0 1 
0 0 0 0 1 1 0 0 
0 1 1 1 0 1 1 1 
0 0 0 0 0 0 0 0 
0 0 1 0 1 0 1 0 
0 0 0 0 0 0 0 0 
0 0 0 1 1 0 1 0 
0 1 0 0 0 0 0 0 
1 1 0 0 0 0 0 0 
0 0 1 0 0 0 0 0 
0 0 0 0 0 1 0 0 
1 0 0 0 1 1 0 1 
1 0 1 1 0 0 0 0 

JOBS [8] - [0, 13, 4, 8, 12, 5, 7, 2]
TOOL SWITCHES : 6
MAKESPAN : 56

# -------------------------- #

--- TOTAL TOOL SWITCHES : 19
--- HIGHEST MAKESPAN : 56
--- TOTAL FLOWTIME : 464
--- RUNNING TIME : 1.13798

# -------------------------- #
RUN : 1 - instancias_txt/SSP-NPM-I/ins65_m=2_j=15_t=15_var=5.txt

- MACHINE [0]

0 0 1 1 0 1 0 
0 0 0 1 1 1 0 
0 0 0 0 0 1 1 
0 1 0 0 0 0 0 
0 0 0 0 0 0 0 
0 0 0 0 0 1 1 
0 0 0 0 0 0 0 
0 0 0 0 0 0 1 
0 0 1 0 1 0 0 
1 0 0 0 0 0 0 
1 0 0 0 1 1 0 
0 0 0 0 0 0 0 
1 1 1 0 0 0 0 
1 1 0 1 0 0 0 
0 1 1 0 0 0 0 

JOBS [7] - [9, 13, 7, 12, 11, 4, 6]
TOOL SWITCHES : 8
MAKESPAN : 47

- MACHINE [1]

0 0 0 0 0 1 0 1 
0 1 1 0 0 0 0 0 
0 0 0 0 0 1 1 0 
0 0 0 0 0 0 0 0 
0 1 1 1 0 0 0 0 
0 0 0 0 1 0 1 1 
1 0 0 0 1 0 0 0 
0 0 0 0 0 0 0 0 
0 0 0 1 0 0 0 0 
1 0 0 1 0 0 0 0 
1 1 0 0 0 0 1 0 
0 0 1 0 0 0 1 0 
1 1 1 1 1 0 0 0 
0 0 0 0 0 1 0 1 
0 0 0 0 1 1 0 0 

JOBS [8] - [10, 2, 14, 1, 5, 0, 8, 3]
TOOL SWITCHES : 6
MAKESPAN : 48

# -------------------------- #

--- TOTAL TOOL SWITCHES : 14
--- HIGHEST MAKESPAN : 48
--- TOTAL FLOWTIME : 349
--- RUNNING TIME : 1.21928

# -------------------------- #
RUN : 1 - instancias_txt/SSP-NPM-I/ins66_m=2_j=15_t=15_var=6.txt

- MACHINE [0]

0 1 0 0 0 0 1 0 
1 0 0 1 0 1 0 0 
0 1 1 1 1 0 0 0 
0 0 1 0 0 0 0 0 
0 0 0 0 0 0 0 1 
0 0 0 1 1 0 0 1 
1 0 0 0 0 0 0 0 
1 0 0 0 1 1 1 0 
0 0 0 0 0 1 1 1 
0 0 0 1 0 0 0 0 
0 0 0 0 0 0 0 0 
0 0 0 0 0 0 0 0 
0 0 0 0 1 0 1 1 
1 0 0 0 0 0 0 0 
1 1 1 0 0 0 0 0 

JOBS [8] - [3, 5, 9, 1, 8, 13, 4, 10]
TOOL SWITCHES : 9
MAKESPAN : 55

- MACHINE [1]

0 0 0 0 1 1 1 
0 0 0 0 0 0 0 
0 0 1 0 1 0 0 
1 0 0 0 0 0 0 
0 0 0 0 0 0 0 
0 0 0 1 0 0 1 
0 1 0 1 1 1 0 
1 0 1 0 0 0 0 
1 1 0 0 0 0 0 
1 1 0 1 0 0 0 
0 0 0 0 0 1 1 
0 0 0 0 1 0 0 
0 0 0 1 0 0 0 
1 1 0 1 0 0 0 
1 0 1 0 0 0 1 

JOBS [7] - [14, 12, 6, 2, 7, 0, 11]
TOOL SWITCHES : 6
MAKESPAN : 56

# -------------------------- #

--- TOTAL TOOL SWITCHES : 15
--- HIGHEST MAKESPAN : 56
--- TOTAL FLOWTIME : 485
--- RUNNING TIME : 0.908451

# -------------------------- #
RUN : 1 - instancias_txt/SSP-NPM-I/ins67_m=2_j=15_t=15_var=7.txt

- MACHINE [0]

0 0 0 0 0 1 1 
1 1 1 1 0 0 0 
1 0 0 0 0 0 0 
0 0 0 0 1 0 1 
0 1 1 0 0 1 0 
0 0 0 0 0 0 0 
0 0 0 0 0 0 1 
0 1 0 0 0 0 0 
0 0 0 1 0 0 1 
0 0 1 1 1 0 0 
1 0 0 0 0 1 1 
0 0 0 0 1 0 0 
1 1 1 0 1 0 0 
1 1 1 1 0 0 0 
0 0 0 0 0 0 0 

JOBS [7] - [13, 7, 9, 4, 5, 6, 12]
TOOL SWITCHES : 10
MAKESPAN : 59

- MACHINE [1]

0 0 0 0 0 0 0 1 
0 1 0 0 0 0 0 0 
0 0 0 0 0 1 0 1 
0 0 0 0 0 0 0 0 
0 1 0 0 1 1 0 1 
0 0 0 0 1 1 1 0 
0 0 1 1 0 0 1 1 
0 1 1 1 0 0 0 0 
1 0 1 0 0 0 0 0 
0 0 0 0 0 0 0 0 
1 0 0 1 0 0 0 0 
0 0 0 1 1 0 0 0 
0 0 0 0 1 0 1 0 
0 1 0 0 0 0 1 0 
1 0 1 1 0 0 1 1 

JOBS [8] - [14, 0, 10, 11, 3, 2, 8, 1]
TOOL SWITCHES : 6
MAKESPAN : 60

# -------------------------- #

--- TOTAL TOOL SWITCHES : 16
--- HIGHEST MAKESPAN : 60
--- TOTAL FLOWTIME : 434
--- RUNNING TIME : 1.03455

# -------------------------- #
RUN : 1 - instancias_txt/SSP-NPM-I/ins68_m=2_j=15_t=15_var=8.txt

- MACHINE [0]

1 0 0 0 0 0 0 0 
0 0 0 0 0 1 0 1 
0 0 1 1 0 1 1 0 
0 0 1 0 0 0 0 0 
0 1 0 1 1 0 0 0 
0 0 0 0 0 0 0 0 
0 0 0 0 1 1 0 0 
1 1 0 0 1 1 0 0 
0 0 1 0 0 0 0 0 
0 0 0 0 0 0 0 0 
0 0 0 0 0 1 1 1 
1 1 0 0 0 0 0 0 
0 0 0 1 0 0 0 1 
0 1 0 1 1 0 1 1 
1 1 0 0 0 0 1 1 

JOBS [8] - [12, 0, 11, 7, 3, 6, 14, 13]
TOOL SWITCHES : 12
MAKESPAN : 53

- MACHINE [1]

0 0 0 0 0 1 1 
0 1 0 0 0 0 1 
0 0 1 0 0 0 0 
1 0 0 1 1 1 0 
0 0 1 1 0 0 0 
0 0 1 0 0 0 1 
1 0 0 1 0 1 0 
0 0 0 0 0 0 0 
1 1 0 0 0 0 0 
1 1 0 0 0 0 0 
0 0 0 0 1 0 1 
0 1 1 1 1 0 1 
0 0 0 0 0 0 0 
0 0 0 0 0 0 0 
0 0 0 1 0 0 0 

JOBS [7] - [8, 1, 10, 2, 5, 9, 4]
TOOL SWITCHES : 5
MAKESPAN : 54

# -------------------------- #

--- TOTAL TOOL SWITCHES : 17
--- HIGHEST MAKESPAN : 54
--- TOTAL FLOWTIME : 420
--- RUNNING TIME : 0.955661

# -------------------------- #
RUN : 1 - instancias_txt/SSP-NPM-I/ins69_m=2_j=15_t=15_var=9.txt

- MACHINE [0]

1 0 0 0 0 0 0 
0 0 1 1 1 1 1 
1 1 0 0 1 1 0 
0 1 0 0 0 0 0 
0 0 0 1 0 0 0 
1 1 1 0 0 0 0 
0 0 0 0 0 0 0 
0 0 0 0 0 0 0 
0 0 0 0 0 1 1 
0 0 0 0 0 0 0 
0 0 1 0 0 0 0 
0 0 0 0 0 0 0 
0 0 0 1 1 0 1 
0 0 0 0 0 0 1 
0 1 0 1 1 1 1 

JOBS [7] - [7, 4, 10, 0, 8, 6, 9]
TOOL SWITCHES : 6
MAKESPAN : 54

- MACHINE [1]

0 0 1 1 1 0 1 1 
0 0 0 0 0 0 0 0 
0 0 0 0 1 0 1 1 
0 0 0 0 0 0 0 0 
0 1 1 0 0 0 0 1 
0 1 0 0 0 0 0 0 
0 0 0 0 1 0 1 0 
0 0 1 0 0 0 0 0 
0 0 0 0 0 0 0 0 
0 0 0 0 0 1 1 0 
1 0 0 1 0 0 0 0 
0 0 0 0 0 0 0 0 
0 1 0 1 1 1 0 1 
1 0 1 0 1 0 0 0 
1 0 0 1 0 1 0 0 

JOBS [8] - [3, 5, 13, 2, 12, 1, 14, 11]
TOOL SWITCHES : 4
MAKESPAN : 54

# -------------------------- #

--- TOTAL TOOL SWITCHES : 10
--- HIGHEST MAKESPAN : 54
--- TOTAL FLOWTIME : 439
--- RUNNING TIME : 1.01585

# -------------------------- #
RUN : 1 - instancias_txt/SSP-NPM-I/ins70_m=2_j=15_t=15_var=10.txt

- MACHINE [0]

0 0 0 0 0 1 0 0 
0 1 1 0 0 0 0 0 
1 0 0 0 0 0 0 0 
0 0 0 1 0 0 0 0 
0 0 0 1 0 1 1 0 
0 0 1 1 0 0 0 0 
0 0 0 0 1 1 0 0 
0 0 0 0 0 1 0 1 
1 1 0 0 0 0 0 1 
1 0 0 0 1 0 0 0 
0 0 0 0 0 0 0 0 
1 1 1 1 1 0 1 1 
0 0 0 0 0 0 0 0 
1 1 0 1 0 0 0 0 
0 0 0 0 0 0 1 1 

JOBS [8] - [12, 2, 4, 1, 6, 8, 9, 11]
TOOL SWITCHES : 10
MAKESPAN : 47

- MACHINE [1]

0 0 0 0 0 1 0 
0 1 1 0 0 0 0 
0 0 1 0 1 0 0 
1 1 1 1 0 0 0 
0 1 0 0 1 1 0 
0 0 0 0 0 0 1 
1 0 0 1 1 0 0 
0 0 0 0 0 0 0 
0 0 0 1 0 1 0 
1 1 0 0 0 0 0 
0 0 1 1 0 1 0 
0 0 0 0 0 0 0 
0 0 0 0 1 0 0 
0 0 0 0 0 1 1 
1 0 1 0 0 0 1 

JOBS [7] - [7, 10, 13, 14, 5, 0, 3]
TOOL SWITCHES : 6
MAKESPAN : 48

# -------------------------- #

--- TOTAL TOOL SWITCHES : 16
--- HIGHEST MAKESPAN : 48
--- TOTAL FLOWTIME : 350
--- RUNNING TIME : 1.12247

# -------------------------- #
RUN : 1 - instancias_txt/SSP-NPM-I/ins71_m=2_j=15_t=15_var=11.txt

- MACHINE [0]

0 1 0 0 0 0 1 
0 0 0 0 0 1 1 
1 0 0 0 0 0 1 
0 0 1 1 0 0 0 
0 0 0 1 1 0 0 
0 0 0 0 1 0 0 
0 0 1 1 0 0 0 
0 0 1 1 0 0 0 
0 0 0 0 0 0 0 
0 0 0 0 0 0 0 
1 1 0 0 0 1 1 
1 1 1 0 0 0 0 
1 1 0 0 0 0 0 
0 1 1 1 0 1 1 
1 0 0 0 1 0 0 

JOBS [7] - [13, 6, 1, 11, 0, 3, 8]
TOOL SWITCHES : 12
MAKESPAN : 56

- MACHINE [1]

1 0 0 0 0 0 0 0 
0 0 0 0 0 1 0 1 
0 1 1 0 0 0 0 0 
1 1 0 0 0 0 0 0 
1 0 0 0 0 0 0 0 
0 1 0 1 1 1 0 0 
0 1 1 0 1 0 0 0 
0 0 1 1 1 0 1 0 
1 0 1 1 0 0 0 0 
0 0 0 0 1 0 1 1 
0 0 1 0 0 1 0 1 
0 0 0 0 1 1 1 1 
0 0 0 0 1 1 0 0 
0 0 0 0 0 0 1 0 
0 0 0 1 0 0 0 0 

JOBS [8] - [14, 4, 2, 7, 5, 9, 12, 10]
TOOL SWITCHES : 8
MAKESPAN : 57

# -------------------------- #

--- TOTAL TOOL SWITCHES : 20
--- HIGHEST MAKESPAN : 57
--- TOTAL FLOWTIME : 455
--- RUNNING TIME : 1.12898

# -------------------------- #
RUN : 1 - instancias_txt/SSP-NPM-I/ins72_m=2_j=15_t=15_var=12.txt

- MACHINE [0]

1 1 1 1 0 0 0 
0 0 0 0 0 1 0 
1 1 0 0 0 0 0 
1 0 0 0 1 0 0 
0 0 0 0 0 0 1 
0 0 0 1 0 1 0 
0 0 0 0 0 0 0 
0 0 0 0 0 1 1 
1 1 1 0 0 0 0 
0 0 0 0 0 0 0 
1 0 0 0 0 0 0 
0 1 0 0 1 0 0 
0 0 0 0 1 0 0 
0 0 0 0 1 0 1 
0 0 1 1 0 0 0 

JOBS [7] - [3, 1, 14, 4, 2, 5, 13]
TOOL SWITCHES : 8
MAKESPAN : 46

- MACHINE [1]

1 0 0 1 0 0 1 1 
1 0 1 0 0 0 0 0 
0 0 1 0 0 0 1 1 
0 1 0 1 0 1 1 0 
1 1 1 0 1 1 0 1 
0 1 1 1 1 0 0 0 
0 0 0 1 1 0 0 1 
0 0 0 0 0 0 0 0 
0 0 1 1 1 1 0 0 
0 0 0 0 0 0 0 1 
0 1 0 0 0 0 0 0 
1 1 0 0 0 0 0 0 
0 0 0 0 0 1 1 0 
0 0 0 0 0 0 0 0 
0 0 0 0 0 0 1 0 

JOBS [8] - [12, 10, 7, 6, 11, 8, 9, 0]
TOOL SWITCHES : 6
MAKESPAN : 46

# -------------------------- #

--- TOTAL TOOL SWITCHES : 14
--- HIGHEST MAKESPAN : 46
--- TOTAL FLOWTIME : 360
--- RUNNING TIME : 0.988611

# -------------------------- #
RUN : 1 - instancias_txt/SSP-NPM-I/ins73_m=2_j=15_t=15_var=13.txt

- MACHINE [0]

1 0 1 0 1 0 
1 0 0 1 1 0 
1 0 0 0 0 0 
0 0 0 0 0 1 
0 0 0 0 0 1 
1 0 0 0 0 0 
1 1 1 0 0 0 
0 0 0 0 0 0 
0 1 1 0 0 0 
0 0 0 0 0 0 
0 0 0 1 0 0 
0 0 0 0 1 1 
0 0 1 1 0 0 
0 1 0 1 0 1 
0 1 0 0 1 0 

JOBS [6] - [0, 3, 6, 10, 12, 1]
TOOL SWITCHES : 10
MAKESPAN : 63

- MACHINE [1]

0 1 0 0 1 1 0 1 0 
1 0 0 0 0 0 0 0 1 
1 1 0 0 0 0 0 0 1 
0 0 0 0 0 0 1 1 0 
0 0 0 0 0 0 0 1 1 
0 0 0 1 1 0 0 0 0 
0 0 0 0 1 1 1 1 0 
1 0 0 1 0 0 0 0 0 
0 0 0 0 0 0 0 0 0 
1 1 0 0 0 1 1 0 0 
0 0 0 0 0 1 1 0 1 
0 1 1 1 0 1 0 0 0 
0 0 1 0 0 0 0 0 0 
0 0 0 0 0 0 0 0 0 
0 0 1 0 1 0 1 1 0 

JOBS [9] - [14, 5, 13, 8, 9, 2, 7, 11, 4]
TOOL SWITCHES : 7
MAKESPAN : 63

# -------------------------- #

--- TOTAL TOOL SWITCHES : 17
--- HIGHEST MAKESPAN : 63
--- TOTAL FLOWTIME : 462
--- RUNNING TIME : 1.40175

# -------------------------- #
RUN : 1 - instancias_txt/SSP-NPM-I/ins74_m=2_j=15_t=15_var=14.txt

- MACHINE [0]

0 0 0 1 1 1 1 
1 1 1 0 0 0 0 
0 0 0 0 0 0 0 
0 0 0 0 1 1 1 
0 0 1 1 1 1 0 
0 0 0 0 0 0 0 
0 0 0 0 0 0 0 
1 1 1 0 0 0 0 
0 1 0 0 0 0 0 
1 0 0 0 0 0 1 
0 1 0 0 1 1 1 
0 0 1 1 1 0 0 
0 0 1 1 0 0 0 
0 0 0 0 0 0 0 
1 0 0 0 0 0 0 

JOBS [7] - [7, 13, 0, 4, 3, 2, 11]
TOOL SWITCHES : 8
MAKESPAN : 48

- MACHINE [1]

0 0 0 0 0 1 1 1 
0 0 1 0 0 0 0 0 
0 0 0 0 0 0 0 1 
0 0 0 0 0 0 0 0 
0 1 0 0 0 0 0 0 
1 0 0 1 1 1 0 0 
1 0 1 1 0 0 0 0 
0 1 1 0 1 0 0 0 
0 1 1 1 0 1 1 1 
0 0 0 0 0 0 0 0 
0 0 0 0 1 0 0 0 
0 1 0 1 1 0 1 0 
1 1 0 0 0 0 0 0 
0 0 0 0 0 1 0 1 
0 0 0 1 1 0 0 0 

JOBS [8] - [6, 1, 9, 5, 10, 12, 14, 8]
TOOL SWITCHES : 6
MAKESPAN : 49

# -------------------------- #

--- TOTAL TOOL SWITCHES : 14
--- HIGHEST MAKESPAN : 49
--- TOTAL FLOWTIME : 372
--- RUNNING TIME : 1.0697

# -------------------------- #
RUN : 1 - instancias_txt/SSP-NPM-I/ins75_m=2_j=15_t=15_var=15.txt

- MACHINE [0]

0 0 0 1 1 1 0 
0 0 0 0 0 0 1 
0 1 0 0 0 0 0 
1 1 1 1 0 0 0 
0 0 0 0 0 0 0 
0 0 0 0 0 0 0 
0 0 0 0 0 0 1 
0 0 1 0 1 1 0 
1 1 1 1 1 0 0 
0 0 0 0 0 0 0 
1 0 0 0 0 0 0 
0 0 0 0 0 1 1 
1 1 0 0 0 0 0 
0 0 0 1 1 0 1 
0 0 0 0 0 0 0 

JOBS [7] - [10, 11, 2, 13, 0, 7, 3]
TOOL SWITCHES : 6
MAKESPAN : 50

- MACHINE [1]

0 0 0 0 1 1 1 1 
0 0 0 0 0 1 1 0 
0 1 1 1 0 0 0 0 
0 0 0 0 0 1 0 0 
0 0 1 0 0 0 0 1 
1 0 0 0 0 0 0 0 
1 0 0 0 0 0 1 0 
0 1 0 0 0 1 0 1 
0 0 1 1 0 0 0 0 
0 0 0 1 1 0 1 0 
0 0 1 0 1 0 0 1 
1 1 0 0 0 0 0 0 
1 1 0 0 1 0 0 0 
0 0 0 0 0 0 0 0 
0 0 0 0 0 0 0 0 

JOBS [8] - [1, 8, 14, 4, 12, 6, 9, 5]
TOOL SWITCHES : 7
MAKESPAN : 51

# -------------------------- #

--- TOTAL TOOL SWITCHES : 13
--- HIGHEST MAKESPAN : 51
--- TOTAL FLOWTIME : 410
--- RUNNING TIME : 0.968747

# -------------------------- #
RUN : 1 - instancias_txt/SSP-NPM-I/ins76_m=2_j=15_t=15_var=16.txt

- MACHINE [0]

0 0 0 0 0 0 0 
0 0 1 0 1 0 1 
1 0 0 0 0 0 0 
0 0 1 0 0 0 0 
0 0 0 0 0 0 0 
0 0 0 1 0 1 1 
1 1 0 0 0 0 0 
1 0 1 1 1 0 0 
0 0 0 1 1 1 0 
0 0 0 0 1 1 1 
0 0 0 0 0 1 1 
1 1 1 1 0 0 0 
0 0 0 0 0 0 0 
0 0 0 0 0 0 0 
0 1 1 1 0 0 0 

JOBS [7] - [13, 0, 14, 12, 11, 5, 1]
TOOL SWITCHES : 7
MAKESPAN : 48

- MACHINE [1]

1 1 0 1 0 0 0 0 
0 0 0 0 0 1 0 0 
0 0 0 0 1 0 0 1 
1 0 0 1 0 0 0 0 
0 0 0 0 0 0 0 0 
0 0 0 0 0 0 0 0 
0 0 0 1 0 0 0 0 
0 0 0 0 1 1 1 1 
0 0 0 0 0 0 0 0 
0 1 0 1 0 0 1 1 
0 1 1 0 0 0 0 0 
0 0 0 0 0 0 0 0 
1 1 1 0 0 0 1 0 
0 0 1 0 1 0 1 0 
1 0 1 0 1 1 0 0 

JOBS [8] - [9, 6, 2, 7, 10, 8, 4, 3]
TOOL SWITCHES : 4
MAKESPAN : 43

# -------------------------- #

--- TOTAL TOOL SWITCHES : 11
--- HIGHEST MAKESPAN : 48
--- TOTAL FLOWTIME : 371
--- RUNNING TIME : 1.02651

# -------------------------- #
RUN : 1 - instancias_txt/SSP-NPM-I/ins77_m=2_j=15_t=15_var=17.txt

- MACHINE [0]

1 1 1 0 0 1 0 
0 0 0 0 1 1 0 
0 0 0 0 0 0 0 
0 1 1 0 0 0 0 
0 1 1 0 0 1 1 
1 1 0 0 0 0 0 
0 0 0 0 0 0 1 
0 0 0 0 0 0 0 
0 0 0 1 1 0 0 
0 1 0 1 1 0 0 
1 0 0 0 0 0 0 
1 0 0 0 0 1 1 
0 0 0 0 0 0 0 
0 0 0 1 0 0 1 
0 0 1 0 1 1 0 

JOBS [7] - [2, 6, 12, 0, 13, 7, 1]
TOOL SWITCHES : 10
MAKESPAN : 51

- MACHINE [1]

0 0 0 0 0 0 0 0 
1 0 1 0 0 0 1 0 
0 1 0 0 0 0 1 1 
0 0 0 0 0 0 1 0 
0 0 1 1 1 0 0 0 
1 1 1 0 0 0 0 0 
0 0 0 0 1 0 0 0 
1 1 0 1 1 0 0 0 
1 0 1 1 0 0 0 0 
0 0 0 1 0 0 0 1 
0 1 0 0 0 1 0 1 
0 0 0 0 0 0 0 0 
1 0 0 0 0 1 1 1 
0 0 0 0 0 1 1 1 
0 0 0 0 0 1 0 0 

JOBS [8] - [4, 8, 9, 5, 3, 11, 14, 10]
TOOL SWITCHES : 7
MAKESPAN : 49

# -------------------------- #

--- TOTAL TOOL SWITCHES : 17
--- HIGHEST MAKESPAN : 51
--- TOTAL FLOWTIME : 373
--- RUNNING TIME : 1.14522

# -------------------------- #
RUN : 1 - instancias_txt/SSP-NPM-I/ins78_m=2_j=15_t=15_var=18.txt

- MACHINE [0]

1 1 1 1 1 0 0 0 
1 0 0 0 1 0 0 0 
0 0 1 0 1 0 0 0 
0 0 0 0 0 0 1 1 
0 0 0 0 0 0 0 0 
0 1 1 0 0 1 0 0 
0 0 0 0 0 0 0 0 
1 1 0 0 0 1 0 0 
1 0 0 0 0 0 1 0 
0 1 1 0 0 0 0 0 
0 1 0 1 0 0 0 1 
0 0 0 1 1 1 1 1 
0 0 0 0 0 0 0 0 
0 0 0 0 0 1 0 0 
1 0 0 0 0 1 1 0 

JOBS [8] - [9, 10, 5, 4, 8, 14, 13, 0]
TOOL SWITCHES : 12
MAKESPAN : 52

- MACHINE [1]

0 0 1 0 0 0 0 
0 0 0 0 1 0 0 
0 1 1 0 0 0 0 
0 0 0 1 0 1 1 
0 0 0 0 0 0 0 
0 0 0 0 1 1 1 
1 0 0 0 0 0 0 
0 1 0 0 0 1 0 
0 0 1 0 1 0 1 
1 1 0 1 0 0 0 
0 0 1 0 1 0 0 
0 0 0 0 0 0 0 
1 1 0 1 0 0 0 
1 1 0 0 0 0 0 
0 0 0 1 0 0 1 

JOBS [7] - [1, 6, 11, 2, 7, 3, 12]
TOOL SWITCHES : 6
MAKESPAN : 52

# -------------------------- #

--- TOTAL TOOL SWITCHES : 18
--- HIGHEST MAKESPAN : 52
--- TOTAL FLOWTIME : 435
--- RUNNING TIME : 1.05548

# -------------------------- #
RUN : 1 - instancias_txt/SSP-NPM-I/ins79_m=2_j=15_t=15_var=19.txt

- MACHINE [0]

1 0 0 0 1 0 
0 0 1 1 0 0 
0 0 0 0 0 0 
0 0 1 0 0 0 
1 1 1 1 1 0 
0 0 0 0 0 0 
0 0 1 0 1 1 
1 0 0 0 0 1 
1 1 0 1 0 0 
1 0 0 0 0 0 
0 0 0 1 1 1 
0 0 0 0 1 0 
0 1 0 0 0 0 
0 0 0 0 0 0 
0 0 0 0 0 1 

JOBS [6] - [2, 7, 4, 0, 5, 11]
TOOL SWITCHES : 9
MAKESPAN : 55

- MACHINE [1]

0 0 0 0 0 0 0 1 0 
0 0 0 0 0 0 1 1 0 
1 1 1 0 0 0 0 0 0 
0 1 0 1 1 1 0 0 0 
0 0 0 0 0 0 0 0 0 
0 0 0 0 1 0 0 1 1 
0 0 0 0 0 1 0 1 0 
0 0 0 0 1 0 1 0 1 
1 0 1 1 0 0 0 0 0 
0 0 0 1 0 0 0 0 1 
0 0 0 0 0 0 0 0 0 
1 0 0 0 1 0 0 0 0 
0 0 0 0 0 0 1 1 0 
1 1 1 0 0 0 1 0 0 
0 1 1 1 1 1 0 0 0 

JOBS [9] - [6, 12, 14, 8, 9, 1, 3, 10, 13]
TOOL SWITCHES : 6
MAKESPAN : 54

# -------------------------- #

--- TOTAL TOOL SWITCHES : 15
--- HIGHEST MAKESPAN : 55
--- TOTAL FLOWTIME : 399
--- RUNNING TIME : 1.38202

# -------------------------- #
RUN : 1 - instancias_txt/SSP-NPM-I/ins80_m=2_j=15_t=15_var=20.txt

- MACHINE [0]

0 0 0 0 1 0 1 1 
1 0 0 0 0 0 0 0 
0 1 1 0 1 0 1 0 
1 1 0 0 0 0 0 0 
0 0 0 0 0 0 1 1 
0 0 0 1 0 1 0 1 
0 0 0 1 1 1 0 0 
0 0 1 0 0 0 0 0 
1 0 1 1 0 0 0 0 
0 0 0 0 0 0 0 0 
1 0 1 1 0 0 0 0 
0 0 0 0 0 0 0 1 
0 0 1 0 0 0 1 0 
0 1 0 0 0 0 0 1 
0 0 0 0 1 1 0 0 

JOBS [8] - [8, 2, 12, 14, 3, 5, 11, 13]
TOOL SWITCHES : 11
MAKESPAN : 57

- MACHINE [1]

1 0 0 0 0 0 0 
0 0 1 1 0 0 0 
0 0 0 0 0 0 0 
1 0 0 0 0 0 0 
0 1 0 0 0 0 0 
1 1 0 1 0 1 0 
1 1 0 1 0 0 0 
0 1 0 0 0 0 1 
0 0 0 0 0 0 0 
0 0 0 0 0 0 1 
0 0 0 0 0 1 1 
0 0 1 1 1 0 1 
0 1 0 1 1 0 0 
0 0 0 0 0 1 0 
1 0 1 0 1 0 1 

JOBS [7] - [0, 10, 4, 7, 6, 9, 1]
TOOL SWITCHES : 6
MAKESPAN : 52

# -------------------------- #

--- TOTAL TOOL SWITCHES : 17
--- HIGHEST MAKESPAN : 57
--- TOTAL FLOWTIME : 450
--- RUNNING TIME : 0.961096

# -------------------------- #


avg : 52.9
