RUN : 1 - instancias_txt/SSP-NPM-I/ins61_m=2_j=15_t=15_var=1.txt

- MACHINE [0]

1 1 1 0 0 0 0 1 
0 0 1 0 1 1 1 1 
0 1 0 0 0 0 0 0 
0 1 1 1 0 0 1 1 
0 0 0 0 1 1 0 0 
1 0 0 0 0 0 0 0 
1 0 0 0 0 0 0 0 
0 0 0 0 0 1 0 0 
0 0 0 0 0 0 0 1 
0 0 1 1 1 1 0 0 
1 0 1 0 0 0 0 0 
0 0 0 0 0 0 0 1 
0 0 0 1 1 0 1 0 
0 0 0 0 0 0 1 0 
1 1 0 1 1 0 0 0 

JOBS [8] - [12, 14, 6, 13, 7, 4, 8, 11]
TOOL SWITCHES : 13
MAKESPAN : 54

- MACHINE [1]

0 1 1 0 0 0 0 
0 0 1 0 1 0 1 
0 0 1 1 0 1 0 
0 0 0 0 0 1 1 
0 0 0 0 0 0 0 
0 0 0 1 0 1 0 
0 1 0 0 0 0 0 
0 0 1 0 1 1 0 
0 0 0 0 1 0 0 
1 1 0 0 0 0 0 
0 0 0 0 0 1 1 
1 0 1 1 1 0 1 
1 1 0 0 0 0 0 
0 0 0 0 0 0 0 
0 1 1 0 0 0 0 

JOBS [7] - [3, 1, 10, 5, 9, 0, 2]
TOOL SWITCHES : 6
MAKESPAN : 54

# -------------------------- #

--- TOTAL TOOL SWITCHES : 19
--- HIGHEST MAKESPAN : 54
--- TOTAL FLOWTIME : 486
--- RUNNING TIME : 0.894991

# -------------------------- #
RUN : 1 - instancias_txt/SSP-NPM-I/ins62_m=2_j=15_t=15_var=2.txt

- MACHINE [0]

1 0 1 0 0 0 0 1 
0 0 0 0 0 0 0 1 
0 0 0 1 0 1 0 0 
0 0 0 1 0 0 0 0 
1 1 0 1 0 0 0 0 
0 0 0 0 1 1 1 1 
0 0 0 0 0 0 1 1 
1 1 0 0 0 0 0 1 
1 0 0 0 1 0 0 0 
1 0 0 0 0 1 1 0 
0 0 1 1 1 1 0 0 
0 0 0 0 1 1 1 0 
0 0 1 0 0 0 0 0 
0 1 0 0 0 0 0 0 
0 0 0 0 0 0 1 0 

JOBS [8] - [7, 12, 5, 9, 10, 1, 0, 2]
TOOL SWITCHES : 13
MAKESPAN : 55

- MACHINE [1]

0 0 0 0 0 0 0 
0 1 0 0 0 0 0 
1 1 1 0 0 0 0 
0 0 0 1 1 0 0 
0 0 0 0 0 0 0 
0 0 0 1 0 0 0 
0 0 0 0 0 0 1 
0 0 0 0 0 0 0 
0 0 1 0 0 1 1 
0 0 0 0 0 0 0 
0 0 1 1 1 1 1 
1 0 0 0 0 1 1 
0 0 0 0 1 1 0 
1 1 1 0 0 1 1 
0 0 0 1 1 0 0 

JOBS [7] - [14, 11, 3, 13, 8, 4, 6]
TOOL SWITCHES : 4
MAKESPAN : 55

# -------------------------- #

--- TOTAL TOOL SWITCHES : 17
--- HIGHEST MAKESPAN : 55
--- TOTAL FLOWTIME : 408
--- RUNNING TIME : 1.01863

# -------------------------- #
RUN : 1 - instancias_txt/SSP-NPM-I/ins63_m=2_j=15_t=15_var=3.txt

- MACHINE [0]

0 1 0 0 0 0 0 0 
1 0 0 1 1 1 0 0 
1 1 0 0 0 0 0 0 
0 0 0 0 0 0 0 1 
0 0 0 0 0 0 0 0 
0 0 0 0 0 0 0 1 
0 1 0 1 0 0 1 0 
0 0 0 1 0 0 0 0 
0 0 0 0 1 1 1 0 
0 0 0 0 0 0 1 0 
0 0 1 1 1 0 0 1 
0 0 1 0 1 0 0 0 
0 0 0 0 0 1 1 1 
1 1 0 0 0 0 0 0 
0 0 1 0 0 0 0 0 

JOBS [8] - [7, 14, 13, 11, 1, 8, 2, 4]
TOOL SWITCHES : 9
MAKESPAN : 44

- MACHINE [1]

1 1 0 0 0 0 0 
1 1 0 0 0 0 1 
1 1 1 0 0 0 0 
0 0 0 0 0 0 0 
1 0 0 1 0 1 0 
0 0 0 1 1 1 0 
0 0 0 1 0 0 0 
0 0 1 0 0 1 0 
0 0 0 0 0 0 0 
0 0 1 0 0 0 0 
0 0 0 0 0 0 1 
0 0 0 0 0 1 1 
0 0 0 0 0 0 0 
0 0 0 0 1 0 1 
0 1 1 1 1 0 0 

JOBS [7] - [6, 5, 3, 0, 10, 9, 12]
TOOL SWITCHES : 5
MAKESPAN : 44

# -------------------------- #

--- TOTAL TOOL SWITCHES : 14
--- HIGHEST MAKESPAN : 44
--- TOTAL FLOWTIME : 307
--- RUNNING TIME : 1.05266

# -------------------------- #
RUN : 1 - instancias_txt/SSP-NPM-I/ins64_m=2_j=15_t=15_var=4.txt

- MACHINE [0]

1 0 0 0 0 1 0 
1 0 1 0 0 0 0 
0 0 0 1 0 0 0 
0 0 1 0 0 0 1 
1 0 0 0 1 0 1 
0 1 1 1 0 0 0 
0 0 0 0 0 0 1 
1 1 0 0 0 0 0 
0 0 0 0 1 0 0 
1 0 1 1 0 0 0 
0 0 0 0 1 1 0 
0 1 0 0 1 0 0 
0 0 0 0 0 0 0 
0 0 0 1 1 1 1 
0 0 1 0 0 1 0 

JOBS [7] - [11, 14, 6, 10, 9, 0, 3]
TOOL SWITCHES : 14
MAKESPAN : 55

- MACHINE [1]

1 0 0 0 0 0 0 0 
0 0 0 1 1 1 0 1 
0 0 1 1 0 0 0 0 
1 1 0 0 0 0 0 0 
0 1 0 1 1 1 1 1 
0 0 0 0 0 0 0 0 
1 0 0 0 1 0 1 0 
0 0 0 0 0 0 0 0 
1 0 1 0 1 1 0 0 
0 0 0 0 0 0 0 1 
0 0 0 0 0 0 0 1 
0 0 0 0 0 0 1 0 
0 1 1 0 0 0 0 0 
1 1 1 1 0 0 0 0 
0 0 1 0 0 1 1 0 

JOBS [8] - [12, 5, 1, 2, 7, 8, 4, 13]
TOOL SWITCHES : 6
MAKESPAN : 55

# -------------------------- #

--- TOTAL TOOL SWITCHES : 20
--- HIGHEST MAKESPAN : 55
--- TOTAL FLOWTIME : 437
--- RUNNING TIME : 1.0251

# -------------------------- #
RUN : 1 - instancias_txt/SSP-NPM-I/ins65_m=2_j=15_t=15_var=5.txt

- MACHINE [0]

0 1 1 0 0 0 0 
0 1 0 1 0 0 0 
0 0 0 0 0 0 1 
1 0 0 0 0 0 0 
0 0 0 0 0 0 0 
0 0 0 0 0 1 1 
0 0 0 0 1 1 0 
0 0 0 0 0 0 1 
0 0 1 1 0 0 0 
0 0 0 0 1 0 0 
0 0 0 1 1 0 0 
0 0 0 0 0 0 0 
1 0 1 0 1 1 0 
1 1 0 0 0 0 0 
1 0 1 0 0 1 0 

JOBS [7] - [13, 12, 7, 11, 10, 5, 6]
TOOL SWITCHES : 8
MAKESPAN : 46

- MACHINE [1]

0 1 1 1 0 0 0 0 
0 1 0 0 1 1 0 0 
1 1 0 1 0 0 0 0 
0 0 0 0 0 0 0 0 
0 0 0 0 1 1 1 0 
1 1 1 0 0 0 0 0 
0 0 0 0 0 0 0 0 
0 0 0 0 0 0 0 0 
0 0 0 0 0 0 1 0 
0 0 0 0 0 0 1 1 
1 1 0 0 1 0 0 1 
1 0 0 0 0 1 0 0 
0 0 0 0 1 1 1 1 
0 0 1 1 0 0 0 1 
0 0 0 1 0 0 0 0 

JOBS [8] - [8, 4, 3, 0, 2, 14, 1, 9]
TOOL SWITCHES : 5
MAKESPAN : 47

# -------------------------- #

--- TOTAL TOOL SWITCHES : 13
--- HIGHEST MAKESPAN : 47
--- TOTAL FLOWTIME : 366
--- RUNNING TIME : 1.0487

# -------------------------- #
RUN : 1 - instancias_txt/SSP-NPM-I/ins66_m=2_j=15_t=15_var=6.txt

- MACHINE [0]

0 0 0 0 0 1 1 
0 1 0 1 0 0 0 
0 1 1 0 0 0 0 
0 0 0 0 0 0 0 
0 0 0 0 1 0 0 
1 1 1 0 1 0 1 
1 0 0 0 0 0 0 
0 0 1 1 0 1 0 
0 0 0 1 1 1 0 
1 1 0 0 0 0 0 
0 0 0 0 0 0 1 
0 0 0 0 0 0 0 
1 0 1 0 1 1 0 
1 0 0 0 0 0 0 
0 0 0 0 0 0 1 

JOBS [7] - [2, 1, 8, 13, 10, 4, 11]
TOOL SWITCHES : 8
MAKESPAN : 55

- MACHINE [1]

0 1 1 1 0 0 0 0 
0 0 0 0 0 0 0 1 
1 0 1 1 1 0 0 0 
1 0 0 0 0 1 0 0 
0 0 0 0 0 0 0 0 
0 0 0 0 0 0 0 0 
0 1 0 1 0 0 1 1 
0 0 0 0 1 1 0 1 
0 0 0 0 0 1 1 0 
0 0 0 0 0 1 1 0 
0 1 0 0 0 0 0 0 
0 0 0 1 0 0 0 0 
0 0 0 0 0 0 0 0 
0 0 0 0 0 1 1 1 
1 0 1 0 1 1 0 1 

JOBS [8] - [9, 0, 5, 7, 6, 14, 12, 3]
TOOL SWITCHES : 5
MAKESPAN : 56

# -------------------------- #

--- TOTAL TOOL SWITCHES : 13
--- HIGHEST MAKESPAN : 56
--- TOTAL FLOWTIME : 403
--- RUNNING TIME : 0.903122

# -------------------------- #
RUN : 1 - instancias_txt/SSP-NPM-I/ins67_m=2_j=15_t=15_var=7.txt

- MACHINE [0]

1 0 0 0 0 0 0 
0 1 0 0 1 1 1 
0 0 0 0 0 0 1 
1 0 1 0 0 0 0 
0 0 0 1 1 1 0 
0 0 0 1 0 0 0 
1 0 0 0 0 0 0 
0 0 0 0 0 1 0 
1 1 0 0 0 0 0 
0 1 1 0 1 0 0 
1 0 0 0 0 0 1 
0 0 1 1 0 0 0 
0 0 1 1 1 1 1 
0 1 0 0 1 1 1 
0 0 0 0 0 0 0 

JOBS [7] - [12, 4, 5, 3, 9, 7, 13]
TOOL SWITCHES : 12
MAKESPAN : 60

- MACHINE [1]

0 0 0 0 1 0 1 0 
1 0 0 0 0 0 0 0 
0 0 0 0 0 1 1 0 
0 0 0 0 0 0 0 0 
1 0 0 0 1 1 1 0 
0 0 0 0 0 1 0 1 
0 0 1 1 0 0 1 1 
1 0 1 1 0 0 0 0 
0 1 1 0 0 0 0 0 
0 0 0 0 0 0 0 0 
0 1 0 1 1 0 0 0 
0 0 0 1 0 0 0 0 
0 0 0 0 0 0 0 1 
1 0 0 0 0 0 0 1 
0 1 1 1 0 0 1 1 

JOBS [8] - [0, 14, 10, 11, 6, 2, 1, 8]
TOOL SWITCHES : 6
MAKESPAN : 61

# -------------------------- #

--- TOTAL TOOL SWITCHES : 18
--- HIGHEST MAKESPAN : 61
--- TOTAL FLOWTIME : 465
--- RUNNING TIME : 1.13088

# -------------------------- #
RUN : 1 - instancias_txt/SSP-NPM-I/ins68_m=2_j=15_t=15_var=8.txt

- MACHINE [0]

0 0 0 0 0 0 1 0 
1 0 1 0 0 0 0 0 
1 1 0 1 0 0 0 0 
0 0 0 0 0 0 0 1 
0 0 0 1 1 1 0 1 
0 0 0 0 0 0 0 0 
1 0 0 0 1 0 0 1 
1 0 0 0 1 1 1 0 
0 0 0 0 0 0 0 0 
0 0 0 0 0 0 0 0 
1 1 1 0 0 0 0 0 
0 0 0 0 0 1 1 1 
0 0 1 1 0 0 0 0 
0 1 1 1 1 1 0 0 
0 1 1 0 0 1 1 1 

JOBS [8] - [6, 14, 13, 7, 3, 0, 12, 2]
TOOL SWITCHES : 11
MAKESPAN : 51

- MACHINE [1]

0 0 1 0 0 1 0 
0 0 0 1 0 1 0 
0 1 0 0 1 0 0 
1 1 1 0 0 0 1 
0 0 0 0 1 0 0 
0 0 0 0 1 1 0 
1 0 1 0 0 0 0 
0 0 0 0 0 0 0 
1 1 0 1 0 0 0 
1 0 0 1 0 0 0 
0 0 0 0 0 1 1 
0 0 0 1 1 1 1 
0 0 0 0 0 0 0 
0 0 0 0 0 0 0 
0 0 0 0 0 0 0 

JOBS [7] - [8, 11, 9, 1, 10, 4, 5]
TOOL SWITCHES : 4
MAKESPAN : 51

# -------------------------- #

--- TOTAL TOOL SWITCHES : 15
--- HIGHEST MAKESPAN : 51
--- TOTAL FLOWTIME : 382
--- RUNNING TIME : 1.05331

# -------------------------- #
RUN : 1 - instancias_txt/SSP-NPM-I/ins69_m=2_j=15_t=15_var=9.txt

- MACHINE [0]

0 1 0 0 0 0 0 
0 0 1 1 1 1 1 
1 1 0 1 1 0 0 
1 0 0 0 0 0 0 
0 0 0 0 0 1 0 
1 1 1 0 0 0 0 
0 0 0 0 0 0 0 
0 0 0 0 0 0 0 
0 0 0 0 1 0 1 
0 0 0 0 0 0 0 
0 0 1 0 0 0 0 
0 0 0 0 0 0 0 
0 0 0 1 0 1 1 
0 0 0 0 0 0 1 
1 0 0 1 1 1 1 

JOBS [7] - [4, 7, 10, 8, 6, 0, 9]
TOOL SWITCHES : 6
MAKESPAN : 54

- MACHINE [1]

0 1 1 1 0 0 1 1 
0 0 0 0 0 0 0 0 
0 1 1 0 0 0 0 1 
0 0 0 0 0 0 0 0 
0 0 0 1 1 0 0 1 
0 0 0 0 1 0 0 0 
0 1 1 0 0 0 0 0 
0 0 0 1 0 0 0 0 
0 0 0 0 0 0 0 0 
1 1 0 0 0 0 0 0 
0 0 0 0 0 1 1 0 
0 0 0 0 0 0 0 0 
1 0 1 0 1 0 1 1 
0 0 1 1 0 1 0 0 
1 0 0 0 0 1 1 0 

JOBS [8] - [1, 14, 12, 13, 5, 3, 2, 11]
TOOL SWITCHES : 4
MAKESPAN : 54

# -------------------------- #

--- TOTAL TOOL SWITCHES : 10
--- HIGHEST MAKESPAN : 54
--- TOTAL FLOWTIME : 440
--- RUNNING TIME : 0.937989

# -------------------------- #
RUN : 1 - instancias_txt/SSP-NPM-I/ins70_m=2_j=15_t=15_var=10.txt

- MACHINE [0]

1 0 0 0 0 0 0 0 
0 0 0 0 1 1 0 0 
0 0 0 1 0 0 0 0 
0 0 0 0 0 0 1 0 
1 0 0 0 0 0 1 1 
0 0 0 0 1 0 1 0 
1 0 1 0 0 0 0 0 
1 1 0 0 0 0 0 0 
0 1 0 1 0 1 0 0 
0 0 1 1 0 0 0 0 
0 0 0 0 0 0 0 0 
0 1 1 1 1 1 1 1 
0 0 0 0 0 0 0 0 
0 0 0 1 0 1 1 0 
0 1 0 0 0 0 0 1 

JOBS [8] - [8, 11, 6, 12, 4, 2, 1, 9]
TOOL SWITCHES : 10
MAKESPAN : 47

- MACHINE [1]

0 0 0 0 0 0 1 
0 1 1 0 0 0 0 
1 1 0 0 0 0 0 
0 1 1 1 1 0 0 
1 0 1 0 0 0 1 
0 0 0 0 0 1 0 
1 0 0 1 1 0 0 
0 0 0 0 0 0 0 
0 0 0 0 1 0 1 
0 0 1 1 0 0 0 
0 1 0 0 1 0 1 
0 0 0 0 0 0 0 
1 0 0 0 0 0 0 
0 0 0 0 0 1 1 
0 1 0 1 0 1 0 

JOBS [7] - [5, 13, 10, 7, 14, 3, 0]
TOOL SWITCHES : 6
MAKESPAN : 48

# -------------------------- #

--- TOTAL TOOL SWITCHES : 16
--- HIGHEST MAKESPAN : 48
--- TOTAL FLOWTIME : 417
--- RUNNING TIME : 0.987727

# -------------------------- #
RUN : 1 - instancias_txt/SSP-NPM-I/ins71_m=2_j=15_t=15_var=11.txt

- MACHINE [0]

0 1 0 1 0 0 0 
0 0 1 1 0 0 0 
1 0 0 1 0 0 0 
0 0 0 0 0 1 1 
0 0 0 0 0 0 1 
0 0 0 0 0 0 0 
0 0 0 0 0 1 1 
0 0 0 0 1 1 1 
0 0 0 0 0 0 0 
0 0 0 0 1 0 0 
1 1 1 1 0 0 0 
1 1 0 0 1 1 0 
1 1 0 0 0 0 0 
0 1 1 1 1 1 1 
1 0 0 0 0 0 0 

JOBS [7] - [13, 6, 3, 8, 12, 1, 11]
TOOL SWITCHES : 10
MAKESPAN : 52

- MACHINE [1]

1 0 0 0 0 0 0 0 
0 0 0 0 0 0 1 1 
0 0 0 1 1 0 0 0 
1 0 0 1 0 0 0 0 
1 1 0 0 0 0 0 0 
0 1 1 1 0 1 0 1 
0 0 0 1 1 1 0 0 
0 0 1 0 1 1 0 0 
1 0 1 0 1 0 0 0 
0 0 0 0 0 1 1 0 
0 0 0 0 1 0 1 1 
0 0 0 0 0 1 1 1 
0 0 0 0 0 1 0 1 
0 0 0 0 0 0 0 0 
0 1 1 0 0 0 0 0 

JOBS [8] - [14, 0, 7, 4, 2, 5, 10, 9]
TOOL SWITCHES : 7
MAKESPAN : 55

# -------------------------- #

--- TOTAL TOOL SWITCHES : 17
--- HIGHEST MAKESPAN : 55
--- TOTAL FLOWTIME : 425
--- RUNNING TIME : 0.918446

# -------------------------- #
RUN : 1 - instancias_txt/SSP-NPM-I/ins72_m=2_j=15_t=15_var=12.txt

- MACHINE [0]

0 0 0 0 1 1 1 1 
0 0 1 1 0 0 0 0 
0 0 0 1 0 0 1 1 
0 0 0 0 0 0 0 1 
1 1 0 1 0 0 0 0 
0 1 1 1 0 1 0 0 
0 1 0 0 0 0 0 0 
1 0 1 0 0 0 0 0 
0 1 0 1 1 0 1 1 
0 0 0 0 0 0 0 0 
0 0 0 0 0 0 0 1 
0 0 0 0 0 0 1 0 
0 0 0 0 0 0 0 0 
1 0 0 0 0 0 0 0 
0 0 0 0 1 1 0 0 

JOBS [8] - [13, 11, 5, 7, 14, 4, 1, 3]
TOOL SWITCHES : 8
MAKESPAN : 47

- MACHINE [1]

1 1 1 0 0 0 1 
0 0 0 0 0 0 1 
1 1 0 0 0 0 0 
0 1 1 1 1 1 0 
1 0 0 1 0 1 1 
0 0 1 0 0 1 0 
1 0 1 0 0 0 0 
0 0 0 0 0 0 0 
0 0 1 1 0 0 0 
1 0 0 0 0 0 0 
0 0 0 0 0 1 0 
0 0 0 0 1 1 1 
0 1 0 1 1 0 0 
0 0 0 0 1 0 0 
0 1 0 0 0 0 0 

JOBS [7] - [0, 9, 6, 8, 2, 10, 12]
TOOL SWITCHES : 7
MAKESPAN : 46

# -------------------------- #

--- TOTAL TOOL SWITCHES : 15
--- HIGHEST MAKESPAN : 47
--- TOTAL FLOWTIME : 367
--- RUNNING TIME : 0.962344

# -------------------------- #
RUN : 1 - instancias_txt/SSP-NPM-I/ins73_m=2_j=15_t=15_var=13.txt

- MACHINE [0]

1 1 1 1 0 1 
1 0 0 0 0 0 
1 0 0 0 0 0 
0 0 1 0 0 0 
0 0 1 0 0 0 
1 1 0 0 0 0 
1 1 1 1 1 1 
0 0 0 0 0 0 
0 0 0 1 1 0 
0 0 0 0 0 1 
0 0 0 0 0 1 
0 0 0 0 0 1 
0 0 0 1 0 0 
0 0 0 0 1 0 
0 1 1 0 1 0 

JOBS [6] - [0, 9, 11, 6, 3, 2]
TOOL SWITCHES : 9
MAKESPAN : 63

- MACHINE [1]

0 1 1 0 0 0 0 0 0 
1 0 1 0 0 1 1 0 0 
1 1 0 0 0 1 0 0 0 
0 0 0 0 0 0 0 1 1 
0 0 0 0 0 1 0 1 0 
0 0 0 0 1 0 0 0 0 
0 0 0 0 0 0 0 0 1 
1 0 0 0 1 0 0 0 0 
0 0 0 0 0 0 0 0 0 
1 1 0 0 0 0 0 0 1 
0 0 0 0 0 1 1 0 1 
0 1 1 1 1 0 0 1 0 
0 0 0 1 0 0 1 0 0 
0 0 0 0 0 0 1 1 0 
0 0 1 1 0 0 0 0 1 

JOBS [9] - [14, 5, 12, 13, 8, 4, 10, 1, 7]
TOOL SWITCHES : 8
MAKESPAN : 64

# -------------------------- #

--- TOTAL TOOL SWITCHES : 17
--- HIGHEST MAKESPAN : 64
--- TOTAL FLOWTIME : 450
--- RUNNING TIME : 1.2987

# -------------------------- #
RUN : 1 - instancias_txt/SSP-NPM-I/ins74_m=2_j=15_t=15_var=14.txt

- MACHINE [0]

1 1 1 1 0 0 0 
0 0 0 0 1 1 1 
0 0 0 0 0 0 0 
1 1 1 0 0 0 0 
0 1 1 1 1 0 0 
0 0 0 0 0 0 0 
0 0 0 0 0 0 0 
0 0 0 0 1 1 1 
0 0 0 0 0 1 0 
1 0 0 0 0 0 1 
1 1 1 0 0 1 0 
0 0 1 1 1 0 0 
0 0 0 1 1 0 0 
0 0 0 0 0 0 0 
0 0 0 0 0 0 1 

JOBS [7] - [11, 2, 3, 4, 0, 13, 7]
TOOL SWITCHES : 8
MAKESPAN : 48

- MACHINE [1]

1 1 1 0 0 0 0 0 
0 0 0 0 0 0 0 1 
1 0 0 0 0 0 0 0 
0 0 0 0 0 0 0 0 
0 0 0 0 1 0 0 0 
0 1 0 1 0 1 1 0 
0 0 0 0 0 1 1 1 
0 0 0 1 1 0 0 1 
1 1 1 0 1 1 0 1 
0 0 0 0 0 0 0 0 
0 0 0 1 0 0 0 0 
0 0 1 1 1 1 0 0 
0 0 0 0 1 0 1 0 
1 1 0 0 0 0 0 0 
0 0 0 1 0 1 0 0 

JOBS [8] - [8, 12, 14, 10, 1, 5, 6, 9]
TOOL SWITCHES : 6
MAKESPAN : 49

# -------------------------- #

--- TOTAL TOOL SWITCHES : 14
--- HIGHEST MAKESPAN : 49
--- TOTAL FLOWTIME : 382
--- RUNNING TIME : 1.25807

# -------------------------- #
RUN : 1 - instancias_txt/SSP-NPM-I/ins75_m=2_j=15_t=15_var=15.txt

- MACHINE [0]

0 0 1 1 1 0 1 
0 0 0 0 0 1 1 
0 0 0 0 0 0 0 
1 1 1 0 0 0 0 
0 0 0 0 0 0 0 
0 0 0 0 0 0 0 
0 0 0 0 0 1 1 
0 1 0 1 1 0 0 
1 1 1 1 0 0 0 
0 0 0 0 0 0 1 
1 0 0 0 0 0 0 
0 0 0 0 1 1 0 
1 0 0 0 0 0 0 
0 0 1 1 0 1 0 
0 0 0 0 0 0 0 

JOBS [7] - [10, 2, 13, 0, 7, 3, 9]
TOOL SWITCHES : 6
MAKESPAN : 49

- MACHINE [1]

1 0 0 1 0 0 0 1 
0 0 0 0 0 0 0 1 
0 1 1 0 1 1 0 0 
0 0 0 0 0 1 0 1 
0 1 0 1 0 0 0 0 
0 0 0 0 0 0 1 0 
0 0 0 0 0 0 1 0 
0 0 0 1 1 0 0 1 
0 1 1 0 0 1 0 0 
1 0 1 0 0 0 0 0 
1 1 0 1 0 0 0 0 
0 0 0 0 1 0 1 0 
1 0 0 0 1 1 1 0 
0 0 0 0 0 0 0 0 
0 0 0 0 0 0 0 0 

JOBS [8] - [12, 14, 4, 5, 8, 11, 1, 6]
TOOL SWITCHES : 6
MAKESPAN : 50

# -------------------------- #

--- TOTAL TOOL SWITCHES : 12
--- HIGHEST MAKESPAN : 50
--- TOTAL FLOWTIME : 361
--- RUNNING TIME : 1.1473

# -------------------------- #
RUN : 1 - instancias_txt/SSP-NPM-I/ins76_m=2_j=15_t=15_var=16.txt

- MACHINE [0]

0 0 0 0 0 0 0 
0 0 1 0 1 0 1 
1 0 0 0 0 0 0 
0 0 1 0 0 0 0 
0 0 0 0 0 0 0 
0 0 0 1 0 1 1 
1 1 0 0 0 0 0 
1 0 1 1 1 0 0 
0 0 0 1 1 1 0 
0 0 0 0 1 1 1 
0 0 0 0 0 1 1 
1 1 1 1 0 0 0 
0 0 0 0 0 0 0 
0 0 0 0 0 0 0 
0 1 1 1 0 0 0 

JOBS [7] - [13, 0, 14, 12, 11, 5, 1]
TOOL SWITCHES : 7
MAKESPAN : 48

- MACHINE [1]

0 0 1 0 1 1 0 0 
1 0 0 0 0 0 0 0 
0 1 0 1 0 0 0 0 
0 0 1 0 1 0 0 0 
0 0 0 0 0 0 0 0 
0 0 0 0 0 0 0 0 
0 0 0 0 1 0 0 0 
1 1 0 1 0 0 1 0 
0 0 0 0 0 0 0 0 
0 0 0 1 1 1 1 0 
0 0 0 0 0 1 0 1 
0 0 0 0 0 0 0 0 
0 0 1 0 0 1 1 1 
0 1 0 0 0 0 1 1 
1 1 1 0 0 0 0 1 

JOBS [8] - [8, 10, 9, 3, 7, 6, 4, 2]
TOOL SWITCHES : 5
MAKESPAN : 47

# -------------------------- #

--- TOTAL TOOL SWITCHES : 12
--- HIGHEST MAKESPAN : 48
--- TOTAL FLOWTIME : 359
--- RUNNING TIME : 0.929512

# -------------------------- #
RUN : 1 - instancias_txt/SSP-NPM-I/ins77_m=2_j=15_t=15_var=17.txt

- MACHINE [0]

1 1 0 0 0 1 1 
1 0 0 0 0 0 0 
0 0 0 0 0 0 0 
0 1 0 0 0 1 0 
1 1 1 0 1 1 0 
0 0 0 0 0 1 1 
0 0 1 0 0 0 0 
0 0 0 0 1 0 0 
0 0 0 1 1 0 0 
0 0 0 1 1 1 0 
0 0 0 0 0 0 1 
1 0 1 0 0 0 1 
0 0 0 0 0 0 0 
0 0 1 1 0 0 0 
1 1 0 0 0 0 0 

JOBS [7] - [7, 12, 1, 0, 5, 6, 2]
TOOL SWITCHES : 10
MAKESPAN : 48

- MACHINE [1]

0 0 0 0 0 0 0 0 
0 1 0 1 0 1 0 1 
0 1 1 0 1 0 0 0 
0 1 0 0 0 0 0 0 
0 0 0 0 0 1 1 0 
0 0 0 0 1 1 0 1 
0 0 0 0 0 0 1 0 
0 0 0 0 1 0 1 1 
0 0 0 1 0 1 0 1 
0 0 1 1 0 0 0 0 
1 0 1 0 1 0 0 0 
0 0 0 0 0 0 0 0 
1 1 1 0 0 0 0 1 
1 1 1 0 0 0 0 0 
1 0 0 1 0 0 0 0 

JOBS [8] - [11, 14, 10, 13, 8, 9, 3, 4]
TOOL SWITCHES : 6
MAKESPAN : 49

# -------------------------- #

--- TOTAL TOOL SWITCHES : 16
--- HIGHEST MAKESPAN : 49
--- TOTAL FLOWTIME : 389
--- RUNNING TIME : 1.19023

# -------------------------- #
RUN : 1 - instancias_txt/SSP-NPM-I/ins78_m=2_j=15_t=15_var=18.txt

- MACHINE [0]

1 1 1 1 0 0 0 0 
0 1 1 0 1 0 0 0 
0 0 1 0 0 0 0 0 
0 0 0 0 0 1 1 0 
0 0 0 0 0 0 0 0 
1 0 0 0 1 0 0 1 
0 0 0 0 0 0 0 0 
1 1 0 0 0 0 0 1 
0 1 0 0 1 0 1 0 
1 0 0 0 0 0 0 0 
1 0 0 1 1 1 0 0 
0 0 1 1 0 1 1 1 
0 0 0 0 0 0 0 0 
0 0 0 0 0 0 0 1 
0 1 0 0 0 0 1 1 

JOBS [8] - [10, 9, 8, 4, 7, 0, 13, 14]
TOOL SWITCHES : 11
MAKESPAN : 52

- MACHINE [1]

0 0 0 0 1 0 1 
0 0 0 0 0 0 0 
0 1 0 0 1 0 1 
0 0 1 1 0 1 0 
0 0 0 0 0 0 0 
0 0 1 0 1 1 0 
1 0 0 0 0 0 0 
0 1 1 0 0 0 0 
0 0 0 0 0 1 1 
1 1 0 1 1 0 0 
0 0 0 0 0 0 1 
0 0 0 0 0 0 0 
1 1 0 1 0 0 0 
1 1 0 0 0 0 0 
0 0 0 1 0 1 0 

JOBS [7] - [1, 6, 3, 2, 5, 12, 11]
TOOL SWITCHES : 5
MAKESPAN : 49

# -------------------------- #

--- TOTAL TOOL SWITCHES : 16
--- HIGHEST MAKESPAN : 52
--- TOTAL FLOWTIME : 399
--- RUNNING TIME : 1.08558

# -------------------------- #
RUN : 1 - instancias_txt/SSP-NPM-I/ins79_m=2_j=15_t=15_var=19.txt

- MACHINE [0]

1 0 0 1 0 0 
0 0 1 0 0 1 
0 0 0 0 0 0 
0 0 1 0 0 0 
1 1 1 1 0 1 
0 0 0 0 0 0 
0 0 1 1 1 0 
1 0 0 0 1 0 
1 1 0 0 0 1 
1 0 0 0 0 0 
0 0 0 1 1 1 
0 0 0 1 0 0 
0 1 0 0 0 0 
0 0 0 0 0 0 
0 0 0 0 1 0 

JOBS [6] - [2, 7, 4, 5, 11, 0]
TOOL SWITCHES : 10
MAKESPAN : 57

- MACHINE [1]

0 0 0 0 0 0 1 0 0 
0 0 0 0 0 0 1 1 0 
1 1 0 0 1 0 0 0 0 
0 1 1 1 0 1 0 0 0 
0 0 0 0 0 0 0 0 0 
0 0 0 0 0 1 1 0 1 
0 0 0 1 0 0 1 0 0 
0 0 0 0 0 1 0 1 1 
1 0 1 0 1 0 0 0 0 
0 0 1 0 0 0 0 0 1 
0 0 0 0 0 0 0 0 0 
0 0 0 0 1 1 0 0 0 
0 0 0 0 0 0 1 1 0 
1 1 0 0 1 0 0 1 0 
1 1 1 1 0 1 0 0 0 

JOBS [9] - [14, 12, 8, 1, 6, 9, 10, 3, 13]
TOOL SWITCHES : 7
MAKESPAN : 58

# -------------------------- #

--- TOTAL TOOL SWITCHES : 17
--- HIGHEST MAKESPAN : 58
--- TOTAL FLOWTIME : 417
--- RUNNING TIME : 1.21573

# -------------------------- #
RUN : 1 - instancias_txt/SSP-NPM-I/ins80_m=2_j=15_t=15_var=20.txt

- MACHINE [0]

0 1 0 0 0 1 0 0 
0 0 0 0 0 0 0 1 
0 1 0 0 1 1 1 0 
0 0 0 0 0 0 1 1 
0 0 0 0 0 1 0 0 
0 0 1 1 0 0 0 0 
0 1 1 1 0 0 0 0 
1 0 0 0 1 0 0 0 
0 0 0 1 1 0 0 1 
1 0 0 0 0 0 0 0 
1 0 0 1 1 0 0 1 
1 0 0 0 0 0 0 0 
0 0 0 0 1 1 0 0 
0 0 0 0 0 0 1 0 
1 1 1 0 0 0 0 0 

JOBS [8] - [1, 3, 5, 14, 12, 11, 2, 8]
TOOL SWITCHES : 13
MAKESPAN : 58

- MACHINE [1]

0 1 1 0 0 0 0 
0 0 0 0 0 1 1 
0 0 0 0 0 0 0 
0 0 1 0 0 0 0 
1 1 0 0 0 0 0 
1 1 1 1 0 0 1 
1 0 1 0 0 0 1 
1 0 0 0 0 0 0 
0 0 0 0 0 0 0 
0 0 0 0 0 0 0 
0 0 0 1 0 0 0 
0 1 0 0 1 1 1 
1 0 0 0 1 0 1 
0 1 0 1 0 0 0 
0 0 1 0 1 1 0 

JOBS [7] - [10, 13, 0, 9, 6, 4, 7]
TOOL SWITCHES : 6
MAKESPAN : 58

# -------------------------- #

--- TOTAL TOOL SWITCHES : 19
--- HIGHEST MAKESPAN : 58
--- TOTAL FLOWTIME : 493
--- RUNNING TIME : 1.16419

# -------------------------- #


avg : 52.75
