RUN : 1 - instancias_txt/SSP-NPM-I/ins61_m=2_j=15_t=15_var=1.txt

- MACHINE [0]

1 0 0 0 0 0 1 1 
0 1 0 1 1 0 0 0 
1 0 0 0 0 0 0 0 
1 1 1 0 0 0 0 0 
0 0 0 1 1 0 0 0 
0 0 0 0 0 0 0 1 
0 0 0 0 0 0 1 1 
0 0 0 0 1 0 0 0 
0 0 0 0 0 0 0 0 
0 0 1 1 1 1 1 0 
0 0 0 0 0 0 0 1 
0 0 0 0 0 1 0 0 
0 1 1 1 0 1 1 0 
0 1 0 0 0 0 0 0 
1 0 1 1 0 0 1 1 

JOBS [8] - [14, 8, 13, 7, 4, 3, 1, 12]
TOOL SWITCHES : 11
MAKESPAN : 52

- MACHINE [1]

1 0 0 0 1 1 0 
1 0 0 1 1 1 1 
0 1 1 0 1 0 0 
1 1 0 1 0 1 0 
0 0 0 0 0 0 0 
0 1 1 0 0 0 0 
0 0 0 0 0 0 0 
0 1 0 0 1 0 1 
0 0 0 0 0 1 1 
1 0 0 0 0 0 0 
1 1 0 1 0 0 0 
0 0 1 1 1 1 1 
0 0 0 0 0 0 0 
0 0 0 0 0 0 0 
0 0 0 0 1 0 0 

JOBS [7] - [6, 0, 5, 2, 10, 11, 9]
TOOL SWITCHES : 5
MAKESPAN : 54

# -------------------------- #

--- TOTAL TOOL SWITCHES : 16
--- HIGHEST MAKESPAN : 54
--- TOTAL FLOWTIME : 394
--- RUNNING TIME : 2.05027

# -------------------------- #
RUN : 1 - instancias_txt/SSP-NPM-I/ins62_m=2_j=15_t=15_var=2.txt

- MACHINE [0]

0 1 0 1 0 0 0 1 
0 0 0 0 0 0 0 1 
0 0 0 0 0 1 0 0 
1 0 0 0 0 0 0 0 
0 0 1 1 0 0 0 0 
0 0 0 0 1 1 1 1 
0 0 0 0 0 0 1 1 
0 0 1 1 0 0 0 1 
0 0 0 1 1 0 0 0 
0 0 0 1 0 1 1 0 
1 1 0 0 1 1 0 0 
0 0 0 0 1 1 1 0 
1 1 0 0 0 0 0 0 
0 0 1 0 0 0 0 0 
1 0 0 0 0 0 1 0 

JOBS [8] - [8, 5, 12, 7, 10, 1, 0, 2]
TOOL SWITCHES : 14
MAKESPAN : 55

- MACHINE [1]

0 0 0 0 0 0 0 
0 1 0 0 0 0 0 
1 1 0 1 1 0 0 
0 0 1 0 1 0 0 
0 0 0 0 1 0 0 
0 0 1 0 0 0 0 
0 0 0 0 0 1 0 
0 0 0 0 0 0 0 
0 0 0 1 0 1 1 
0 0 0 0 0 0 0 
0 0 1 1 1 1 1 
1 0 0 0 0 1 1 
0 0 0 0 0 0 1 
1 1 0 1 0 1 1 
0 0 1 0 0 0 0 

JOBS [7] - [14, 11, 13, 3, 9, 6, 4]
TOOL SWITCHES : 5
MAKESPAN : 55

# -------------------------- #

--- TOTAL TOOL SWITCHES : 19
--- HIGHEST MAKESPAN : 55
--- TOTAL FLOWTIME : 422
--- RUNNING TIME : 1.79391

# -------------------------- #
RUN : 1 - instancias_txt/SSP-NPM-I/ins63_m=2_j=15_t=15_var=3.txt

- MACHINE [0]

0 0 0 0 0 0 0 1 
0 0 1 1 1 0 1 0 
0 0 0 0 0 0 1 1 
1 0 0 0 0 0 0 0 
0 0 0 0 0 0 0 0 
1 0 0 0 0 0 0 0 
0 1 0 0 1 0 0 1 
0 0 0 0 1 0 0 0 
0 1 1 1 0 0 0 0 
0 1 0 0 0 0 0 0 
1 0 0 1 1 1 0 0 
0 0 0 1 0 1 0 0 
1 1 1 0 0 0 0 0 
0 0 0 0 0 0 1 1 
0 0 0 0 0 1 0 0 

JOBS [8] - [4, 2, 8, 1, 11, 13, 7, 14]
TOOL SWITCHES : 9
MAKESPAN : 44

- MACHINE [1]

0 0 0 0 1 1 0 
0 1 0 0 1 1 0 
0 0 0 0 1 1 1 
0 0 0 0 0 0 0 
0 0 1 1 0 1 0 
1 0 1 1 0 0 0 
0 0 0 1 0 0 0 
0 0 1 0 0 0 1 
0 0 0 0 0 0 0 
0 0 0 0 0 0 1 
0 1 0 0 0 0 0 
0 1 1 0 0 0 0 
0 0 0 0 0 0 0 
1 1 0 0 0 0 0 
1 0 0 1 1 0 1 

JOBS [7] - [10, 12, 9, 0, 5, 6, 3]
TOOL SWITCHES : 5
MAKESPAN : 44

# -------------------------- #

--- TOTAL TOOL SWITCHES : 14
--- HIGHEST MAKESPAN : 44
--- TOTAL FLOWTIME : 371
--- RUNNING TIME : 2.08325

# -------------------------- #
RUN : 1 - instancias_txt/SSP-NPM-I/ins64_m=2_j=15_t=15_var=4.txt

- MACHINE [0]

1 0 1 0 0 0 1 
0 0 0 1 0 0 1 
0 0 0 0 1 0 0 
1 1 0 1 0 0 0 
0 1 0 0 0 0 1 
0 0 0 1 1 1 0 
1 1 0 0 0 0 0 
0 0 0 0 0 1 1 
1 0 0 0 0 0 0 
0 0 0 1 1 0 1 
0 0 1 0 0 0 0 
0 0 0 0 0 1 0 
0 0 0 0 0 0 0 
1 1 1 0 1 0 0 
0 0 1 1 0 0 0 

JOBS [7] - [12, 3, 0, 6, 10, 14, 11]
TOOL SWITCHES : 12
MAKESPAN : 56

- MACHINE [1]

0 0 0 0 0 0 0 0 
0 1 0 0 1 0 1 1 
0 1 1 0 0 0 0 0 
1 0 0 0 0 0 0 0 
1 1 0 1 1 1 1 1 
0 0 0 0 0 0 0 0 
0 0 0 1 0 0 1 0 
0 0 0 0 0 0 0 0 
0 0 1 0 1 1 1 0 
0 0 0 0 0 0 0 1 
0 0 0 0 0 1 0 1 
0 0 0 1 0 1 0 0 
1 0 1 0 0 0 0 0 
1 1 1 0 0 1 0 0 
0 0 1 1 1 0 0 0 

JOBS [8] - [5, 2, 1, 4, 8, 9, 7, 13]
TOOL SWITCHES : 5
MAKESPAN : 50

# -------------------------- #

--- TOTAL TOOL SWITCHES : 17
--- HIGHEST MAKESPAN : 56
--- TOTAL FLOWTIME : 428
--- RUNNING TIME : 2.26453

# -------------------------- #
RUN : 1 - instancias_txt/SSP-NPM-I/ins65_m=2_j=15_t=15_var=5.txt

- MACHINE [0]

0 1 1 0 0 0 0 
0 1 0 1 0 0 0 
0 0 0 0 0 0 1 
1 0 0 0 0 0 0 
0 0 0 0 0 0 0 
0 0 0 0 0 1 1 
0 0 0 0 1 1 0 
0 0 0 0 0 0 1 
0 0 1 1 0 0 0 
0 0 0 0 1 0 0 
0 0 0 1 1 0 0 
0 0 0 0 0 0 0 
1 0 1 0 1 1 0 
1 1 0 0 0 0 0 
1 0 1 0 0 1 0 

JOBS [7] - [13, 12, 7, 11, 10, 5, 6]
TOOL SWITCHES : 8
MAKESPAN : 46

- MACHINE [1]

1 1 0 1 0 0 0 0 
0 1 0 0 0 1 0 1 
1 1 1 0 0 0 0 0 
0 0 0 0 0 0 0 0 
0 0 0 0 0 1 1 1 
0 1 1 1 0 0 0 0 
0 0 0 0 0 0 0 0 
0 0 0 0 0 0 0 0 
0 0 0 0 0 0 1 0 
0 0 0 0 1 0 1 0 
0 1 1 0 1 0 0 1 
0 0 1 0 0 1 0 0 
0 0 0 0 1 1 1 1 
1 0 0 1 1 0 0 0 
1 0 0 0 0 0 0 0 

JOBS [8] - [0, 4, 8, 3, 9, 14, 1, 2]
TOOL SWITCHES : 5
MAKESPAN : 47

# -------------------------- #

--- TOTAL TOOL SWITCHES : 13
--- HIGHEST MAKESPAN : 47
--- TOTAL FLOWTIME : 365
--- RUNNING TIME : 2.02953

# -------------------------- #
RUN : 1 - instancias_txt/SSP-NPM-I/ins66_m=2_j=15_t=15_var=6.txt

- MACHINE [0]

1 0 0 0 0 1 0 0 
0 0 1 0 1 0 0 1 
0 0 0 1 1 1 1 0 
0 0 0 0 0 0 1 0 
0 1 0 0 0 0 0 0 
0 1 0 1 1 0 0 0 
0 0 0 0 0 0 0 1 
1 0 1 1 0 0 0 1 
1 1 1 0 0 0 0 0 
0 0 0 0 1 0 0 0 
0 0 0 0 0 0 0 0 
0 0 0 0 0 0 0 0 
1 1 0 1 0 0 0 0 
0 0 0 0 0 0 0 1 
0 0 0 0 0 1 1 1 

JOBS [8] - [4, 10, 13, 8, 1, 5, 9, 3]
TOOL SWITCHES : 9
MAKESPAN : 55

- MACHINE [1]

0 0 0 0 1 1 1 
0 0 0 0 0 0 0 
0 0 0 1 0 1 0 
1 0 0 0 0 0 0 
0 0 0 0 0 0 0 
0 0 1 0 0 0 1 
0 1 1 0 1 1 0 
1 0 0 1 0 0 0 
1 1 0 0 0 0 0 
1 1 1 0 0 0 0 
0 0 0 0 1 0 1 
0 0 0 0 0 1 0 
0 0 1 0 0 0 0 
1 1 1 0 0 0 0 
1 0 0 1 0 0 1 

JOBS [7] - [14, 12, 2, 6, 0, 7, 11]
TOOL SWITCHES : 6
MAKESPAN : 56

# -------------------------- #

--- TOTAL TOOL SWITCHES : 15
--- HIGHEST MAKESPAN : 56
--- TOTAL FLOWTIME : 469
--- RUNNING TIME : 2.59629

# -------------------------- #
RUN : 1 - instancias_txt/SSP-NPM-I/ins67_m=2_j=15_t=15_var=7.txt

- MACHINE [0]

0 0 0 0 0 1 1 
1 1 1 1 0 0 0 
1 0 0 0 0 0 0 
0 0 0 0 1 0 1 
0 1 1 0 0 1 0 
0 0 0 0 0 0 0 
0 0 0 0 0 0 1 
0 1 0 0 0 0 0 
0 0 0 1 0 0 1 
0 0 1 1 1 0 0 
1 0 0 0 0 1 1 
0 0 0 0 1 0 0 
1 1 1 0 1 0 0 
1 1 1 1 0 0 0 
0 0 0 0 0 0 0 

JOBS [7] - [13, 7, 9, 4, 5, 6, 12]
TOOL SWITCHES : 10
MAKESPAN : 59

- MACHINE [1]

0 0 0 0 0 0 1 0 
0 0 0 1 0 0 0 0 
0 0 0 0 0 0 1 1 
0 0 0 0 0 0 0 0 
0 0 0 1 0 1 1 1 
0 0 0 0 1 1 0 1 
1 0 1 0 1 0 1 0 
1 0 1 1 0 0 0 0 
1 1 0 0 0 0 0 0 
0 0 0 0 0 0 0 0 
0 1 1 0 0 0 0 0 
0 0 1 0 0 1 0 0 
0 0 0 0 1 1 0 0 
0 0 0 1 1 0 0 0 
1 1 1 0 1 0 1 0 

JOBS [8] - [10, 14, 11, 0, 8, 3, 1, 2]
TOOL SWITCHES : 6
MAKESPAN : 60

# -------------------------- #

--- TOTAL TOOL SWITCHES : 16
--- HIGHEST MAKESPAN : 60
--- TOTAL FLOWTIME : 425
--- RUNNING TIME : 2.0228

# -------------------------- #
RUN : 1 - instancias_txt/SSP-NPM-I/ins68_m=2_j=15_t=15_var=8.txt

- MACHINE [0]

0 0 0 0 0 1 0 0 
1 0 0 0 0 0 0 1 
0 1 1 0 0 0 1 1 
0 0 0 0 0 0 1 0 
0 0 1 1 1 0 0 0 
0 0 0 0 0 0 0 0 
0 0 0 0 1 0 0 1 
0 0 0 1 1 1 0 1 
0 0 0 0 0 0 1 0 
0 0 0 0 0 0 0 0 
1 1 0 0 0 0 0 1 
0 0 0 1 0 1 0 0 
1 0 1 0 0 0 0 0 
1 1 1 1 1 0 0 0 
1 1 0 1 0 1 0 0 

JOBS [8] - [13, 14, 7, 0, 3, 12, 11, 6]
TOOL SWITCHES : 12
MAKESPAN : 53

- MACHINE [1]

1 0 0 1 0 0 0 
1 0 0 0 0 1 0 
0 0 1 0 0 0 0 
0 1 0 1 1 0 1 
0 0 1 0 1 0 0 
1 0 1 0 0 0 0 
0 0 0 1 1 0 1 
0 0 0 0 0 0 0 
0 0 0 0 0 1 1 
0 0 0 0 0 1 1 
1 1 0 0 0 0 0 
1 1 1 0 1 1 0 
0 0 0 0 0 0 0 
0 0 0 0 0 0 0 
0 0 0 0 1 0 0 

JOBS [7] - [4, 5, 10, 9, 2, 1, 8]
TOOL SWITCHES : 5
MAKESPAN : 54

# -------------------------- #

--- TOTAL TOOL SWITCHES : 17
--- HIGHEST MAKESPAN : 54
--- TOTAL FLOWTIME : 446
--- RUNNING TIME : 2.35164

# -------------------------- #
RUN : 1 - instancias_txt/SSP-NPM-I/ins69_m=2_j=15_t=15_var=9.txt

- MACHINE [0]

0 0 0 0 0 1 0 
1 1 1 1 0 0 1 
0 1 1 0 1 1 0 
0 0 0 0 1 0 0 
0 0 0 1 0 0 0 
0 0 0 0 1 1 1 
0 0 0 0 0 0 0 
0 0 0 0 0 0 0 
1 1 0 0 0 0 0 
0 0 0 0 0 0 0 
0 0 0 0 0 0 1 
0 0 0 0 0 0 0 
1 0 1 1 0 0 0 
1 0 0 0 0 0 0 
1 1 1 1 1 0 0 

JOBS [7] - [9, 6, 8, 0, 4, 7, 10]
TOOL SWITCHES : 6
MAKESPAN : 54

- MACHINE [1]

0 1 0 1 1 1 0 1 
0 0 0 0 0 0 0 0 
0 0 0 1 0 1 0 1 
0 0 0 0 0 0 0 0 
0 0 0 1 1 0 1 0 
0 0 0 0 0 0 1 0 
0 0 0 0 0 1 0 1 
0 0 0 0 1 0 0 0 
0 0 0 0 0 0 0 0 
0 0 1 0 0 1 0 0 
1 1 0 0 0 0 0 0 
0 0 0 0 0 0 0 0 
0 1 1 1 0 0 1 1 
1 0 0 0 1 0 0 1 
1 1 1 0 0 0 0 0 

JOBS [8] - [3, 2, 1, 11, 13, 14, 5, 12]
TOOL SWITCHES : 4
MAKESPAN : 54

# -------------------------- #

--- TOTAL TOOL SWITCHES : 10
--- HIGHEST MAKESPAN : 54
--- TOTAL FLOWTIME : 407
--- RUNNING TIME : 2.64316

# -------------------------- #
RUN : 1 - instancias_txt/SSP-NPM-I/ins70_m=2_j=15_t=15_var=10.txt

- MACHINE [0]

0 0 0 0 0 0 1 0 
0 1 1 0 0 0 0 0 
1 0 0 0 0 0 0 0 
0 0 0 1 0 0 0 0 
0 0 0 1 1 0 1 0 
0 0 1 1 0 0 0 0 
0 0 0 0 0 0 1 1 
0 0 0 0 0 1 1 0 
1 1 0 0 0 1 0 0 
1 0 0 0 0 0 0 1 
0 0 0 0 0 0 0 0 
1 1 1 1 1 1 0 1 
0 0 0 0 0 0 0 0 
1 1 0 1 0 0 0 0 
0 0 0 0 1 1 0 0 

JOBS [8] - [12, 2, 4, 1, 9, 11, 8, 6]
TOOL SWITCHES : 10
MAKESPAN : 47

- MACHINE [1]

1 0 0 0 0 0 0 
0 0 0 1 0 1 0 
0 0 0 0 0 1 1 
0 0 1 1 1 1 0 
1 0 0 1 0 0 1 
0 1 0 0 0 0 0 
0 0 1 0 1 0 1 
0 0 0 0 0 0 0 
1 0 1 0 0 0 0 
0 0 0 1 1 0 0 
1 0 1 0 0 1 0 
0 0 0 0 0 0 0 
0 0 0 0 0 0 1 
1 1 0 0 0 0 0 
0 1 0 0 1 1 0 

JOBS [7] - [0, 3, 14, 10, 7, 13, 5]
TOOL SWITCHES : 6
MAKESPAN : 48

# -------------------------- #

--- TOTAL TOOL SWITCHES : 16
--- HIGHEST MAKESPAN : 48
--- TOTAL FLOWTIME : 346
--- RUNNING TIME : 2.47046

# -------------------------- #
RUN : 1 - instancias_txt/SSP-NPM-I/ins71_m=2_j=15_t=15_var=11.txt

- MACHINE [0]

0 0 0 0 0 1 1 
0 0 0 0 1 1 0 
0 0 0 1 0 1 0 
1 1 0 0 0 0 0 
0 1 1 0 0 0 0 
0 0 1 0 0 0 0 
1 1 0 0 0 0 0 
1 1 0 0 0 0 0 
0 0 0 0 0 0 0 
0 0 0 0 0 0 0 
0 0 0 1 1 1 1 
1 0 0 1 0 0 1 
0 0 0 1 0 0 1 
1 1 0 0 1 1 1 
0 0 1 1 0 0 0 

JOBS [7] - [1, 11, 0, 13, 3, 8, 6]
TOOL SWITCHES : 12
MAKESPAN : 56

- MACHINE [1]

0 0 0 0 0 0 0 1 
1 0 1 0 0 0 0 0 
0 0 0 0 1 1 0 0 
0 0 0 0 1 0 0 1 
0 0 0 0 0 0 0 1 
0 0 1 1 1 0 1 0 
0 0 0 1 1 1 0 0 
0 1 0 1 0 1 1 0 
0 0 0 0 0 1 1 1 
1 1 0 1 0 0 0 0 
1 0 1 0 0 1 0 0 
1 1 1 1 0 0 0 0 
0 0 1 1 0 0 0 0 
0 1 0 0 0 0 0 0 
0 0 0 0 0 0 1 0 

JOBS [8] - [10, 12, 9, 5, 4, 2, 7, 14]
TOOL SWITCHES : 8
MAKESPAN : 57

# -------------------------- #

--- TOTAL TOOL SWITCHES : 20
--- HIGHEST MAKESPAN : 57
--- TOTAL FLOWTIME : 445
--- RUNNING TIME : 2.65535

# -------------------------- #
RUN : 1 - instancias_txt/SSP-NPM-I/ins72_m=2_j=15_t=15_var=12.txt

- MACHINE [0]

0 1 1 1 1 1 
0 0 0 0 0 0 
0 0 0 1 1 1 
1 0 0 1 0 1 
1 0 0 0 0 0 
1 1 0 0 0 0 
0 0 0 0 0 0 
0 0 0 0 0 0 
0 0 1 1 1 0 
0 0 0 0 0 0 
1 0 0 1 0 0 
1 0 0 0 1 0 
0 0 0 0 0 1 
0 0 0 0 0 0 
0 1 1 0 0 1 

JOBS [6] - [10, 4, 14, 3, 1, 9]
TOOL SWITCHES : 7
MAKESPAN : 49

- MACHINE [1]

0 0 0 0 1 0 1 0 1 
0 0 0 1 1 1 0 0 0 
0 0 0 0 0 1 0 0 1 
1 1 0 0 0 0 1 0 0 
0 1 1 0 1 1 0 1 1 
0 0 0 1 0 1 1 1 0 
0 0 0 0 0 0 1 1 1 
0 0 1 1 0 0 0 0 0 
0 1 0 0 0 1 1 1 0 
0 0 0 0 0 0 0 0 1 
0 0 0 0 0 0 0 0 0 
1 0 0 0 1 0 0 0 0 
1 1 0 0 0 0 0 0 0 
1 0 1 0 0 0 0 0 0 
0 0 0 0 0 0 0 0 0 

JOBS [9] - [2, 8, 13, 5, 12, 7, 6, 11, 0]
TOOL SWITCHES : 6
MAKESPAN : 49

# -------------------------- #

--- TOTAL TOOL SWITCHES : 13
--- HIGHEST MAKESPAN : 49
--- TOTAL FLOWTIME : 406
--- RUNNING TIME : 2.39908

# -------------------------- #
RUN : 1 - instancias_txt/SSP-NPM-I/ins73_m=2_j=15_t=15_var=13.txt

- MACHINE [0]

1 1 0 1 1 1 
0 0 0 1 0 1 
0 0 0 0 0 1 
1 0 0 0 0 0 
1 0 0 0 0 0 
0 0 0 0 1 1 
1 1 1 0 1 1 
0 0 0 0 0 0 
0 1 1 0 0 0 
0 0 0 0 0 0 
0 0 0 0 0 0 
0 0 0 1 0 0 
0 1 0 0 0 0 
0 0 1 0 0 0 
1 0 1 1 1 0 

JOBS [6] - [11, 6, 3, 12, 9, 0]
TOOL SWITCHES : 7
MAKESPAN : 61

- MACHINE [1]

0 1 0 1 0 0 0 0 0 
1 0 0 0 0 0 1 1 0 
1 1 0 0 0 0 0 1 0 
0 0 0 0 1 1 0 0 0 
0 0 0 0 0 1 0 1 0 
0 0 1 0 0 0 0 0 0 
0 0 0 1 1 0 0 0 0 
1 0 1 0 0 0 0 0 0 
0 0 0 0 0 0 0 0 0 
1 1 0 1 1 0 0 0 0 
0 0 0 1 1 0 1 1 0 
0 1 1 1 0 1 0 0 1 
0 0 0 0 0 0 1 0 1 
0 0 0 0 0 1 1 0 0 
0 0 0 0 1 0 0 0 1 

JOBS [9] - [14, 5, 8, 2, 7, 1, 10, 4, 13]
TOOL SWITCHES : 8
MAKESPAN : 61

# -------------------------- #

--- TOTAL TOOL SWITCHES : 15
--- HIGHEST MAKESPAN : 61
--- TOTAL FLOWTIME : 495
--- RUNNING TIME : 2.36843

# -------------------------- #
RUN : 1 - instancias_txt/SSP-NPM-I/ins74_m=2_j=15_t=15_var=14.txt

- MACHINE [0]

0 0 0 1 1 1 1 
1 1 1 0 0 0 0 
0 0 0 0 0 0 0 
0 0 0 0 1 1 1 
0 0 1 1 1 1 0 
0 0 0 0 0 0 0 
0 0 0 0 0 0 0 
1 1 1 0 0 0 0 
0 1 0 0 0 0 0 
1 0 0 0 0 0 1 
0 1 0 0 1 1 1 
0 0 1 1 1 0 0 
0 0 1 1 0 0 0 
0 0 0 0 0 0 0 
1 0 0 0 0 0 0 

JOBS [7] - [7, 13, 0, 4, 3, 2, 11]
TOOL SWITCHES : 8
MAKESPAN : 48

- MACHINE [1]

0 0 0 0 1 1 1 0 
0 0 0 0 0 0 0 1 
0 0 0 0 0 0 1 0 
0 0 0 0 0 0 0 0 
0 0 0 1 0 0 0 0 
1 1 1 0 1 0 0 0 
1 0 1 0 0 0 0 1 
0 1 0 1 0 0 0 1 
1 0 0 1 1 1 1 1 
0 0 0 0 0 0 0 0 
0 1 0 0 0 0 0 0 
1 1 0 1 0 1 0 0 
0 0 1 1 0 0 0 0 
0 0 0 0 1 0 1 0 
1 1 0 0 0 0 0 0 

JOBS [8] - [5, 10, 6, 1, 12, 14, 8, 9]
TOOL SWITCHES : 6
MAKESPAN : 49

# -------------------------- #

--- TOTAL TOOL SWITCHES : 14
--- HIGHEST MAKESPAN : 49
--- TOTAL FLOWTIME : 399
--- RUNNING TIME : 2.05898

# -------------------------- #
RUN : 1 - instancias_txt/SSP-NPM-I/ins75_m=2_j=15_t=15_var=15.txt

- MACHINE [0]

0 0 1 0 0 1 1 
1 0 0 0 0 0 0 
0 1 0 0 1 0 0 
0 0 0 1 1 0 1 
0 0 0 0 0 0 0 
0 0 0 0 0 0 0 
1 0 0 0 0 0 0 
0 0 1 1 0 1 0 
0 1 0 1 1 1 1 
0 1 0 0 0 0 0 
0 0 0 0 0 0 0 
1 0 1 0 0 0 0 
0 0 0 0 1 0 0 
1 0 0 0 0 1 1 
0 0 0 0 0 0 0 

JOBS [7] - [3, 4, 7, 2, 11, 0, 13]
TOOL SWITCHES : 8
MAKESPAN : 50

- MACHINE [1]

1 0 0 1 0 1 1 0 
0 0 0 1 0 1 0 0 
0 1 0 0 1 0 0 0 
0 0 1 1 0 0 0 0 
1 1 0 0 0 0 0 0 
0 0 0 0 0 0 0 1 
0 0 0 0 0 1 0 1 
1 0 0 1 1 0 0 0 
0 1 1 0 0 0 0 0 
0 0 0 0 0 1 1 0 
1 1 1 0 0 0 1 0 
0 0 0 0 1 0 0 1 
0 0 1 0 1 0 1 1 
0 0 0 0 0 0 0 0 
0 0 0 0 0 0 0 0 

JOBS [8] - [5, 14, 10, 6, 8, 9, 12, 1]
TOOL SWITCHES : 6
MAKESPAN : 51

# -------------------------- #

--- TOTAL TOOL SWITCHES : 14
--- HIGHEST MAKESPAN : 51
--- TOTAL FLOWTIME : 405
--- RUNNING TIME : 2.43288

# -------------------------- #
RUN : 1 - instancias_txt/SSP-NPM-I/ins76_m=2_j=15_t=15_var=16.txt

- MACHINE [0]

0 0 0 0 0 0 0 
1 0 0 0 1 0 1 
0 1 0 0 0 0 0 
1 0 0 0 0 0 0 
0 0 0 0 0 0 0 
0 0 0 1 0 1 1 
0 1 1 0 0 0 0 
1 1 0 1 1 0 0 
0 0 0 1 1 1 0 
0 0 0 0 1 1 1 
0 0 0 0 0 1 1 
1 1 1 1 0 0 0 
0 0 0 0 0 0 0 
0 0 0 0 0 0 0 
1 0 1 1 0 0 0 

JOBS [7] - [14, 13, 0, 12, 11, 5, 1]
TOOL SWITCHES : 7
MAKESPAN : 48

- MACHINE [1]

1 0 1 1 0 0 0 0 
0 0 0 0 0 1 0 0 
0 0 0 0 1 0 0 1 
1 0 0 1 0 0 0 0 
0 0 0 0 0 0 0 0 
0 0 0 0 0 0 0 0 
0 0 0 1 0 0 0 0 
0 0 0 0 1 1 1 1 
0 0 0 0 0 0 0 0 
0 0 1 1 0 0 1 1 
0 1 1 0 0 0 0 0 
0 0 0 0 0 0 0 0 
1 1 1 0 0 0 1 0 
0 1 0 0 1 0 1 0 
1 1 0 0 1 1 0 0 

JOBS [8] - [9, 2, 6, 7, 10, 8, 4, 3]
TOOL SWITCHES : 4
MAKESPAN : 43

# -------------------------- #

--- TOTAL TOOL SWITCHES : 11
--- HIGHEST MAKESPAN : 48
--- TOTAL FLOWTIME : 366
--- RUNNING TIME : 1.79958

# -------------------------- #
RUN : 1 - instancias_txt/SSP-NPM-I/ins77_m=2_j=15_t=15_var=17.txt

- MACHINE [0]

1 1 1 1 0 0 0 
0 0 1 0 0 0 0 
0 0 0 0 0 0 0 
1 1 0 0 0 0 0 
1 1 1 0 1 0 0 
1 0 0 1 0 0 0 
0 0 0 0 1 0 0 
0 0 0 0 0 0 0 
0 0 0 0 0 0 1 
1 0 0 0 0 0 1 
0 0 0 1 0 1 0 
0 0 1 1 1 0 0 
0 0 0 0 0 1 0 
0 0 0 0 1 1 1 
0 1 1 0 0 1 0 

JOBS [7] - [6, 12, 7, 2, 1, 11, 0]
TOOL SWITCHES : 11
MAKESPAN : 50

- MACHINE [1]

0 0 0 0 0 0 0 0 
0 1 0 1 1 0 0 1 
0 0 0 0 0 1 1 1 
0 0 0 0 0 0 0 1 
1 0 1 1 0 0 0 0 
0 0 0 1 1 1 0 0 
0 0 1 0 0 0 0 0 
1 0 1 0 1 1 0 0 
1 1 0 1 1 0 0 0 
1 1 0 0 0 0 1 0 
0 0 0 0 0 1 1 0 
0 0 0 0 0 0 0 0 
0 0 0 0 1 0 1 1 
0 0 0 0 0 0 1 1 
0 1 0 0 0 0 0 0 

JOBS [8] - [5, 13, 3, 9, 4, 8, 10, 14]
TOOL SWITCHES : 6
MAKESPAN : 48

# -------------------------- #

--- TOTAL TOOL SWITCHES : 17
--- HIGHEST MAKESPAN : 50
--- TOTAL FLOWTIME : 361
--- RUNNING TIME : 2.61939

# -------------------------- #
RUN : 1 - instancias_txt/SSP-NPM-I/ins78_m=2_j=15_t=15_var=18.txt

- MACHINE [0]

0 0 1 1 1 1 1 0 
0 0 1 0 1 0 0 0 
0 0 0 0 1 1 0 0 
0 1 0 0 0 0 0 1 
0 0 0 0 0 0 0 0 
1 0 0 0 0 1 1 0 
0 0 0 0 0 0 0 0 
1 0 1 0 0 0 1 0 
0 1 1 0 0 0 0 0 
0 0 0 0 0 1 1 0 
0 0 0 1 0 0 1 1 
1 1 0 1 1 0 0 1 
0 0 0 0 0 0 0 0 
1 0 0 0 0 0 0 0 
1 1 1 0 0 0 0 0 

JOBS [8] - [14, 13, 9, 4, 8, 5, 10, 0]
TOOL SWITCHES : 12
MAKESPAN : 52

- MACHINE [1]

0 0 0 0 0 0 1 
0 0 0 0 0 1 0 
0 1 0 0 0 0 1 
0 0 1 1 1 0 0 
0 0 0 0 0 0 0 
0 0 1 0 1 1 0 
1 0 0 0 0 0 0 
0 1 1 0 0 0 0 
0 0 0 0 1 1 1 
1 1 0 1 0 0 0 
0 0 0 0 0 1 1 
0 0 0 0 0 0 0 
1 1 0 1 0 0 0 
1 1 0 0 0 0 0 
0 0 0 1 1 0 0 

JOBS [7] - [1, 6, 3, 2, 12, 7, 11]
TOOL SWITCHES : 6
MAKESPAN : 52

# -------------------------- #

--- TOTAL TOOL SWITCHES : 18
--- HIGHEST MAKESPAN : 52
--- TOTAL FLOWTIME : 397
--- RUNNING TIME : 3.17149

# -------------------------- #
RUN : 1 - instancias_txt/SSP-NPM-I/ins79_m=2_j=15_t=15_var=19.txt

- MACHINE [0]

1 0 1 0 0 0 
0 0 0 1 1 0 
0 0 0 0 0 0 
0 0 0 0 1 0 
1 1 1 1 1 0 
0 0 0 0 0 0 
0 0 1 0 1 1 
1 0 0 0 0 1 
1 1 0 1 0 0 
1 0 0 0 0 0 
0 0 1 1 0 1 
0 0 1 0 0 0 
0 1 0 0 0 0 
0 0 0 0 0 0 
0 0 0 0 0 1 

JOBS [6] - [2, 7, 5, 0, 4, 11]
TOOL SWITCHES : 9
MAKESPAN : 55

- MACHINE [1]

0 0 0 0 0 0 0 1 0 
0 0 0 0 0 0 1 1 0 
1 1 1 0 0 0 0 0 0 
0 1 0 1 1 1 0 0 0 
0 0 0 0 0 0 0 0 0 
0 0 0 1 0 0 0 1 1 
0 0 0 0 0 1 0 1 0 
0 0 0 1 0 0 1 0 1 
1 0 1 0 1 0 0 0 0 
0 0 0 0 1 0 0 0 1 
0 0 0 0 0 0 0 0 0 
1 0 0 1 0 0 0 0 0 
0 0 0 0 0 0 1 1 0 
1 1 1 0 0 0 1 0 0 
0 1 1 1 1 1 0 0 0 

JOBS [9] - [6, 12, 14, 9, 8, 1, 3, 10, 13]
TOOL SWITCHES : 6
MAKESPAN : 54

# -------------------------- #

--- TOTAL TOOL SWITCHES : 15
--- HIGHEST MAKESPAN : 55
--- TOTAL FLOWTIME : 403
--- RUNNING TIME : 2.81395

# -------------------------- #
RUN : 1 - instancias_txt/SSP-NPM-I/ins80_m=2_j=15_t=15_var=20.txt

- MACHINE [0]

0 0 0 0 0 1 0 1 
0 0 1 0 0 0 0 0 
0 1 0 1 0 1 0 1 
0 0 1 1 0 0 0 0 
0 0 0 0 0 0 0 1 
0 0 0 0 1 0 1 0 
0 0 0 0 1 1 1 0 
1 1 0 0 0 0 0 0 
0 1 1 0 1 0 0 0 
1 0 0 0 0 0 0 0 
1 1 1 0 1 0 0 0 
1 0 0 0 0 0 0 0 
0 1 0 0 0 0 0 1 
0 0 0 1 0 0 0 0 
1 0 0 0 0 1 1 0 

JOBS [8] - [1, 12, 8, 2, 14, 3, 5, 11]
TOOL SWITCHES : 12
MAKESPAN : 56

- MACHINE [1]

1 0 1 0 0 0 0 
0 0 0 0 1 0 1 
0 0 0 0 0 0 0 
0 0 1 0 0 0 0 
1 0 0 0 0 1 0 
1 1 1 0 0 1 1 
0 0 1 0 0 1 1 
0 0 0 0 0 1 0 
0 0 0 0 0 0 0 
0 0 0 0 0 0 0 
0 1 0 0 0 0 0 
1 0 0 1 1 0 1 
0 0 0 1 0 1 1 
1 1 0 0 0 0 0 
0 0 1 1 1 0 0 

JOBS [7] - [13, 9, 0, 6, 4, 10, 7]
TOOL SWITCHES : 5
MAKESPAN : 54

# -------------------------- #

--- TOTAL TOOL SWITCHES : 17
--- HIGHEST MAKESPAN : 56
--- TOTAL FLOWTIME : 469
--- RUNNING TIME : 1.96345

# -------------------------- #


avg : 52.8
