RUN : 1 - instancias_txt/SSP-NPM-I/ins61_m=2_j=15_t=15_var=1.txt

- MACHINE [0]

1 1 0 0 1 0 0 0 0 0 
0 0 0 1 1 0 1 0 1 1 
0 1 1 0 0 0 0 0 0 0 
0 1 0 1 1 0 1 1 0 0 
0 0 0 0 0 0 0 0 1 1 
1 0 1 0 0 0 0 0 0 0 
1 0 0 0 0 0 0 0 0 0 
0 0 0 0 0 0 0 0 0 1 
0 0 0 0 1 0 0 0 0 0 
0 0 0 0 0 1 0 1 1 1 
1 0 0 1 0 0 0 0 0 0 
0 0 1 1 1 1 0 0 0 0 
0 0 0 0 0 1 1 1 1 0 
0 0 0 0 0 0 1 0 0 0 
1 1 0 0 0 0 0 1 1 0 

JOBS [10] - [12, 14, 5, 2, 11, 3, 8, 13, 7, 4]
TOOL SWITCHES : 12
MAKESPAN : 54

- MACHINE [1]

1 0 1 1 0 
0 1 1 1 0 
0 0 1 0 1 
0 0 0 1 1 
0 0 0 0 0 
0 0 0 0 1 
1 0 0 0 0 
0 1 1 0 1 
0 1 0 0 0 
1 0 0 1 0 
0 0 0 1 1 
0 1 1 0 0 
1 0 0 0 0 
0 0 0 0 0 
1 0 1 0 0 

JOBS [5] - [1, 9, 10, 6, 0]
TOOL SWITCHES : 6
MAKESPAN : 54

# -------------------------- #

--- TOTAL TOOL SWITCHES : 18
--- HIGHEST MAKESPAN : 54
--- TOTAL FLOWTIME : 487
--- RUNNING TIME : 2.05915

# -------------------------- #
RUN : 1 - instancias_txt/SSP-NPM-I/ins62_m=2_j=15_t=15_var=2.txt

- MACHINE [0]

0 0 1 1 0 1 0 0 
0 0 1 0 0 0 0 0 
1 0 0 0 0 0 0 0 
0 0 0 0 0 0 0 0 
0 0 0 1 1 0 0 0 
1 1 1 0 0 0 0 0 
0 1 1 0 0 0 0 1 
0 0 1 1 1 0 0 0 
0 0 0 1 0 0 1 1 
1 1 0 1 0 0 0 0 
1 0 0 0 0 1 1 1 
1 1 0 0 0 0 1 1 
0 0 0 0 0 1 1 0 
0 0 0 0 1 0 1 1 
0 1 0 0 0 0 0 0 

JOBS [8] - [1, 0, 2, 7, 12, 5, 4, 6]
TOOL SWITCHES : 13
MAKESPAN : 57

- MACHINE [1]

0 0 0 0 0 0 0 
0 0 0 0 1 0 0 
0 1 0 1 1 1 0 
1 1 1 0 0 0 0 
0 1 0 0 0 0 0 
0 0 1 0 0 0 1 
0 0 0 0 0 0 0 
0 0 0 0 0 0 0 
0 0 0 1 0 0 1 
0 0 0 0 0 0 0 
1 1 1 1 0 0 1 
0 0 0 0 0 1 1 
1 0 0 0 0 0 0 
0 0 0 1 1 1 0 
1 0 1 0 0 0 0 

JOBS [7] - [8, 9, 13, 3, 11, 14, 10]
TOOL SWITCHES : 4
MAKESPAN : 56

# -------------------------- #

--- TOTAL TOOL SWITCHES : 17
--- HIGHEST MAKESPAN : 57
--- TOTAL FLOWTIME : 450
--- RUNNING TIME : 2.10004

# -------------------------- #
RUN : 1 - instancias_txt/SSP-NPM-I/ins63_m=2_j=15_t=15_var=3.txt

- MACHINE [0]

0 1 0 0 0 0 0 0 
1 0 1 0 1 1 0 0 
1 1 0 0 0 0 0 0 
0 0 0 0 0 0 0 1 
0 0 0 0 0 0 0 0 
0 0 0 0 0 0 0 1 
0 1 1 0 0 0 1 0 
0 0 1 0 0 0 0 0 
0 0 0 0 1 1 1 0 
0 0 0 0 0 0 1 0 
0 0 1 1 1 0 0 1 
0 0 0 1 1 0 0 0 
0 0 0 0 0 1 1 1 
1 1 0 0 0 0 0 0 
0 0 0 1 0 0 0 0 

JOBS [8] - [7, 14, 11, 13, 1, 8, 2, 4]
TOOL SWITCHES : 9
MAKESPAN : 44

- MACHINE [1]

0 0 0 0 1 1 0 
0 1 0 0 1 1 0 
0 0 0 0 1 1 1 
0 0 0 0 0 0 0 
1 0 0 1 1 0 0 
1 0 1 1 0 0 0 
0 0 0 1 0 0 0 
1 0 0 0 0 0 1 
0 0 0 0 0 0 0 
0 0 0 0 0 0 1 
0 1 0 0 0 0 0 
1 1 0 0 0 0 0 
0 0 0 0 0 0 0 
0 1 1 0 0 0 0 
0 0 1 1 0 1 1 

JOBS [7] - [9, 12, 10, 0, 6, 5, 3]
TOOL SWITCHES : 5
MAKESPAN : 44

# -------------------------- #

--- TOTAL TOOL SWITCHES : 14
--- HIGHEST MAKESPAN : 44
--- TOTAL FLOWTIME : 345
--- RUNNING TIME : 2.16516

# -------------------------- #
RUN : 1 - instancias_txt/SSP-NPM-I/ins64_m=2_j=15_t=15_var=4.txt

- MACHINE [0]

1 0 0 0 1 0 0 
1 0 0 0 0 1 0 
0 0 0 0 0 0 1 
0 0 0 1 0 1 0 
1 0 1 1 0 0 0 
0 1 0 0 0 1 1 
0 0 0 1 0 0 0 
1 1 0 0 0 0 0 
0 0 1 0 0 0 0 
1 0 0 0 0 1 1 
0 0 1 0 1 0 0 
0 1 1 0 0 0 0 
0 0 0 0 0 0 0 
0 0 1 1 1 0 1 
0 0 0 0 1 1 0 

JOBS [7] - [11, 14, 9, 3, 0, 6, 10]
TOOL SWITCHES : 14
MAKESPAN : 55

- MACHINE [1]

0 0 0 0 0 0 1 0 
1 1 0 1 0 1 0 0 
0 1 1 0 0 0 0 0 
0 0 0 0 1 0 1 0 
1 1 0 1 1 1 0 1 
0 0 0 0 0 0 0 0 
0 0 0 0 0 1 1 1 
0 0 0 0 0 0 0 0 
0 0 1 1 0 1 1 0 
1 0 0 0 0 0 0 0 
1 0 0 0 0 0 0 0 
0 0 0 0 0 0 0 1 
0 0 1 0 1 0 0 0 
0 1 1 0 1 0 1 0 
0 0 1 1 0 0 0 1 

JOBS [8] - [13, 2, 1, 8, 5, 7, 12, 4]
TOOL SWITCHES : 6
MAKESPAN : 55

# -------------------------- #

--- TOTAL TOOL SWITCHES : 20
--- HIGHEST MAKESPAN : 55
--- TOTAL FLOWTIME : 421
--- RUNNING TIME : 2.48581

# -------------------------- #
RUN : 1 - instancias_txt/SSP-NPM-I/ins65_m=2_j=15_t=15_var=5.txt

- MACHINE [0]

0 1 0 0 0 0 0 
1 1 0 0 0 0 0 
0 1 1 0 0 0 0 
0 0 0 0 0 0 1 
0 0 0 0 0 0 0 
0 1 1 1 0 0 0 
0 0 0 1 1 0 0 
0 0 1 0 0 0 0 
1 0 0 0 0 0 0 
0 0 0 0 1 1 0 
1 1 0 0 1 1 0 
0 0 0 0 0 0 0 
0 0 0 1 1 1 1 
0 0 0 0 0 1 1 
0 0 0 1 0 0 1 

JOBS [7] - [11, 4, 6, 5, 10, 9, 13]
TOOL SWITCHES : 8
MAKESPAN : 49

- MACHINE [1]

1 1 1 0 0 0 0 1 
0 1 0 0 1 1 0 0 
1 0 0 1 0 0 0 0 
0 0 0 0 0 0 0 0 
0 0 0 0 1 1 1 0 
0 0 1 1 0 0 0 0 
0 0 0 0 0 0 0 0 
0 0 0 0 0 0 0 0 
0 0 0 0 0 0 1 1 
0 0 0 0 0 0 1 0 
0 0 0 1 1 0 0 0 
0 0 0 1 0 1 0 0 
0 0 0 0 1 1 1 1 
1 1 1 0 0 0 0 0 
1 0 0 0 0 0 0 1 

JOBS [8] - [0, 12, 3, 8, 2, 14, 1, 7]
TOOL SWITCHES : 5
MAKESPAN : 48

# -------------------------- #

--- TOTAL TOOL SWITCHES : 13
--- HIGHEST MAKESPAN : 49
--- TOTAL FLOWTIME : 406
--- RUNNING TIME : 2.30663

# -------------------------- #
RUN : 1 - instancias_txt/SSP-NPM-I/ins66_m=2_j=15_t=15_var=6.txt

- MACHINE [0]

1 0 1 0 0 0 0 
0 0 0 1 0 1 0 
0 0 0 0 1 1 0 
0 0 0 0 0 0 0 
0 1 0 0 0 0 0 
1 1 0 0 1 1 1 
0 0 0 0 0 0 1 
0 0 1 1 1 0 0 
0 1 1 1 0 0 0 
0 0 0 0 0 1 1 
1 0 0 0 0 0 0 
0 0 0 0 0 0 0 
0 1 1 0 1 0 1 
0 0 0 0 0 0 1 
1 0 0 0 0 0 0 

JOBS [7] - [11, 10, 4, 13, 8, 1, 2]
TOOL SWITCHES : 8
MAKESPAN : 55

- MACHINE [1]

1 0 0 1 0 1 0 0 
0 0 1 0 0 0 0 0 
1 1 0 0 1 1 0 0 
0 0 0 0 1 0 1 0 
0 0 0 0 0 0 0 0 
0 0 0 0 0 0 0 0 
1 0 1 1 0 0 0 1 
0 1 1 0 0 0 1 0 
0 0 0 0 0 0 1 1 
0 0 0 0 0 0 1 1 
0 0 0 1 0 0 0 0 
1 0 0 0 0 0 0 0 
0 0 0 0 0 0 0 0 
0 0 1 0 0 0 1 1 
0 1 1 0 1 1 1 0 

JOBS [8] - [7, 6, 3, 0, 9, 5, 14, 12]
TOOL SWITCHES : 5
MAKESPAN : 56

# -------------------------- #

--- TOTAL TOOL SWITCHES : 13
--- HIGHEST MAKESPAN : 56
--- TOTAL FLOWTIME : 408
--- RUNNING TIME : 2.11643

# -------------------------- #
RUN : 1 - instancias_txt/SSP-NPM-I/ins67_m=2_j=15_t=15_var=7.txt

- MACHINE [0]

0 0 0 0 0 1 1 
0 1 1 1 1 0 0 
0 0 0 1 0 0 0 
1 0 0 0 0 0 1 
0 1 1 0 0 1 0 
0 0 0 0 0 0 0 
0 0 0 0 0 0 1 
0 0 1 0 0 0 0 
0 0 0 0 1 0 1 
1 1 0 0 1 0 0 
0 0 0 1 0 1 1 
1 0 0 0 0 0 0 
1 1 1 1 0 0 0 
0 1 1 1 1 0 0 
0 0 0 0 0 0 0 

JOBS [7] - [5, 9, 7, 13, 4, 6, 12]
TOOL SWITCHES : 11
MAKESPAN : 61

- MACHINE [1]

1 0 0 0 0 0 0 0 
0 0 1 0 0 0 0 0 
1 1 0 0 0 0 0 0 
0 0 0 0 0 0 0 0 
1 1 1 0 1 0 0 0 
0 1 0 1 1 0 0 0 
1 0 0 1 0 1 1 0 
0 0 1 0 0 1 1 0 
0 0 0 0 0 1 0 1 
0 0 0 0 0 0 0 0 
0 0 0 0 0 0 1 1 
0 0 0 0 1 0 1 0 
0 0 0 1 1 0 0 0 
0 0 1 1 0 0 0 0 
1 0 0 1 0 1 1 1 

JOBS [8] - [1, 2, 0, 8, 3, 10, 11, 14]
TOOL SWITCHES : 6
MAKESPAN : 60

# -------------------------- #

--- TOTAL TOOL SWITCHES : 17
--- HIGHEST MAKESPAN : 61
--- TOTAL FLOWTIME : 523
--- RUNNING TIME : 2.1843

# -------------------------- #
RUN : 1 - instancias_txt/SSP-NPM-I/ins68_m=2_j=15_t=15_var=8.txt

- MACHINE [0]

0 0 0 0 0 0 1 0 
1 1 0 0 0 0 0 0 
1 0 1 1 0 0 0 0 
0 0 0 0 0 0 0 1 
0 0 0 1 1 1 0 1 
0 0 0 0 0 0 0 0 
1 0 0 0 1 0 0 1 
1 0 0 0 1 1 1 0 
0 0 0 0 0 0 0 0 
0 0 0 0 0 0 0 0 
1 1 1 0 0 0 0 0 
0 0 0 0 0 1 1 1 
0 1 0 1 0 0 0 0 
0 1 1 1 1 1 0 0 
0 1 1 0 0 1 1 1 

JOBS [8] - [6, 13, 14, 7, 3, 0, 12, 2]
TOOL SWITCHES : 11
MAKESPAN : 51

- MACHINE [1]

1 1 0 0 0 0 0 
1 0 0 1 0 0 0 
0 0 0 0 0 1 1 
0 1 1 0 1 1 0 
0 0 0 0 0 0 1 
1 0 0 0 0 0 1 
0 1 0 0 1 0 0 
0 0 0 0 0 0 0 
0 0 0 1 1 1 0 
0 0 0 1 1 0 0 
1 0 1 0 0 0 0 
1 0 1 1 0 0 1 
0 0 0 0 0 0 0 
0 0 0 0 0 0 0 
0 0 0 0 0 0 0 

JOBS [7] - [4, 9, 5, 1, 8, 11, 10]
TOOL SWITCHES : 4
MAKESPAN : 51

# -------------------------- #

--- TOTAL TOOL SWITCHES : 15
--- HIGHEST MAKESPAN : 51
--- TOTAL FLOWTIME : 403
--- RUNNING TIME : 2.23248

# -------------------------- #
RUN : 1 - instancias_txt/SSP-NPM-I/ins69_m=2_j=15_t=15_var=9.txt

- MACHINE [0]

0 0 0 0 1 1 1 
1 0 0 0 0 0 0 
1 1 0 0 1 1 1 
0 1 0 0 0 0 0 
0 0 1 0 0 0 0 
0 1 1 0 1 0 0 
0 0 0 0 0 1 1 
0 0 0 0 0 0 0 
0 0 0 0 0 0 0 
0 0 0 1 0 1 0 
0 0 0 0 0 0 0 
0 0 0 0 0 0 0 
1 0 1 1 0 0 1 
0 0 0 0 0 0 1 
1 1 0 1 0 0 0 

JOBS [7] - [8, 4, 5, 1, 7, 14, 12]
TOOL SWITCHES : 6
MAKESPAN : 55

- MACHINE [1]

1 1 1 0 0 0 0 0 
0 0 0 1 1 0 1 1 
1 0 0 0 0 0 0 1 
0 0 0 0 0 0 0 0 
1 1 0 1 0 0 0 0 
0 0 0 0 1 0 0 0 
0 0 0 0 0 0 0 0 
0 1 0 0 0 0 0 0 
0 0 0 0 0 0 1 1 
0 0 0 0 0 0 0 0 
0 0 1 0 1 1 0 0 
0 0 0 0 0 0 0 0 
1 0 1 1 0 0 1 0 
0 1 0 0 0 1 1 0 
0 0 1 1 0 1 1 1 

JOBS [8] - [11, 13, 2, 0, 10, 3, 9, 6]
TOOL SWITCHES : 4
MAKESPAN : 56

# -------------------------- #

--- TOTAL TOOL SWITCHES : 10
--- HIGHEST MAKESPAN : 56
--- TOTAL FLOWTIME : 447
--- RUNNING TIME : 1.5639

# -------------------------- #
RUN : 1 - instancias_txt/SSP-NPM-I/ins70_m=2_j=15_t=15_var=10.txt

- MACHINE [0]

1 0 0 0 0 0 0 0 
0 0 0 0 0 1 1 0 
0 0 0 0 1 0 0 0 
0 0 0 0 0 0 0 1 
1 0 1 0 0 0 0 1 
0 0 0 0 0 0 1 1 
1 0 0 1 0 0 0 0 
1 1 0 0 0 0 0 0 
0 1 0 0 1 1 0 0 
0 0 0 1 1 0 0 0 
0 0 0 0 0 0 0 0 
0 1 1 1 1 1 1 1 
0 0 0 0 0 0 0 0 
0 0 0 0 1 1 0 1 
0 1 1 0 0 0 0 0 

JOBS [8] - [8, 11, 9, 6, 12, 2, 4, 1]
TOOL SWITCHES : 10
MAKESPAN : 47

- MACHINE [1]

0 1 0 0 0 0 0 
0 0 0 1 0 1 0 
0 0 0 1 0 0 1 
0 0 1 1 1 1 0 
0 1 0 0 0 1 1 
1 0 0 0 0 0 0 
0 0 1 0 1 0 1 
0 0 0 0 0 0 0 
0 1 1 0 0 0 0 
0 0 0 0 1 1 0 
0 1 1 1 0 0 0 
0 0 0 0 0 0 0 
0 0 0 0 0 0 1 
1 1 0 0 0 0 0 
1 0 0 1 1 0 0 

JOBS [7] - [3, 0, 14, 13, 7, 10, 5]
TOOL SWITCHES : 6
MAKESPAN : 48

# -------------------------- #

--- TOTAL TOOL SWITCHES : 16
--- HIGHEST MAKESPAN : 48
--- TOTAL FLOWTIME : 408
--- RUNNING TIME : 1.99747

# -------------------------- #
RUN : 1 - instancias_txt/SSP-NPM-I/ins71_m=2_j=15_t=15_var=11.txt

- MACHINE [0]

0 1 1 0 0 0 0 
1 1 0 0 0 0 0 
0 1 0 1 0 0 0 
0 0 0 0 0 1 1 
0 0 0 0 0 1 0 
0 0 0 0 0 0 0 
0 0 0 0 0 1 1 
0 0 0 0 1 1 1 
0 0 0 0 0 0 0 
0 0 0 0 1 0 0 
1 1 1 1 0 0 0 
0 0 1 1 1 0 1 
0 0 1 1 0 0 0 
1 1 1 0 1 1 1 
0 0 0 1 0 0 0 

JOBS [7] - [3, 8, 6, 13, 12, 11, 1]
TOOL SWITCHES : 11
MAKESPAN : 54

- MACHINE [1]

0 0 0 0 0 1 0 0 
1 1 0 0 0 0 0 0 
0 0 0 1 1 0 0 0 
0 0 0 1 0 1 0 0 
0 0 0 0 0 1 1 0 
1 0 1 1 0 0 1 1 
0 0 1 1 1 0 0 0 
0 0 1 0 1 0 0 1 
0 0 0 0 1 1 0 1 
0 1 1 0 0 0 0 0 
1 1 0 0 1 0 0 0 
1 1 1 0 0 0 0 0 
1 0 1 0 0 0 0 0 
0 0 0 0 0 0 0 0 
0 0 0 0 0 0 1 1 

JOBS [8] - [9, 10, 5, 4, 2, 14, 0, 7]
TOOL SWITCHES : 7
MAKESPAN : 55

# -------------------------- #

--- TOTAL TOOL SWITCHES : 18
--- HIGHEST MAKESPAN : 55
--- TOTAL FLOWTIME : 409
--- RUNNING TIME : 2.28814

# -------------------------- #
RUN : 1 - instancias_txt/SSP-NPM-I/ins72_m=2_j=15_t=15_var=12.txt

- MACHINE [0]

0 0 0 1 1 1 1 
0 0 1 0 0 0 0 
0 0 0 0 0 1 1 
1 0 0 0 0 0 1 
0 1 0 0 0 0 0 
0 0 1 1 0 0 0 
0 0 0 0 0 0 0 
0 1 1 0 0 0 0 
0 0 0 0 1 1 1 
0 0 0 0 0 0 0 
0 0 0 0 0 0 1 
1 0 0 0 0 1 0 
1 0 0 0 0 0 0 
1 1 0 0 0 0 0 
0 0 0 1 1 0 0 

JOBS [7] - [2, 13, 5, 4, 14, 1, 3]
TOOL SWITCHES : 8
MAKESPAN : 46

- MACHINE [1]

1 0 0 1 0 1 1 0 
1 0 1 0 0 0 0 0 
0 0 1 0 0 1 1 0 
0 1 0 1 0 0 1 1 
1 1 1 0 1 1 0 1 
0 1 1 1 1 0 0 0 
0 0 0 1 1 1 0 0 
0 0 0 0 0 0 0 0 
0 0 1 1 1 0 0 1 
0 0 0 0 0 1 0 0 
0 1 0 0 0 0 0 0 
1 1 0 0 0 0 0 0 
0 0 0 0 0 0 1 1 
0 0 0 0 0 0 0 0 
0 0 0 0 0 0 1 0 

JOBS [8] - [12, 10, 7, 6, 11, 0, 9, 8]
TOOL SWITCHES : 6
MAKESPAN : 46

# -------------------------- #

--- TOTAL TOOL SWITCHES : 14
--- HIGHEST MAKESPAN : 46
--- TOTAL FLOWTIME : 381
--- RUNNING TIME : 2.06285

# -------------------------- #
RUN : 1 - instancias_txt/SSP-NPM-I/ins73_m=2_j=15_t=15_var=13.txt

- MACHINE [0]

0 1 0 1 1 1 
0 0 0 0 0 1 
0 0 0 0 0 1 
1 1 0 0 0 0 
1 1 0 0 0 0 
0 0 0 0 1 1 
0 1 1 1 1 1 
0 0 0 0 0 0 
0 0 1 1 0 0 
0 0 0 0 0 0 
0 0 0 0 0 0 
1 0 0 0 0 0 
0 0 0 1 0 0 
1 0 1 0 0 0 
0 1 1 0 1 0 

JOBS [6] - [1, 11, 3, 6, 9, 0]
TOOL SWITCHES : 8
MAKESPAN : 59

- MACHINE [1]

1 0 0 0 1 1 0 0 0 
0 1 1 0 0 1 0 1 0 
1 1 1 0 0 0 0 0 0 
0 0 0 0 0 0 0 0 1 
0 1 0 0 0 0 0 0 0 
0 0 0 1 0 0 0 0 0 
0 0 0 0 1 0 0 0 1 
0 0 1 1 0 0 0 0 0 
0 0 0 0 0 0 0 0 0 
1 0 1 0 1 0 0 0 1 
0 1 0 0 1 0 0 1 1 
1 0 0 1 1 1 1 0 0 
0 0 0 0 0 0 1 1 0 
0 0 0 0 0 0 0 1 0 
0 0 0 0 0 1 1 0 1 

JOBS [9] - [5, 4, 14, 8, 2, 12, 13, 10, 7]
TOOL SWITCHES : 7
MAKESPAN : 60

# -------------------------- #

--- TOTAL TOOL SWITCHES : 15
--- HIGHEST MAKESPAN : 60
--- TOTAL FLOWTIME : 437
--- RUNNING TIME : 2.28368

# -------------------------- #
RUN : 1 - instancias_txt/SSP-NPM-I/ins74_m=2_j=15_t=15_var=14.txt

- MACHINE [0]

1 1 1 1 0 0 0 
0 0 0 0 1 1 1 
0 0 0 0 0 0 0 
1 1 1 0 0 0 0 
0 1 1 1 1 0 0 
0 0 0 0 0 0 0 
0 0 0 0 0 0 0 
0 0 0 0 1 1 1 
0 0 0 0 0 0 1 
1 0 0 0 0 1 0 
1 1 1 0 0 0 1 
0 0 1 1 1 0 0 
0 0 0 1 1 0 0 
0 0 0 0 0 0 0 
0 0 0 0 0 1 0 

JOBS [7] - [11, 2, 3, 4, 0, 7, 13]
TOOL SWITCHES : 8
MAKESPAN : 48

- MACHINE [1]

1 1 1 0 0 0 0 0 
0 0 0 0 1 0 0 0 
0 0 1 0 0 0 0 0 
0 0 0 0 0 0 0 0 
0 0 0 0 0 0 0 1 
0 1 0 1 0 1 1 0 
0 0 0 1 1 0 1 0 
0 0 0 0 1 1 0 1 
1 1 1 1 1 0 0 1 
0 0 0 0 0 0 0 0 
0 0 0 0 0 1 0 0 
1 0 0 1 0 1 0 1 
0 0 0 0 0 0 1 1 
0 1 1 0 0 0 0 0 
0 0 0 1 0 1 0 0 

JOBS [8] - [14, 12, 8, 5, 9, 10, 6, 1]
TOOL SWITCHES : 6
MAKESPAN : 49

# -------------------------- #

--- TOTAL TOOL SWITCHES : 14
--- HIGHEST MAKESPAN : 49
--- TOTAL FLOWTIME : 389
--- RUNNING TIME : 2.88952

# -------------------------- #
RUN : 1 - instancias_txt/SSP-NPM-I/ins75_m=2_j=15_t=15_var=15.txt

- MACHINE [0]

0 0 1 1 1 1 1 
1 0 0 0 1 0 1 
0 0 0 0 0 0 0 
0 1 0 1 1 0 0 
0 0 0 0 0 0 0 
0 0 0 0 0 0 0 
1 0 0 0 0 0 1 
0 1 1 0 1 1 0 
0 1 1 1 0 0 0 
0 0 0 0 0 0 1 
0 0 0 0 0 0 0 
1 0 0 0 0 1 0 
0 0 0 0 0 0 0 
1 0 1 1 0 0 0 
0 0 0 0 0 0 0 

JOBS [7] - [3, 2, 0, 13, 6, 7, 9]
TOOL SWITCHES : 7
MAKESPAN : 50

- MACHINE [1]

0 1 0 1 0 0 0 0 
0 0 0 0 0 0 0 0 
1 0 1 0 1 0 0 1 
0 0 0 0 0 1 0 1 
0 1 1 0 0 0 0 0 
0 0 0 0 0 0 1 0 
0 0 0 0 0 0 1 0 
0 1 0 0 1 0 0 0 
1 0 1 0 0 1 0 1 
1 0 0 1 0 0 0 0 
0 1 1 1 0 1 0 0 
0 0 0 0 1 0 1 0 
0 0 0 1 1 1 1 1 
0 0 0 0 0 0 0 0 
0 0 0 0 0 0 0 0 

JOBS [8] - [4, 5, 14, 12, 8, 10, 1, 11]
TOOL SWITCHES : 5
MAKESPAN : 51

# -------------------------- #

--- TOTAL TOOL SWITCHES : 12
--- HIGHEST MAKESPAN : 51
--- TOTAL FLOWTIME : 351
--- RUNNING TIME : 2.54462

# -------------------------- #
RUN : 1 - instancias_txt/SSP-NPM-I/ins76_m=2_j=15_t=15_var=16.txt

- MACHINE [0]

0 0 0 0 0 0 0 
1 0 0 0 1 1 0 
0 1 0 0 0 0 0 
1 0 0 0 0 0 0 
0 0 0 0 0 0 0 
0 0 0 1 0 1 1 
0 1 1 0 0 0 0 
1 1 0 1 1 0 0 
0 0 0 1 1 0 1 
0 0 0 0 1 1 1 
0 0 0 0 0 1 1 
1 1 1 1 0 0 0 
0 0 0 0 0 0 0 
0 0 0 0 0 0 0 
1 0 1 1 0 0 0 

JOBS [7] - [14, 13, 0, 12, 11, 1, 5]
TOOL SWITCHES : 7
MAKESPAN : 48

- MACHINE [1]

0 1 0 0 0 1 1 0 
0 0 0 0 1 0 0 0 
1 0 0 0 0 0 0 1 
0 0 0 0 0 1 1 0 
0 0 0 0 0 0 0 0 
0 0 0 0 0 0 0 0 
0 0 0 0 0 0 1 0 
1 0 0 1 1 0 0 1 
0 0 0 0 0 0 0 0 
0 1 0 1 0 0 1 1 
0 1 1 0 0 0 0 0 
0 0 0 0 0 0 0 0 
0 1 1 1 0 1 0 0 
1 0 1 1 0 0 0 0 
1 0 1 0 1 1 0 0 

JOBS [8] - [10, 6, 2, 4, 8, 9, 7, 3]
TOOL SWITCHES : 5
MAKESPAN : 47

# -------------------------- #

--- TOTAL TOOL SWITCHES : 12
--- HIGHEST MAKESPAN : 48
--- TOTAL FLOWTIME : 365
--- RUNNING TIME : 2.41819

# -------------------------- #
RUN : 1 - instancias_txt/SSP-NPM-I/ins77_m=2_j=15_t=15_var=17.txt

- MACHINE [0]

0 0 0 0 1 1 1 
0 1 0 1 0 0 1 
0 0 0 0 0 0 0 
0 0 0 0 1 1 0 
1 0 0 1 1 1 1 
0 0 0 1 1 0 0 
1 0 0 0 0 0 0 
0 0 0 0 0 0 0 
0 1 1 1 0 0 0 
0 1 1 0 1 0 0 
0 0 0 0 0 0 0 
1 0 0 0 0 0 1 
0 0 0 0 0 0 0 
1 0 1 0 0 0 0 
0 1 0 0 0 1 1 

JOBS [7] - [1, 13, 0, 9, 6, 12, 7]
TOOL SWITCHES : 10
MAKESPAN : 51

- MACHINE [1]

0 0 0 0 0 0 1 0 
0 1 0 0 0 1 0 0 
0 0 0 1 1 1 0 0 
0 0 0 0 0 1 0 0 
1 0 1 0 0 0 0 0 
0 1 0 1 0 0 1 0 
0 0 1 0 0 0 0 0 
1 1 1 1 0 0 0 0 
1 1 0 0 0 0 0 0 
1 0 0 0 1 0 0 0 
0 0 0 1 1 0 1 1 
0 0 0 0 0 0 1 0 
0 1 0 0 1 1 0 1 
0 0 0 0 1 1 0 1 
0 0 0 0 0 0 0 1 

JOBS [8] - [5, 4, 3, 8, 10, 14, 2, 11]
TOOL SWITCHES : 8
MAKESPAN : 51

# -------------------------- #

--- TOTAL TOOL SWITCHES : 18
--- HIGHEST MAKESPAN : 51
--- TOTAL FLOWTIME : 394
--- RUNNING TIME : 2.88848

# -------------------------- #
RUN : 1 - instancias_txt/SSP-NPM-I/ins78_m=2_j=15_t=15_var=18.txt

- MACHINE [0]

1 0 1 1 1 0 0 1 
0 0 0 0 1 0 0 1 
0 0 0 1 1 0 0 0 
0 1 0 0 0 0 1 0 
0 0 0 0 0 0 0 0 
0 0 1 1 0 1 0 0 
0 0 0 0 0 0 0 0 
0 0 1 0 0 1 0 1 
0 0 0 0 0 0 1 1 
0 0 1 1 0 0 0 0 
1 1 1 0 0 0 0 0 
1 1 0 0 1 1 1 0 
0 0 0 0 0 0 0 0 
0 0 0 0 0 1 0 0 
0 0 0 0 0 1 1 1 

JOBS [8] - [4, 0, 10, 5, 8, 14, 13, 9]
TOOL SWITCHES : 12
MAKESPAN : 52

- MACHINE [1]

0 0 1 0 0 0 0 
0 1 0 0 0 0 0 
0 0 1 0 1 0 0 
1 0 0 1 0 1 0 
0 0 0 0 0 0 0 
1 1 0 1 0 0 0 
0 0 0 0 0 0 1 
0 0 0 1 1 0 0 
1 1 1 0 0 0 0 
0 0 0 0 1 1 1 
0 1 1 0 0 0 0 
0 0 0 0 0 0 0 
0 0 0 0 1 1 1 
0 0 0 0 1 0 1 
1 0 0 0 0 1 0 

JOBS [7] - [12, 7, 11, 3, 6, 2, 1]
TOOL SWITCHES : 6
MAKESPAN : 52

# -------------------------- #

--- TOTAL TOOL SWITCHES : 18
--- HIGHEST MAKESPAN : 52
--- TOTAL FLOWTIME : 392
--- RUNNING TIME : 2.49072

# -------------------------- #
RUN : 1 - instancias_txt/SSP-NPM-I/ins79_m=2_j=15_t=15_var=19.txt

- MACHINE [0]

1 1 0 0 0 0 
0 0 0 1 0 1 
0 0 0 0 0 0 
0 0 0 0 0 1 
1 1 0 1 1 1 
0 0 0 0 0 0 
0 1 1 0 0 1 
1 0 1 0 0 0 
1 0 0 1 1 0 
1 0 0 0 0 0 
0 1 1 1 0 0 
0 1 0 0 0 0 
0 0 0 0 1 0 
0 0 0 0 0 0 
0 0 1 0 0 0 

JOBS [6] - [2, 5, 11, 0, 7, 4]
TOOL SWITCHES : 9
MAKESPAN : 55

- MACHINE [1]

0 0 0 0 0 0 0 1 0 
0 0 0 0 0 0 1 1 0 
1 1 1 0 0 0 0 0 0 
1 0 0 1 1 1 0 0 0 
0 0 0 0 0 0 0 0 0 
0 0 0 1 0 0 0 1 1 
0 0 0 0 0 1 0 1 0 
0 0 0 1 0 0 1 0 1 
0 1 1 0 1 0 0 0 0 
0 0 0 0 1 0 0 0 1 
0 0 0 0 0 0 0 0 0 
0 0 1 1 0 0 0 0 0 
0 0 0 0 0 0 1 1 0 
1 1 1 0 0 0 1 0 0 
1 1 0 1 1 1 0 0 0 

JOBS [9] - [12, 14, 6, 9, 8, 1, 3, 10, 13]
TOOL SWITCHES : 6
MAKESPAN : 54

# -------------------------- #

--- TOTAL TOOL SWITCHES : 15
--- HIGHEST MAKESPAN : 55
--- TOTAL FLOWTIME : 425
--- RUNNING TIME : 2.5676

# -------------------------- #
RUN : 1 - instancias_txt/SSP-NPM-I/ins80_m=2_j=15_t=15_var=20.txt

- MACHINE [0]

1 1 0 1 0 0 0 0 
0 0 0 0 0 0 0 1 
0 1 0 1 0 1 1 0 
0 0 0 0 0 0 1 1 
1 1 0 0 0 0 0 0 
1 0 1 0 1 0 0 0 
0 0 1 1 1 0 0 0 
0 0 0 0 0 1 0 0 
0 0 0 0 1 1 0 1 
0 0 0 0 0 0 0 0 
0 0 0 0 1 1 0 1 
1 0 0 0 0 0 0 0 
0 1 0 0 0 1 0 0 
1 0 0 0 0 0 1 0 
0 0 1 1 0 0 0 0 

JOBS [8] - [13, 11, 5, 3, 14, 12, 2, 8]
TOOL SWITCHES : 11
MAKESPAN : 57

- MACHINE [1]

0 0 1 0 0 0 0 
0 0 0 1 0 1 0 
0 0 0 0 0 0 0 
0 0 1 0 0 0 0 
0 1 0 0 0 0 0 
0 1 1 1 0 0 1 
0 1 1 1 0 0 0 
1 1 0 0 0 0 0 
0 0 0 0 0 0 0 
1 0 0 0 0 0 0 
1 0 0 0 0 0 1 
1 0 0 1 1 1 0 
0 1 0 1 1 0 0 
0 0 0 0 0 0 1 
1 0 1 0 1 1 0 

JOBS [7] - [1, 10, 0, 7, 6, 4, 9]
TOOL SWITCHES : 7
MAKESPAN : 56

# -------------------------- #

--- TOTAL TOOL SWITCHES : 18
--- HIGHEST MAKESPAN : 57
--- TOTAL FLOWTIME : 484
--- RUNNING TIME : 2.25319

# -------------------------- #


avg : 52.75
