RUN : 1 - instancias_txt/SSP-NPM-I/ins61_m=2_j=15_t=15_var=1.txt

- MACHINE [0]

0 0 0 0 0 1 0 1 0 1 
1 1 0 1 0 1 1 0 0 0 
0 0 0 0 0 0 0 1 1 0 
0 0 1 1 0 1 1 1 0 0 
1 1 0 0 0 0 0 0 0 0 
0 0 0 0 0 0 0 0 1 1 
0 0 0 0 0 0 0 0 0 1 
1 0 0 0 0 0 0 0 0 0 
0 0 0 0 0 1 0 0 0 0 
1 1 1 0 1 0 0 0 0 0 
0 0 0 0 0 0 1 0 0 1 
0 0 0 0 1 1 1 0 1 0 
0 1 1 1 1 0 0 0 0 0 
0 0 0 1 0 0 0 0 0 0 
0 1 1 0 0 0 0 1 0 1 

JOBS [10] - [4, 7, 13, 8, 3, 11, 2, 14, 5, 12]
TOOL SWITCHES : 12
MAKESPAN : 54

- MACHINE [1]

0 1 1 0 1 
0 1 1 1 0 
1 0 1 0 0 
1 1 0 0 0 
0 0 0 0 0 
1 0 0 0 0 
0 0 0 0 1 
1 0 1 1 0 
0 0 0 1 0 
0 1 0 0 1 
1 1 0 0 0 
0 0 1 1 0 
0 0 0 0 1 
0 0 0 0 0 
0 0 1 0 1 

JOBS [5] - [0, 6, 10, 9, 1]
TOOL SWITCHES : 6
MAKESPAN : 54

# -------------------------- #

--- TOTAL TOOL SWITCHES : 18
--- HIGHEST MAKESPAN : 54
--- TOTAL FLOWTIME : 382
--- RUNNING TIME : 1.14789

# -------------------------- #
RUN : 1 - instancias_txt/SSP-NPM-I/ins62_m=2_j=15_t=15_var=2.txt

- MACHINE [0]

1 1 0 0 0 0 1 0 
1 0 0 0 0 0 0 0 
0 0 0 0 1 0 0 0 
0 0 0 0 0 0 0 1 
0 1 1 0 0 0 0 0 
1 0 0 1 1 1 0 0 
1 0 0 0 0 1 0 0 
1 1 1 0 0 0 0 0 
0 1 0 1 0 0 0 0 
0 1 0 0 1 1 0 0 
0 0 0 1 1 0 1 1 
0 0 0 1 1 1 0 0 
0 0 0 0 0 0 1 1 
0 0 1 0 0 0 0 0 
0 0 0 0 0 1 0 1 

JOBS [8] - [2, 7, 12, 10, 1, 0, 5, 8]
TOOL SWITCHES : 14
MAKESPAN : 55

- MACHINE [1]

0 0 0 0 0 0 0 
0 1 0 0 0 0 0 
1 1 1 1 0 0 0 
0 0 1 0 0 1 0 
0 0 1 0 0 0 0 
0 0 0 0 0 1 0 
0 0 0 0 0 0 1 
0 0 0 0 0 0 0 
1 0 0 0 1 0 1 
0 0 0 0 0 0 0 
1 0 1 0 1 1 1 
0 0 0 1 1 0 1 
0 0 0 0 1 0 0 
1 1 0 1 1 0 1 
0 0 0 0 0 1 0 

JOBS [7] - [3, 11, 9, 14, 4, 13, 6]
TOOL SWITCHES : 5
MAKESPAN : 55

# -------------------------- #

--- TOTAL TOOL SWITCHES : 19
--- HIGHEST MAKESPAN : 55
--- TOTAL FLOWTIME : 405
--- RUNNING TIME : 1.03172

# -------------------------- #
RUN : 1 - instancias_txt/SSP-NPM-I/ins63_m=2_j=15_t=15_var=3.txt

- MACHINE [0]

0 0 0 0 0 0 1 0 
0 0 1 1 1 0 0 1 
0 0 0 0 0 0 1 1 
1 0 0 0 0 0 0 0 
0 0 0 0 0 0 0 0 
1 0 0 0 0 0 0 0 
0 1 0 1 0 0 1 0 
0 0 0 1 0 0 0 0 
0 1 1 0 1 0 0 0 
0 1 0 0 0 0 0 0 
1 0 0 1 1 1 0 0 
0 0 0 0 1 1 0 0 
1 1 1 0 0 0 0 0 
0 0 0 0 0 0 1 1 
0 0 0 0 0 1 0 0 

JOBS [8] - [4, 2, 8, 11, 1, 13, 14, 7]
TOOL SWITCHES : 9
MAKESPAN : 44

- MACHINE [1]

1 1 0 0 0 0 0 
1 1 1 0 0 0 0 
1 1 0 0 0 0 1 
0 0 0 0 0 0 0 
1 0 0 1 0 1 0 
0 0 0 1 1 1 0 
0 0 0 1 0 0 0 
0 0 0 0 0 1 1 
0 0 0 0 0 0 0 
0 0 0 0 0 0 1 
0 0 1 0 0 0 0 
0 0 1 0 0 1 0 
0 0 0 0 0 0 0 
0 0 1 0 1 0 0 
0 1 0 1 1 0 1 

JOBS [7] - [6, 5, 12, 0, 10, 9, 3]
TOOL SWITCHES : 5
MAKESPAN : 44

# -------------------------- #

--- TOTAL TOOL SWITCHES : 14
--- HIGHEST MAKESPAN : 44
--- TOTAL FLOWTIME : 374
--- RUNNING TIME : 1.05025

# -------------------------- #
RUN : 1 - instancias_txt/SSP-NPM-I/ins64_m=2_j=15_t=15_var=4.txt

- MACHINE [0]

1 1 0 1 0 0 0 
0 0 0 1 0 1 0 
0 0 0 0 0 0 1 
0 1 1 0 0 1 0 
0 0 1 1 0 0 0 
0 0 0 0 1 1 1 
0 1 1 0 0 0 0 
0 0 0 1 1 0 0 
0 1 0 0 0 0 0 
0 0 0 1 0 1 1 
1 0 0 0 0 0 0 
0 0 0 0 1 0 0 
0 0 0 0 0 0 0 
1 1 1 0 0 0 1 
1 0 0 0 0 1 0 

JOBS [7] - [0, 12, 3, 11, 14, 6, 10]
TOOL SWITCHES : 12
MAKESPAN : 56

- MACHINE [1]

0 0 0 0 0 0 0 0 
0 0 1 1 0 1 1 0 
0 1 0 0 0 0 1 0 
1 0 0 0 0 0 0 0 
1 0 1 1 1 1 1 1 
0 0 0 0 0 0 0 0 
0 0 0 1 1 0 0 0 
0 0 0 0 0 0 0 0 
0 1 1 1 0 0 0 1 
0 0 0 0 0 1 0 0 
0 0 0 0 0 1 0 1 
0 0 0 0 1 0 0 1 
1 1 0 0 0 0 0 0 
1 1 0 0 0 0 1 1 
0 1 1 0 1 0 0 0 

JOBS [8] - [5, 1, 8, 7, 4, 13, 2, 9]
TOOL SWITCHES : 6
MAKESPAN : 54

# -------------------------- #

--- TOTAL TOOL SWITCHES : 18
--- HIGHEST MAKESPAN : 56
--- TOTAL FLOWTIME : 412
--- RUNNING TIME : 1.23714

# -------------------------- #
RUN : 1 - instancias_txt/SSP-NPM-I/ins65_m=2_j=15_t=15_var=5.txt

- MACHINE [0]

0 0 0 1 1 0 0 
0 0 1 1 0 0 0 
1 0 0 0 0 0 0 
0 0 0 0 0 0 1 
0 0 0 0 0 0 0 
1 1 0 0 0 0 0 
0 1 0 0 0 0 0 
1 0 0 0 0 0 0 
0 0 1 0 1 0 0 
0 0 0 0 0 1 0 
0 0 1 0 0 1 0 
0 0 0 0 0 0 0 
0 1 0 0 1 1 1 
0 0 0 1 0 1 1 
0 1 0 0 1 0 1 

JOBS [7] - [6, 5, 11, 12, 7, 9, 13]
TOOL SWITCHES : 10
MAKESPAN : 48

- MACHINE [1]

1 0 1 1 0 0 0 0 
0 0 0 1 0 1 1 0 
1 0 0 1 1 0 0 0 
0 0 0 0 0 0 0 0 
0 0 0 0 0 1 1 1 
0 0 1 1 1 0 0 0 
0 1 0 0 0 0 0 0 
0 0 0 0 0 0 0 0 
0 0 0 0 0 0 0 1 
0 1 0 0 0 0 0 1 
0 1 0 1 1 0 1 0 
0 0 0 0 1 1 0 0 
0 1 0 0 0 1 1 1 
1 0 1 0 0 0 0 0 
1 0 0 0 0 0 0 0 

JOBS [8] - [0, 10, 3, 4, 8, 14, 2, 1]
TOOL SWITCHES : 6
MAKESPAN : 49

# -------------------------- #

--- TOTAL TOOL SWITCHES : 16
--- HIGHEST MAKESPAN : 49
--- TOTAL FLOWTIME : 422
--- RUNNING TIME : 0.973818

# -------------------------- #
RUN : 1 - instancias_txt/SSP-NPM-I/ins66_m=2_j=15_t=15_var=6.txt

- MACHINE [0]

0 0 0 1 1 0 0 0 
1 0 0 0 0 0 1 1 
1 0 1 0 1 1 0 0 
0 0 0 0 0 1 0 0 
0 1 0 0 0 0 0 0 
1 1 1 0 0 0 0 0 
0 0 0 0 0 0 0 1 
0 0 1 1 0 0 1 1 
0 1 0 1 0 0 1 0 
1 0 0 0 0 0 0 0 
0 0 0 0 0 0 0 0 
0 0 0 0 0 0 0 0 
0 1 1 1 0 0 0 0 
0 0 0 0 0 0 0 1 
0 0 0 0 1 1 0 1 

JOBS [8] - [1, 10, 8, 4, 5, 9, 13, 3]
TOOL SWITCHES : 9
MAKESPAN : 55

- MACHINE [1]

0 0 0 1 1 1 0 
0 0 0 0 0 0 0 
0 0 1 1 0 0 0 
1 0 0 0 0 0 0 
0 0 0 0 0 0 0 
0 0 0 0 0 1 1 
0 1 0 1 1 0 1 
1 0 1 0 0 0 0 
1 1 0 0 0 0 0 
1 1 0 0 0 0 1 
0 0 0 0 1 1 0 
0 0 0 1 0 0 0 
0 0 0 0 0 0 1 
1 1 0 0 0 0 1 
1 0 1 0 0 1 0 

JOBS [7] - [14, 12, 6, 7, 0, 11, 2]
TOOL SWITCHES : 6
MAKESPAN : 56

# -------------------------- #

--- TOTAL TOOL SWITCHES : 15
--- HIGHEST MAKESPAN : 56
--- TOTAL FLOWTIME : 455
--- RUNNING TIME : 0.95253

# -------------------------- #
RUN : 1 - instancias_txt/SSP-NPM-I/ins67_m=2_j=15_t=15_var=7.txt

- MACHINE [0]

0 0 0 0 0 1 1 
1 1 1 1 0 0 0 
0 0 0 1 0 0 0 
0 0 0 0 1 1 0 
1 1 0 0 0 0 1 
0 0 0 0 0 0 0 
0 0 0 0 0 1 0 
1 0 0 0 0 0 0 
0 0 1 0 0 1 0 
0 1 1 0 1 0 0 
0 0 0 1 0 1 1 
0 0 0 0 1 0 0 
1 1 0 1 1 0 0 
1 1 1 1 0 0 0 
0 0 0 0 0 0 0 

JOBS [7] - [7, 9, 4, 13, 5, 12, 6]
TOOL SWITCHES : 11
MAKESPAN : 61

- MACHINE [1]

0 0 0 0 0 0 1 0 
1 0 0 0 0 0 0 0 
0 0 0 0 0 1 1 0 
0 0 0 0 0 0 0 0 
1 0 1 0 0 1 1 0 
0 1 1 0 0 1 0 0 
0 1 0 1 1 0 1 0 
1 0 0 1 1 0 0 0 
0 0 0 0 1 0 0 1 
0 0 0 0 0 0 0 0 
0 0 0 1 0 0 0 1 
0 0 1 1 0 0 0 0 
0 1 1 0 0 0 0 0 
1 1 0 0 0 0 0 0 
0 1 0 1 1 0 1 1 

JOBS [8] - [0, 8, 3, 11, 10, 2, 1, 14]
TOOL SWITCHES : 6
MAKESPAN : 60

# -------------------------- #

--- TOTAL TOOL SWITCHES : 17
--- HIGHEST MAKESPAN : 61
--- TOTAL FLOWTIME : 465
--- RUNNING TIME : 1.24833

# -------------------------- #
RUN : 1 - instancias_txt/SSP-NPM-I/ins68_m=2_j=15_t=15_var=8.txt

- MACHINE [0]

0 0 0 0 0 0 1 0 
1 1 0 0 0 0 0 0 
1 0 1 1 0 0 0 0 
0 0 0 0 0 0 0 1 
0 0 0 1 1 1 0 1 
0 0 0 0 0 0 0 0 
1 0 0 0 1 0 0 1 
1 0 0 0 1 1 1 0 
0 0 0 0 0 0 0 0 
0 0 0 0 0 0 0 0 
1 1 1 0 0 0 0 0 
0 0 0 0 0 1 1 1 
0 1 0 1 0 0 0 0 
0 1 1 1 1 1 0 0 
0 1 1 0 0 1 1 1 

JOBS [8] - [6, 13, 14, 7, 3, 0, 12, 2]
TOOL SWITCHES : 11
MAKESPAN : 51

- MACHINE [1]

0 0 0 0 0 1 1 
0 0 1 0 0 0 1 
0 1 0 1 0 0 0 
1 1 0 0 1 1 0 
0 0 0 1 0 0 0 
0 0 0 1 0 0 1 
1 0 0 0 0 1 0 
0 0 0 0 0 0 0 
1 1 1 0 0 0 0 
1 0 1 0 0 0 0 
0 0 0 0 1 0 1 
0 0 1 1 1 0 1 
0 0 0 0 0 0 0 
0 0 0 0 0 0 0 
0 0 0 0 0 0 0 

JOBS [7] - [8, 11, 1, 10, 5, 9, 4]
TOOL SWITCHES : 4
MAKESPAN : 51

# -------------------------- #

--- TOTAL TOOL SWITCHES : 15
--- HIGHEST MAKESPAN : 51
--- TOTAL FLOWTIME : 376
--- RUNNING TIME : 1.01223

# -------------------------- #
RUN : 1 - instancias_txt/SSP-NPM-I/ins69_m=2_j=15_t=15_var=9.txt

- MACHINE [0]

0 1 0 0 0 0 0 
0 0 1 1 1 1 1 
1 1 0 0 1 1 0 
1 0 0 0 0 0 0 
0 0 0 1 0 0 0 
1 1 1 0 0 0 0 
0 0 0 0 0 0 0 
0 0 0 0 0 0 0 
0 0 0 0 1 0 1 
0 0 0 0 0 0 0 
0 0 1 0 0 0 0 
0 0 0 0 0 0 0 
0 0 0 1 0 1 1 
0 0 0 0 0 0 1 
1 0 0 1 1 1 1 

JOBS [7] - [4, 7, 10, 0, 6, 8, 9]
TOOL SWITCHES : 6
MAKESPAN : 54

- MACHINE [1]

0 1 1 1 1 0 1 0 
0 0 0 0 0 0 0 0 
0 1 1 0 1 0 0 0 
0 0 0 0 0 0 0 0 
0 0 0 0 1 0 1 1 
0 0 0 0 0 0 0 1 
0 1 1 0 0 0 0 0 
0 0 0 0 0 0 1 0 
0 0 0 0 0 0 0 0 
1 0 1 0 0 0 0 0 
0 0 0 1 0 1 0 0 
0 0 0 0 0 0 0 0 
1 1 0 1 1 0 0 1 
0 1 0 0 0 1 1 0 
1 0 0 1 0 1 0 0 

JOBS [8] - [1, 12, 14, 2, 11, 3, 13, 5]
TOOL SWITCHES : 4
MAKESPAN : 54

# -------------------------- #

--- TOTAL TOOL SWITCHES : 10
--- HIGHEST MAKESPAN : 54
--- TOTAL FLOWTIME : 456
--- RUNNING TIME : 1.04574

# -------------------------- #
RUN : 1 - instancias_txt/SSP-NPM-I/ins70_m=2_j=15_t=15_var=10.txt

- MACHINE [0]

1 0 0 0 0 0 0 0 
0 0 0 1 1 0 0 0 
0 0 0 0 0 0 0 1 
0 1 0 0 0 0 0 0 
1 1 1 0 0 0 0 0 
0 1 0 1 0 0 0 0 
1 0 0 0 0 0 1 0 
1 0 0 0 0 1 0 0 
0 0 0 0 1 1 0 1 
0 0 0 0 0 0 1 1 
0 0 0 0 0 0 0 0 
0 1 1 1 1 1 1 1 
0 0 0 0 0 0 0 0 
0 1 0 0 1 0 0 1 
0 0 1 0 0 1 0 0 

JOBS [8] - [8, 1, 9, 4, 2, 11, 6, 12]
TOOL SWITCHES : 10
MAKESPAN : 47

- MACHINE [1]

0 0 0 0 0 1 0 
1 0 1 0 0 0 0 
0 0 1 1 0 0 0 
1 1 1 0 0 0 1 
1 0 0 1 0 1 0 
0 0 0 0 1 0 0 
0 1 0 1 0 0 1 
0 0 0 0 0 0 0 
0 0 0 0 0 1 1 
1 1 0 0 0 0 0 
0 0 1 0 0 1 1 
0 0 0 0 0 0 0 
0 0 0 1 0 0 0 
0 0 0 0 1 1 0 
0 1 1 0 1 0 0 

JOBS [7] - [10, 7, 13, 5, 3, 0, 14]
TOOL SWITCHES : 6
MAKESPAN : 48

# -------------------------- #

--- TOTAL TOOL SWITCHES : 16
--- HIGHEST MAKESPAN : 48
--- TOTAL FLOWTIME : 358
--- RUNNING TIME : 1.01128

# -------------------------- #
RUN : 1 - instancias_txt/SSP-NPM-I/ins71_m=2_j=15_t=15_var=11.txt

- MACHINE [0]

0 0 0 0 1 1 0 
0 0 0 1 1 0 0 
0 0 0 0 1 0 1 
1 1 0 0 0 0 0 
0 1 1 0 0 0 0 
0 0 1 0 0 0 0 
1 1 0 0 0 0 0 
1 1 0 0 0 0 0 
0 0 0 0 0 0 0 
0 0 0 0 0 0 0 
0 0 0 1 1 1 1 
1 0 0 0 0 1 1 
0 0 0 0 0 1 1 
1 1 0 1 1 1 0 
0 0 1 0 0 0 1 

JOBS [7] - [1, 11, 0, 3, 8, 6, 13]
TOOL SWITCHES : 11
MAKESPAN : 54

- MACHINE [1]

0 1 0 0 0 0 0 0 
0 0 0 0 0 1 0 1 
0 0 1 1 0 0 0 0 
0 1 0 1 0 0 0 0 
0 1 0 0 0 0 0 0 
1 0 0 1 1 1 0 0 
0 0 1 1 1 0 0 0 
1 0 1 0 1 0 1 0 
1 1 1 0 0 0 0 0 
0 0 0 0 1 0 1 1 
0 0 1 0 0 1 0 1 
0 0 0 0 1 1 1 1 
0 0 0 0 1 1 0 0 
0 0 0 0 0 0 1 0 
1 0 0 0 0 0 0 0 

JOBS [8] - [7, 14, 2, 4, 5, 9, 12, 10]
TOOL SWITCHES : 8
MAKESPAN : 57

# -------------------------- #

--- TOTAL TOOL SWITCHES : 19
--- HIGHEST MAKESPAN : 57
--- TOTAL FLOWTIME : 439
--- RUNNING TIME : 1.01221

# -------------------------- #
RUN : 1 - instancias_txt/SSP-NPM-I/ins72_m=2_j=15_t=15_var=12.txt

- MACHINE [0]

1 1 1 1 0 0 0 
0 0 0 0 1 0 0 
1 1 0 0 0 0 0 
1 0 0 0 0 0 1 
0 0 0 0 0 1 0 
0 0 0 1 1 0 0 
0 0 0 0 0 0 0 
0 0 0 0 1 1 0 
1 1 1 0 0 0 0 
0 0 0 0 0 0 0 
1 0 0 0 0 0 0 
0 1 0 0 0 0 1 
0 0 0 0 0 0 1 
0 0 0 0 0 1 1 
0 0 1 1 0 0 0 

JOBS [7] - [3, 1, 14, 4, 5, 13, 2]
TOOL SWITCHES : 8
MAKESPAN : 46

- MACHINE [1]

0 1 0 1 0 1 0 1 
0 1 1 0 0 0 0 0 
0 0 1 0 0 1 0 1 
1 0 0 1 0 0 1 1 
1 1 1 0 1 1 1 0 
1 0 1 1 1 0 0 0 
0 0 0 1 1 1 0 0 
0 0 0 0 0 0 0 0 
0 0 1 1 1 0 1 0 
0 0 0 0 0 1 0 0 
1 0 0 0 0 0 0 0 
1 1 0 0 0 0 0 0 
0 0 0 0 0 0 1 1 
0 0 0 0 0 0 0 0 
0 0 0 0 0 0 0 1 

JOBS [8] - [10, 12, 7, 6, 11, 0, 8, 9]
TOOL SWITCHES : 6
MAKESPAN : 46

# -------------------------- #

--- TOTAL TOOL SWITCHES : 14
--- HIGHEST MAKESPAN : 46
--- TOTAL FLOWTIME : 366
--- RUNNING TIME : 0.937844

# -------------------------- #
RUN : 1 - instancias_txt/SSP-NPM-I/ins73_m=2_j=15_t=15_var=13.txt

- MACHINE [0]

0 1 1 1 0 0 
0 0 0 1 1 0 
0 0 0 0 0 0 
0 0 0 0 0 1 
0 0 0 0 0 1 
0 1 0 0 0 0 
1 1 1 0 0 0 
0 0 0 0 0 0 
1 0 1 0 0 0 
0 0 0 0 0 0 
0 0 0 0 1 0 
0 0 0 1 0 1 
0 0 1 0 1 0 
1 0 0 0 1 1 
1 1 0 1 0 0 

JOBS [6] - [3, 9, 6, 12, 10, 1]
TOOL SWITCHES : 8
MAKESPAN : 61

- MACHINE [1]

0 1 1 0 0 1 0 0 1 
0 0 0 0 1 1 1 0 0 
0 0 0 0 1 1 1 0 1 
1 1 0 0 0 0 0 0 0 
0 1 0 0 1 0 0 0 0 
0 0 0 0 0 1 0 1 0 
1 1 1 0 0 1 0 0 0 
0 0 0 0 0 0 1 1 0 
0 0 0 0 0 0 0 0 0 
1 0 1 0 0 0 1 0 1 
1 0 1 0 1 0 0 0 0 
0 0 1 1 0 0 0 1 1 
0 0 0 1 0 0 0 0 0 
0 0 0 0 0 0 0 0 0 
1 1 0 1 0 0 0 0 0 

JOBS [9] - [7, 11, 2, 13, 4, 0, 14, 8, 5]
TOOL SWITCHES : 7
MAKESPAN : 61

# -------------------------- #

--- TOTAL TOOL SWITCHES : 15
--- HIGHEST MAKESPAN : 61
--- TOTAL FLOWTIME : 535
--- RUNNING TIME : 1.21047

# -------------------------- #
RUN : 1 - instancias_txt/SSP-NPM-I/ins74_m=2_j=15_t=15_var=14.txt

- MACHINE [0]

0 0 1 1 1 0 0 
1 1 0 0 0 0 0 
0 0 0 0 0 0 0 
0 0 1 1 0 0 0 
0 0 0 1 1 0 0 
0 0 0 0 0 1 1 
0 0 0 0 0 1 1 
1 1 0 0 0 0 0 
0 1 0 0 0 0 1 
1 0 1 0 0 0 0 
0 1 1 1 0 0 0 
0 0 0 0 1 0 1 
0 0 0 0 1 1 0 
0 0 0 0 0 0 0 
1 0 0 0 0 0 1 

JOBS [7] - [7, 13, 11, 2, 4, 6, 5]
TOOL SWITCHES : 9
MAKESPAN : 48

- MACHINE [1]

0 1 1 1 1 0 0 0 
0 0 0 0 0 0 1 1 
0 0 1 0 0 0 0 0 
0 0 0 0 1 0 0 0 
0 0 0 0 1 1 1 0 
1 1 0 0 0 0 0 0 
0 0 0 0 0 0 0 1 
1 0 0 0 0 1 1 1 
0 1 1 1 0 1 0 1 
0 0 0 0 0 0 0 0 
1 0 0 0 1 0 0 0 
1 0 0 1 1 1 1 0 
0 0 0 0 0 1 1 0 
0 1 1 0 0 0 0 0 
1 0 0 0 0 0 0 0 

JOBS [8] - [10, 12, 8, 14, 3, 1, 0, 9]
TOOL SWITCHES : 7
MAKESPAN : 48

# -------------------------- #

--- TOTAL TOOL SWITCHES : 16
--- HIGHEST MAKESPAN : 48
--- TOTAL FLOWTIME : 385
--- RUNNING TIME : 1.08444

# -------------------------- #
RUN : 1 - instancias_txt/SSP-NPM-I/ins75_m=2_j=15_t=15_var=15.txt

- MACHINE [0]

1 0 1 1 0 1 1 
1 1 0 1 0 0 0 
0 0 0 0 0 0 0 
1 0 0 0 1 1 0 
0 0 0 0 0 0 0 
0 0 0 0 0 0 0 
0 1 0 1 0 0 0 
1 0 1 0 1 0 1 
0 0 0 0 1 1 1 
0 0 0 1 0 0 0 
0 0 0 0 0 0 0 
0 1 1 0 0 0 0 
0 0 0 0 0 0 0 
0 1 0 0 0 1 1 
0 0 0 0 0 0 0 

JOBS [7] - [6, 3, 7, 9, 2, 13, 0]
TOOL SWITCHES : 7
MAKESPAN : 50

- MACHINE [1]

0 1 0 0 0 1 0 0 
0 0 0 0 0 0 0 0 
1 0 0 1 1 0 1 0 
0 0 1 1 0 0 0 0 
1 1 0 0 0 0 0 0 
0 0 0 0 0 0 0 1 
0 0 0 0 0 0 0 1 
0 1 0 0 1 0 0 0 
1 0 1 1 0 0 1 0 
0 0 0 0 0 1 1 0 
1 1 1 0 0 1 0 0 
0 0 0 0 1 0 0 1 
0 0 1 1 1 1 0 1 
0 0 0 0 0 0 0 0 
0 0 0 0 0 0 0 0 

JOBS [8] - [14, 5, 10, 11, 8, 12, 4, 1]
TOOL SWITCHES : 5
MAKESPAN : 51

# -------------------------- #

--- TOTAL TOOL SWITCHES : 12
--- HIGHEST MAKESPAN : 51
--- TOTAL FLOWTIME : 420
--- RUNNING TIME : 1.07805

# -------------------------- #
RUN : 1 - instancias_txt/SSP-NPM-I/ins76_m=2_j=15_t=15_var=16.txt

- MACHINE [0]

0 0 0 0 0 0 0 
0 0 1 0 1 0 1 
1 0 0 0 0 0 0 
0 0 1 0 0 0 0 
0 0 0 0 0 0 0 
0 0 0 1 0 1 1 
1 1 0 0 0 0 0 
1 0 1 1 1 0 0 
0 0 0 1 1 1 0 
0 0 0 0 1 1 1 
0 0 0 0 0 1 1 
1 1 1 1 0 0 0 
0 0 0 0 0 0 0 
0 0 0 0 0 0 0 
0 1 1 1 0 0 0 

JOBS [7] - [13, 0, 14, 12, 11, 5, 1]
TOOL SWITCHES : 7
MAKESPAN : 48

- MACHINE [1]

0 0 0 0 1 1 0 1 
0 0 0 1 0 0 0 0 
1 1 0 0 0 0 0 0 
0 0 0 0 0 1 0 1 
0 0 0 0 0 0 0 0 
0 0 0 0 0 0 0 0 
0 0 0 0 0 0 0 1 
1 1 0 1 0 0 1 0 
0 0 0 0 0 0 0 0 
1 0 0 0 1 0 1 1 
0 0 1 0 1 0 0 0 
0 0 0 0 0 0 0 0 
0 0 1 0 1 1 1 0 
0 1 1 0 0 0 1 0 
0 1 1 1 0 1 0 0 

JOBS [8] - [3, 10, 2, 8, 6, 9, 4, 7]
TOOL SWITCHES : 4
MAKESPAN : 43

# -------------------------- #

--- TOTAL TOOL SWITCHES : 11
--- HIGHEST MAKESPAN : 48
--- TOTAL FLOWTIME : 322
--- RUNNING TIME : 1.03322

# -------------------------- #
RUN : 1 - instancias_txt/SSP-NPM-I/ins77_m=2_j=15_t=15_var=17.txt

- MACHINE [0]

0 0 0 1 1 1 1 
0 0 0 0 0 0 1 
0 0 0 0 0 0 0 
0 0 0 1 1 0 0 
1 0 0 1 1 0 1 
0 0 0 0 1 1 0 
1 0 0 0 0 0 0 
0 0 0 0 0 0 0 
0 0 1 0 0 0 0 
0 0 1 0 1 0 0 
0 1 0 0 0 1 0 
1 0 0 0 0 1 1 
0 1 0 0 0 0 0 
1 1 1 0 0 0 0 
0 1 0 1 0 0 1 

JOBS [7] - [1, 11, 0, 12, 6, 2, 7]
TOOL SWITCHES : 11
MAKESPAN : 50

- MACHINE [1]

0 0 0 0 0 0 0 0 
1 1 1 0 0 0 1 0 
0 0 0 0 0 1 1 1 
0 0 0 0 0 0 1 0 
1 0 0 1 1 0 0 0 
1 1 0 0 0 0 0 1 
0 0 0 0 1 0 0 0 
0 1 0 1 1 0 0 1 
1 1 1 1 0 0 0 0 
0 0 1 1 0 1 0 0 
0 0 0 0 0 1 0 1 
0 0 0 0 0 0 0 0 
0 1 0 0 0 1 1 0 
0 0 0 0 0 1 1 0 
0 0 1 0 0 0 0 0 

JOBS [8] - [9, 4, 13, 5, 3, 10, 14, 8]
TOOL SWITCHES : 7
MAKESPAN : 52

# -------------------------- #

--- TOTAL TOOL SWITCHES : 18
--- HIGHEST MAKESPAN : 52
--- TOTAL FLOWTIME : 402
--- RUNNING TIME : 1.0715

# -------------------------- #
RUN : 1 - instancias_txt/SSP-NPM-I/ins78_m=2_j=15_t=15_var=18.txt

- MACHINE [0]

1 0 1 1 0 0 1 1 
1 0 0 1 0 0 0 0 
1 0 0 0 0 0 1 0 
0 1 0 0 1 0 0 0 
0 0 0 0 0 0 0 0 
0 0 0 0 0 1 1 1 
0 0 0 0 0 0 0 0 
0 0 0 1 0 1 0 1 
0 0 0 1 1 0 0 0 
0 0 0 0 0 0 1 1 
0 1 1 0 0 0 0 1 
1 1 1 0 1 1 0 0 
0 0 0 0 0 0 0 0 
0 0 0 0 0 1 0 0 
0 0 0 1 1 1 0 0 

JOBS [8] - [8, 0, 4, 9, 13, 14, 5, 10]
TOOL SWITCHES : 12
MAKESPAN : 52

- MACHINE [1]

1 0 0 0 0 0 0 
0 0 0 1 0 0 0 
1 1 0 0 0 0 0 
0 0 0 0 1 1 1 
0 0 0 0 0 0 0 
0 0 0 1 1 1 0 
0 0 1 0 0 0 0 
0 1 0 0 1 0 0 
1 0 0 1 0 1 0 
0 1 1 0 0 0 1 
1 0 0 1 0 0 0 
0 0 0 0 0 0 0 
0 1 1 0 0 0 1 
0 1 1 0 0 0 0 
0 0 0 0 0 1 1 

JOBS [7] - [11, 6, 1, 7, 3, 12, 2]
TOOL SWITCHES : 6
MAKESPAN : 52

# -------------------------- #

--- TOTAL TOOL SWITCHES : 18
--- HIGHEST MAKESPAN : 52
--- TOTAL FLOWTIME : 407
--- RUNNING TIME : 1.22398

# -------------------------- #
RUN : 1 - instancias_txt/SSP-NPM-I/ins79_m=2_j=15_t=15_var=19.txt

- MACHINE [0]

0 1 0 1 0 0 
1 0 0 0 1 0 
0 0 0 0 0 0 
0 0 0 0 1 0 
1 1 1 1 1 0 
0 0 0 0 0 0 
0 0 0 1 1 1 
0 1 0 0 0 1 
1 1 1 0 0 0 
0 1 0 0 0 0 
1 0 0 1 0 1 
0 0 0 1 0 0 
0 0 1 0 0 0 
0 0 0 0 0 0 
0 0 0 0 0 1 

JOBS [6] - [0, 2, 7, 5, 4, 11]
TOOL SWITCHES : 10
MAKESPAN : 57

- MACHINE [1]

0 0 0 0 0 0 1 0 0 
0 0 0 0 0 0 1 1 0 
1 0 0 1 1 0 0 0 0 
0 1 1 1 0 1 0 0 0 
0 0 0 0 0 0 0 0 0 
0 0 0 0 0 1 1 0 1 
0 0 1 0 0 0 1 0 0 
0 0 0 0 0 1 0 1 1 
1 1 0 0 1 0 0 0 0 
0 1 0 0 0 0 0 0 1 
0 0 0 0 0 0 0 0 0 
0 0 0 0 1 1 0 0 0 
0 0 0 0 0 0 1 1 0 
1 0 0 1 1 0 0 1 0 
1 1 1 1 0 1 0 0 0 

JOBS [9] - [14, 8, 1, 12, 6, 9, 10, 3, 13]
TOOL SWITCHES : 7
MAKESPAN : 58

# -------------------------- #

--- TOTAL TOOL SWITCHES : 17
--- HIGHEST MAKESPAN : 58
--- TOTAL FLOWTIME : 405
--- RUNNING TIME : 1.10893

# -------------------------- #
RUN : 1 - instancias_txt/SSP-NPM-I/ins80_m=2_j=15_t=15_var=20.txt

- MACHINE [0]

0 0 0 0 1 1 0 1 
0 1 0 0 0 0 0 0 
1 0 0 0 0 1 1 1 
0 1 0 0 1 0 1 0 
0 0 0 0 0 0 0 1 
0 0 1 1 1 0 0 0 
0 0 1 1 1 1 0 0 
1 0 0 0 0 0 0 0 
1 1 1 0 0 0 0 0 
0 0 0 0 0 0 0 0 
1 1 1 0 0 0 0 0 
0 0 0 0 0 0 0 0 
1 0 0 0 0 0 0 1 
0 0 0 0 0 0 1 0 
0 0 0 1 1 1 0 0 

JOBS [8] - [12, 8, 14, 5, 0, 3, 2, 11]
TOOL SWITCHES : 10
MAKESPAN : 57

- MACHINE [1]

0 0 0 0 0 0 1 
0 0 1 1 0 0 0 
0 0 0 0 0 0 0 
0 0 0 0 0 0 0 
0 0 0 0 1 0 1 
0 0 0 1 1 1 1 
0 0 0 1 1 0 0 
1 0 0 0 1 0 0 
0 0 0 0 0 0 0 
1 0 0 0 0 0 0 
1 0 0 0 0 1 0 
1 1 1 1 0 0 1 
0 1 0 1 1 0 0 
0 0 0 0 0 1 1 
1 1 1 0 0 0 0 

JOBS [7] - [1, 6, 4, 7, 10, 9, 13]
TOOL SWITCHES : 5
MAKESPAN : 55

# -------------------------- #

--- TOTAL TOOL SWITCHES : 15
--- HIGHEST MAKESPAN : 57
--- TOTAL FLOWTIME : 450
--- RUNNING TIME : 1.08229

# -------------------------- #


avg : 52.9
