RUN : 1 - instancias_txt/SSP-NPM-I/ins61_m=2_j=15_t=15_var=1.txt

- MACHINE [0]

1 1 0 1 0 0 0 0 
0 0 0 0 0 1 1 1 
0 0 0 1 0 0 0 0 
0 0 1 1 0 0 0 1 
0 0 0 0 0 1 1 0 
1 0 0 0 0 0 0 0 
1 1 0 0 0 0 0 0 
0 0 0 0 0 0 1 0 
0 0 0 0 0 0 0 0 
0 1 1 0 1 1 1 0 
1 0 0 0 0 0 0 0 
0 0 0 0 1 0 0 0 
0 1 1 0 1 1 0 1 
0 0 0 0 0 0 0 1 
1 1 1 1 0 1 0 0 

JOBS [8] - [12, 1, 13, 14, 3, 7, 4, 8]
TOOL SWITCHES : 11
MAKESPAN : 52

- MACHINE [1]

0 0 1 0 1 0 1 
0 0 1 1 1 1 1 
1 1 0 0 0 0 1 
0 1 1 0 1 1 0 
0 0 0 0 0 0 0 
1 1 0 0 0 0 0 
0 0 0 0 0 0 0 
0 1 0 1 0 0 1 
0 0 1 1 0 0 0 
0 0 0 0 1 0 0 
0 1 0 0 1 1 0 
1 0 1 1 0 1 1 
0 0 0 0 0 0 0 
0 0 0 0 0 0 0 
0 0 0 0 0 0 1 

JOBS [7] - [5, 0, 11, 9, 6, 2, 10]
TOOL SWITCHES : 5
MAKESPAN : 54

# -------------------------- #

--- TOTAL TOOL SWITCHES : 16
--- HIGHEST MAKESPAN : 54
--- TOTAL FLOWTIME : 443
--- RUNNING TIME : 1.11687

# -------------------------- #
RUN : 1 - instancias_txt/SSP-NPM-I/ins62_m=2_j=15_t=15_var=2.txt

- MACHINE [0]

1 0 1 0 0 0 1 0 
1 0 0 0 0 0 0 0 
0 0 0 0 1 0 0 0 
0 0 0 0 0 0 0 1 
0 1 1 0 0 0 0 0 
1 0 0 1 1 1 0 0 
1 0 0 0 0 1 0 0 
1 1 1 0 0 0 0 0 
0 0 1 1 0 0 0 0 
0 0 1 0 1 1 0 0 
0 0 0 1 1 0 1 1 
0 0 0 1 1 1 0 0 
0 0 0 0 0 0 1 1 
0 1 0 0 0 0 0 0 
0 0 0 0 0 1 0 1 

JOBS [8] - [2, 12, 7, 10, 1, 0, 5, 8]
TOOL SWITCHES : 14
MAKESPAN : 55

- MACHINE [1]

0 0 0 0 0 0 0 
0 0 1 0 0 0 0 
1 0 1 0 1 1 0 
0 1 0 0 1 0 0 
0 0 0 0 1 0 0 
0 1 0 0 0 0 0 
0 0 0 1 0 0 0 
0 0 0 0 0 0 0 
1 0 0 1 0 0 1 
0 0 0 0 0 0 0 
1 1 0 1 1 0 1 
0 0 0 1 0 1 1 
0 0 0 0 0 0 1 
1 0 1 1 0 1 1 
0 1 0 0 0 0 0 

JOBS [7] - [3, 13, 11, 6, 9, 14, 4]
TOOL SWITCHES : 5
MAKESPAN : 55

# -------------------------- #

--- TOTAL TOOL SWITCHES : 19
--- HIGHEST MAKESPAN : 55
--- TOTAL FLOWTIME : 435
--- RUNNING TIME : 0.889709

# -------------------------- #
RUN : 1 - instancias_txt/SSP-NPM-I/ins63_m=2_j=15_t=15_var=3.txt

- MACHINE [0]

0 0 0 0 0 0 0 1 
0 0 1 1 1 0 1 0 
0 0 0 0 0 0 1 1 
1 0 0 0 0 0 0 0 
0 0 0 0 0 0 0 0 
1 0 0 0 0 0 0 0 
0 1 0 0 1 0 0 1 
0 0 0 0 1 0 0 0 
0 1 1 1 0 0 0 0 
0 1 0 0 0 0 0 0 
1 0 0 1 1 1 0 0 
0 0 0 1 0 1 0 0 
1 1 1 0 0 0 0 0 
0 0 0 0 0 0 1 1 
0 0 0 0 0 1 0 0 

JOBS [8] - [4, 2, 8, 1, 11, 13, 7, 14]
TOOL SWITCHES : 9
MAKESPAN : 44

- MACHINE [1]

1 1 0 0 0 0 0 
1 1 0 0 0 1 0 
1 1 1 0 0 0 0 
0 0 0 0 0 0 0 
0 1 0 1 1 0 0 
0 0 0 1 1 0 1 
0 0 0 1 0 0 0 
0 0 1 0 1 0 0 
0 0 0 0 0 0 0 
0 0 1 0 0 0 0 
0 0 0 0 0 1 0 
0 0 0 0 1 1 0 
0 0 0 0 0 0 0 
0 0 0 0 0 1 1 
1 0 1 1 0 0 1 

JOBS [7] - [5, 6, 3, 0, 9, 12, 10]
TOOL SWITCHES : 5
MAKESPAN : 44

# -------------------------- #

--- TOTAL TOOL SWITCHES : 14
--- HIGHEST MAKESPAN : 44
--- TOTAL FLOWTIME : 347
--- RUNNING TIME : 1.09839

# -------------------------- #
RUN : 1 - instancias_txt/SSP-NPM-I/ins64_m=2_j=15_t=15_var=4.txt

- MACHINE [0]

0 0 1 1 0 0 1 
0 0 0 0 0 0 1 
0 0 0 0 0 1 0 
0 0 0 1 1 0 0 
0 1 0 0 1 0 1 
1 0 0 0 0 1 0 
0 0 0 1 1 0 0 
1 0 0 0 0 0 1 
0 1 0 1 0 0 0 
0 0 0 0 0 1 1 
0 1 1 0 0 0 0 
1 1 0 0 0 0 0 
0 0 0 0 0 0 0 
0 1 1 1 1 1 0 
0 0 1 0 0 0 0 

JOBS [7] - [14, 9, 0, 12, 3, 10, 11]
TOOL SWITCHES : 13
MAKESPAN : 52

- MACHINE [1]

0 0 0 0 0 0 0 0 
1 1 0 0 1 1 0 1 
0 0 0 0 0 0 1 1 
0 1 0 1 0 0 0 0 
1 0 1 1 1 1 0 1 
0 1 0 0 0 0 0 0 
0 0 1 0 1 0 0 0 
0 0 0 0 0 0 0 0 
0 0 0 0 1 1 1 0 
1 1 0 0 0 0 0 0 
1 0 0 0 0 0 0 0 
0 0 1 0 0 0 0 0 
0 0 0 1 0 0 1 0 
0 0 0 1 0 0 1 1 
0 1 1 0 0 1 1 0 

JOBS [8] - [13, 6, 4, 5, 7, 8, 1, 2]
TOOL SWITCHES : 6
MAKESPAN : 54

# -------------------------- #

--- TOTAL TOOL SWITCHES : 19
--- HIGHEST MAKESPAN : 54
--- TOTAL FLOWTIME : 454
--- RUNNING TIME : 1.03873

# -------------------------- #
RUN : 1 - instancias_txt/SSP-NPM-I/ins65_m=2_j=15_t=15_var=5.txt

- MACHINE [0]

1 0 1 0 0 0 0 
1 0 0 1 0 0 0 
0 1 0 0 0 0 0 
0 0 0 0 1 0 0 
0 0 0 0 0 0 0 
0 1 0 0 0 0 1 
0 0 0 0 0 0 1 
0 1 0 0 0 0 0 
0 0 1 1 0 0 0 
0 0 0 0 0 1 0 
0 0 0 1 0 1 0 
0 0 0 0 0 0 0 
0 0 1 0 1 1 1 
1 0 0 0 1 1 0 
0 0 1 0 1 0 1 

JOBS [7] - [12, 6, 7, 11, 13, 9, 5]
TOOL SWITCHES : 10
MAKESPAN : 48

- MACHINE [1]

1 0 1 1 0 0 0 0 
0 0 0 1 1 0 1 0 
0 1 1 1 0 0 0 0 
0 0 0 0 0 0 0 0 
0 0 0 0 1 1 1 0 
1 1 0 1 0 0 0 0 
0 0 0 0 0 0 0 1 
0 0 0 0 0 0 0 0 
0 0 0 0 0 1 0 0 
0 0 0 0 0 1 0 1 
0 1 0 1 1 0 0 1 
0 1 0 0 0 0 1 0 
0 0 0 0 1 1 1 1 
1 0 1 0 0 0 0 0 
0 0 1 0 0 0 0 0 

JOBS [8] - [3, 8, 0, 4, 2, 1, 14, 10]
TOOL SWITCHES : 6
MAKESPAN : 49

# -------------------------- #

--- TOTAL TOOL SWITCHES : 16
--- HIGHEST MAKESPAN : 49
--- TOTAL FLOWTIME : 388
--- RUNNING TIME : 1.07455

# -------------------------- #
RUN : 1 - instancias_txt/SSP-NPM-I/ins66_m=2_j=15_t=15_var=6.txt

- MACHINE [0]

1 0 0 1 1 1 1 
0 1 0 0 0 0 0 
0 0 0 0 1 0 1 
0 0 0 0 0 0 0 
0 0 1 0 0 0 0 
0 0 1 1 0 0 0 
0 0 0 0 0 1 1 
1 1 0 0 0 0 0 
1 1 1 0 0 0 0 
0 0 0 0 0 0 0 
0 0 0 1 0 1 0 
0 0 0 0 0 0 1 
1 0 1 0 0 0 0 
0 0 0 0 0 0 0 
0 0 0 1 1 0 0 

JOBS [7] - [4, 13, 10, 11, 5, 0, 7]
TOOL SWITCHES : 7
MAKESPAN : 57

- MACHINE [1]

0 0 0 0 0 0 0 0 
0 0 1 1 0 0 0 0 
0 1 1 0 1 1 0 0 
0 0 0 0 0 1 0 1 
0 0 0 0 0 0 0 0 
1 1 1 0 0 0 0 0 
1 0 0 1 0 0 1 0 
0 1 0 1 1 0 0 1 
0 0 0 0 0 0 1 1 
1 0 1 0 0 0 1 1 
0 0 0 0 0 0 0 0 
0 0 0 0 0 0 0 0 
1 1 0 0 0 0 0 0 
1 0 0 1 0 0 1 1 
0 0 0 1 1 1 0 1 

JOBS [8] - [2, 8, 1, 3, 6, 9, 12, 14]
TOOL SWITCHES : 4
MAKESPAN : 56

# -------------------------- #

--- TOTAL TOOL SWITCHES : 11
--- HIGHEST MAKESPAN : 57
--- TOTAL FLOWTIME : 453
--- RUNNING TIME : 1.02637

# -------------------------- #
RUN : 1 - instancias_txt/SSP-NPM-I/ins67_m=2_j=15_t=15_var=7.txt

- MACHINE [0]

1 0 0 0 0 0 0 
0 0 1 1 1 1 0 
0 0 0 0 0 1 1 
1 1 0 0 0 0 0 
0 0 0 1 1 0 1 
0 0 0 0 0 0 1 
1 0 0 0 0 0 0 
0 0 0 0 1 0 0 
1 0 1 0 0 0 0 
0 1 1 1 0 0 0 
1 0 0 0 0 1 0 
0 1 0 0 0 0 0 
0 1 0 1 1 1 0 
0 0 1 1 1 1 0 
0 0 0 0 0 0 0 

JOBS [7] - [12, 5, 4, 9, 7, 13, 2]
TOOL SWITCHES : 11
MAKESPAN : 61

- MACHINE [1]

1 1 0 0 0 0 0 0 
0 0 1 0 0 0 0 0 
0 1 0 0 0 0 0 0 
0 0 0 0 0 0 0 0 
1 1 1 0 0 0 1 0 
0 0 0 0 0 0 1 1 
0 1 0 1 0 1 0 1 
0 0 1 1 0 1 0 0 
0 0 0 1 1 0 0 0 
0 0 0 0 0 0 0 0 
1 0 0 0 1 1 0 0 
0 0 0 0 0 1 1 0 
0 0 0 0 0 0 1 1 
0 0 1 0 0 0 0 1 
0 1 0 1 1 1 0 1 

JOBS [8] - [6, 1, 0, 10, 14, 11, 3, 8]
TOOL SWITCHES : 6
MAKESPAN : 58

# -------------------------- #

--- TOTAL TOOL SWITCHES : 17
--- HIGHEST MAKESPAN : 61
--- TOTAL FLOWTIME : 487
--- RUNNING TIME : 1.05731

# -------------------------- #
RUN : 1 - instancias_txt/SSP-NPM-I/ins68_m=2_j=15_t=15_var=8.txt

- MACHINE [0]

0 0 0 0 0 0 1 0 
1 1 0 0 0 0 0 0 
1 0 1 1 0 0 0 0 
0 0 0 0 0 0 0 1 
0 0 0 1 1 1 0 1 
0 0 0 0 0 0 0 0 
1 0 0 0 1 0 0 1 
1 0 0 0 1 1 1 0 
0 0 0 0 0 0 0 0 
0 0 0 0 0 0 0 0 
1 1 1 0 0 0 0 0 
0 0 0 0 0 1 1 1 
0 1 0 1 0 0 0 0 
0 1 1 1 1 1 0 0 
0 1 1 0 0 1 1 1 

JOBS [8] - [6, 13, 14, 7, 3, 0, 12, 2]
TOOL SWITCHES : 11
MAKESPAN : 51

- MACHINE [1]

0 0 0 1 0 0 1 
0 1 0 0 0 0 1 
0 0 0 0 1 1 0 
1 0 1 1 1 0 0 
0 0 0 0 0 1 0 
0 0 0 0 0 1 1 
1 0 0 1 0 0 0 
0 0 0 0 0 0 0 
1 1 0 0 1 0 0 
1 1 0 0 0 0 0 
0 0 1 0 0 0 1 
0 1 1 0 0 1 1 
0 0 0 0 0 0 0 
0 0 0 0 0 0 0 
0 0 0 0 0 0 0 

JOBS [7] - [8, 1, 5, 9, 11, 10, 4]
TOOL SWITCHES : 4
MAKESPAN : 51

# -------------------------- #

--- TOTAL TOOL SWITCHES : 15
--- HIGHEST MAKESPAN : 51
--- TOTAL FLOWTIME : 358
--- RUNNING TIME : 1.08017

# -------------------------- #
RUN : 1 - instancias_txt/SSP-NPM-I/ins69_m=2_j=15_t=15_var=9.txt

- MACHINE [0]

1 1 0 0 0 0 0 
0 0 0 0 1 1 1 
1 1 0 1 1 1 0 
0 0 0 1 0 0 0 
0 0 0 0 0 0 0 
0 0 0 1 0 0 0 
1 1 0 0 0 0 0 
0 0 0 0 0 0 0 
0 0 0 0 1 0 1 
0 1 1 0 0 0 0 
0 0 0 0 0 0 0 
0 0 0 0 0 0 0 
1 0 1 0 0 1 1 
1 0 0 0 0 0 1 
0 0 1 1 1 1 1 

JOBS [7] - [12, 14, 1, 4, 6, 8, 9]
TOOL SWITCHES : 7
MAKESPAN : 54

- MACHINE [1]

0 0 1 1 1 0 1 0 
0 1 0 0 0 0 0 1 
0 0 1 0 1 0 0 0 
0 0 0 0 0 0 0 0 
1 0 0 0 1 0 1 1 
1 1 1 0 0 0 0 0 
0 0 0 0 0 0 0 0 
0 0 0 0 0 0 1 0 
0 0 0 0 0 0 0 0 
0 0 0 0 0 0 0 0 
0 1 0 1 0 1 0 0 
0 0 0 0 0 0 0 0 
1 0 0 1 1 0 0 1 
0 0 0 0 0 1 1 0 
0 0 0 1 0 1 0 1 

JOBS [8] - [5, 10, 7, 2, 11, 3, 13, 0]
TOOL SWITCHES : 3
MAKESPAN : 53

# -------------------------- #

--- TOTAL TOOL SWITCHES : 10
--- HIGHEST MAKESPAN : 54
--- TOTAL FLOWTIME : 460
--- RUNNING TIME : 0.812514

# -------------------------- #
RUN : 1 - instancias_txt/SSP-NPM-I/ins70_m=2_j=15_t=15_var=10.txt

- MACHINE [0]

0 0 1 0 0 0 0 0 
0 0 0 0 0 1 1 0 
0 0 0 0 0 0 0 1 
0 0 0 0 1 0 0 0 
0 1 1 0 1 0 0 0 
0 0 0 0 1 1 0 0 
0 0 1 1 0 0 0 0 
1 0 1 0 0 0 0 0 
1 0 0 0 0 0 1 1 
0 0 0 1 0 0 0 1 
0 0 0 0 0 0 0 0 
1 1 0 1 1 1 1 1 
0 0 0 0 0 0 0 0 
0 0 0 0 1 0 1 1 
1 1 0 0 0 0 0 0 

JOBS [8] - [11, 9, 8, 6, 1, 4, 2, 12]
TOOL SWITCHES : 10
MAKESPAN : 47

- MACHINE [1]

0 0 0 0 0 0 1 
1 0 0 1 0 0 0 
0 1 0 1 0 0 0 
1 0 1 1 0 1 0 
1 1 0 0 0 0 1 
0 0 0 0 1 0 0 
0 1 1 0 0 1 0 
0 0 0 0 0 0 0 
0 0 0 0 0 1 1 
1 0 1 0 0 0 0 
0 0 0 1 0 1 1 
0 0 0 0 0 0 0 
0 1 0 0 0 0 0 
0 0 0 0 1 0 1 
0 0 1 1 1 0 0 

JOBS [7] - [10, 5, 7, 13, 3, 14, 0]
TOOL SWITCHES : 6
MAKESPAN : 48

# -------------------------- #

--- TOTAL TOOL SWITCHES : 16
--- HIGHEST MAKESPAN : 48
--- TOTAL FLOWTIME : 383
--- RUNNING TIME : 1.02386

# -------------------------- #
RUN : 1 - instancias_txt/SSP-NPM-I/ins71_m=2_j=15_t=15_var=11.txt

- MACHINE [0]

0 0 0 0 1 0 1 
0 0 0 1 0 0 1 
0 0 0 0 0 1 1 
1 1 0 0 0 0 0 
1 0 0 0 0 0 0 
0 0 0 0 0 0 0 
1 1 0 0 0 0 0 
1 1 1 0 0 0 0 
0 0 0 0 0 0 0 
0 0 1 0 0 0 0 
0 0 0 1 1 1 1 
0 1 1 0 1 1 0 
0 0 0 0 1 1 0 
1 1 1 1 1 0 1 
0 0 0 0 0 1 0 

JOBS [7] - [11, 1, 12, 3, 6, 13, 8]
TOOL SWITCHES : 11
MAKESPAN : 54

- MACHINE [1]

0 0 0 0 0 0 0 1 
1 1 0 0 0 0 0 0 
0 0 0 1 0 0 1 0 
0 0 0 0 0 0 1 1 
0 0 0 0 0 1 0 1 
1 0 1 0 1 1 1 0 
0 0 1 1 0 0 1 0 
0 0 1 1 1 0 0 0 
0 0 0 1 1 0 0 1 
0 1 1 0 0 0 0 0 
1 1 0 1 0 0 0 0 
1 1 1 0 0 0 0 0 
1 0 1 0 0 0 0 0 
0 0 0 0 0 0 0 0 
0 0 0 0 1 1 0 0 

JOBS [8] - [9, 10, 5, 2, 7, 0, 4, 14]
TOOL SWITCHES : 7
MAKESPAN : 55

# -------------------------- #

--- TOTAL TOOL SWITCHES : 18
--- HIGHEST MAKESPAN : 55
--- TOTAL FLOWTIME : 426
--- RUNNING TIME : 0.947865

# -------------------------- #
RUN : 1 - instancias_txt/SSP-NPM-I/ins72_m=2_j=15_t=15_var=12.txt

- MACHINE [0]

1 1 1 1 0 0 0 0 
0 0 0 0 1 1 0 0 
1 1 0 0 1 0 0 0 
0 1 0 0 0 0 0 0 
0 0 0 0 1 0 1 1 
0 0 0 1 1 1 0 1 
0 0 0 0 0 0 0 1 
0 0 0 0 0 1 1 0 
1 1 1 0 1 0 0 1 
0 0 0 0 0 0 0 0 
0 1 0 0 0 0 0 0 
1 0 0 0 0 0 0 0 
0 0 0 0 0 0 0 0 
0 0 0 0 0 0 1 0 
0 0 1 1 0 0 0 0 

JOBS [8] - [1, 3, 14, 4, 7, 5, 13, 11]
TOOL SWITCHES : 8
MAKESPAN : 47

- MACHINE [1]

1 1 1 0 1 0 0 
0 0 0 0 1 0 0 
1 1 0 0 0 0 0 
1 0 1 1 0 1 1 
0 1 0 1 1 0 1 
0 0 1 0 0 0 1 
0 1 1 0 0 0 0 
0 0 0 0 0 0 0 
0 0 1 1 0 0 0 
0 1 0 0 0 0 0 
0 0 0 0 0 0 1 
0 0 0 0 1 1 1 
1 0 0 1 0 1 0 
0 0 0 0 0 1 0 
1 0 0 0 0 0 0 

JOBS [7] - [9, 0, 6, 8, 12, 2, 10]
TOOL SWITCHES : 7
MAKESPAN : 46

# -------------------------- #

--- TOTAL TOOL SWITCHES : 15
--- HIGHEST MAKESPAN : 47
--- TOTAL FLOWTIME : 367
--- RUNNING TIME : 0.984184

# -------------------------- #
RUN : 1 - instancias_txt/SSP-NPM-I/ins73_m=2_j=15_t=15_var=13.txt

- MACHINE [0]

1 1 0 1 0 0 
0 0 0 0 0 0 
0 0 0 0 0 0 
0 0 1 1 0 1 
0 0 0 1 0 1 
0 0 0 0 0 0 
1 1 1 1 1 0 
0 0 0 0 0 0 
1 0 0 0 1 0 
0 1 1 0 0 0 
0 1 1 0 0 0 
0 1 0 0 0 1 
1 0 0 0 0 0 
0 0 0 0 1 1 
0 0 1 1 1 0 

JOBS [6] - [6, 2, 7, 11, 3, 1]
TOOL SWITCHES : 10
MAKESPAN : 63

- MACHINE [1]

1 0 1 0 0 0 1 1 0 
1 1 0 0 0 1 0 1 1 
0 1 1 0 0 0 0 1 1 
0 0 0 0 0 0 0 0 0 
0 0 0 0 0 0 0 0 1 
0 0 0 0 1 0 1 1 0 
0 0 0 0 0 0 1 1 0 
0 1 0 0 1 0 0 0 0 
0 0 0 0 0 0 0 0 0 
0 1 1 0 0 0 0 0 0 
0 0 0 0 0 1 0 0 1 
1 0 1 1 1 0 0 0 0 
0 0 0 1 0 1 0 0 0 
0 0 0 0 0 1 0 0 0 
1 0 0 1 0 0 1 0 0 

JOBS [9] - [12, 14, 5, 13, 8, 10, 9, 0, 4]
TOOL SWITCHES : 7
MAKESPAN : 65

# -------------------------- #

--- TOTAL TOOL SWITCHES : 17
--- HIGHEST MAKESPAN : 65
--- TOTAL FLOWTIME : 496
--- RUNNING TIME : 1.18764

# -------------------------- #
RUN : 1 - instancias_txt/SSP-NPM-I/ins74_m=2_j=15_t=15_var=14.txt

- MACHINE [0]

0 0 0 1 1 1 1 
1 1 1 0 0 0 0 
0 0 0 0 0 0 0 
0 0 0 0 1 1 1 
0 0 1 1 1 0 1 
0 0 0 0 0 0 0 
0 0 0 0 0 0 0 
1 1 1 0 0 0 0 
1 0 0 0 0 0 0 
0 1 0 0 0 1 0 
1 0 0 0 1 1 1 
0 0 1 1 1 0 0 
0 0 1 1 0 0 0 
0 0 0 0 0 0 0 
0 1 0 0 0 0 0 

JOBS [7] - [13, 7, 0, 4, 3, 11, 2]
TOOL SWITCHES : 8
MAKESPAN : 48

- MACHINE [1]

0 0 0 0 0 1 1 1 
1 0 0 0 0 0 0 0 
0 0 0 0 0 0 1 0 
0 0 0 0 0 0 0 0 
0 0 0 0 1 0 0 0 
0 1 1 1 0 1 0 0 
1 0 1 1 0 0 0 0 
1 1 0 0 1 0 0 0 
1 0 0 1 1 1 1 1 
0 0 0 0 0 0 0 0 
0 1 0 0 0 0 0 0 
0 1 0 1 1 0 0 1 
0 0 1 0 1 0 0 0 
0 0 0 0 0 1 1 0 
0 1 0 1 0 0 0 0 

JOBS [8] - [9, 10, 6, 5, 1, 12, 8, 14]
TOOL SWITCHES : 6
MAKESPAN : 49

# -------------------------- #

--- TOTAL TOOL SWITCHES : 14
--- HIGHEST MAKESPAN : 49
--- TOTAL FLOWTIME : 386
--- RUNNING TIME : 1.06493

# -------------------------- #
RUN : 1 - instancias_txt/SSP-NPM-I/ins75_m=2_j=15_t=15_var=15.txt

- MACHINE [0]

0 0 1 1 1 0 1 
0 0 0 0 0 1 1 
1 0 0 0 0 0 0 
1 1 1 0 0 0 0 
0 0 0 0 0 0 0 
0 0 0 0 0 0 0 
0 0 0 0 0 1 1 
0 1 0 1 1 0 0 
1 1 1 1 0 0 0 
0 0 0 0 0 0 1 
0 0 0 0 0 0 0 
0 0 0 0 1 1 0 
1 0 0 0 0 0 0 
0 0 1 1 0 1 0 
0 0 0 0 0 0 0 

JOBS [7] - [11, 2, 13, 0, 7, 3, 9]
TOOL SWITCHES : 6
MAKESPAN : 50

- MACHINE [1]

0 0 1 1 0 1 0 0 
0 0 0 0 0 1 0 0 
1 1 0 0 0 0 1 0 
0 0 0 0 1 1 0 0 
1 0 1 0 0 0 0 0 
0 0 0 0 0 0 0 1 
0 0 0 0 0 0 0 1 
0 0 1 0 0 1 1 0 
1 1 0 0 1 0 0 0 
0 1 0 1 0 0 0 0 
1 0 1 1 1 0 0 0 
0 0 0 0 0 0 1 1 
0 0 0 1 1 0 1 1 
0 0 0 0 0 0 0 0 
0 0 0 0 0 0 0 0 

JOBS [8] - [14, 4, 5, 12, 10, 6, 8, 1]
TOOL SWITCHES : 6
MAKESPAN : 48

# -------------------------- #

--- TOTAL TOOL SWITCHES : 12
--- HIGHEST MAKESPAN : 50
--- TOTAL FLOWTIME : 366
--- RUNNING TIME : 0.944868

# -------------------------- #
RUN : 1 - instancias_txt/SSP-NPM-I/ins76_m=2_j=15_t=15_var=16.txt

- MACHINE [0]

0 0 0 0 0 0 0 
1 0 1 0 0 0 1 
0 0 0 0 0 1 0 
0 0 0 0 0 0 1 
0 0 0 0 0 0 0 
1 1 0 1 0 0 0 
0 0 0 0 1 1 0 
0 0 1 1 0 1 1 
0 1 1 1 0 0 0 
1 1 1 0 0 0 0 
1 1 0 0 0 0 0 
0 0 0 1 1 1 1 
0 0 0 0 0 0 0 
0 0 0 0 0 0 0 
0 0 0 1 1 0 1 

JOBS [7] - [1, 5, 11, 12, 0, 13, 14]
TOOL SWITCHES : 7
MAKESPAN : 48

- MACHINE [1]

0 0 1 1 1 0 0 0 
0 1 0 0 0 0 0 0 
1 0 0 0 0 1 0 0 
0 0 1 0 1 0 0 0 
0 0 0 0 0 0 0 0 
0 0 0 0 0 0 0 0 
0 0 1 0 0 0 0 0 
1 1 0 0 0 1 1 0 
0 0 0 0 0 0 0 0 
1 0 1 1 0 0 1 0 
0 0 0 1 0 0 0 1 
0 0 0 0 0 0 0 0 
0 0 0 1 1 0 1 1 
0 0 0 0 0 1 1 1 
0 1 0 0 1 1 0 1 

JOBS [8] - [3, 8, 7, 6, 9, 10, 4, 2]
TOOL SWITCHES : 5
MAKESPAN : 47

# -------------------------- #

--- TOTAL TOOL SWITCHES : 12
--- HIGHEST MAKESPAN : 48
--- TOTAL FLOWTIME : 382
--- RUNNING TIME : 0.941942

# -------------------------- #
RUN : 1 - instancias_txt/SSP-NPM-I/ins77_m=2_j=15_t=15_var=17.txt

- MACHINE [0]

1 1 1 0 0 1 0 
0 0 0 0 1 1 0 
0 0 0 0 0 0 0 
0 1 1 0 0 0 0 
0 1 1 0 0 1 1 
1 1 0 0 0 0 0 
0 0 0 0 0 0 1 
0 0 0 0 0 0 0 
0 0 0 1 1 0 0 
0 1 0 1 1 0 0 
1 0 0 0 0 0 0 
1 0 0 0 0 1 1 
0 0 0 0 0 0 0 
0 0 0 1 0 0 1 
0 0 1 0 1 1 0 

JOBS [7] - [2, 6, 12, 0, 13, 7, 1]
TOOL SWITCHES : 10
MAKESPAN : 51

- MACHINE [1]

0 0 0 0 0 0 0 0 
0 0 0 1 1 1 0 0 
0 1 1 1 0 0 0 0 
0 0 0 1 0 0 0 0 
0 0 0 0 0 1 1 1 
0 0 1 0 1 1 0 0 
0 0 0 0 0 0 1 0 
0 0 1 0 1 0 1 1 
0 0 0 0 1 1 0 1 
0 1 0 0 0 0 0 1 
1 1 1 0 0 0 0 0 
0 0 0 0 0 0 0 0 
1 1 0 1 1 0 0 0 
1 1 0 1 0 0 0 0 
1 0 0 0 0 0 0 0 

JOBS [8] - [11, 10, 8, 14, 4, 9, 3, 5]
TOOL SWITCHES : 7
MAKESPAN : 49

# -------------------------- #

--- TOTAL TOOL SWITCHES : 17
--- HIGHEST MAKESPAN : 51
--- TOTAL FLOWTIME : 410
--- RUNNING TIME : 1.12182

# -------------------------- #
RUN : 1 - instancias_txt/SSP-NPM-I/ins78_m=2_j=15_t=15_var=18.txt

- MACHINE [0]

1 1 1 1 1 0 0 0 
1 0 0 0 1 0 0 0 
0 0 1 0 1 0 0 0 
0 0 0 0 0 0 1 1 
0 0 0 0 0 0 0 0 
0 1 1 0 0 1 0 0 
0 0 0 0 0 0 0 0 
1 1 0 0 0 1 0 0 
1 0 0 0 0 0 1 0 
0 1 1 0 0 0 0 0 
0 1 0 1 0 0 0 1 
0 0 0 1 1 1 1 1 
0 0 0 0 0 0 0 0 
0 0 0 0 0 1 0 0 
1 0 0 0 0 1 1 0 

JOBS [8] - [9, 10, 5, 4, 8, 14, 13, 0]
TOOL SWITCHES : 12
MAKESPAN : 52

- MACHINE [1]

0 0 1 0 0 0 0 
0 1 0 0 0 0 0 
0 0 1 0 1 0 0 
1 0 0 1 0 0 1 
0 0 0 0 0 0 0 
1 1 0 1 0 0 0 
0 0 0 0 0 1 0 
0 0 0 1 1 0 0 
1 1 1 0 0 0 0 
0 0 0 0 1 1 1 
0 1 1 0 0 0 0 
0 0 0 0 0 0 0 
0 0 0 0 1 1 1 
0 0 0 0 1 1 0 
1 0 0 0 0 0 1 

JOBS [7] - [12, 7, 11, 3, 6, 1, 2]
TOOL SWITCHES : 6
MAKESPAN : 52

# -------------------------- #

--- TOTAL TOOL SWITCHES : 18
--- HIGHEST MAKESPAN : 52
--- TOTAL FLOWTIME : 442
--- RUNNING TIME : 0.923876

# -------------------------- #
RUN : 1 - instancias_txt/SSP-NPM-I/ins79_m=2_j=15_t=15_var=19.txt

- MACHINE [0]

0 1 0 0 1 0 
0 0 1 1 0 0 
0 0 0 0 0 0 
0 0 0 1 0 0 
0 1 1 1 1 1 
0 0 0 0 0 0 
1 1 0 1 0 0 
1 0 0 0 1 0 
0 0 1 0 1 1 
0 0 0 0 1 0 
1 1 1 0 0 0 
0 1 0 0 0 0 
0 0 0 0 0 1 
0 0 0 0 0 0 
1 0 0 0 0 0 

JOBS [6] - [11, 5, 0, 4, 2, 7]
TOOL SWITCHES : 9
MAKESPAN : 55

- MACHINE [1]

0 0 0 0 0 0 0 0 1 
0 0 0 0 0 0 0 1 1 
0 1 1 1 0 0 0 0 0 
1 0 1 0 0 1 1 0 0 
0 0 0 0 0 0 0 0 0 
0 0 0 0 1 1 0 0 1 
0 0 0 0 0 0 1 0 1 
0 0 0 0 1 1 0 1 0 
1 1 0 1 0 0 0 0 0 
1 0 0 0 1 0 0 0 0 
0 0 0 0 0 0 0 0 0 
0 0 0 1 0 1 0 0 0 
0 0 0 0 0 0 0 1 1 
0 1 1 1 0 0 0 1 0 
1 1 1 0 0 1 1 0 0 

JOBS [9] - [8, 14, 12, 6, 13, 9, 1, 3, 10]
TOOL SWITCHES : 6
MAKESPAN : 54

# -------------------------- #

--- TOTAL TOOL SWITCHES : 15
--- HIGHEST MAKESPAN : 55
--- TOTAL FLOWTIME : 407
--- RUNNING TIME : 1.06985

# -------------------------- #
RUN : 1 - instancias_txt/SSP-NPM-I/ins80_m=2_j=15_t=15_var=20.txt

- MACHINE [0]

1 0 0 1 0 1 0 0 
0 0 0 0 0 0 0 1 
1 0 1 0 0 1 1 0 
0 0 1 0 0 0 0 1 
0 0 0 1 0 1 0 0 
0 1 0 1 1 0 0 0 
1 1 0 0 0 0 0 0 
0 0 0 0 0 0 1 0 
0 0 0 0 0 0 1 1 
0 0 0 0 0 0 0 0 
0 0 0 0 1 0 1 1 
0 0 0 1 0 0 0 0 
0 0 0 0 0 1 1 0 
0 0 1 1 1 0 0 0 
1 1 0 0 0 0 0 0 

JOBS [8] - [3, 5, 2, 13, 9, 11, 12, 8]
TOOL SWITCHES : 11
MAKESPAN : 58

- MACHINE [1]

0 0 0 0 0 0 1 
0 0 0 1 1 0 0 
0 0 0 0 0 0 0 
0 0 0 0 0 0 1 
0 0 1 0 0 0 0 
1 0 1 1 0 0 1 
1 0 1 1 0 0 1 
0 1 1 0 0 0 0 
1 0 0 0 0 0 0 
0 1 0 0 0 0 0 
1 1 0 0 0 0 0 
0 1 0 1 1 1 0 
0 0 1 1 0 1 0 
0 0 0 0 0 0 0 
0 1 0 0 1 1 1 

JOBS [7] - [14, 1, 10, 7, 4, 6, 0]
TOOL SWITCHES : 6
MAKESPAN : 55

# -------------------------- #

--- TOTAL TOOL SWITCHES : 17
--- HIGHEST MAKESPAN : 58
--- TOTAL FLOWTIME : 446
--- RUNNING TIME : 1.01406

# -------------------------- #


avg : 52.85
