RUN : 1 - instancias_txt/SSP-NPM-I/ins61_m=2_j=15_t=15_var=1.txt

- MACHINE [0]

1 1 1 0 0 0 0 1 
0 0 0 1 0 0 1 1 
1 0 0 0 0 0 0 0 
1 0 0 0 1 0 1 1 
0 0 0 1 0 0 0 0 
0 1 0 0 0 0 0 0 
0 1 1 0 0 0 0 0 
0 0 0 0 0 0 0 0 
0 0 0 0 0 0 0 1 
0 0 1 1 1 1 0 0 
0 1 0 0 0 0 0 0 
0 0 0 0 0 1 0 1 
0 0 1 1 1 1 1 0 
0 0 0 0 0 0 1 0 
1 1 1 1 1 0 0 0 

JOBS [8] - [14, 12, 1, 7, 13, 3, 8, 11]
TOOL SWITCHES : 11
MAKESPAN : 53

- MACHINE [1]

0 0 0 1 0 1 0 
0 0 1 1 1 1 1 
1 1 0 1 0 0 0 
0 1 0 0 1 1 0 
0 0 0 0 0 0 1 
1 1 0 0 0 0 0 
0 0 0 0 0 0 0 
0 1 1 1 0 0 1 
0 0 1 0 0 0 0 
0 0 0 0 0 1 1 
0 1 0 0 1 1 0 
1 0 1 1 1 0 0 
0 0 0 0 0 0 0 
0 0 0 0 0 0 0 
0 0 0 1 0 0 0 

JOBS [7] - [5, 0, 9, 10, 2, 6, 4]
TOOL SWITCHES : 6
MAKESPAN : 54

# -------------------------- #

--- TOTAL TOOL SWITCHES : 17
--- HIGHEST MAKESPAN : 54
--- TOTAL FLOWTIME : 442
--- RUNNING TIME : 1.89108

# -------------------------- #
RUN : 1 - instancias_txt/SSP-NPM-I/ins62_m=2_j=15_t=15_var=2.txt

- MACHINE [0]

0 0 0 0 1 1 0 1 
0 0 0 0 0 1 0 0 
1 0 0 0 0 0 0 0 
0 0 0 1 0 0 0 0 
0 0 0 0 0 0 1 1 
1 1 1 0 0 1 0 0 
0 0 1 0 0 1 0 0 
0 0 0 0 0 1 1 1 
0 1 0 0 0 0 0 1 
1 0 1 0 0 0 0 1 
1 1 0 1 1 0 0 0 
1 1 1 0 0 0 0 0 
0 0 0 1 1 0 0 0 
0 0 0 0 0 0 1 0 
0 0 1 1 0 0 0 0 

JOBS [8] - [1, 10, 0, 8, 5, 2, 12, 7]
TOOL SWITCHES : 14
MAKESPAN : 55

- MACHINE [1]

0 0 0 0 0 0 0 
1 0 0 0 0 0 0 
1 1 1 0 1 0 0 
0 1 0 0 0 1 0 
0 1 0 0 0 0 0 
0 0 0 0 0 1 0 
0 0 0 0 0 0 1 
0 0 0 0 0 0 0 
0 0 1 1 0 0 1 
0 0 0 0 0 0 0 
0 1 1 1 0 1 1 
0 0 0 1 1 0 1 
0 0 0 1 0 0 0 
1 0 1 1 1 0 1 
0 0 0 0 0 1 0 

JOBS [7] - [11, 9, 3, 4, 14, 13, 6]
TOOL SWITCHES : 5
MAKESPAN : 55

# -------------------------- #

--- TOTAL TOOL SWITCHES : 19
--- HIGHEST MAKESPAN : 55
--- TOTAL FLOWTIME : 386
--- RUNNING TIME : 2.09789

# -------------------------- #
RUN : 1 - instancias_txt/SSP-NPM-I/ins63_m=2_j=15_t=15_var=3.txt

- MACHINE [0]

0 0 0 0 0 0 1 0 
0 0 1 1 1 0 0 1 
0 0 0 0 0 0 1 1 
1 0 0 0 0 0 0 0 
0 0 0 0 0 0 0 0 
1 0 0 0 0 0 0 0 
0 1 0 1 0 0 1 0 
0 0 0 1 0 0 0 0 
0 1 1 0 1 0 0 0 
0 1 0 0 0 0 0 0 
1 0 0 1 1 1 0 0 
0 0 0 0 1 1 0 0 
1 1 1 0 0 0 0 0 
0 0 0 0 0 0 1 1 
0 0 0 0 0 1 0 0 

JOBS [8] - [4, 2, 8, 11, 1, 13, 14, 7]
TOOL SWITCHES : 9
MAKESPAN : 44

- MACHINE [1]

1 1 0 0 0 0 0 
1 1 0 0 0 0 1 
1 1 1 0 0 0 0 
0 0 0 0 0 0 0 
0 1 0 0 1 1 0 
0 0 0 1 1 1 0 
0 0 0 0 0 1 0 
0 0 1 0 1 0 0 
0 0 0 0 0 0 0 
0 0 1 0 0 0 0 
0 0 0 0 0 0 1 
0 0 0 0 1 0 1 
0 0 0 0 0 0 0 
0 0 0 1 0 0 1 
1 0 1 1 0 1 0 

JOBS [7] - [5, 6, 3, 10, 9, 0, 12]
TOOL SWITCHES : 5
MAKESPAN : 44

# -------------------------- #

--- TOTAL TOOL SWITCHES : 14
--- HIGHEST MAKESPAN : 44
--- TOTAL FLOWTIME : 343
--- RUNNING TIME : 2.1117

# -------------------------- #
RUN : 1 - instancias_txt/SSP-NPM-I/ins64_m=2_j=15_t=15_var=4.txt

- MACHINE [0]

0 0 0 0 1 1 0 
1 0 0 1 1 0 0 
0 1 0 0 0 0 0 
1 0 0 0 0 0 0 
0 0 0 1 1 0 1 
1 1 1 0 0 0 0 
0 0 0 0 0 0 0 
0 0 1 0 1 0 0 
0 0 0 0 0 0 1 
1 1 0 1 1 0 0 
0 0 0 1 0 1 1 
0 0 1 0 0 0 1 
0 0 0 0 0 0 0 
0 1 0 0 0 1 1 
1 0 0 0 0 1 0 

JOBS [7] - [6, 10, 14, 13, 11, 0, 9]
TOOL SWITCHES : 12
MAKESPAN : 55

- MACHINE [1]

1 0 0 0 0 0 0 0 
0 1 1 1 0 0 0 0 
0 0 1 0 1 0 0 0 
1 0 0 0 0 0 1 1 
0 1 1 1 0 1 1 1 
0 0 0 0 0 0 0 0 
1 1 0 0 0 1 1 0 
0 0 0 0 0 0 0 0 
1 1 0 1 1 0 0 0 
0 0 0 0 0 0 0 0 
0 0 0 0 0 0 0 0 
0 0 0 0 0 1 0 0 
0 0 0 0 1 0 0 1 
1 0 1 0 1 0 1 1 
0 0 0 1 1 1 0 0 

JOBS [8] - [12, 7, 2, 8, 1, 4, 3, 5]
TOOL SWITCHES : 5
MAKESPAN : 55

# -------------------------- #

--- TOTAL TOOL SWITCHES : 17
--- HIGHEST MAKESPAN : 55
--- TOTAL FLOWTIME : 462
--- RUNNING TIME : 1.99417

# -------------------------- #
RUN : 1 - instancias_txt/SSP-NPM-I/ins65_m=2_j=15_t=15_var=5.txt

- MACHINE [0]

0 1 0 0 0 1 0 
0 1 0 0 0 0 1 
1 0 0 0 0 0 0 
0 0 1 0 0 0 0 
0 0 0 0 0 0 0 
1 0 0 1 0 0 0 
0 0 0 1 0 0 0 
1 0 0 0 0 0 0 
0 0 0 0 0 1 1 
0 0 0 0 1 0 0 
0 0 0 0 1 0 1 
0 0 0 0 0 0 0 
0 0 1 1 1 1 0 
0 1 1 0 1 0 0 
0 0 1 1 0 1 0 

JOBS [7] - [6, 12, 13, 5, 9, 7, 11]
TOOL SWITCHES : 10
MAKESPAN : 48

- MACHINE [1]

0 0 1 1 1 0 0 0 
0 0 0 0 1 1 0 1 
0 0 1 0 1 0 1 0 
0 0 0 0 0 0 0 0 
1 0 0 0 0 1 0 1 
0 0 0 1 1 0 1 0 
0 1 0 0 0 0 0 0 
0 0 0 0 0 0 0 0 
1 0 0 0 0 0 0 0 
1 1 0 0 0 0 0 0 
0 1 0 0 1 0 1 1 
0 0 0 0 0 1 1 0 
1 1 0 0 0 1 0 1 
0 0 1 1 0 0 0 0 
0 0 1 0 0 0 0 0 

JOBS [8] - [1, 10, 0, 3, 4, 14, 8, 2]
TOOL SWITCHES : 6
MAKESPAN : 49

# -------------------------- #

--- TOTAL TOOL SWITCHES : 16
--- HIGHEST MAKESPAN : 49
--- TOTAL FLOWTIME : 405
--- RUNNING TIME : 1.99052

# -------------------------- #
RUN : 1 - instancias_txt/SSP-NPM-I/ins66_m=2_j=15_t=15_var=6.txt

- MACHINE [0]

1 0 1 0 0 0 0 
0 0 0 1 0 1 0 
0 0 0 0 1 1 0 
0 0 0 0 0 0 0 
0 1 0 0 0 0 0 
1 1 0 0 1 1 1 
0 0 0 0 0 0 1 
0 0 1 1 1 0 0 
0 1 1 1 0 0 0 
0 0 0 0 0 1 1 
1 0 0 0 0 0 0 
0 0 0 0 0 0 0 
0 1 1 0 1 0 1 
0 0 0 0 0 0 1 
1 0 0 0 0 0 0 

JOBS [7] - [11, 10, 4, 13, 8, 1, 2]
TOOL SWITCHES : 8
MAKESPAN : 55

- MACHINE [1]

1 0 1 0 1 0 0 0 
0 1 0 0 0 0 0 0 
0 0 1 1 1 1 0 0 
0 0 0 0 0 1 0 1 
0 0 0 0 0 0 0 0 
0 0 0 0 0 0 0 0 
1 1 1 0 0 0 1 0 
0 1 0 1 0 0 0 1 
0 0 0 0 0 0 1 1 
0 0 0 0 0 0 1 1 
1 0 0 0 0 0 0 0 
0 0 1 0 0 0 0 0 
0 0 0 0 0 0 0 0 
0 1 0 0 0 0 1 1 
0 1 0 1 1 1 0 1 

JOBS [8] - [0, 3, 7, 6, 5, 9, 12, 14]
TOOL SWITCHES : 5
MAKESPAN : 56

# -------------------------- #

--- TOTAL TOOL SWITCHES : 13
--- HIGHEST MAKESPAN : 56
--- TOTAL FLOWTIME : 416
--- RUNNING TIME : 1.72016

# -------------------------- #
RUN : 1 - instancias_txt/SSP-NPM-I/ins67_m=2_j=15_t=15_var=7.txt

- MACHINE [0]

0 0 0 0 0 0 0 1 
0 0 1 1 1 1 1 0 
0 0 0 0 0 1 0 0 
0 1 0 0 0 0 0 1 
1 0 1 1 1 0 0 0 
1 0 0 0 0 0 0 0 
0 0 0 0 0 0 0 1 
0 0 0 1 1 0 0 0 
0 0 0 0 0 0 1 1 
0 1 1 0 0 0 1 0 
0 0 0 0 0 1 0 1 
1 1 0 0 0 0 0 0 
1 1 1 0 1 1 0 0 
0 0 1 1 1 1 1 0 
0 0 0 0 0 0 0 0 

JOBS [8] - [3, 5, 9, 0, 7, 13, 4, 12]
TOOL SWITCHES : 11
MAKESPAN : 61

- MACHINE [1]

0 0 0 0 1 1 0 
0 0 0 0 0 0 0 
0 0 0 0 0 1 1 
0 0 0 0 0 0 0 
0 0 0 0 1 1 1 
0 0 0 1 0 0 1 
1 0 1 1 0 1 0 
1 0 1 0 0 0 0 
1 1 0 0 0 0 0 
0 0 0 0 0 0 0 
0 1 1 0 1 0 0 
0 0 1 0 0 0 0 
0 0 0 1 0 0 0 
0 0 0 1 0 0 0 
1 1 1 1 0 1 0 

JOBS [7] - [10, 14, 11, 8, 6, 1, 2]
TOOL SWITCHES : 5
MAKESPAN : 56

# -------------------------- #

--- TOTAL TOOL SWITCHES : 16
--- HIGHEST MAKESPAN : 61
--- TOTAL FLOWTIME : 443
--- RUNNING TIME : 2.08607

# -------------------------- #
RUN : 1 - instancias_txt/SSP-NPM-I/ins68_m=2_j=15_t=15_var=8.txt

- MACHINE [0]

0 0 0 0 0 0 1 0 
1 0 1 0 0 0 0 0 
1 1 0 1 0 0 0 0 
0 0 0 0 0 0 0 1 
0 0 0 1 1 1 0 1 
0 0 0 0 0 0 0 0 
1 0 0 0 1 0 0 1 
1 0 0 0 1 1 1 0 
0 0 0 0 0 0 0 0 
0 0 0 0 0 0 0 0 
1 1 1 0 0 0 0 0 
0 0 0 0 0 1 1 1 
0 0 1 1 0 0 0 0 
0 1 1 1 1 1 0 0 
0 1 1 0 0 1 1 1 

JOBS [8] - [6, 14, 13, 7, 3, 0, 12, 2]
TOOL SWITCHES : 11
MAKESPAN : 51

- MACHINE [1]

1 0 0 0 0 1 0 
0 0 0 1 0 1 0 
0 1 0 0 1 0 0 
1 1 1 0 0 0 1 
0 0 0 0 1 0 0 
0 0 0 0 1 1 0 
1 0 1 0 0 0 0 
0 0 0 0 0 0 0 
0 1 1 1 0 0 0 
0 0 1 1 0 0 0 
0 0 0 0 0 1 1 
0 0 0 1 1 1 1 
0 0 0 0 0 0 0 
0 0 0 0 0 0 0 
0 0 0 0 0 0 0 

JOBS [7] - [9, 11, 8, 1, 10, 4, 5]
TOOL SWITCHES : 4
MAKESPAN : 51

# -------------------------- #

--- TOTAL TOOL SWITCHES : 15
--- HIGHEST MAKESPAN : 51
--- TOTAL FLOWTIME : 396
--- RUNNING TIME : 2.71246

# -------------------------- #
RUN : 1 - instancias_txt/SSP-NPM-I/ins69_m=2_j=15_t=15_var=9.txt

- MACHINE [0]

0 0 0 0 0 1 1 
1 1 1 0 0 0 0 
0 1 1 1 0 1 1 
0 0 0 1 0 0 0 
0 0 0 0 0 0 0 
0 0 0 1 0 0 0 
0 0 0 0 0 1 1 
0 0 0 0 0 0 0 
1 0 1 0 0 0 0 
0 0 0 0 1 1 0 
0 0 0 0 0 0 0 
0 0 0 0 0 0 0 
1 1 0 0 1 0 1 
1 0 0 0 0 0 1 
1 1 1 1 1 0 0 

JOBS [7] - [9, 8, 6, 4, 1, 14, 12]
TOOL SWITCHES : 7
MAKESPAN : 54

- MACHINE [1]

1 1 1 0 0 1 0 0 
0 0 0 0 0 0 1 1 
1 1 0 0 0 0 0 0 
0 0 0 0 0 0 0 0 
1 0 1 0 1 0 1 0 
0 1 0 0 1 0 0 1 
0 0 0 0 0 0 0 0 
0 0 1 0 0 0 0 0 
0 0 0 0 0 0 0 0 
0 0 0 0 0 0 0 0 
0 0 0 1 0 1 0 1 
0 0 0 0 0 0 0 0 
1 0 0 0 1 1 1 0 
0 0 1 1 0 0 0 0 
0 0 0 1 0 1 1 0 

JOBS [8] - [11, 7, 13, 3, 5, 2, 0, 10]
TOOL SWITCHES : 3
MAKESPAN : 53

# -------------------------- #

--- TOTAL TOOL SWITCHES : 10
--- HIGHEST MAKESPAN : 54
--- TOTAL FLOWTIME : 443
--- RUNNING TIME : 1.72563

# -------------------------- #
RUN : 1 - instancias_txt/SSP-NPM-I/ins70_m=2_j=15_t=15_var=10.txt

- MACHINE [0]

0 0 0 0 0 0 1 0 
0 0 1 1 0 0 0 0 
1 0 0 0 0 0 0 0 
0 0 0 0 0 0 0 1 
0 0 0 0 0 1 1 1 
0 0 0 1 0 0 0 1 
0 1 0 0 0 0 1 0 
0 0 0 0 1 0 1 0 
1 0 1 0 1 0 0 0 
1 1 0 0 0 0 0 0 
0 0 0 0 0 0 0 0 
1 1 1 1 1 1 0 1 
0 0 0 0 0 0 0 0 
1 0 1 0 0 0 0 1 
0 0 0 0 1 1 0 0 

JOBS [8] - [12, 6, 2, 4, 11, 9, 8, 1]
TOOL SWITCHES : 10
MAKESPAN : 47

- MACHINE [1]

0 0 0 0 0 1 0 
0 0 1 1 0 0 0 
1 0 0 1 0 0 0 
0 1 1 1 0 0 1 
1 0 1 0 0 1 0 
0 0 0 0 1 0 0 
1 1 0 0 0 0 1 
0 0 0 0 0 0 0 
0 0 0 0 0 1 1 
0 1 1 0 0 0 0 
0 0 0 1 0 1 1 
0 0 0 0 0 0 0 
1 0 0 0 0 0 0 
0 0 0 0 1 1 0 
0 1 0 1 1 0 0 

JOBS [7] - [5, 7, 10, 13, 3, 0, 14]
TOOL SWITCHES : 6
MAKESPAN : 48

# -------------------------- #

--- TOTAL TOOL SWITCHES : 16
--- HIGHEST MAKESPAN : 48
--- TOTAL FLOWTIME : 358
--- RUNNING TIME : 2.41798

# -------------------------- #
RUN : 1 - instancias_txt/SSP-NPM-I/ins71_m=2_j=15_t=15_var=11.txt

- MACHINE [0]

0 1 1 0 0 0 0 
1 1 0 0 0 0 0 
0 1 0 0 0 0 1 
0 0 1 0 1 1 0 
0 0 1 1 1 0 0 
0 0 0 1 0 0 0 
0 0 0 0 1 1 0 
0 0 0 0 1 1 0 
0 0 1 0 0 0 0 
0 0 0 0 0 0 0 
1 1 0 0 0 0 1 
0 0 0 0 0 1 1 
0 0 0 0 0 0 1 
1 1 0 0 1 1 0 
0 0 0 1 0 0 1 

JOBS [7] - [3, 8, 14, 0, 11, 1, 13]
TOOL SWITCHES : 12
MAKESPAN : 59

- MACHINE [1]

0 0 0 0 0 0 1 0 
0 0 0 0 1 1 0 0 
0 1 1 0 0 0 0 0 
0 0 1 0 0 0 0 0 
0 0 0 0 0 0 0 0 
1 0 1 1 1 0 0 0 
0 1 1 1 0 0 0 0 
1 1 0 1 0 0 0 1 
1 1 0 0 0 0 0 0 
0 0 0 1 0 1 0 1 
0 1 0 0 1 1 1 0 
0 0 0 1 1 1 1 1 
0 0 0 1 1 0 1 0 
0 0 0 0 0 0 1 1 
1 0 0 0 0 0 0 0 

JOBS [8] - [7, 2, 4, 5, 9, 10, 6, 12]
TOOL SWITCHES : 7
MAKESPAN : 60

# -------------------------- #

--- TOTAL TOOL SWITCHES : 19
--- HIGHEST MAKESPAN : 60
--- TOTAL FLOWTIME : 429
--- RUNNING TIME : 2.34612

# -------------------------- #
RUN : 1 - instancias_txt/SSP-NPM-I/ins72_m=2_j=15_t=15_var=12.txt

- MACHINE [0]

0 0 0 0 1 1 1 1 
0 1 1 0 0 0 0 0 
0 0 1 0 1 0 0 1 
0 0 0 0 0 0 0 1 
1 0 1 1 0 0 0 0 
0 1 1 1 0 0 1 0 
0 0 0 1 0 0 0 0 
1 1 0 0 0 0 0 0 
0 0 1 1 1 1 0 1 
0 0 0 0 0 0 0 0 
0 0 0 0 0 0 0 1 
0 0 0 0 1 0 0 0 
0 0 0 0 0 0 0 0 
1 0 0 0 0 0 0 0 
0 0 0 0 0 1 1 0 

JOBS [8] - [13, 5, 7, 11, 1, 14, 4, 3]
TOOL SWITCHES : 8
MAKESPAN : 47

- MACHINE [1]

1 1 0 1 0 1 0 
0 0 0 1 0 0 0 
1 1 0 0 0 0 0 
1 0 1 0 1 1 1 
0 1 0 1 1 0 1 
0 0 0 0 0 1 1 
0 1 0 0 0 1 0 
0 0 0 0 0 0 0 
0 0 0 0 1 1 0 
0 1 0 0 0 0 0 
0 0 0 0 0 0 1 
0 0 1 1 0 0 1 
1 0 1 0 1 0 0 
0 0 1 0 0 0 0 
1 0 0 0 0 0 0 

JOBS [7] - [9, 0, 2, 12, 8, 6, 10]
TOOL SWITCHES : 7
MAKESPAN : 46

# -------------------------- #

--- TOTAL TOOL SWITCHES : 15
--- HIGHEST MAKESPAN : 47
--- TOTAL FLOWTIME : 368
--- RUNNING TIME : 2.04686

# -------------------------- #
RUN : 1 - instancias_txt/SSP-NPM-I/ins73_m=2_j=15_t=15_var=13.txt

- MACHINE [0]

1 0 1 1 1 1 
0 0 0 1 0 1 
0 0 0 0 0 1 
0 0 1 0 0 0 
0 0 1 0 0 0 
0 0 0 0 1 1 
1 1 1 0 1 1 
0 0 0 0 0 0 
1 1 0 0 0 0 
0 0 0 0 0 0 
0 0 0 0 0 0 
0 0 0 1 0 0 
1 0 0 0 0 0 
0 1 0 0 0 0 
0 1 1 1 1 0 

JOBS [6] - [6, 3, 11, 12, 9, 0]
TOOL SWITCHES : 7
MAKESPAN : 61

- MACHINE [1]

1 0 1 0 0 0 0 0 0 
0 0 0 1 0 0 1 0 1 
0 0 1 1 0 0 1 0 0 
0 1 0 0 0 0 0 1 0 
0 0 0 0 0 0 1 1 0 
0 0 0 0 1 0 0 0 0 
1 1 0 0 0 0 0 0 0 
0 0 0 1 1 0 0 0 0 
0 0 0 0 0 0 0 0 0 
1 1 1 1 0 0 0 0 0 
1 1 0 0 0 0 1 0 1 
1 0 1 0 1 1 0 1 0 
0 0 0 0 0 1 0 0 1 
0 0 0 0 0 0 0 1 1 
0 1 0 0 0 1 0 0 0 

JOBS [9] - [2, 7, 5, 14, 8, 13, 4, 1, 10]
TOOL SWITCHES : 8
MAKESPAN : 61

# -------------------------- #

--- TOTAL TOOL SWITCHES : 15
--- HIGHEST MAKESPAN : 61
--- TOTAL FLOWTIME : 486
--- RUNNING TIME : 2.64572

# -------------------------- #
RUN : 1 - instancias_txt/SSP-NPM-I/ins74_m=2_j=15_t=15_var=14.txt

- MACHINE [0]

1 1 1 1 0 0 0 
0 0 0 0 1 1 1 
0 0 0 0 0 0 0 
1 1 1 0 0 0 0 
1 0 1 1 1 0 0 
0 0 0 0 0 0 0 
0 0 0 0 0 0 0 
0 0 0 0 1 1 1 
0 0 0 0 0 1 0 
0 1 0 0 0 0 1 
1 1 1 0 0 1 0 
0 0 1 1 1 0 0 
0 0 0 1 1 0 0 
0 0 0 0 0 0 0 
0 0 0 0 0 0 1 

JOBS [7] - [2, 11, 3, 4, 0, 13, 7]
TOOL SWITCHES : 8
MAKESPAN : 48

- MACHINE [1]

1 1 0 1 0 0 0 0 
0 0 0 0 0 1 0 0 
1 0 0 0 0 0 0 0 
0 0 0 0 0 0 0 0 
0 0 0 0 0 0 1 0 
0 1 1 0 1 0 0 1 
0 0 0 0 1 1 0 1 
0 0 1 0 0 1 1 0 
1 1 0 1 1 1 1 0 
0 0 0 0 0 0 0 0 
0 0 1 0 0 0 0 0 
0 0 1 1 1 0 1 0 
0 0 0 0 0 0 1 1 
1 1 0 0 0 0 0 0 
0 0 1 0 1 0 0 0 

JOBS [8] - [8, 12, 10, 14, 5, 9, 1, 6]
TOOL SWITCHES : 6
MAKESPAN : 49

# -------------------------- #

--- TOTAL TOOL SWITCHES : 14
--- HIGHEST MAKESPAN : 49
--- TOTAL FLOWTIME : 383
--- RUNNING TIME : 2.87374

# -------------------------- #
RUN : 1 - instancias_txt/SSP-NPM-I/ins75_m=2_j=15_t=15_var=15.txt

- MACHINE [0]

0 1 0 1 1 0 0 
1 0 0 0 0 0 0 
0 0 0 0 0 1 0 
0 0 1 0 1 1 1 
0 0 0 0 0 0 0 
0 0 0 0 0 0 0 
1 0 0 0 0 0 0 
0 1 1 1 0 0 0 
0 0 1 1 1 1 1 
0 0 0 0 0 0 0 
0 0 0 0 0 0 1 
1 1 0 0 0 0 0 
0 0 0 0 0 1 1 
1 0 0 1 1 0 0 
0 0 0 0 0 0 0 

JOBS [7] - [3, 7, 2, 0, 13, 11, 10]
TOOL SWITCHES : 6
MAKESPAN : 50

- MACHINE [1]

0 1 0 1 0 1 1 0 
0 0 0 0 0 1 1 0 
1 0 1 0 1 0 0 0 
0 0 0 0 0 1 0 0 
1 1 0 0 0 0 0 0 
0 0 0 0 0 0 0 1 
0 0 0 0 0 0 1 1 
0 1 0 0 1 1 0 0 
1 0 1 0 0 0 0 0 
0 0 1 1 0 0 1 0 
1 1 0 1 0 0 0 0 
0 0 0 0 1 0 0 1 
0 0 0 1 1 0 0 1 
0 0 0 0 0 0 0 0 
0 0 0 0 0 0 0 0 

JOBS [8] - [14, 5, 4, 12, 8, 6, 9, 1]
TOOL SWITCHES : 6
MAKESPAN : 47

# -------------------------- #

--- TOTAL TOOL SWITCHES : 12
--- HIGHEST MAKESPAN : 50
--- TOTAL FLOWTIME : 337
--- RUNNING TIME : 2.16887

# -------------------------- #
RUN : 1 - instancias_txt/SSP-NPM-I/ins76_m=2_j=15_t=15_var=16.txt

- MACHINE [0]

0 0 0 0 0 0 0 
1 0 0 0 1 1 0 
0 1 0 0 0 0 0 
1 0 0 0 0 0 0 
0 0 0 0 0 0 0 
0 0 0 1 0 1 1 
0 1 1 0 0 0 0 
1 1 0 1 1 0 0 
0 0 0 1 1 0 1 
0 0 0 0 1 1 1 
0 0 0 0 0 1 1 
1 1 1 1 0 0 0 
0 0 0 0 0 0 0 
0 0 0 0 0 0 0 
1 0 1 1 0 0 0 

JOBS [7] - [14, 13, 0, 12, 11, 1, 5]
TOOL SWITCHES : 7
MAKESPAN : 48

- MACHINE [1]

0 0 0 0 1 1 0 1 
1 0 0 0 0 0 0 0 
0 0 1 1 0 0 0 0 
0 0 0 0 1 0 0 1 
0 0 0 0 0 0 0 0 
0 0 0 0 0 0 0 0 
0 0 0 0 0 0 0 1 
1 0 1 1 0 0 1 0 
0 0 0 0 0 0 0 0 
0 0 1 0 0 1 1 1 
0 1 0 0 0 1 0 0 
0 0 0 0 0 0 0 0 
0 1 0 0 1 1 1 0 
0 1 0 1 0 0 1 0 
1 1 0 1 1 0 0 0 

JOBS [8] - [8, 2, 3, 10, 9, 6, 4, 7]
TOOL SWITCHES : 5
MAKESPAN : 47

# -------------------------- #

--- TOTAL TOOL SWITCHES : 12
--- HIGHEST MAKESPAN : 48
--- TOTAL FLOWTIME : 329
--- RUNNING TIME : 1.87697

# -------------------------- #
RUN : 1 - instancias_txt/SSP-NPM-I/ins77_m=2_j=15_t=15_var=17.txt

- MACHINE [0]

1 1 0 0 0 1 1 
0 1 0 0 0 0 0 
0 0 0 0 0 0 0 
1 0 0 0 0 0 1 
1 1 1 0 0 0 1 
0 0 0 0 0 1 1 
0 0 1 0 0 0 0 
0 0 0 0 0 0 0 
0 0 0 0 1 0 0 
0 0 0 0 1 0 1 
0 0 0 1 0 1 0 
0 1 1 0 0 1 0 
0 0 0 1 0 0 0 
0 0 1 1 1 0 0 
1 1 0 1 0 0 0 

JOBS [7] - [12, 7, 1, 11, 0, 2, 6]
TOOL SWITCHES : 11
MAKESPAN : 50

- MACHINE [1]

0 0 0 0 0 0 0 0 
1 1 0 0 1 0 1 0 
0 0 0 0 0 1 1 1 
0 0 0 0 0 0 1 0 
1 0 1 1 0 0 0 0 
1 0 0 0 1 1 0 0 
0 0 1 0 0 0 0 0 
0 0 1 1 1 1 0 0 
1 1 0 1 1 0 0 0 
0 1 0 1 0 0 0 1 
0 0 0 0 0 1 0 1 
0 0 0 0 0 0 0 0 
0 0 0 0 1 0 1 1 
0 0 0 0 0 0 1 1 
0 1 0 0 0 0 0 0 

JOBS [8] - [9, 13, 3, 5, 4, 8, 14, 10]
TOOL SWITCHES : 6
MAKESPAN : 48

# -------------------------- #

--- TOTAL TOOL SWITCHES : 17
--- HIGHEST MAKESPAN : 50
--- TOTAL FLOWTIME : 371
--- RUNNING TIME : 2.58598

# -------------------------- #
RUN : 1 - instancias_txt/SSP-NPM-I/ins78_m=2_j=15_t=15_var=18.txt

- MACHINE [0]

0 0 1 1 1 1 1 0 
0 0 0 0 0 1 1 0 
0 0 0 0 1 1 0 0 
0 1 0 0 0 0 0 1 
0 0 0 0 0 0 0 0 
1 0 0 1 1 0 0 0 
0 0 0 0 0 0 0 0 
1 0 0 1 0 0 1 0 
0 0 0 0 0 0 1 1 
0 0 0 1 1 0 0 0 
0 1 1 1 0 0 0 0 
1 1 1 0 0 1 0 1 
0 0 0 0 0 0 0 0 
1 0 0 0 0 0 0 0 
1 0 0 0 0 0 1 1 

JOBS [8] - [14, 0, 4, 10, 5, 8, 9, 13]
TOOL SWITCHES : 11
MAKESPAN : 50

- MACHINE [1]

0 0 0 0 1 0 0 
0 0 1 0 0 0 0 
0 0 0 0 1 0 1 
1 1 0 1 0 0 0 
0 0 0 0 0 0 0 
1 1 1 0 0 0 0 
0 0 0 0 0 1 0 
1 0 0 0 0 0 1 
0 1 1 0 1 0 0 
0 0 0 1 0 1 1 
0 0 1 0 1 0 0 
0 0 0 0 0 0 0 
0 0 0 1 0 1 1 
0 0 0 0 0 1 1 
0 1 0 1 0 0 0 

JOBS [7] - [3, 12, 7, 2, 11, 1, 6]
TOOL SWITCHES : 6
MAKESPAN : 52

# -------------------------- #

--- TOTAL TOOL SWITCHES : 17
--- HIGHEST MAKESPAN : 52
--- TOTAL FLOWTIME : 375
--- RUNNING TIME : 2.12838

# -------------------------- #
RUN : 1 - instancias_txt/SSP-NPM-I/ins79_m=2_j=15_t=15_var=19.txt

- MACHINE [0]

0 1 1 0 0 0 
0 0 0 0 1 1 
0 0 0 0 0 0 
0 0 0 0 0 1 
0 1 1 1 1 1 
0 0 0 0 0 0 
1 1 0 0 0 1 
1 0 1 0 0 0 
0 0 1 1 1 0 
0 0 1 0 0 0 
1 1 0 0 1 0 
0 1 0 0 0 0 
0 0 0 1 0 0 
0 0 0 0 0 0 
1 0 0 0 0 0 

JOBS [6] - [11, 5, 2, 7, 0, 4]
TOOL SWITCHES : 10
MAKESPAN : 57

- MACHINE [1]

0 0 0 0 0 0 0 1 0 
0 0 0 0 0 0 0 1 1 
0 0 0 1 0 1 1 0 0 
1 1 0 0 1 1 0 0 0 
0 0 0 0 0 0 0 0 0 
0 1 1 0 0 0 0 1 0 
0 0 0 0 1 0 0 1 0 
0 1 1 0 0 0 0 0 1 
1 0 0 1 0 0 1 0 0 
1 0 1 0 0 0 0 0 0 
0 0 0 0 0 0 0 0 0 
0 1 0 1 0 0 0 0 0 
0 0 0 0 0 0 0 1 1 
0 0 0 1 0 1 1 0 1 
1 1 0 0 1 1 1 0 0 

JOBS [9] - [8, 9, 13, 6, 1, 12, 14, 10, 3]
TOOL SWITCHES : 7
MAKESPAN : 58

# -------------------------- #

--- TOTAL TOOL SWITCHES : 17
--- HIGHEST MAKESPAN : 58
--- TOTAL FLOWTIME : 457
--- RUNNING TIME : 3.66166

# -------------------------- #
RUN : 1 - instancias_txt/SSP-NPM-I/ins80_m=2_j=15_t=15_var=20.txt

- MACHINE [0]

1 1 0 0 0 0 0 0 
0 0 0 1 0 1 0 0 
1 1 0 0 0 0 1 1 
0 0 0 0 0 1 1 0 
1 0 0 0 0 0 0 0 
0 0 1 1 1 0 0 0 
0 1 1 1 1 0 0 0 
0 0 0 0 0 0 0 1 
0 0 0 0 1 1 0 1 
0 0 0 0 0 0 0 0 
0 0 0 0 1 1 0 1 
0 0 0 1 0 0 0 0 
1 0 0 1 0 0 0 1 
0 0 0 0 0 0 1 0 
0 1 1 0 0 0 0 0 

JOBS [8] - [11, 3, 5, 7, 14, 8, 2, 12]
TOOL SWITCHES : 11
MAKESPAN : 56

- MACHINE [1]

0 0 1 1 0 0 0 
0 0 0 0 0 1 0 
0 0 0 0 0 0 0 
0 0 0 1 0 0 0 
0 1 1 0 0 0 0 
0 1 1 1 0 0 1 
0 1 0 1 0 0 0 
0 1 0 0 1 0 0 
0 0 0 0 0 0 0 
0 0 0 0 1 0 0 
0 0 0 0 1 0 1 
1 0 1 0 1 1 0 
1 1 0 0 0 0 0 
0 0 1 0 0 0 1 
1 0 0 1 1 1 0 

JOBS [7] - [6, 10, 13, 0, 1, 4, 9]
TOOL SWITCHES : 7
MAKESPAN : 57

# -------------------------- #

--- TOTAL TOOL SWITCHES : 18
--- HIGHEST MAKESPAN : 57
--- TOTAL FLOWTIME : 445
--- RUNNING TIME : 2.29221

# -------------------------- #


avg : 52.95
