RUN : 1 - instancias_txt/SSP-NPM-I/ins61_m=2_j=15_t=15_var=1.txt

- MACHINE [0]

1 0 0 0 0 1 1 1 
1 1 0 1 1 1 0 0 
0 0 0 0 0 0 1 0 
1 1 1 0 0 1 1 0 
0 0 0 1 1 0 0 0 
0 0 0 0 0 0 0 1 
0 0 0 0 0 0 0 1 
0 0 0 0 1 0 0 0 
1 0 0 0 0 0 0 0 
0 0 1 1 1 1 0 0 
0 0 0 0 0 1 0 1 
1 0 0 0 0 0 0 0 
0 1 1 1 0 0 0 0 
0 1 0 0 0 0 0 0 
0 0 1 1 0 0 1 1 

JOBS [8] - [11, 8, 13, 7, 4, 6, 14, 12]
TOOL SWITCHES : 13
MAKESPAN : 54

- MACHINE [1]

0 1 1 0 0 0 0 
0 0 1 0 0 1 1 
0 0 1 1 1 0 0 
0 0 0 1 0 1 0 
0 0 0 0 0 0 0 
0 0 0 1 1 0 0 
0 1 0 0 0 0 0 
0 0 1 1 0 0 1 
0 0 0 0 0 0 1 
1 1 0 0 0 0 0 
0 0 0 1 0 1 0 
1 0 1 0 1 1 1 
1 1 0 0 0 0 0 
0 0 0 0 0 0 0 
0 1 1 0 0 0 0 

JOBS [7] - [3, 1, 10, 0, 5, 2, 9]
TOOL SWITCHES : 6
MAKESPAN : 54

# -------------------------- #

--- TOTAL TOOL SWITCHES : 19
--- HIGHEST MAKESPAN : 54
--- TOTAL FLOWTIME : 425
--- RUNNING TIME : 0.972

# -------------------------- #
RUN : 1 - instancias_txt/SSP-NPM-I/ins62_m=2_j=15_t=15_var=2.txt

- MACHINE [0]

0 0 0 0 1 0 1 1 
0 0 0 0 0 0 0 1 
1 0 0 0 0 0 0 0 
0 0 0 1 0 0 0 0 
0 0 0 0 0 1 1 0 
1 1 1 0 0 0 0 1 
0 0 1 0 0 0 0 1 
0 0 0 0 0 1 1 1 
0 1 0 0 0 0 1 0 
1 0 1 0 0 0 1 0 
1 1 0 1 1 0 0 0 
1 1 1 0 0 0 0 0 
0 0 0 1 1 0 0 0 
0 0 0 0 0 1 0 0 
0 0 1 1 0 0 0 0 

JOBS [8] - [1, 10, 0, 8, 5, 12, 7, 2]
TOOL SWITCHES : 14
MAKESPAN : 55

- MACHINE [1]

0 0 0 0 0 0 0 
0 1 0 0 0 0 0 
0 1 1 0 1 0 1 
0 0 1 0 0 1 0 
0 0 1 0 0 0 0 
0 0 0 0 0 1 0 
0 0 0 1 0 0 0 
0 0 0 0 0 0 0 
1 0 0 1 1 0 0 
0 0 0 0 0 0 0 
1 0 1 1 1 1 0 
1 0 0 1 0 0 1 
1 0 0 0 0 0 0 
1 1 0 1 1 0 1 
0 0 0 0 0 1 0 

JOBS [7] - [4, 11, 9, 6, 3, 13, 14]
TOOL SWITCHES : 5
MAKESPAN : 55

# -------------------------- #

--- TOTAL TOOL SWITCHES : 19
--- HIGHEST MAKESPAN : 55
--- TOTAL FLOWTIME : 413
--- RUNNING TIME : 1.07063

# -------------------------- #
RUN : 1 - instancias_txt/SSP-NPM-I/ins63_m=2_j=15_t=15_var=3.txt

- MACHINE [0]

1 0 0 0 0 0 0 0 
0 1 1 0 1 1 0 0 
1 1 0 0 0 0 0 0 
0 0 0 0 0 0 0 1 
0 0 0 0 0 0 0 0 
0 0 0 0 0 0 0 1 
1 0 1 0 0 0 1 0 
0 0 1 0 0 0 0 0 
0 0 0 0 1 1 1 0 
0 0 0 0 0 0 1 0 
0 0 1 1 1 0 0 1 
0 0 0 1 1 0 0 0 
0 0 0 0 0 1 1 1 
1 1 0 0 0 0 0 0 
0 0 0 1 0 0 0 0 

JOBS [8] - [14, 7, 11, 13, 1, 8, 2, 4]
TOOL SWITCHES : 9
MAKESPAN : 44

- MACHINE [1]

1 1 0 0 0 0 0 
1 1 0 0 0 0 1 
1 1 1 0 0 0 0 
0 0 0 0 0 0 0 
0 1 0 1 0 1 0 
0 0 0 1 1 1 0 
0 0 0 1 0 0 0 
0 0 1 0 0 1 0 
0 0 0 0 0 0 0 
0 0 1 0 0 0 0 
0 0 0 0 0 0 1 
0 0 0 0 0 1 1 
0 0 0 0 0 0 0 
0 0 0 0 1 0 1 
1 0 1 1 1 0 0 

JOBS [7] - [5, 6, 3, 0, 10, 9, 12]
TOOL SWITCHES : 5
MAKESPAN : 44

# -------------------------- #

--- TOTAL TOOL SWITCHES : 14
--- HIGHEST MAKESPAN : 44
--- TOTAL FLOWTIME : 309
--- RUNNING TIME : 1.06339

# -------------------------- #
RUN : 1 - instancias_txt/SSP-NPM-I/ins64_m=2_j=15_t=15_var=4.txt

- MACHINE [0]

1 0 1 0 0 0 1 
0 0 0 0 0 1 1 
0 0 0 0 0 0 0 
1 1 0 0 0 0 0 
0 1 0 1 0 1 1 
0 0 0 0 1 0 0 
1 1 0 0 0 0 0 
0 0 0 0 1 0 1 
1 0 0 1 0 0 0 
0 0 0 0 0 1 1 
0 0 1 1 0 1 0 
0 0 0 1 1 0 0 
0 0 0 0 0 0 0 
1 1 1 1 0 0 0 
0 0 1 0 0 0 0 

JOBS [7] - [12, 3, 0, 9, 14, 13, 11]
TOOL SWITCHES : 10
MAKESPAN : 53

- MACHINE [1]

0 0 0 0 0 0 0 0 
0 1 1 1 0 0 0 1 
0 0 1 0 1 0 1 0 
0 0 0 0 0 1 0 1 
1 1 1 1 0 1 0 0 
0 0 0 0 0 0 1 1 
1 0 0 1 0 0 0 0 
0 0 0 0 0 0 0 0 
0 1 0 1 1 0 0 0 
0 0 0 0 0 0 1 1 
0 0 0 0 0 0 0 0 
1 0 0 0 0 0 0 0 
0 0 0 0 1 1 0 0 
0 0 1 0 1 1 1 0 
1 1 0 0 1 0 0 1 

JOBS [8] - [4, 8, 2, 7, 1, 5, 10, 6]
TOOL SWITCHES : 5
MAKESPAN : 49

# -------------------------- #

--- TOTAL TOOL SWITCHES : 15
--- HIGHEST MAKESPAN : 53
--- TOTAL FLOWTIME : 384
--- RUNNING TIME : 0.957196

# -------------------------- #
RUN : 1 - instancias_txt/SSP-NPM-I/ins65_m=2_j=15_t=15_var=5.txt

- MACHINE [0]

0 1 1 0 0 0 0 
0 1 0 1 0 0 0 
0 0 0 0 0 0 1 
1 0 0 0 0 0 0 
0 0 0 0 0 0 0 
0 0 0 0 0 1 1 
0 0 0 0 1 1 0 
0 0 0 0 0 0 1 
0 0 1 1 0 0 0 
0 0 0 0 1 0 0 
0 0 0 1 1 0 0 
0 0 0 0 0 0 0 
1 0 1 0 1 1 0 
1 1 0 0 0 0 0 
1 0 1 0 0 1 0 

JOBS [7] - [13, 12, 7, 11, 10, 5, 6]
TOOL SWITCHES : 8
MAKESPAN : 46

- MACHINE [1]

0 0 0 0 1 1 0 1 
0 1 1 0 0 1 0 0 
0 0 0 0 0 1 1 1 
0 0 0 0 0 0 0 0 
1 1 1 0 0 0 0 0 
0 0 0 0 1 1 1 0 
0 0 0 0 0 0 0 0 
0 0 0 0 0 0 0 0 
1 0 0 0 0 0 0 0 
1 0 0 1 0 0 0 0 
0 1 0 1 0 1 1 0 
0 0 1 0 0 0 1 0 
1 1 1 1 0 0 0 0 
0 0 0 1 1 0 0 1 
0 0 0 0 0 0 0 1 

JOBS [8] - [1, 2, 14, 9, 3, 4, 8, 0]
TOOL SWITCHES : 5
MAKESPAN : 47

# -------------------------- #

--- TOTAL TOOL SWITCHES : 13
--- HIGHEST MAKESPAN : 47
--- TOTAL FLOWTIME : 336
--- RUNNING TIME : 1.33866

# -------------------------- #
RUN : 1 - instancias_txt/SSP-NPM-I/ins66_m=2_j=15_t=15_var=6.txt

- MACHINE [0]

0 0 0 1 1 0 0 0 
1 0 0 0 0 0 1 1 
1 0 1 0 1 1 0 0 
0 0 0 0 0 1 0 0 
0 1 0 0 0 0 0 0 
1 1 1 0 0 0 0 0 
0 0 0 0 0 0 0 1 
0 0 1 1 0 0 1 1 
0 1 0 1 0 0 1 0 
1 0 0 0 0 0 0 0 
0 0 0 0 0 0 0 0 
0 0 0 0 0 0 0 0 
0 1 1 1 0 0 0 0 
0 0 0 0 0 0 0 1 
0 0 0 0 1 1 0 1 

JOBS [8] - [1, 10, 8, 4, 5, 9, 13, 3]
TOOL SWITCHES : 9
MAKESPAN : 55

- MACHINE [1]

1 1 1 0 0 0 0 
0 0 0 0 0 0 0 
0 1 0 0 1 0 0 
0 0 0 0 0 0 1 
0 0 0 0 0 0 0 
0 0 1 1 0 0 0 
1 1 0 1 0 1 0 
0 0 0 0 1 0 1 
0 0 0 0 0 1 1 
0 0 0 1 0 1 1 
1 0 1 0 0 0 0 
0 1 0 0 0 0 0 
0 0 0 1 0 0 0 
0 0 0 1 0 1 1 
0 0 1 0 1 0 1 

JOBS [7] - [0, 7, 11, 2, 6, 12, 14]
TOOL SWITCHES : 6
MAKESPAN : 56

# -------------------------- #

--- TOTAL TOOL SWITCHES : 15
--- HIGHEST MAKESPAN : 56
--- TOTAL FLOWTIME : 403
--- RUNNING TIME : 0.904591

# -------------------------- #
RUN : 1 - instancias_txt/SSP-NPM-I/ins67_m=2_j=15_t=15_var=7.txt

- MACHINE [0]

0 0 0 0 0 0 1 
0 1 1 1 1 0 0 
1 1 0 0 0 0 0 
0 0 0 0 0 1 1 
1 0 1 1 0 0 0 
1 0 0 0 0 0 0 
0 0 0 0 0 0 1 
0 0 1 0 0 0 0 
0 0 0 0 1 0 1 
0 0 0 1 1 1 0 
0 1 0 0 0 0 1 
0 0 0 0 0 1 0 
0 1 1 1 0 1 0 
0 1 1 1 1 0 0 
0 0 0 0 0 0 0 

JOBS [7] - [2, 13, 7, 9, 4, 5, 12]
TOOL SWITCHES : 11
MAKESPAN : 61

- MACHINE [1]

0 0 0 0 1 1 0 0 
1 0 0 0 0 0 0 0 
0 0 0 0 0 1 0 0 
0 0 0 0 0 0 0 0 
1 0 1 0 1 1 0 0 
0 1 1 0 0 0 0 0 
0 1 0 1 0 1 1 0 
1 0 0 1 0 0 1 0 
0 0 0 0 0 0 1 1 
0 0 0 0 0 0 0 0 
0 0 0 1 1 0 0 1 
0 0 1 1 0 0 0 0 
0 1 1 0 0 0 0 0 
1 1 0 0 0 0 0 0 
0 1 0 1 0 1 1 1 

JOBS [8] - [0, 8, 3, 11, 6, 1, 10, 14]
TOOL SWITCHES : 6
MAKESPAN : 58

# -------------------------- #

--- TOTAL TOOL SWITCHES : 17
--- HIGHEST MAKESPAN : 61
--- TOTAL FLOWTIME : 485
--- RUNNING TIME : 1.00564

# -------------------------- #
RUN : 1 - instancias_txt/SSP-NPM-I/ins68_m=2_j=15_t=15_var=8.txt

- MACHINE [0]

0 0 0 0 0 0 1 0 
1 1 0 0 0 0 0 0 
1 0 1 1 0 0 0 0 
0 0 0 0 0 0 0 1 
0 0 0 1 1 1 0 1 
0 0 0 0 0 0 0 0 
1 0 0 0 1 0 0 1 
1 0 0 0 1 1 1 0 
0 0 0 0 0 0 0 0 
0 0 0 0 0 0 0 0 
1 1 1 0 0 0 0 0 
0 0 0 0 0 1 1 1 
0 1 0 1 0 0 0 0 
0 1 1 1 1 1 0 0 
0 1 1 0 0 1 1 1 

JOBS [8] - [6, 13, 14, 7, 3, 0, 12, 2]
TOOL SWITCHES : 11
MAKESPAN : 51

- MACHINE [1]

0 1 0 0 0 1 0 
0 0 0 0 0 1 1 
1 0 1 0 0 0 0 
0 1 1 1 1 0 0 
1 0 0 0 0 0 0 
1 0 0 0 0 1 0 
0 1 0 1 0 0 0 
0 0 0 0 0 0 0 
0 0 1 1 0 0 1 
0 0 0 1 0 0 1 
0 0 0 0 1 1 0 
1 0 0 0 1 1 1 
0 0 0 0 0 0 0 
0 0 0 0 0 0 0 
0 0 0 0 0 0 0 

JOBS [7] - [10, 9, 11, 8, 5, 4, 1]
TOOL SWITCHES : 4
MAKESPAN : 51

# -------------------------- #

--- TOTAL TOOL SWITCHES : 15
--- HIGHEST MAKESPAN : 51
--- TOTAL FLOWTIME : 416
--- RUNNING TIME : 0.965925

# -------------------------- #
RUN : 1 - instancias_txt/SSP-NPM-I/ins69_m=2_j=15_t=15_var=9.txt

- MACHINE [0]

0 0 1 0 0 0 0 
1 0 0 1 1 1 1 
0 1 1 0 1 1 0 
0 1 0 0 0 0 0 
0 0 0 1 0 0 0 
1 1 1 0 0 0 0 
0 0 0 0 0 0 0 
0 0 0 0 0 0 0 
0 0 0 0 0 1 1 
0 0 0 0 0 0 0 
1 0 0 0 0 0 0 
0 0 0 0 0 0 0 
0 0 0 1 1 0 1 
0 0 0 0 0 0 1 
0 1 0 1 1 1 1 

JOBS [7] - [10, 4, 7, 0, 8, 6, 9]
TOOL SWITCHES : 6
MAKESPAN : 54

- MACHINE [1]

0 1 1 1 0 0 1 1 
0 0 0 0 0 0 0 0 
0 1 1 0 0 0 1 0 
0 0 0 0 0 0 0 0 
0 0 0 0 0 1 1 1 
0 0 0 0 0 1 0 0 
0 1 1 0 0 0 0 0 
0 0 0 0 0 0 0 1 
0 0 0 0 0 0 0 0 
1 1 0 0 0 0 0 0 
0 0 0 1 1 0 0 0 
0 0 0 0 0 0 0 0 
1 0 1 1 0 1 1 0 
0 0 1 0 1 0 0 1 
1 0 0 1 1 0 0 0 

JOBS [8] - [1, 14, 12, 2, 3, 5, 11, 13]
TOOL SWITCHES : 4
MAKESPAN : 54

# -------------------------- #

--- TOTAL TOOL SWITCHES : 10
--- HIGHEST MAKESPAN : 54
--- TOTAL FLOWTIME : 434
--- RUNNING TIME : 0.975931

# -------------------------- #
RUN : 1 - instancias_txt/SSP-NPM-I/ins70_m=2_j=15_t=15_var=10.txt

- MACHINE [0]

0 0 0 0 0 0 1 0 
0 1 1 0 0 0 0 0 
1 0 0 0 0 0 0 0 
0 0 0 0 0 0 0 1 
0 0 0 0 0 1 1 1 
0 0 1 0 0 0 0 1 
0 0 0 1 0 0 1 0 
0 0 0 0 1 0 1 0 
1 1 0 0 1 0 0 0 
1 0 0 1 0 0 0 0 
0 0 0 0 0 0 0 0 
1 1 1 1 1 1 0 1 
0 0 0 0 0 0 0 0 
1 1 0 0 0 0 0 1 
0 0 0 0 1 1 0 0 

JOBS [8] - [12, 2, 4, 6, 11, 9, 8, 1]
TOOL SWITCHES : 10
MAKESPAN : 47

- MACHINE [1]

1 0 0 0 0 0 0 
0 0 0 1 0 0 1 
0 0 0 1 1 0 0 
0 1 0 1 0 1 1 
1 0 0 0 1 0 1 
0 0 1 0 0 0 0 
0 1 0 0 1 1 0 
0 0 0 0 0 0 0 
1 1 0 0 0 0 0 
0 0 0 0 0 1 1 
1 1 0 1 0 0 0 
0 0 0 0 0 0 0 
0 0 0 0 1 0 0 
1 0 1 0 0 0 0 
0 0 1 1 0 1 0 

JOBS [7] - [0, 14, 3, 13, 5, 7, 10]
TOOL SWITCHES : 6
MAKESPAN : 48

# -------------------------- #

--- TOTAL TOOL SWITCHES : 16
--- HIGHEST MAKESPAN : 48
--- TOTAL FLOWTIME : 384
--- RUNNING TIME : 1.00103

# -------------------------- #
RUN : 1 - instancias_txt/SSP-NPM-I/ins71_m=2_j=15_t=15_var=11.txt

- MACHINE [0]

0 0 0 0 1 1 0 
0 0 0 1 1 0 0 
0 0 0 0 1 0 1 
0 1 1 0 0 0 0 
0 1 0 0 0 0 0 
0 0 0 0 0 0 0 
0 1 1 0 0 0 0 
1 1 1 0 0 0 0 
0 0 0 0 0 0 0 
1 0 0 0 0 0 0 
0 0 0 1 1 1 1 
1 0 1 0 0 1 1 
0 0 0 0 0 1 1 
1 1 1 1 1 1 0 
0 0 0 0 0 0 1 

JOBS [7] - [12, 11, 1, 3, 8, 6, 13]
TOOL SWITCHES : 11
MAKESPAN : 54

- MACHINE [1]

0 0 0 0 0 0 1 0 
1 1 0 0 0 0 0 0 
0 0 0 0 0 1 0 1 
0 0 0 0 0 0 1 1 
0 0 0 1 0 0 1 0 
1 0 1 1 1 0 0 1 
0 0 1 0 0 1 0 1 
0 0 1 0 1 1 0 0 
0 0 0 0 1 1 1 0 
0 1 1 0 0 0 0 0 
1 1 0 0 0 1 0 0 
1 1 1 0 0 0 0 0 
1 0 1 0 0 0 0 0 
0 0 0 0 0 0 0 0 
0 0 0 1 1 0 0 0 

JOBS [8] - [9, 10, 5, 0, 7, 2, 14, 4]
TOOL SWITCHES : 7
MAKESPAN : 55

# -------------------------- #

--- TOTAL TOOL SWITCHES : 18
--- HIGHEST MAKESPAN : 55
--- TOTAL FLOWTIME : 453
--- RUNNING TIME : 1.00271

# -------------------------- #
RUN : 1 - instancias_txt/SSP-NPM-I/ins72_m=2_j=15_t=15_var=12.txt

- MACHINE [0]

1 1 1 1 0 0 0 0 
0 0 0 0 0 1 1 0 
1 0 0 1 0 1 0 0 
1 0 0 0 0 0 0 0 
0 0 0 0 1 1 0 1 
0 0 1 0 1 1 1 0 
0 0 0 0 1 0 0 0 
0 0 0 0 0 0 1 1 
1 1 0 1 1 1 0 0 
0 0 0 0 0 0 0 0 
1 0 0 0 0 0 0 0 
0 0 0 1 0 0 0 0 
0 0 0 0 0 0 0 0 
0 0 0 0 0 0 0 1 
0 1 1 0 0 0 0 0 

JOBS [8] - [3, 14, 4, 1, 11, 7, 5, 13]
TOOL SWITCHES : 8
MAKESPAN : 47

- MACHINE [1]

1 1 0 1 1 0 0 
0 0 0 0 1 0 0 
1 1 0 0 0 0 0 
1 0 1 1 0 1 1 
0 1 1 0 1 0 1 
0 0 0 1 0 0 1 
0 1 0 1 0 0 0 
0 0 0 0 0 0 0 
0 0 1 1 0 0 0 
0 1 0 0 0 0 0 
0 0 0 0 0 0 1 
0 0 0 0 1 1 1 
1 0 1 0 0 1 0 
0 0 0 0 0 1 0 
1 0 0 0 0 0 0 

JOBS [7] - [9, 0, 8, 6, 12, 2, 10]
TOOL SWITCHES : 7
MAKESPAN : 46

# -------------------------- #

--- TOTAL TOOL SWITCHES : 15
--- HIGHEST MAKESPAN : 47
--- TOTAL FLOWTIME : 365
--- RUNNING TIME : 1.07291

# -------------------------- #
RUN : 1 - instancias_txt/SSP-NPM-I/ins73_m=2_j=15_t=15_var=13.txt

- MACHINE [0]

1 0 0 1 1 1 
0 1 0 1 0 1 
0 0 0 0 0 1 
0 0 0 0 0 0 
0 0 0 0 0 0 
0 0 0 0 1 1 
1 0 1 0 1 1 
0 0 0 0 0 0 
1 0 1 0 0 0 
0 0 0 0 0 0 
0 1 0 0 0 0 
0 0 0 1 0 0 
1 1 0 0 0 0 
0 1 1 0 0 0 
0 0 1 1 1 0 

JOBS [6] - [6, 10, 3, 12, 9, 0]
TOOL SWITCHES : 8
MAKESPAN : 63

- MACHINE [1]

0 0 1 0 0 1 0 1 0 
1 1 0 0 0 0 0 0 0 
1 1 1 0 0 0 0 0 0 
0 0 0 0 1 1 1 0 0 
1 0 0 0 1 1 0 0 0 
0 0 0 1 0 0 0 0 0 
0 0 0 0 0 1 1 1 0 
0 1 0 1 0 0 0 0 0 
0 0 0 0 0 0 0 0 0 
0 1 1 0 0 0 1 1 0 
1 0 0 0 0 0 1 1 0 
0 0 1 1 1 0 0 1 1 
0 0 0 0 0 0 0 0 1 
0 0 0 0 1 0 0 0 0 
0 0 0 0 0 1 1 0 1 

JOBS [9] - [4, 14, 5, 8, 1, 11, 7, 2, 13]
TOOL SWITCHES : 8
MAKESPAN : 64

# -------------------------- #

--- TOTAL TOOL SWITCHES : 16
--- HIGHEST MAKESPAN : 64
--- TOTAL FLOWTIME : 503
--- RUNNING TIME : 1.25452

# -------------------------- #
RUN : 1 - instancias_txt/SSP-NPM-I/ins74_m=2_j=15_t=15_var=14.txt

- MACHINE [0]

0 0 0 1 1 1 1 
1 1 1 0 0 0 0 
0 0 0 0 0 0 0 
0 0 0 0 1 1 1 
0 0 1 1 1 1 0 
0 0 0 0 0 0 0 
0 0 0 0 0 0 0 
1 1 1 0 0 0 0 
1 0 0 0 0 0 0 
0 1 0 0 0 0 1 
1 0 0 0 1 1 1 
0 0 1 1 0 1 0 
0 0 1 1 0 0 0 
0 0 0 0 0 0 0 
0 1 0 0 0 0 0 

JOBS [7] - [13, 7, 0, 4, 2, 3, 11]
TOOL SWITCHES : 8
MAKESPAN : 48

- MACHINE [1]

0 0 0 0 0 1 1 1 
1 0 0 0 0 0 0 0 
0 0 0 0 0 0 1 0 
0 0 0 0 0 0 0 0 
0 0 1 0 0 0 0 0 
0 1 0 1 1 1 0 0 
1 1 0 1 0 0 0 0 
1 0 1 0 1 0 0 0 
1 0 1 1 0 1 1 1 
0 0 0 0 0 0 0 0 
0 0 0 0 1 0 0 0 
0 0 1 1 1 0 0 1 
0 1 1 0 0 0 0 0 
0 0 0 0 0 1 1 0 
0 0 0 1 1 0 0 0 

JOBS [8] - [9, 6, 1, 5, 10, 12, 8, 14]
TOOL SWITCHES : 6
MAKESPAN : 49

# -------------------------- #

--- TOTAL TOOL SWITCHES : 14
--- HIGHEST MAKESPAN : 49
--- TOTAL FLOWTIME : 364
--- RUNNING TIME : 1.09865

# -------------------------- #
RUN : 1 - instancias_txt/SSP-NPM-I/ins75_m=2_j=15_t=15_var=15.txt

- MACHINE [0]

0 1 0 1 1 0 0 
1 0 0 0 0 0 0 
0 0 0 0 0 1 0 
0 0 1 1 0 1 1 
0 0 0 0 0 0 0 
0 0 0 0 0 0 0 
1 0 0 0 0 0 0 
0 1 1 0 1 0 0 
0 0 1 1 1 1 1 
0 0 0 0 0 0 0 
0 0 0 0 0 0 1 
1 1 0 0 0 0 0 
0 0 0 0 0 1 1 
1 0 0 1 1 0 0 
0 0 0 0 0 0 0 

JOBS [7] - [3, 7, 2, 13, 0, 11, 10]
TOOL SWITCHES : 6
MAKESPAN : 50

- MACHINE [1]

0 1 1 0 1 0 1 0 
0 1 1 0 0 0 0 0 
0 0 0 1 0 1 0 1 
0 1 0 0 0 0 0 0 
0 0 0 0 0 0 1 1 
1 0 0 0 0 0 0 0 
1 0 1 0 0 0 0 0 
0 1 0 1 0 0 1 0 
0 0 0 0 0 1 0 1 
0 0 1 0 1 1 0 0 
0 0 0 0 1 0 1 1 
1 0 0 1 0 0 0 0 
1 0 0 1 1 0 0 0 
0 0 0 0 0 0 0 0 
0 0 0 0 0 0 0 0 

JOBS [8] - [1, 6, 9, 8, 12, 4, 5, 14]
TOOL SWITCHES : 6
MAKESPAN : 47

# -------------------------- #

--- TOTAL TOOL SWITCHES : 12
--- HIGHEST MAKESPAN : 50
--- TOTAL FLOWTIME : 376
--- RUNNING TIME : 1.14267

# -------------------------- #
RUN : 1 - instancias_txt/SSP-NPM-I/ins76_m=2_j=15_t=15_var=16.txt

- MACHINE [0]

0 0 0 0 0 0 0 
1 0 1 0 1 0 0 
0 0 0 0 0 1 0 
0 0 0 0 1 0 0 
0 0 0 0 0 0 0 
1 1 0 1 0 0 0 
0 0 0 0 0 1 1 
0 0 1 1 1 1 0 
0 1 1 1 0 0 0 
1 1 1 0 0 0 0 
1 1 0 0 0 0 0 
0 0 0 1 1 1 1 
0 0 0 0 0 0 0 
0 0 0 0 0 0 0 
0 0 0 1 1 0 1 

JOBS [7] - [1, 5, 11, 12, 14, 13, 0]
TOOL SWITCHES : 7
MAKESPAN : 48

- MACHINE [1]

0 1 1 0 1 0 0 0 
1 0 0 0 0 0 0 0 
0 0 0 1 0 1 0 0 
0 1 1 0 0 0 0 0 
0 0 0 0 0 0 0 0 
0 0 0 0 0 0 0 0 
0 1 0 0 0 0 0 0 
1 0 0 1 0 1 1 0 
0 0 0 0 0 0 0 0 
0 1 0 1 1 0 1 0 
0 0 0 0 1 0 0 1 
0 0 0 0 0 0 0 0 
0 0 1 0 1 0 1 1 
0 0 0 0 0 1 1 1 
1 0 1 0 0 1 0 1 

JOBS [8] - [8, 7, 9, 3, 6, 10, 4, 2]
TOOL SWITCHES : 4
MAKESPAN : 43

# -------------------------- #

--- TOTAL TOOL SWITCHES : 11
--- HIGHEST MAKESPAN : 48
--- TOTAL FLOWTIME : 375
--- RUNNING TIME : 0.861076

# -------------------------- #
RUN : 1 - instancias_txt/SSP-NPM-I/ins77_m=2_j=15_t=15_var=17.txt

- MACHINE [0]

1 1 1 1 0 0 0 
1 0 0 0 0 0 0 
0 0 0 0 0 0 0 
0 1 1 0 0 0 0 
1 1 1 0 1 0 0 
0 0 1 1 0 0 0 
0 0 0 0 1 0 0 
0 0 0 0 0 0 0 
0 0 0 0 0 1 0 
0 0 1 0 0 1 0 
0 0 0 1 0 0 1 
1 0 0 1 1 0 0 
0 0 0 0 0 0 1 
0 0 0 0 1 1 1 
1 1 0 0 0 0 1 

JOBS [7] - [7, 12, 6, 2, 1, 0, 11]
TOOL SWITCHES : 11
MAKESPAN : 50

- MACHINE [1]

0 0 0 0 0 0 0 0 
0 1 0 1 1 1 0 0 
1 1 1 0 0 0 0 0 
0 1 0 0 0 0 0 0 
0 0 0 0 1 0 1 1 
0 0 1 1 1 0 0 0 
0 0 0 0 0 0 0 1 
0 0 1 1 0 0 1 1 
0 0 0 1 1 1 1 0 
1 0 0 0 0 1 1 0 
1 0 1 0 0 0 0 0 
0 0 0 0 0 0 0 0 
1 1 0 1 0 0 0 0 
1 1 0 0 0 0 0 0 
0 0 0 0 0 1 0 0 

JOBS [8] - [10, 14, 8, 4, 9, 13, 5, 3]
TOOL SWITCHES : 6
MAKESPAN : 48

# -------------------------- #

--- TOTAL TOOL SWITCHES : 17
--- HIGHEST MAKESPAN : 50
--- TOTAL FLOWTIME : 403
--- RUNNING TIME : 1.08066

# -------------------------- #
RUN : 1 - instancias_txt/SSP-NPM-I/ins78_m=2_j=15_t=15_var=18.txt

- MACHINE [0]

1 0 1 1 1 0 0 0 
0 1 0 1 1 0 0 0 
0 0 0 1 0 0 0 0 
0 0 0 0 0 1 1 0 
0 0 0 0 0 0 0 0 
1 1 0 0 0 0 0 1 
0 0 0 0 0 0 0 0 
1 0 0 0 1 0 0 1 
0 1 0 0 1 1 0 0 
1 0 0 0 0 0 0 0 
1 1 1 0 0 0 1 0 
0 0 1 1 0 1 1 1 
0 0 0 0 0 0 0 0 
0 0 0 0 0 0 0 1 
0 0 0 0 1 1 0 1 

JOBS [8] - [10, 7, 4, 8, 9, 13, 0, 14]
TOOL SWITCHES : 11
MAKESPAN : 52

- MACHINE [1]

0 0 0 1 0 0 1 
0 0 0 0 0 0 0 
0 1 0 1 0 0 1 
0 0 1 0 1 1 0 
0 0 0 0 0 0 0 
0 0 0 1 1 1 0 
1 0 0 0 0 0 0 
0 1 0 0 1 0 0 
0 0 0 0 0 1 1 
1 1 1 1 0 0 0 
0 0 0 0 0 0 1 
0 0 0 0 0 0 0 
1 1 1 0 0 0 0 
1 1 0 0 0 0 0 
0 0 1 0 0 1 0 

JOBS [7] - [1, 6, 2, 5, 3, 12, 11]
TOOL SWITCHES : 5
MAKESPAN : 49

# -------------------------- #

--- TOTAL TOOL SWITCHES : 16
--- HIGHEST MAKESPAN : 52
--- TOTAL FLOWTIME : 405
--- RUNNING TIME : 1.05931

# -------------------------- #
RUN : 1 - instancias_txt/SSP-NPM-I/ins79_m=2_j=15_t=15_var=19.txt

- MACHINE [0]

1 0 1 0 0 0 
0 1 0 0 0 0 
0 0 0 0 0 0 
0 0 0 0 0 0 
1 1 1 0 1 0 
0 0 0 1 0 0 
1 0 0 0 0 1 
0 0 1 1 0 1 
0 1 1 0 1 0 
0 0 1 1 0 0 
1 1 0 0 0 1 
1 0 0 0 0 0 
0 0 0 0 1 0 
0 0 0 0 0 0 
0 0 0 0 0 1 

JOBS [6] - [5, 0, 2, 13, 7, 11]
TOOL SWITCHES : 9
MAKESPAN : 56

- MACHINE [1]

0 0 0 0 0 0 0 0 1 
0 0 0 0 0 0 1 1 1 
1 1 1 0 0 0 0 0 0 
0 0 1 1 1 1 1 0 0 
0 0 0 0 0 0 1 0 0 
0 0 0 1 0 0 0 0 1 
0 0 0 0 0 1 1 0 1 
0 0 0 1 0 0 0 1 0 
1 1 0 0 1 0 0 0 0 
0 0 0 0 1 0 0 0 0 
0 0 0 0 0 0 0 0 0 
1 0 0 1 0 0 0 0 0 
0 0 0 0 0 0 0 1 1 
1 1 1 0 0 0 0 1 0 
0 1 1 1 1 1 0 0 0 

JOBS [9] - [6, 14, 12, 9, 8, 1, 4, 3, 10]
TOOL SWITCHES : 7
MAKESPAN : 57

# -------------------------- #

--- TOTAL TOOL SWITCHES : 16
--- HIGHEST MAKESPAN : 57
--- TOTAL FLOWTIME : 423
--- RUNNING TIME : 1.22212

# -------------------------- #
RUN : 1 - instancias_txt/SSP-NPM-I/ins80_m=2_j=15_t=15_var=20.txt

- MACHINE [0]

1 0 0 0 0 0 0 0 
0 0 0 0 0 1 0 0 
1 0 0 0 1 0 1 0 
0 0 0 0 1 1 0 0 
0 0 0 0 0 0 0 0 
0 1 1 1 0 0 0 0 
1 1 1 0 0 0 0 0 
0 0 0 0 0 0 1 1 
0 0 1 0 0 1 1 0 
0 0 0 0 0 0 0 1 
0 0 1 1 0 1 1 1 
0 0 0 0 0 0 0 1 
0 0 0 0 0 0 1 0 
0 0 0 1 1 0 0 0 
1 1 0 0 0 0 0 1 

JOBS [8] - [3, 5, 14, 9, 2, 8, 12, 1]
TOOL SWITCHES : 10
MAKESPAN : 55

- MACHINE [1]

0 0 0 1 1 1 0 
0 1 1 0 0 0 0 
0 0 0 0 0 1 0 
0 0 0 1 0 0 0 
0 0 0 0 1 1 1 
0 1 0 1 1 0 1 
0 1 0 1 0 0 1 
0 0 0 0 0 0 1 
0 0 0 0 0 0 0 
0 0 0 0 0 0 0 
0 0 0 0 0 0 0 
1 1 1 0 1 0 0 
1 1 0 0 0 1 1 
0 0 0 0 1 0 0 
1 0 1 1 0 0 0 

JOBS [7] - [6, 7, 4, 0, 13, 11, 10]
TOOL SWITCHES : 5
MAKESPAN : 56

# -------------------------- #

--- TOTAL TOOL SWITCHES : 15
--- HIGHEST MAKESPAN : 56
--- TOTAL FLOWTIME : 388
--- RUNNING TIME : 0.985619

# -------------------------- #


avg : 52.55
