RUN : 1 - instancias_txt/SSP-NPM-I/ins61_m=2_j=15_t=15_var=1.txt

- MACHINE [0]

1 1 0 0 0 0 1 1 
0 1 0 1 0 1 0 0 
1 0 0 0 0 0 0 0 
1 1 0 1 1 0 0 0 
0 0 0 0 0 1 0 0 
0 0 0 0 0 0 0 1 
0 0 0 0 0 0 1 1 
0 0 0 0 0 0 0 0 
0 1 0 0 0 0 0 0 
0 0 1 0 1 1 1 0 
0 0 0 0 0 0 0 1 
0 1 1 0 0 0 0 0 
0 0 1 1 1 1 1 0 
0 0 0 1 0 0 0 0 
1 0 0 0 1 1 1 1 

JOBS [8] - [14, 11, 3, 8, 13, 7, 1, 12]
TOOL SWITCHES : 11
MAKESPAN : 53

- MACHINE [1]

0 0 1 0 0 1 0 
0 1 1 1 1 1 0 
1 0 0 0 0 1 1 
1 0 1 1 0 0 0 
0 1 0 0 0 0 0 
1 0 0 0 0 0 1 
0 0 0 0 0 0 0 
1 1 0 0 1 1 0 
0 0 0 0 1 0 0 
0 1 1 0 0 0 0 
1 0 1 1 0 0 0 
0 0 0 1 1 1 1 
0 0 0 0 0 0 0 
0 0 0 0 0 0 0 
0 0 0 0 0 1 0 

JOBS [7] - [0, 4, 6, 2, 9, 10, 5]
TOOL SWITCHES : 6
MAKESPAN : 54

# -------------------------- #

--- TOTAL TOOL SWITCHES : 17
--- HIGHEST MAKESPAN : 54
--- TOTAL FLOWTIME : 408
--- RUNNING TIME : 1.96347

# -------------------------- #
RUN : 1 - instancias_txt/SSP-NPM-I/ins62_m=2_j=15_t=15_var=2.txt

- MACHINE [0]

1 0 1 1 0 0 0 0 
0 0 1 0 0 0 0 0 
0 0 0 0 0 0 1 0 
0 0 0 0 1 0 0 0 
1 1 0 0 0 0 0 0 
0 0 1 0 0 1 1 1 
0 0 1 0 0 0 0 1 
1 1 1 0 0 0 0 0 
1 0 0 0 0 1 0 0 
1 0 0 0 0 0 1 1 
0 0 0 1 1 1 1 0 
0 0 0 0 0 1 1 1 
0 0 0 1 1 0 0 0 
0 1 0 0 0 0 0 0 
0 0 0 0 1 0 0 1 

JOBS [8] - [7, 12, 2, 5, 8, 10, 1, 0]
TOOL SWITCHES : 14
MAKESPAN : 55

- MACHINE [1]

0 0 0 0 0 0 0 
0 0 0 0 0 0 1 
0 1 0 1 0 1 1 
0 0 0 0 1 1 0 
0 0 0 0 0 1 0 
0 0 0 0 1 0 0 
0 0 1 0 0 0 0 
0 0 0 0 0 0 0 
1 0 1 1 0 0 0 
0 0 0 0 0 0 0 
1 0 1 1 1 1 0 
1 1 1 0 0 0 0 
1 0 0 0 0 0 0 
1 1 1 1 0 0 1 
0 0 0 0 1 0 0 

JOBS [7] - [4, 14, 6, 3, 13, 9, 11]
TOOL SWITCHES : 5
MAKESPAN : 55

# -------------------------- #

--- TOTAL TOOL SWITCHES : 19
--- HIGHEST MAKESPAN : 55
--- TOTAL FLOWTIME : 434
--- RUNNING TIME : 2.17244

# -------------------------- #
RUN : 1 - instancias_txt/SSP-NPM-I/ins63_m=2_j=15_t=15_var=3.txt

- MACHINE [0]

0 0 0 0 0 0 1 
1 1 1 0 0 0 0 
0 0 0 0 0 0 1 
0 0 0 0 1 0 0 
0 0 0 0 0 1 0 
0 0 0 0 1 1 0 
0 1 0 1 0 1 1 
0 1 0 0 0 0 0 
1 0 1 1 0 0 0 
0 0 0 1 0 0 0 
1 1 0 0 1 0 0 
1 0 0 0 0 0 0 
0 0 1 1 1 0 0 
0 0 0 0 0 0 1 
0 0 0 0 0 1 0 

JOBS [7] - [1, 11, 8, 2, 4, 0, 14]
TOOL SWITCHES : 10
MAKESPAN : 45

- MACHINE [1]

0 0 0 0 0 1 0 1 
0 0 0 1 1 1 0 1 
0 1 0 0 1 1 0 1 
0 0 0 0 0 0 0 0 
0 0 0 0 0 0 1 1 
1 0 0 0 0 0 1 0 
0 0 0 0 0 0 0 0 
0 1 0 0 0 0 1 0 
0 0 0 0 0 0 0 0 
0 1 0 0 0 0 0 0 
0 0 1 1 0 0 0 0 
0 0 1 1 0 0 1 0 
0 0 0 0 0 0 0 0 
1 0 0 1 1 0 0 0 
1 1 1 0 0 1 0 0 

JOBS [8] - [10, 3, 13, 12, 7, 5, 9, 6]
TOOL SWITCHES : 5
MAKESPAN : 45

# -------------------------- #

--- TOTAL TOOL SWITCHES : 15
--- HIGHEST MAKESPAN : 45
--- TOTAL FLOWTIME : 318
--- RUNNING TIME : 2.11498

# -------------------------- #
RUN : 1 - instancias_txt/SSP-NPM-I/ins64_m=2_j=15_t=15_var=4.txt

- MACHINE [0]

1 0 0 1 0 0 0 
1 1 0 0 0 0 0 
0 0 1 0 0 0 0 
0 1 0 0 1 0 0 
1 0 0 0 1 0 1 
0 1 1 0 0 1 0 
0 0 0 0 1 0 0 
1 0 0 0 0 1 0 
0 0 0 0 0 0 1 
1 1 1 0 0 0 0 
0 0 0 1 0 0 1 
0 0 0 0 0 1 1 
0 0 0 0 0 0 0 
0 0 1 1 1 0 1 
0 1 0 1 0 0 0 

JOBS [7] - [11, 6, 10, 0, 3, 14, 9]
TOOL SWITCHES : 14
MAKESPAN : 55

- MACHINE [1]

0 0 0 0 0 0 0 1 
1 1 0 0 1 1 0 0 
0 1 1 0 0 0 0 0 
0 0 0 1 0 0 0 1 
1 1 0 1 1 1 1 0 
0 0 0 0 0 0 0 0 
0 0 0 0 0 1 1 1 
0 0 0 0 0 0 0 0 
0 0 1 0 1 1 0 1 
1 0 0 0 0 0 0 0 
1 0 0 0 0 0 0 0 
0 0 0 0 0 0 1 0 
0 0 1 1 0 0 0 0 
0 1 1 1 0 0 0 1 
0 0 1 0 1 0 1 0 

JOBS [8] - [13, 2, 1, 5, 8, 7, 4, 12]
TOOL SWITCHES : 6
MAKESPAN : 55

# -------------------------- #

--- TOTAL TOOL SWITCHES : 20
--- HIGHEST MAKESPAN : 55
--- TOTAL FLOWTIME : 445
--- RUNNING TIME : 3.05501

# -------------------------- #
RUN : 1 - instancias_txt/SSP-NPM-I/ins65_m=2_j=15_t=15_var=5.txt

- MACHINE [0]

0 0 1 0 0 1 0 
0 0 0 1 0 1 0 
0 1 0 0 0 0 0 
0 0 0 0 0 0 1 
0 0 0 0 0 0 0 
1 1 0 0 0 0 0 
1 0 0 0 0 0 0 
0 1 0 0 0 0 0 
0 0 1 1 0 0 0 
0 0 0 0 1 0 0 
0 0 0 1 1 0 0 
0 0 0 0 0 0 0 
1 0 1 0 1 0 1 
0 0 0 0 1 1 1 
1 0 1 0 0 0 1 

JOBS [7] - [5, 6, 7, 11, 9, 12, 13]
TOOL SWITCHES : 10
MAKESPAN : 48

- MACHINE [1]

0 0 0 0 1 0 1 1 
1 0 1 0 1 0 0 0 
0 0 0 0 1 1 1 0 
0 0 0 0 0 0 0 0 
1 0 1 1 0 0 0 0 
0 0 0 0 1 1 0 1 
0 1 0 0 0 0 0 0 
0 0 0 0 0 0 0 0 
0 0 0 1 0 0 0 0 
0 1 0 1 0 0 0 0 
0 1 1 0 1 1 0 0 
1 0 0 0 0 1 0 0 
1 1 1 1 0 0 0 0 
0 0 0 0 0 0 1 1 
0 0 0 0 0 0 1 0 

JOBS [8] - [14, 10, 2, 1, 4, 8, 0, 3]
TOOL SWITCHES : 6
MAKESPAN : 49

# -------------------------- #

--- TOTAL TOOL SWITCHES : 16
--- HIGHEST MAKESPAN : 49
--- TOTAL FLOWTIME : 390
--- RUNNING TIME : 2.44361

# -------------------------- #
RUN : 1 - instancias_txt/SSP-NPM-I/ins66_m=2_j=15_t=15_var=6.txt

- MACHINE [0]

0 1 0 1 0 0 0 
0 0 1 0 0 1 0 
1 1 0 0 0 1 0 
0 0 0 0 0 0 0 
0 0 0 0 1 0 0 
1 0 0 0 1 1 1 
0 0 0 0 0 0 1 
1 0 1 1 0 0 0 
0 0 1 1 1 0 0 
0 0 0 0 0 1 1 
0 0 0 0 0 0 0 
0 0 0 0 0 0 0 
1 0 0 1 1 0 1 
0 0 0 0 0 0 1 
0 1 0 0 0 0 0 

JOBS [7] - [8, 5, 13, 4, 10, 1, 2]
TOOL SWITCHES : 9
MAKESPAN : 57

- MACHINE [1]

0 0 0 0 0 1 1 1 
0 0 0 0 1 0 0 0 
1 0 1 0 0 0 1 0 
0 1 1 0 0 0 0 0 
0 0 0 0 0 0 0 0 
0 0 0 0 0 0 0 1 
0 0 0 1 1 1 1 0 
1 1 0 0 1 0 0 0 
0 1 0 1 0 0 0 0 
0 1 0 1 0 0 0 0 
0 0 0 0 0 1 0 1 
0 0 0 0 0 0 1 0 
0 0 0 0 0 0 0 0 
0 1 0 1 1 0 0 0 
1 1 1 0 1 0 0 1 

JOBS [8] - [6, 14, 9, 12, 3, 0, 7, 11]
TOOL SWITCHES : 6
MAKESPAN : 57

# -------------------------- #

--- TOTAL TOOL SWITCHES : 15
--- HIGHEST MAKESPAN : 57
--- TOTAL FLOWTIME : 438
--- RUNNING TIME : 2.56227

# -------------------------- #
RUN : 1 - instancias_txt/SSP-NPM-I/ins67_m=2_j=15_t=15_var=7.txt

- MACHINE [0]

0 0 0 0 0 1 1 
1 1 1 1 0 0 0 
1 0 0 0 0 0 0 
0 0 0 0 1 0 1 
0 1 1 0 0 1 0 
0 0 0 0 0 0 0 
0 0 0 0 0 0 1 
0 1 0 0 0 0 0 
0 0 0 1 0 0 1 
0 0 1 1 1 0 0 
1 0 0 0 0 1 1 
0 0 0 0 1 0 0 
1 1 1 0 1 0 0 
1 1 1 1 0 0 0 
0 0 0 0 0 0 0 

JOBS [7] - [13, 7, 9, 4, 5, 6, 12]
TOOL SWITCHES : 10
MAKESPAN : 59

- MACHINE [1]

0 0 0 0 0 0 0 1 
0 0 0 1 0 0 0 0 
0 0 0 0 0 0 1 1 
0 0 0 0 0 0 0 0 
0 0 0 1 0 1 1 1 
0 0 0 0 1 1 1 0 
0 1 1 0 1 0 0 1 
0 1 1 1 0 0 0 0 
1 0 1 0 0 0 0 0 
0 0 0 0 0 0 0 0 
1 1 0 0 0 0 0 0 
0 1 0 0 0 1 0 0 
0 0 0 0 1 1 0 0 
0 0 0 1 1 0 0 0 
1 1 1 0 1 0 0 1 

JOBS [8] - [14, 11, 10, 0, 8, 3, 2, 1]
TOOL SWITCHES : 6
MAKESPAN : 60

# -------------------------- #

--- TOTAL TOOL SWITCHES : 16
--- HIGHEST MAKESPAN : 60
--- TOTAL FLOWTIME : 427
--- RUNNING TIME : 2.03192

# -------------------------- #
RUN : 1 - instancias_txt/SSP-NPM-I/ins68_m=2_j=15_t=15_var=8.txt

- MACHINE [0]

0 0 0 0 0 0 1 0 
1 0 1 0 0 0 0 0 
1 1 0 1 0 0 0 0 
0 0 0 0 0 0 0 1 
0 0 0 1 1 1 0 1 
0 0 0 0 0 0 0 0 
1 0 0 0 1 0 0 1 
1 0 0 0 1 1 1 0 
0 0 0 0 0 0 0 0 
0 0 0 0 0 0 0 0 
1 1 1 0 0 0 0 0 
0 0 0 0 0 1 1 1 
0 0 1 1 0 0 0 0 
0 1 1 1 1 1 0 0 
0 1 1 0 0 1 1 1 

JOBS [8] - [6, 14, 13, 7, 3, 0, 12, 2]
TOOL SWITCHES : 11
MAKESPAN : 51

- MACHINE [1]

0 0 1 1 0 0 0 
0 1 0 1 0 0 0 
0 0 0 0 1 0 1 
1 0 1 0 1 1 0 
0 0 0 0 0 0 1 
0 0 0 1 0 0 1 
1 0 1 0 0 0 0 
0 0 0 0 0 0 0 
1 1 0 0 1 0 0 
1 1 0 0 0 0 0 
0 0 0 1 0 1 0 
0 1 0 1 0 1 1 
0 0 0 0 0 0 0 
0 0 0 0 0 0 0 
0 0 0 0 0 0 0 

JOBS [7] - [8, 1, 9, 4, 11, 5, 10]
TOOL SWITCHES : 4
MAKESPAN : 51

# -------------------------- #

--- TOTAL TOOL SWITCHES : 15
--- HIGHEST MAKESPAN : 51
--- TOTAL FLOWTIME : 369
--- RUNNING TIME : 2.42662

# -------------------------- #
RUN : 1 - instancias_txt/SSP-NPM-I/ins69_m=2_j=15_t=15_var=9.txt

- MACHINE [0]

0 0 0 0 0 0 1 
1 1 1 1 0 1 0 
0 0 1 1 1 0 1 
0 0 0 0 1 0 0 
1 0 0 0 0 0 0 
0 0 0 0 1 1 1 
0 0 0 0 0 0 0 
0 0 0 0 0 0 0 
0 1 0 1 0 0 0 
0 0 0 0 0 0 0 
0 0 0 0 0 1 0 
0 0 0 0 0 0 0 
1 1 1 0 0 0 0 
0 1 0 0 0 0 0 
1 1 1 1 1 0 0 

JOBS [7] - [0, 9, 8, 6, 4, 10, 7]
TOOL SWITCHES : 6
MAKESPAN : 54

- MACHINE [1]

0 1 1 0 1 1 0 1 
0 0 0 0 0 0 0 0 
0 1 1 0 1 0 0 0 
0 0 0 0 0 0 0 0 
0 0 0 1 1 0 0 1 
0 0 0 1 0 0 0 0 
0 1 1 0 0 0 0 0 
0 0 0 0 0 0 0 1 
0 0 0 0 0 0 0 0 
1 0 1 0 0 0 0 0 
0 0 0 0 0 1 1 0 
0 0 0 0 0 0 0 0 
1 1 0 1 1 1 0 0 
0 1 0 0 0 0 1 1 
1 0 0 0 0 1 1 0 

JOBS [8] - [1, 12, 14, 5, 11, 2, 3, 13]
TOOL SWITCHES : 4
MAKESPAN : 54

# -------------------------- #

--- TOTAL TOOL SWITCHES : 10
--- HIGHEST MAKESPAN : 54
--- TOTAL FLOWTIME : 448
--- RUNNING TIME : 2.27133

# -------------------------- #
RUN : 1 - instancias_txt/SSP-NPM-I/ins70_m=2_j=15_t=15_var=10.txt

- MACHINE [0]

0 0 0 0 0 0 0 1 
0 1 1 0 0 0 0 0 
0 0 0 0 1 0 0 0 
1 0 0 0 0 0 0 0 
1 0 0 1 0 0 0 1 
1 1 0 0 0 0 0 0 
0 0 0 0 0 1 0 1 
0 0 0 0 0 0 1 1 
0 0 1 0 1 0 1 0 
0 0 0 0 1 1 0 0 
0 0 0 0 0 0 0 0 
1 1 1 1 1 1 1 0 
0 0 0 0 0 0 0 0 
1 0 1 0 1 0 0 0 
0 0 0 1 0 0 1 0 

JOBS [8] - [1, 4, 2, 9, 12, 6, 11, 8]
TOOL SWITCHES : 10
MAKESPAN : 47

- MACHINE [1]

0 1 0 0 0 0 0 
0 0 0 0 1 1 0 
0 0 0 0 0 1 1 
0 0 1 1 1 1 0 
0 1 0 0 1 0 1 
1 0 0 0 0 0 0 
0 0 1 1 0 0 1 
0 0 0 0 0 0 0 
0 1 0 1 0 0 0 
0 0 1 0 1 0 0 
0 1 0 1 0 1 0 
0 0 0 0 0 0 0 
0 0 0 0 0 0 1 
1 1 0 0 0 0 0 
1 0 1 0 0 1 0 

JOBS [7] - [3, 0, 7, 14, 10, 13, 5]
TOOL SWITCHES : 6
MAKESPAN : 48

# -------------------------- #

--- TOTAL TOOL SWITCHES : 16
--- HIGHEST MAKESPAN : 48
--- TOTAL FLOWTIME : 323
--- RUNNING TIME : 2.08319

# -------------------------- #
RUN : 1 - instancias_txt/SSP-NPM-I/ins71_m=2_j=15_t=15_var=11.txt

- MACHINE [0]

0 0 0 0 0 1 1 
0 0 0 0 1 1 0 
0 0 0 1 0 1 0 
1 1 0 0 0 0 0 
1 0 0 0 0 0 0 
0 0 0 0 0 0 0 
1 1 0 0 0 0 0 
1 1 1 0 0 0 0 
0 0 0 0 0 0 0 
0 0 1 0 0 0 0 
0 0 0 1 1 1 1 
0 1 1 1 0 0 1 
0 0 0 1 0 0 1 
1 1 1 0 1 1 1 
0 0 0 1 0 0 0 

JOBS [7] - [11, 1, 12, 13, 3, 8, 6]
TOOL SWITCHES : 11
MAKESPAN : 54

- MACHINE [1]

0 0 0 0 0 0 0 1 
1 1 0 0 0 0 0 0 
0 0 0 1 0 0 1 0 
0 0 0 0 0 0 1 1 
0 0 0 0 0 1 0 1 
0 1 1 0 1 1 1 0 
0 0 1 1 0 0 1 0 
0 0 1 1 1 0 0 0 
0 0 0 1 1 0 0 1 
1 0 1 0 0 0 0 0 
1 1 0 1 0 0 0 0 
1 1 1 0 0 0 0 0 
0 1 1 0 0 0 0 0 
0 0 0 0 0 0 0 0 
0 0 0 0 1 1 0 0 

JOBS [8] - [10, 9, 5, 2, 7, 0, 4, 14]
TOOL SWITCHES : 7
MAKESPAN : 55

# -------------------------- #

--- TOTAL TOOL SWITCHES : 18
--- HIGHEST MAKESPAN : 55
--- TOTAL FLOWTIME : 425
--- RUNNING TIME : 2.13309

# -------------------------- #
RUN : 1 - instancias_txt/SSP-NPM-I/ins72_m=2_j=15_t=15_var=12.txt

- MACHINE [0]

1 1 1 1 0 0 0 
0 0 0 0 1 0 0 
1 1 0 0 0 0 0 
1 0 0 0 0 1 0 
0 0 0 0 0 0 1 
0 0 0 1 1 0 0 
0 0 0 0 0 0 0 
0 0 0 0 1 0 1 
1 1 1 0 0 0 0 
0 0 0 0 0 0 0 
1 0 0 0 0 0 0 
0 1 0 0 0 1 0 
0 0 0 0 0 1 0 
0 0 0 0 0 1 1 
0 0 1 1 0 0 0 

JOBS [7] - [3, 1, 14, 4, 5, 2, 13]
TOOL SWITCHES : 8
MAKESPAN : 46

- MACHINE [1]

1 1 0 1 0 0 1 0 
0 0 0 0 0 1 1 0 
1 1 0 0 0 1 0 0 
1 0 1 1 0 0 0 1 
0 1 1 0 1 1 1 1 
0 0 0 1 1 1 0 1 
0 1 0 1 1 0 0 0 
0 0 0 0 0 0 0 0 
0 0 1 1 1 1 0 0 
0 1 0 0 0 0 0 0 
0 0 0 0 0 0 0 1 
0 0 0 0 0 0 1 1 
1 0 1 0 0 0 0 0 
0 0 0 0 0 0 0 0 
1 0 0 0 0 0 0 0 

JOBS [8] - [9, 0, 8, 6, 11, 7, 12, 10]
TOOL SWITCHES : 6
MAKESPAN : 46

# -------------------------- #

--- TOTAL TOOL SWITCHES : 14
--- HIGHEST MAKESPAN : 46
--- TOTAL FLOWTIME : 351
--- RUNNING TIME : 2.4662

# -------------------------- #
RUN : 1 - instancias_txt/SSP-NPM-I/ins73_m=2_j=15_t=15_var=13.txt

- MACHINE [0]

1 0 1 1 1 1 
0 0 0 1 0 1 
0 0 0 0 0 1 
0 0 1 0 0 0 
0 0 1 0 0 0 
0 0 0 0 1 1 
1 1 1 0 1 1 
0 0 0 0 0 0 
1 1 0 0 0 0 
0 0 0 0 0 0 
0 0 0 0 0 0 
0 0 0 1 0 0 
1 0 0 0 0 0 
0 1 0 0 0 0 
0 1 1 1 1 0 

JOBS [6] - [6, 3, 11, 12, 9, 0]
TOOL SWITCHES : 7
MAKESPAN : 61

- MACHINE [1]

1 1 0 0 0 0 0 0 0 
0 0 1 1 0 0 0 1 0 
0 1 1 1 0 0 0 0 0 
0 0 0 0 0 1 0 0 1 
0 0 1 0 0 0 0 0 1 
0 0 0 0 1 0 0 0 0 
1 0 0 0 0 1 0 0 0 
0 0 0 1 1 0 0 0 0 
0 0 0 0 0 0 0 0 0 
1 1 0 1 0 1 0 0 0 
1 0 1 0 0 1 0 1 0 
1 1 0 0 1 0 1 0 1 
0 0 0 0 0 0 1 1 0 
0 0 0 0 0 0 0 1 1 
0 0 0 0 0 1 1 0 0 

JOBS [9] - [2, 5, 4, 14, 8, 7, 13, 10, 1]
TOOL SWITCHES : 8
MAKESPAN : 61

# -------------------------- #

--- TOTAL TOOL SWITCHES : 15
--- HIGHEST MAKESPAN : 61
--- TOTAL FLOWTIME : 468
--- RUNNING TIME : 2.38239

# -------------------------- #
RUN : 1 - instancias_txt/SSP-NPM-I/ins74_m=2_j=15_t=15_var=14.txt

- MACHINE [0]

0 0 0 1 1 1 1 
1 1 1 0 0 0 0 
0 0 0 0 0 0 0 
0 0 0 0 1 1 1 
0 0 1 1 1 0 1 
0 0 0 0 0 0 0 
0 0 0 0 0 0 0 
1 1 1 0 0 0 0 
1 0 0 0 0 0 0 
0 1 0 0 0 1 0 
1 0 0 0 1 1 1 
0 0 1 1 1 0 0 
0 0 1 1 0 0 0 
0 0 0 0 0 0 0 
0 1 0 0 0 0 0 

JOBS [7] - [13, 7, 0, 4, 3, 11, 2]
TOOL SWITCHES : 8
MAKESPAN : 48

- MACHINE [1]

0 0 0 0 0 1 1 1 
1 0 0 0 0 0 0 0 
0 0 0 0 0 0 1 0 
0 0 0 0 0 0 0 0 
0 0 1 0 0 0 0 0 
0 1 0 1 1 1 0 0 
1 1 0 1 0 0 0 0 
1 0 1 0 1 0 0 0 
1 0 1 1 0 1 1 1 
0 0 0 0 0 0 0 0 
0 0 0 0 1 0 0 0 
0 0 1 1 1 0 0 1 
0 1 1 0 0 0 0 0 
0 0 0 0 0 1 1 0 
0 0 0 1 1 0 0 0 

JOBS [8] - [9, 6, 1, 5, 10, 12, 8, 14]
TOOL SWITCHES : 6
MAKESPAN : 49

# -------------------------- #

--- TOTAL TOOL SWITCHES : 14
--- HIGHEST MAKESPAN : 49
--- TOTAL FLOWTIME : 377
--- RUNNING TIME : 2.32047

# -------------------------- #
RUN : 1 - instancias_txt/SSP-NPM-I/ins75_m=2_j=15_t=15_var=15.txt

- MACHINE [0]

0 1 1 1 0 0 0 
1 0 0 0 0 0 0 
0 0 0 0 0 1 0 
0 0 1 0 1 1 1 
0 0 0 0 0 0 0 
0 0 0 0 0 0 0 
1 0 0 0 0 0 0 
0 1 0 1 1 0 0 
0 0 1 1 1 1 1 
0 0 0 0 0 0 0 
0 0 0 0 0 0 1 
1 1 0 0 0 0 0 
0 0 0 0 0 1 1 
1 0 1 1 0 0 0 
0 0 0 0 0 0 0 

JOBS [7] - [3, 7, 13, 0, 2, 11, 10]
TOOL SWITCHES : 6
MAKESPAN : 50

- MACHINE [1]

1 0 0 1 1 0 0 1 
0 0 0 0 1 0 0 1 
0 1 1 0 0 1 0 0 
0 0 0 0 1 0 0 0 
0 1 0 1 0 0 0 0 
0 0 0 0 0 0 1 0 
0 0 0 0 0 0 1 1 
0 0 0 1 1 1 0 0 
0 1 1 0 0 0 0 0 
1 0 1 0 0 0 0 1 
1 1 0 1 0 0 0 0 
0 0 0 0 0 1 1 0 
1 0 0 0 0 1 1 0 
0 0 0 0 0 0 0 0 
0 0 0 0 0 0 0 0 

JOBS [8] - [12, 14, 4, 5, 6, 8, 1, 9]
TOOL SWITCHES : 6
MAKESPAN : 47

# -------------------------- #

--- TOTAL TOOL SWITCHES : 12
--- HIGHEST MAKESPAN : 50
--- TOTAL FLOWTIME : 343
--- RUNNING TIME : 2.76488

# -------------------------- #
RUN : 1 - instancias_txt/SSP-NPM-I/ins76_m=2_j=15_t=15_var=16.txt

- MACHINE [0]

0 0 0 0 0 0 0 
0 0 1 0 1 0 1 
1 0 0 0 0 0 0 
0 0 1 0 0 0 0 
0 0 0 0 0 0 0 
0 0 0 1 0 1 1 
1 1 0 0 0 0 0 
1 0 1 1 1 0 0 
0 0 0 1 1 1 0 
0 0 0 0 1 1 1 
0 0 0 0 0 1 1 
1 1 1 1 0 0 0 
0 0 0 0 0 0 0 
0 0 0 0 0 0 0 
0 1 1 1 0 0 0 

JOBS [7] - [13, 0, 14, 12, 11, 5, 1]
TOOL SWITCHES : 7
MAKESPAN : 48

- MACHINE [1]

0 1 0 1 1 0 0 0 
1 0 0 0 0 0 0 0 
0 0 0 0 0 1 1 0 
0 1 0 1 0 0 0 0 
0 0 0 0 0 0 0 0 
0 0 0 0 0 0 0 0 
0 1 0 0 0 0 0 0 
1 0 0 0 0 1 1 1 
0 0 0 0 0 0 0 0 
0 1 0 0 1 0 1 1 
0 0 1 0 1 0 0 0 
0 0 0 0 0 0 0 0 
0 0 1 1 1 0 0 1 
0 0 1 0 0 1 0 1 
1 0 1 1 0 1 0 0 

JOBS [8] - [8, 7, 2, 9, 6, 10, 3, 4]
TOOL SWITCHES : 5
MAKESPAN : 47

# -------------------------- #

--- TOTAL TOOL SWITCHES : 12
--- HIGHEST MAKESPAN : 48
--- TOTAL FLOWTIME : 385
--- RUNNING TIME : 2.34662

# -------------------------- #
RUN : 1 - instancias_txt/SSP-NPM-I/ins77_m=2_j=15_t=15_var=17.txt

- MACHINE [0]

0 0 1 1 1 0 1 
0 0 0 0 1 0 0 
0 0 0 0 0 0 0 
0 0 1 1 0 0 0 
0 0 1 1 1 1 0 
0 0 0 1 0 0 1 
0 0 0 0 0 1 0 
0 0 0 0 0 0 0 
1 0 0 0 0 0 0 
1 0 0 1 0 0 0 
0 1 0 0 0 0 1 
0 0 0 0 1 1 1 
0 1 0 0 0 0 0 
1 1 0 0 0 1 0 
0 1 1 0 1 0 0 

JOBS [7] - [0, 11, 12, 6, 7, 1, 2]
TOOL SWITCHES : 12
MAKESPAN : 52

- MACHINE [1]

0 0 0 0 0 0 0 0 
1 1 0 0 1 0 1 0 
0 0 0 0 0 1 1 1 
0 0 0 0 0 0 1 0 
0 1 1 1 0 0 0 0 
1 1 0 0 0 0 0 1 
0 0 1 0 0 0 0 0 
1 0 1 1 0 0 0 1 
1 1 0 1 1 0 0 0 
0 0 0 1 1 1 0 0 
0 0 0 0 0 1 0 1 
0 0 0 0 0 0 0 0 
1 0 0 0 0 1 1 0 
0 0 0 0 0 1 1 0 
0 0 0 0 1 0 0 0 

JOBS [8] - [4, 9, 3, 5, 13, 10, 14, 8]
TOOL SWITCHES : 7
MAKESPAN : 52

# -------------------------- #

--- TOTAL TOOL SWITCHES : 19
--- HIGHEST MAKESPAN : 52
--- TOTAL FLOWTIME : 382
--- RUNNING TIME : 2.57447

# -------------------------- #
RUN : 1 - instancias_txt/SSP-NPM-I/ins78_m=2_j=15_t=15_var=18.txt

- MACHINE [0]

1 0 1 0 1 0 1 1 
0 0 1 0 1 0 0 0 
0 0 1 0 0 0 1 0 
0 1 0 1 0 0 0 0 
0 0 0 0 0 0 0 0 
0 0 0 0 0 1 1 1 
0 0 0 0 0 0 0 0 
0 0 0 0 1 1 0 1 
0 0 0 1 1 0 0 0 
0 0 0 0 0 0 1 1 
1 1 0 0 0 0 0 1 
1 1 1 1 0 1 0 0 
0 0 0 0 0 0 0 0 
0 0 0 0 0 1 0 0 
0 0 0 1 1 1 0 0 

JOBS [8] - [4, 0, 8, 13, 9, 14, 5, 10]
TOOL SWITCHES : 12
MAKESPAN : 52

- MACHINE [1]

0 0 0 0 0 0 1 
0 0 0 0 0 1 0 
0 1 0 0 0 0 1 
0 0 1 1 1 0 0 
0 0 0 0 0 0 0 
0 0 0 1 1 1 0 
1 0 0 0 0 0 0 
0 1 0 1 0 0 0 
0 0 0 0 1 1 1 
1 1 1 0 0 0 0 
0 0 0 0 0 1 1 
0 0 0 0 0 0 0 
1 1 1 0 0 0 0 
1 1 0 0 0 0 0 
0 0 1 0 1 0 0 

JOBS [7] - [1, 6, 2, 3, 12, 7, 11]
TOOL SWITCHES : 6
MAKESPAN : 52

# -------------------------- #

--- TOTAL TOOL SWITCHES : 18
--- HIGHEST MAKESPAN : 52
--- TOTAL FLOWTIME : 371
--- RUNNING TIME : 3.09297

# -------------------------- #
RUN : 1 - instancias_txt/SSP-NPM-I/ins79_m=2_j=15_t=15_var=19.txt

- MACHINE [0]

0 1 1 0 0 0 
0 0 0 0 1 0 
0 0 0 0 0 0 
0 0 0 0 0 0 
0 1 1 0 1 1 
1 0 0 0 0 0 
0 0 1 1 0 0 
1 1 0 1 0 0 
0 1 0 0 1 1 
1 1 0 0 0 0 
0 0 1 1 1 0 
0 0 1 0 0 0 
0 0 0 0 0 1 
0 0 0 0 0 0 
0 0 0 1 0 0 

JOBS [6] - [13, 2, 5, 11, 0, 7]
TOOL SWITCHES : 9
MAKESPAN : 56

- MACHINE [1]

0 0 0 0 0 0 0 0 1 
0 0 0 0 0 0 1 1 1 
1 0 1 1 0 0 0 0 0 
0 1 0 1 1 1 0 1 0 
0 0 0 0 0 0 0 1 0 
0 0 0 0 0 1 0 0 1 
0 0 0 0 1 0 0 1 1 
0 0 0 0 0 1 1 0 0 
1 1 1 0 0 0 0 0 0 
0 1 0 0 0 0 0 0 0 
0 0 0 0 0 0 0 0 0 
1 0 0 0 0 1 0 0 0 
0 0 0 0 0 0 1 0 1 
1 0 1 1 0 0 1 0 0 
0 1 1 1 1 1 0 0 0 

JOBS [9] - [6, 8, 14, 12, 1, 9, 3, 4, 10]
TOOL SWITCHES : 7
MAKESPAN : 57

# -------------------------- #

--- TOTAL TOOL SWITCHES : 16
--- HIGHEST MAKESPAN : 57
--- TOTAL FLOWTIME : 436
--- RUNNING TIME : 2.8285

# -------------------------- #
RUN : 1 - instancias_txt/SSP-NPM-I/ins80_m=2_j=15_t=15_var=20.txt

- MACHINE [0]

0 1 0 1 1 0 0 0 
0 0 0 0 0 0 1 0 
0 0 0 1 1 1 0 1 
0 0 0 0 0 0 1 1 
0 1 0 0 1 0 0 0 
1 1 1 0 0 0 0 0 
0 0 1 1 0 0 0 0 
0 0 0 0 0 1 0 0 
0 0 0 0 0 1 1 0 
0 0 0 0 0 0 0 0 
1 0 0 0 0 1 1 0 
0 1 0 0 0 0 0 0 
0 0 0 0 1 1 0 0 
1 1 0 0 0 0 0 1 
0 0 1 1 0 0 0 0 

JOBS [8] - [9, 13, 5, 3, 11, 12, 8, 2]
TOOL SWITCHES : 11
MAKESPAN : 58

- MACHINE [1]

0 0 1 0 0 0 0 
0 0 0 1 0 1 0 
0 0 0 0 0 0 0 
0 0 1 0 0 0 0 
0 0 0 0 0 0 1 
0 1 1 0 0 1 1 
0 1 1 0 0 1 1 
1 0 0 0 0 0 1 
0 1 0 0 0 0 0 
1 0 0 0 0 0 0 
1 1 0 0 0 0 0 
1 0 0 1 1 1 0 
0 0 0 0 1 1 1 
0 0 0 0 0 0 0 
1 0 1 1 1 0 0 

JOBS [7] - [1, 14, 0, 4, 6, 7, 10]
TOOL SWITCHES : 6
MAKESPAN : 55

# -------------------------- #

--- TOTAL TOOL SWITCHES : 17
--- HIGHEST MAKESPAN : 58
--- TOTAL FLOWTIME : 455
--- RUNNING TIME : 1.57546

# -------------------------- #


avg : 52.8
