RUN : 1 - instancias_txt/SSP-NPM-I/ins61_m=2_j=15_t=15_var=1.txt

- MACHINE [0]

0 0 0 0 0 1 1 1 
1 0 1 0 1 0 0 0 
0 0 0 0 0 0 1 0 
0 0 1 1 0 0 1 0 
1 0 0 0 1 0 0 0 
0 0 0 0 0 0 0 1 
0 0 0 0 0 1 0 1 
1 0 0 0 0 0 0 0 
0 0 0 0 0 0 0 0 
1 1 0 1 1 1 0 0 
0 0 0 0 0 0 0 1 
0 1 0 0 0 0 0 0 
0 1 1 1 1 1 0 0 
0 0 1 0 0 0 0 0 
0 0 0 1 1 1 1 1 

JOBS [8] - [4, 3, 8, 13, 7, 1, 14, 12]
TOOL SWITCHES : 11
MAKESPAN : 52

- MACHINE [1]

1 0 0 0 1 0 1 
1 0 1 1 1 0 1 
0 1 0 0 0 1 1 
1 1 1 0 1 0 0 
0 0 0 0 0 0 0 
0 1 0 0 0 1 0 
0 0 0 0 0 0 0 
0 1 0 1 0 0 1 
0 0 0 1 1 0 0 
1 0 0 0 0 0 0 
1 1 1 0 0 0 0 
0 0 1 1 1 1 1 
0 0 0 0 0 0 0 
0 0 0 0 0 0 0 
0 0 0 0 0 0 1 

JOBS [7] - [6, 0, 2, 9, 11, 5, 10]
TOOL SWITCHES : 5
MAKESPAN : 54

# -------------------------- #

--- TOTAL TOOL SWITCHES : 16
--- HIGHEST MAKESPAN : 54
--- TOTAL FLOWTIME : 403
--- RUNNING TIME : 0.84105

# -------------------------- #
RUN : 1 - instancias_txt/SSP-NPM-I/ins62_m=2_j=15_t=15_var=2.txt

- MACHINE [0]

0 1 1 0 1 0 0 0 
0 0 1 0 0 0 0 0 
0 0 0 0 0 0 1 0 
1 0 0 0 0 0 0 0 
0 0 0 1 1 0 0 0 
0 0 1 0 0 1 1 1 
0 0 1 0 0 0 0 1 
0 0 1 1 1 0 0 0 
0 0 0 0 1 1 0 0 
0 0 0 0 1 0 1 1 
1 1 0 0 0 1 1 0 
0 0 0 0 0 1 1 1 
1 1 0 0 0 0 0 0 
0 0 0 1 0 0 0 0 
1 0 0 0 0 0 0 1 

JOBS [8] - [8, 5, 2, 12, 7, 10, 1, 0]
TOOL SWITCHES : 14
MAKESPAN : 55

- MACHINE [1]

0 0 0 0 0 0 0 
0 0 0 0 1 0 0 
1 1 0 0 1 1 0 
0 1 1 0 0 0 0 
0 1 0 0 0 0 0 
0 0 1 0 0 0 0 
0 0 0 0 0 0 1 
0 0 0 0 0 0 0 
0 0 0 1 0 1 1 
0 0 0 0 0 0 0 
0 1 1 1 0 1 1 
1 0 0 1 0 0 1 
0 0 0 1 0 0 0 
1 0 0 1 1 1 1 
0 0 1 0 0 0 0 

JOBS [7] - [14, 9, 13, 4, 11, 3, 6]
TOOL SWITCHES : 5
MAKESPAN : 55

# -------------------------- #

--- TOTAL TOOL SWITCHES : 19
--- HIGHEST MAKESPAN : 55
--- TOTAL FLOWTIME : 461
--- RUNNING TIME : 0.869748

# -------------------------- #
RUN : 1 - instancias_txt/SSP-NPM-I/ins63_m=2_j=15_t=15_var=3.txt

- MACHINE [0]

0 0 0 0 0 0 1 
0 0 0 1 1 1 0 
0 0 0 0 0 0 1 
0 1 0 0 0 0 0 
1 0 0 0 0 0 0 
1 1 0 0 0 0 0 
1 0 1 0 1 0 1 
0 0 0 0 1 0 0 
0 0 1 1 0 1 0 
0 0 1 0 0 0 0 
0 1 0 0 1 1 0 
0 0 0 0 0 1 0 
0 1 1 1 0 0 0 
0 0 0 0 0 0 1 
1 0 0 0 0 0 0 

JOBS [7] - [0, 4, 2, 8, 11, 1, 14]
TOOL SWITCHES : 10
MAKESPAN : 45

- MACHINE [1]

0 1 1 0 0 0 0 0 
1 1 1 0 0 1 0 0 
1 1 1 0 0 0 0 1 
0 0 0 0 0 0 0 0 
0 1 0 0 0 0 1 0 
0 0 0 0 1 0 1 0 
0 0 0 0 0 0 0 0 
0 0 0 0 0 0 1 1 
0 0 0 0 0 0 0 0 
0 0 0 0 0 0 0 1 
0 0 0 1 0 1 0 0 
0 0 0 1 0 1 1 0 
0 0 0 0 0 0 0 0 
1 0 0 0 1 1 0 0 
0 0 1 1 1 0 0 1 

JOBS [8] - [7, 6, 5, 13, 10, 12, 9, 3]
TOOL SWITCHES : 5
MAKESPAN : 45

# -------------------------- #

--- TOTAL TOOL SWITCHES : 15
--- HIGHEST MAKESPAN : 45
--- TOTAL FLOWTIME : 332
--- RUNNING TIME : 1.10747

# -------------------------- #
RUN : 1 - instancias_txt/SSP-NPM-I/ins64_m=2_j=15_t=15_var=4.txt

- MACHINE [0]

1 0 0 0 1 1 0 
1 0 0 0 0 0 0 
0 1 0 0 0 0 0 
0 0 0 1 1 0 0 
1 0 0 1 0 0 1 
0 1 1 0 0 0 0 
0 0 0 1 1 0 0 
1 0 1 0 0 0 0 
0 0 0 0 1 0 1 
1 1 0 0 0 0 0 
0 0 0 0 0 1 1 
0 0 1 0 0 0 1 
0 0 0 0 0 0 0 
0 1 0 1 1 1 1 
0 0 0 0 0 1 0 

JOBS [7] - [11, 10, 14, 3, 12, 0, 9]
TOOL SWITCHES : 13
MAKESPAN : 52

- MACHINE [1]

0 0 0 0 0 0 0 0 
1 1 1 0 0 1 0 1 
0 0 0 0 1 0 0 1 
0 0 1 1 0 0 0 0 
1 1 0 1 0 1 1 1 
0 0 1 0 0 0 0 0 
0 0 0 0 0 1 1 0 
0 0 0 0 0 0 0 0 
0 1 0 0 1 1 0 0 
1 0 1 0 0 0 0 0 
1 0 0 0 0 0 0 0 
0 0 0 0 0 0 1 0 
0 0 0 1 1 0 0 0 
0 0 0 1 1 0 0 1 
0 1 1 0 1 0 1 0 

JOBS [8] - [13, 8, 6, 5, 1, 7, 4, 2]
TOOL SWITCHES : 6
MAKESPAN : 54

# -------------------------- #

--- TOTAL TOOL SWITCHES : 19
--- HIGHEST MAKESPAN : 54
--- TOTAL FLOWTIME : 441
--- RUNNING TIME : 0.909427

# -------------------------- #
RUN : 1 - instancias_txt/SSP-NPM-I/ins65_m=2_j=15_t=15_var=5.txt

- MACHINE [0]

0 0 1 1 0 0 0 
0 1 1 0 0 0 0 
0 0 0 0 0 0 1 
0 0 0 0 0 1 0 
0 0 0 0 0 0 0 
0 0 0 0 1 0 1 
1 0 0 0 1 0 0 
0 0 0 0 0 0 1 
0 1 0 1 0 0 0 
1 0 0 0 0 0 0 
1 1 0 0 0 0 0 
0 0 0 0 0 0 0 
1 0 0 1 1 1 0 
0 0 1 0 0 1 0 
0 0 0 1 1 1 0 

JOBS [7] - [10, 11, 12, 7, 5, 13, 6]
TOOL SWITCHES : 9
MAKESPAN : 48

- MACHINE [1]

0 0 0 0 1 1 1 0 
0 0 1 1 0 1 0 0 
0 0 0 0 0 1 1 1 
0 0 0 0 0 0 0 0 
1 0 1 1 0 0 0 0 
0 0 0 0 1 1 0 1 
0 0 0 0 0 0 0 0 
0 0 0 0 0 0 0 0 
1 0 0 0 0 0 0 0 
1 1 0 0 0 0 0 0 
0 1 0 1 0 1 0 1 
0 0 1 0 0 0 0 1 
1 1 1 1 0 0 0 0 
0 1 0 0 1 0 1 0 
0 0 0 0 0 0 1 0 

JOBS [8] - [1, 9, 14, 2, 3, 4, 0, 8]
TOOL SWITCHES : 5
MAKESPAN : 47

# -------------------------- #

--- TOTAL TOOL SWITCHES : 14
--- HIGHEST MAKESPAN : 48
--- TOTAL FLOWTIME : 366
--- RUNNING TIME : 1.0972

# -------------------------- #
RUN : 1 - instancias_txt/SSP-NPM-I/ins66_m=2_j=15_t=15_var=6.txt

- MACHINE [0]

0 1 0 0 0 0 1 0 
0 0 0 1 1 0 0 1 
0 0 1 0 1 1 1 0 
0 0 0 0 0 1 0 0 
1 0 0 0 0 0 0 0 
1 0 1 0 1 0 0 0 
0 0 0 0 0 0 0 1 
0 1 1 1 0 0 0 1 
1 1 0 1 0 0 0 0 
0 0 0 0 1 0 0 0 
0 0 0 0 0 0 0 0 
0 0 0 0 0 0 0 0 
1 1 1 0 0 0 0 0 
0 0 0 0 0 0 0 1 
0 0 0 0 0 1 1 1 

JOBS [8] - [10, 4, 8, 13, 1, 9, 5, 3]
TOOL SWITCHES : 9
MAKESPAN : 55

- MACHINE [1]

1 1 1 0 0 0 0 
0 0 0 0 0 0 0 
1 0 0 0 0 0 1 
0 0 0 0 0 1 0 
0 0 0 0 0 0 0 
0 0 1 1 0 0 0 
1 1 0 1 1 0 0 
0 0 0 0 0 1 1 
0 0 0 0 1 1 0 
0 0 0 1 1 1 0 
0 1 1 0 0 0 0 
1 0 0 0 0 0 0 
0 0 0 1 0 0 0 
0 0 0 1 1 1 0 
0 0 1 0 0 1 1 

JOBS [7] - [7, 0, 11, 2, 12, 14, 6]
TOOL SWITCHES : 6
MAKESPAN : 56

# -------------------------- #

--- TOTAL TOOL SWITCHES : 15
--- HIGHEST MAKESPAN : 56
--- TOTAL FLOWTIME : 398
--- RUNNING TIME : 1.04557

# -------------------------- #
RUN : 1 - instancias_txt/SSP-NPM-I/ins67_m=2_j=15_t=15_var=7.txt

- MACHINE [0]

0 0 0 0 0 0 1 
1 1 1 1 0 0 0 
1 0 0 0 0 0 0 
0 0 0 0 1 0 1 
0 1 1 0 0 0 0 
0 0 0 0 0 0 0 
0 0 0 0 0 0 1 
0 1 0 0 0 0 0 
0 0 0 1 0 1 1 
0 0 1 1 1 0 0 
1 0 0 0 0 1 1 
0 0 0 0 1 0 0 
1 1 1 0 1 0 0 
1 1 1 1 0 0 0 
0 0 0 0 0 1 0 

JOBS [7] - [13, 7, 9, 4, 5, 14, 12]
TOOL SWITCHES : 10
MAKESPAN : 60

- MACHINE [1]

0 0 0 0 0 0 1 1 
1 0 0 0 0 0 0 0 
0 0 0 1 0 0 1 0 
0 0 0 0 0 0 0 0 
1 0 1 1 0 0 1 1 
0 1 1 1 0 0 0 0 
0 1 0 0 1 1 1 0 
1 0 0 0 1 1 0 0 
0 0 0 0 1 0 0 0 
0 0 0 0 0 0 0 0 
0 0 0 0 0 1 0 1 
0 0 1 0 0 1 0 0 
0 1 1 0 0 0 0 0 
1 1 0 0 0 0 0 0 
0 1 0 0 1 1 1 0 

JOBS [8] - [0, 8, 3, 2, 10, 11, 1, 6]
TOOL SWITCHES : 6
MAKESPAN : 61

# -------------------------- #

--- TOTAL TOOL SWITCHES : 16
--- HIGHEST MAKESPAN : 61
--- TOTAL FLOWTIME : 468
--- RUNNING TIME : 1.16889

# -------------------------- #
RUN : 1 - instancias_txt/SSP-NPM-I/ins68_m=2_j=15_t=15_var=8.txt

- MACHINE [0]

0 0 0 0 0 0 0 1 
1 0 1 0 0 0 0 0 
0 1 1 0 1 0 0 0 
0 0 0 0 0 1 0 0 
0 0 0 1 1 1 1 0 
0 0 0 0 0 0 0 0 
0 0 1 1 0 1 0 0 
0 0 1 1 0 0 1 1 
0 0 0 0 0 0 0 0 
0 0 0 0 0 0 0 0 
1 1 1 0 0 0 0 0 
0 0 0 0 0 1 1 1 
1 0 0 0 1 0 0 0 
1 1 0 1 1 0 1 0 
1 1 0 0 0 1 1 1 

JOBS [8] - [13, 14, 6, 3, 7, 2, 0, 12]
TOOL SWITCHES : 12
MAKESPAN : 53

- MACHINE [1]

0 0 1 1 0 0 0 
0 1 0 1 0 0 0 
0 0 0 0 0 1 1 
1 0 1 0 1 0 1 
0 0 0 0 0 1 0 
0 0 0 1 0 1 0 
1 0 1 0 0 0 0 
0 0 0 0 0 0 0 
1 1 0 0 0 0 1 
1 1 0 0 0 0 0 
0 0 0 1 1 0 0 
0 1 0 1 1 1 0 
0 0 0 0 0 0 0 
0 0 0 0 0 0 0 
0 0 0 0 0 0 0 

JOBS [7] - [8, 1, 9, 4, 5, 10, 11]
TOOL SWITCHES : 4
MAKESPAN : 51

# -------------------------- #

--- TOTAL TOOL SWITCHES : 16
--- HIGHEST MAKESPAN : 53
--- TOTAL FLOWTIME : 372
--- RUNNING TIME : 1.131

# -------------------------- #
RUN : 1 - instancias_txt/SSP-NPM-I/ins69_m=2_j=15_t=15_var=9.txt

- MACHINE [0]

0 0 0 0 0 1 0 
1 1 1 1 1 0 0 
0 1 1 0 0 1 1 
0 0 0 0 0 0 1 
0 0 0 1 0 0 0 
0 0 0 0 1 1 1 
0 0 0 0 0 0 0 
0 0 0 0 0 0 0 
1 0 1 0 0 0 0 
0 0 0 0 0 0 0 
0 0 0 0 1 0 0 
0 0 0 0 0 0 0 
1 1 0 1 0 0 0 
1 0 0 0 0 0 0 
1 1 1 1 0 0 1 

JOBS [7] - [9, 8, 6, 0, 10, 7, 4]
TOOL SWITCHES : 6
MAKESPAN : 54

- MACHINE [1]

0 1 0 0 1 1 1 1 
0 0 0 0 0 0 0 0 
0 0 0 0 1 1 0 1 
0 0 0 0 0 0 0 0 
0 0 0 1 1 0 1 0 
0 0 0 1 0 0 0 0 
0 0 0 0 0 1 0 1 
0 0 0 0 0 0 1 0 
0 0 0 0 0 0 0 0 
1 0 0 0 0 0 0 1 
0 1 1 0 0 0 0 0 
0 0 0 0 0 0 0 0 
1 1 0 1 1 1 0 0 
0 0 1 0 0 1 1 0 
1 1 1 0 0 0 0 0 

JOBS [8] - [1, 2, 3, 5, 11, 12, 13, 14]
TOOL SWITCHES : 4
MAKESPAN : 54

# -------------------------- #

--- TOTAL TOOL SWITCHES : 10
--- HIGHEST MAKESPAN : 54
--- TOTAL FLOWTIME : 398
--- RUNNING TIME : 1.02932

# -------------------------- #
RUN : 1 - instancias_txt/SSP-NPM-I/ins70_m=2_j=15_t=15_var=10.txt

- MACHINE [0]

0 0 0 0 1 0 0 0 
0 1 1 0 0 0 0 0 
1 0 0 0 0 0 0 0 
0 0 0 1 0 0 0 0 
0 0 0 1 1 1 0 0 
0 0 1 1 0 0 0 0 
0 0 0 0 1 0 0 1 
0 0 0 0 1 0 1 0 
1 1 0 0 0 0 1 0 
1 0 0 0 0 0 0 1 
0 0 0 0 0 0 0 0 
1 1 1 1 0 1 1 1 
0 0 0 0 0 0 0 0 
1 1 0 1 0 0 0 0 
0 0 0 0 0 1 1 0 

JOBS [8] - [12, 2, 4, 1, 8, 9, 11, 6]
TOOL SWITCHES : 10
MAKESPAN : 47

- MACHINE [1]

1 0 0 0 0 0 0 
0 0 0 1 0 1 0 
0 0 0 1 0 0 1 
0 0 1 1 1 1 0 
1 0 0 0 0 1 1 
0 1 0 0 0 0 0 
0 0 1 0 1 0 1 
0 0 0 0 0 0 0 
1 0 1 0 0 0 0 
0 0 0 0 1 1 0 
1 0 1 1 0 0 0 
0 0 0 0 0 0 0 
0 0 0 0 0 0 1 
1 1 0 0 0 0 0 
0 1 0 1 1 0 0 

JOBS [7] - [0, 3, 14, 13, 7, 10, 5]
TOOL SWITCHES : 6
MAKESPAN : 48

# -------------------------- #

--- TOTAL TOOL SWITCHES : 16
--- HIGHEST MAKESPAN : 48
--- TOTAL FLOWTIME : 362
--- RUNNING TIME : 1.04018

# -------------------------- #
RUN : 1 - instancias_txt/SSP-NPM-I/ins71_m=2_j=15_t=15_var=11.txt

- MACHINE [0]

0 0 0 0 1 1 0 
0 0 0 1 1 0 0 
0 0 0 0 1 0 1 
1 1 0 0 0 0 0 
1 0 0 0 0 0 0 
0 0 0 0 0 0 0 
1 1 0 0 0 0 0 
1 1 1 0 0 0 0 
0 0 0 0 0 0 0 
0 0 1 0 0 0 0 
0 0 0 1 1 1 1 
0 1 1 0 0 1 1 
0 0 0 0 0 1 1 
1 1 1 1 1 1 0 
0 0 0 0 0 0 1 

JOBS [7] - [11, 1, 12, 3, 8, 6, 13]
TOOL SWITCHES : 10
MAKESPAN : 52

- MACHINE [1]

0 0 0 0 0 0 1 0 
1 1 0 0 0 0 0 0 
0 0 0 1 1 0 0 0 
0 0 0 0 1 0 1 0 
0 0 0 0 0 0 1 1 
1 0 1 0 1 1 0 1 
0 0 1 1 1 0 0 0 
0 0 1 1 0 1 0 0 
0 0 0 1 0 1 1 0 
0 1 1 0 0 0 0 0 
1 1 0 1 0 0 0 0 
1 1 1 0 0 0 0 0 
1 0 1 0 0 0 0 0 
0 0 0 0 0 0 0 0 
0 0 0 0 0 1 0 1 

JOBS [8] - [9, 10, 5, 2, 4, 7, 14, 0]
TOOL SWITCHES : 7
MAKESPAN : 55

# -------------------------- #

--- TOTAL TOOL SWITCHES : 17
--- HIGHEST MAKESPAN : 55
--- TOTAL FLOWTIME : 408
--- RUNNING TIME : 0.95347

# -------------------------- #
RUN : 1 - instancias_txt/SSP-NPM-I/ins72_m=2_j=15_t=15_var=12.txt

- MACHINE [0]

0 0 0 1 1 1 1 
0 1 0 0 0 0 0 
0 0 0 0 0 1 1 
0 0 1 0 0 0 1 
1 0 0 0 0 0 0 
0 1 0 1 0 0 0 
0 0 0 0 0 0 0 
1 1 0 0 0 0 0 
0 0 0 0 1 1 1 
0 0 0 0 0 0 0 
0 0 0 0 0 0 1 
0 0 1 0 0 1 0 
0 0 1 0 0 0 0 
1 0 1 0 0 0 0 
0 0 0 1 1 0 0 

JOBS [7] - [13, 5, 2, 4, 14, 1, 3]
TOOL SWITCHES : 8
MAKESPAN : 46

- MACHINE [1]

1 1 0 0 1 0 1 0 
0 0 0 0 0 1 1 0 
1 1 0 0 0 1 0 0 
1 0 1 0 1 0 0 1 
0 1 1 1 0 1 1 1 
0 0 0 1 1 1 0 1 
0 1 0 1 1 0 0 0 
0 0 0 0 0 0 0 0 
0 0 1 1 1 1 0 0 
0 1 0 0 0 0 0 0 
0 0 0 0 0 0 0 1 
0 0 0 0 0 0 1 1 
1 0 1 0 0 0 0 0 
0 0 0 0 0 0 0 0 
1 0 0 0 0 0 0 0 

JOBS [8] - [9, 0, 8, 11, 6, 7, 12, 10]
TOOL SWITCHES : 6
MAKESPAN : 46

# -------------------------- #

--- TOTAL TOOL SWITCHES : 14
--- HIGHEST MAKESPAN : 46
--- TOTAL FLOWTIME : 373
--- RUNNING TIME : 1.20387

# -------------------------- #
RUN : 1 - instancias_txt/SSP-NPM-I/ins73_m=2_j=15_t=15_var=13.txt

- MACHINE [0]

0 0 1 0 1 1 
0 1 0 0 1 1 
0 0 0 0 0 1 
1 0 0 0 0 0 
1 0 0 0 0 0 
0 0 0 0 0 1 
0 0 1 1 0 1 
0 0 0 0 0 0 
0 0 1 1 0 0 
0 0 0 0 0 0 
0 1 0 0 0 0 
1 0 0 0 1 0 
0 1 1 0 0 0 
1 1 0 1 0 0 
0 0 0 1 1 0 

JOBS [6] - [1, 10, 6, 3, 12, 0]
TOOL SWITCHES : 10
MAKESPAN : 63

- MACHINE [1]

1 1 0 1 0 0 0 1 0 
0 0 0 0 0 0 1 0 1 
0 0 0 0 0 0 1 1 1 
1 0 1 0 0 0 0 0 0 
1 0 0 0 0 0 0 0 1 
0 1 0 0 1 0 0 0 0 
1 1 1 1 0 0 0 0 0 
0 0 0 0 1 0 1 0 0 
0 0 0 0 0 0 0 0 0 
0 0 1 1 0 0 1 1 0 
0 0 1 1 0 0 0 0 1 
0 0 0 1 1 1 0 1 0 
0 0 0 0 0 1 0 0 0 
0 0 0 0 0 0 0 0 0 
1 1 1 0 0 1 0 0 0 

JOBS [9] - [11, 9, 7, 2, 8, 13, 14, 5, 4]
TOOL SWITCHES : 7
MAKESPAN : 63

# -------------------------- #

--- TOTAL TOOL SWITCHES : 17
--- HIGHEST MAKESPAN : 63
--- TOTAL FLOWTIME : 566
--- RUNNING TIME : 1.17409

# -------------------------- #
RUN : 1 - instancias_txt/SSP-NPM-I/ins74_m=2_j=15_t=15_var=14.txt

- MACHINE [0]

0 0 0 1 1 1 1 
1 1 1 0 0 0 0 
0 0 0 0 0 0 0 
0 0 0 0 1 1 1 
0 0 1 1 1 0 1 
0 0 0 0 0 0 0 
0 0 0 0 0 0 0 
1 1 1 0 0 0 0 
1 0 0 0 0 0 0 
0 1 0 0 0 1 0 
1 0 0 0 1 1 1 
0 0 1 1 1 0 0 
0 0 1 1 0 0 0 
0 0 0 0 0 0 0 
0 1 0 0 0 0 0 

JOBS [7] - [13, 7, 0, 4, 3, 11, 2]
TOOL SWITCHES : 8
MAKESPAN : 48

- MACHINE [1]

0 0 0 0 0 1 1 1 
0 0 1 0 0 0 0 0 
0 0 0 0 0 1 0 0 
0 0 0 0 0 0 0 0 
0 1 0 0 0 0 0 0 
1 0 0 1 1 0 0 1 
1 0 1 1 0 0 0 0 
0 1 1 0 1 0 0 0 
0 1 1 1 0 1 1 1 
0 0 0 0 0 0 0 0 
0 0 0 0 1 0 0 0 
0 1 0 1 1 0 1 0 
1 1 0 0 0 0 0 0 
0 0 0 0 0 1 0 1 
0 0 0 1 1 0 0 0 

JOBS [8] - [6, 1, 9, 5, 10, 8, 14, 12]
TOOL SWITCHES : 6
MAKESPAN : 49

# -------------------------- #

--- TOTAL TOOL SWITCHES : 14
--- HIGHEST MAKESPAN : 49
--- TOTAL FLOWTIME : 387
--- RUNNING TIME : 1.04187

# -------------------------- #
RUN : 1 - instancias_txt/SSP-NPM-I/ins75_m=2_j=15_t=15_var=15.txt

- MACHINE [0]

1 0 1 1 1 0 0 
1 1 0 0 0 0 0 
0 0 0 0 0 0 0 
0 0 0 0 1 1 1 
0 0 0 0 0 0 0 
0 0 0 0 0 0 0 
1 1 0 0 0 0 0 
0 0 1 1 0 0 1 
0 0 1 0 1 1 1 
1 0 0 0 0 0 0 
0 0 0 0 0 1 0 
0 1 0 1 0 0 0 
0 0 0 0 0 1 0 
0 1 1 0 1 0 0 
0 0 0 0 0 0 0 

JOBS [7] - [9, 3, 0, 7, 13, 10, 2]
TOOL SWITCHES : 6
MAKESPAN : 49

- MACHINE [1]

1 0 0 1 0 0 0 1 
0 0 0 0 0 0 0 1 
0 1 1 0 1 1 0 0 
0 0 0 0 1 0 0 1 
0 0 1 1 0 0 0 0 
0 0 0 0 0 0 1 0 
0 0 0 0 0 0 1 0 
0 0 0 1 0 1 0 1 
0 1 1 0 1 0 0 0 
1 1 0 0 0 0 0 0 
1 0 1 1 0 0 0 0 
0 0 0 0 0 1 1 0 
1 0 0 0 1 1 1 0 
0 0 0 0 0 0 0 0 
0 0 0 0 0 0 0 0 

JOBS [8] - [12, 4, 14, 5, 11, 8, 1, 6]
TOOL SWITCHES : 6
MAKESPAN : 50

# -------------------------- #

--- TOTAL TOOL SWITCHES : 12
--- HIGHEST MAKESPAN : 50
--- TOTAL FLOWTIME : 379
--- RUNNING TIME : 1.15421

# -------------------------- #
RUN : 1 - instancias_txt/SSP-NPM-I/ins76_m=2_j=15_t=15_var=16.txt

- MACHINE [0]

0 0 0 0 0 0 0 
1 0 1 0 0 0 1 
0 0 0 0 0 1 0 
0 0 0 0 0 0 1 
0 0 0 0 0 0 0 
1 1 0 1 0 0 0 
0 0 0 0 1 1 0 
0 0 1 1 0 1 1 
0 1 1 1 0 0 0 
1 1 1 0 0 0 0 
1 1 0 0 0 0 0 
0 0 0 1 1 1 1 
0 0 0 0 0 0 0 
0 0 0 0 0 0 0 
0 0 0 1 1 0 1 

JOBS [7] - [1, 5, 11, 12, 0, 13, 14]
TOOL SWITCHES : 7
MAKESPAN : 48

- MACHINE [1]

0 1 0 0 0 1 0 1 
1 0 0 0 0 0 0 0 
0 0 1 0 0 0 1 0 
0 0 0 0 0 1 0 1 
0 0 0 0 0 0 0 0 
0 0 0 0 0 0 0 0 
0 0 0 0 0 0 0 1 
1 0 1 1 0 0 1 0 
0 0 0 0 0 0 0 0 
0 1 0 1 0 0 1 1 
0 1 0 0 1 0 0 0 
0 0 0 0 0 0 0 0 
0 1 0 1 1 1 0 0 
0 0 1 1 1 0 0 0 
1 0 1 0 1 1 0 0 

JOBS [8] - [8, 6, 10, 4, 2, 9, 3, 7]
TOOL SWITCHES : 5
MAKESPAN : 47

# -------------------------- #

--- TOTAL TOOL SWITCHES : 12
--- HIGHEST MAKESPAN : 48
--- TOTAL FLOWTIME : 380
--- RUNNING TIME : 0.969565

# -------------------------- #
RUN : 1 - instancias_txt/SSP-NPM-I/ins77_m=2_j=15_t=15_var=17.txt

- MACHINE [0]

1 1 1 0 0 0 0 
0 0 1 1 0 0 0 
0 0 0 0 0 0 0 
1 1 0 0 0 0 0 
1 1 1 0 0 1 1 
1 0 0 0 0 0 0 
0 0 0 0 0 1 1 
0 0 0 0 0 0 1 
0 0 0 1 1 0 0 
1 0 0 1 1 0 0 
0 0 0 0 0 0 0 
0 0 1 0 0 1 0 
0 0 0 0 0 0 0 
0 0 0 0 1 1 0 
0 1 1 1 0 0 0 

JOBS [7] - [6, 12, 7, 13, 0, 1, 3]
TOOL SWITCHES : 9
MAKESPAN : 51

- MACHINE [1]

0 0 0 0 0 0 0 1 
1 0 0 0 1 0 1 0 
1 1 0 1 0 0 0 0 
1 0 0 0 0 0 0 0 
0 0 0 0 0 1 1 0 
0 0 0 1 1 0 1 1 
0 0 0 0 0 0 0 0 
0 0 0 1 1 1 0 0 
0 0 0 0 1 1 1 0 
0 1 0 0 0 1 0 0 
0 1 1 1 0 0 0 1 
0 0 0 0 0 0 0 1 
1 1 1 0 1 0 0 0 
1 1 1 0 0 0 0 0 
0 0 1 0 0 0 0 0 

JOBS [8] - [14, 10, 11, 8, 4, 5, 9, 2]
TOOL SWITCHES : 7
MAKESPAN : 50

# -------------------------- #

--- TOTAL TOOL SWITCHES : 16
--- HIGHEST MAKESPAN : 51
--- TOTAL FLOWTIME : 386
--- RUNNING TIME : 1.40417

# -------------------------- #
RUN : 1 - instancias_txt/SSP-NPM-I/ins78_m=2_j=15_t=15_var=18.txt

- MACHINE [0]

1 0 1 0 1 1 1 0 
1 0 0 0 1 0 0 0 
0 0 0 0 1 0 1 0 
0 1 0 1 0 0 0 0 
0 0 0 0 0 0 0 0 
0 0 0 0 0 1 1 1 
0 0 0 0 0 0 0 0 
1 0 0 0 0 1 0 1 
1 1 0 0 0 0 0 0 
0 0 0 0 0 1 1 0 
0 0 1 1 0 1 0 0 
0 1 1 1 1 0 0 1 
0 0 0 0 0 0 0 0 
0 0 0 0 0 0 0 1 
1 1 0 0 0 0 0 1 

JOBS [8] - [9, 13, 4, 0, 8, 10, 5, 14]
TOOL SWITCHES : 12
MAKESPAN : 52

- MACHINE [1]

1 0 0 0 0 0 0 
0 1 0 0 0 0 0 
1 0 1 0 0 0 0 
0 0 0 0 1 1 1 
0 0 0 0 0 0 0 
0 1 0 0 0 1 1 
0 0 0 1 0 0 0 
0 0 1 0 0 1 0 
1 1 0 0 0 0 1 
0 0 1 1 1 0 0 
1 1 0 0 0 0 0 
0 0 0 0 0 0 0 
0 0 1 1 1 0 0 
0 0 1 1 0 0 0 
0 0 0 0 1 0 1 

JOBS [7] - [11, 7, 6, 1, 2, 3, 12]
TOOL SWITCHES : 6
MAKESPAN : 52

# -------------------------- #

--- TOTAL TOOL SWITCHES : 18
--- HIGHEST MAKESPAN : 52
--- TOTAL FLOWTIME : 434
--- RUNNING TIME : 1.03671

# -------------------------- #
RUN : 1 - instancias_txt/SSP-NPM-I/ins79_m=2_j=15_t=15_var=19.txt

- MACHINE [0]

0 1 0 1 0 0 
0 0 1 0 0 0 
0 0 0 0 0 0 
0 0 0 0 0 0 
1 1 1 1 0 0 
0 0 0 0 0 1 
0 0 0 1 1 0 
0 1 0 0 1 1 
1 1 1 0 0 0 
0 1 0 0 0 1 
0 0 1 1 1 0 
0 0 0 1 0 0 
1 0 0 0 0 0 
0 0 0 0 0 0 
0 0 0 0 1 0 

JOBS [6] - [7, 2, 0, 5, 11, 13]
TOOL SWITCHES : 9
MAKESPAN : 56

- MACHINE [1]

0 0 0 0 0 0 0 0 1 
0 0 0 0 1 0 0 1 1 
1 0 1 1 0 0 0 0 0 
0 1 1 0 0 1 1 1 0 
0 0 0 0 0 0 0 1 0 
0 0 0 0 0 1 0 0 1 
0 0 0 0 0 0 1 1 1 
0 0 0 0 1 1 0 0 0 
1 1 0 1 0 0 0 0 0 
0 1 0 0 0 0 0 0 0 
0 0 0 0 0 0 0 0 0 
0 0 0 1 0 1 0 0 0 
0 0 0 0 1 0 0 0 1 
1 0 1 1 1 0 0 0 0 
1 1 1 0 0 1 1 0 0 

JOBS [9] - [14, 8, 12, 6, 3, 9, 1, 4, 10]
TOOL SWITCHES : 7
MAKESPAN : 57

# -------------------------- #

--- TOTAL TOOL SWITCHES : 16
--- HIGHEST MAKESPAN : 57
--- TOTAL FLOWTIME : 393
--- RUNNING TIME : 1.06197

# -------------------------- #
RUN : 1 - instancias_txt/SSP-NPM-I/ins80_m=2_j=15_t=15_var=20.txt

- MACHINE [0]

0 0 0 0 0 1 1 1 
1 0 0 0 0 0 0 0 
0 1 1 0 0 1 1 0 
1 1 0 0 0 0 0 0 
0 0 0 0 0 0 1 1 
0 0 0 1 1 0 0 1 
0 0 0 1 1 1 0 0 
0 0 1 0 0 0 0 0 
1 0 1 1 0 0 0 0 
0 0 0 0 0 0 0 0 
1 0 1 1 0 0 0 0 
0 0 0 0 0 0 0 1 
0 0 1 0 0 0 1 0 
0 1 0 0 0 0 0 1 
0 0 0 0 1 1 0 0 

JOBS [8] - [8, 2, 12, 14, 5, 3, 11, 13]
TOOL SWITCHES : 11
MAKESPAN : 57

- MACHINE [1]

0 1 0 0 0 0 0 
0 0 1 0 1 0 0 
0 0 0 0 0 0 0 
0 1 0 0 0 0 0 
1 0 0 0 0 0 0 
1 1 0 0 1 1 0 
1 1 0 0 1 0 0 
1 0 0 0 0 0 1 
0 0 0 0 0 0 0 
0 0 0 0 0 0 1 
0 0 0 0 0 1 1 
0 0 1 1 1 0 1 
1 0 0 1 1 0 0 
0 0 0 0 0 1 0 
0 1 1 1 0 0 1 

JOBS [7] - [10, 0, 4, 6, 7, 9, 1]
TOOL SWITCHES : 6
MAKESPAN : 52

# -------------------------- #

--- TOTAL TOOL SWITCHES : 17
--- HIGHEST MAKESPAN : 57
--- TOTAL FLOWTIME : 448
--- RUNNING TIME : 0.934258

# -------------------------- #


avg : 52.8
