RUN : 1 - instancias_txt/SSP-NPM-I/ins61_m=2_j=15_t=15_var=1.txt

- MACHINE [0]

0 0 0 0 0 1 1 1 
1 0 1 1 0 0 0 0 
0 0 0 0 0 0 1 0 
0 0 1 0 1 0 1 0 
1 0 0 1 0 0 0 0 
0 0 0 0 0 0 0 1 
0 0 0 0 0 1 0 1 
1 0 0 0 0 0 0 0 
0 0 0 0 0 0 0 0 
1 1 0 1 1 1 0 0 
0 0 0 0 0 0 0 1 
0 1 0 0 0 0 0 0 
0 1 1 1 1 1 0 0 
0 0 1 0 0 0 0 0 
0 0 0 1 1 1 1 1 

JOBS [8] - [4, 3, 8, 7, 13, 1, 14, 12]
TOOL SWITCHES : 12
MAKESPAN : 54

- MACHINE [1]

1 1 0 1 0 0 0 
1 1 1 1 1 0 0 
1 0 0 0 0 1 1 
0 1 0 1 1 0 1 
0 0 0 0 0 0 0 
0 0 0 0 0 1 1 
0 0 0 0 0 0 0 
1 0 1 0 0 0 1 
0 0 1 1 0 0 0 
0 1 0 0 0 0 0 
0 1 0 0 1 0 1 
1 0 1 1 1 1 0 
0 0 0 0 0 0 0 
0 0 0 0 0 0 0 
1 0 0 0 0 0 0 

JOBS [7] - [10, 6, 9, 11, 2, 5, 0]
TOOL SWITCHES : 5
MAKESPAN : 54

# -------------------------- #

--- TOTAL TOOL SWITCHES : 17
--- HIGHEST MAKESPAN : 54
--- TOTAL FLOWTIME : 440
--- RUNNING TIME : 0.869498

# -------------------------- #
RUN : 1 - instancias_txt/SSP-NPM-I/ins62_m=2_j=15_t=15_var=2.txt

- MACHINE [0]

0 1 1 0 1 0 0 0 
0 0 1 0 0 0 0 0 
0 0 0 0 0 0 1 0 
1 0 0 0 0 0 0 0 
0 0 0 1 1 0 0 0 
0 0 1 0 0 1 1 1 
0 0 1 0 0 0 0 1 
0 0 1 1 1 0 0 0 
0 0 0 0 1 1 0 0 
0 0 0 0 1 0 1 1 
1 1 0 0 0 1 1 0 
0 0 0 0 0 1 1 1 
1 1 0 0 0 0 0 0 
0 0 0 1 0 0 0 0 
1 0 0 0 0 0 0 1 

JOBS [8] - [8, 5, 2, 12, 7, 10, 1, 0]
TOOL SWITCHES : 14
MAKESPAN : 55

- MACHINE [1]

0 0 0 0 0 0 0 
0 0 0 0 1 0 0 
1 1 0 0 1 0 1 
0 0 0 0 0 1 1 
0 0 0 0 0 0 1 
0 0 0 0 0 1 0 
0 0 0 1 0 0 0 
0 0 0 0 0 0 0 
1 0 1 1 0 0 0 
0 0 0 0 0 0 0 
1 0 1 1 0 1 1 
0 1 1 1 0 0 0 
0 0 1 0 0 0 0 
1 1 1 1 1 0 0 
0 0 0 0 0 1 0 

JOBS [7] - [3, 14, 4, 6, 11, 13, 9]
TOOL SWITCHES : 5
MAKESPAN : 55

# -------------------------- #

--- TOTAL TOOL SWITCHES : 19
--- HIGHEST MAKESPAN : 55
--- TOTAL FLOWTIME : 420
--- RUNNING TIME : 0.908042

# -------------------------- #
RUN : 1 - instancias_txt/SSP-NPM-I/ins63_m=2_j=15_t=15_var=3.txt

- MACHINE [0]

0 0 0 0 0 0 1 0 
0 0 1 1 1 0 0 1 
0 0 0 0 0 0 1 1 
1 0 0 0 0 0 0 0 
0 0 0 0 0 0 0 0 
1 0 0 0 0 0 0 0 
0 1 0 1 0 0 1 0 
0 0 0 1 0 0 0 0 
0 1 1 0 1 0 0 0 
0 1 0 0 0 0 0 0 
1 0 0 1 1 1 0 0 
0 0 0 0 1 1 0 0 
1 1 1 0 0 0 0 0 
0 0 0 0 0 0 1 1 
0 0 0 0 0 1 0 0 

JOBS [8] - [4, 2, 8, 11, 1, 13, 14, 7]
TOOL SWITCHES : 9
MAKESPAN : 44

- MACHINE [1]

0 0 1 1 0 0 0 
0 1 1 1 0 0 0 
0 0 1 1 1 0 0 
0 0 0 0 0 0 0 
0 0 0 1 0 1 1 
1 0 0 0 0 1 1 
0 0 0 0 0 1 0 
0 0 0 0 1 0 1 
0 0 0 0 0 0 0 
0 0 0 0 1 0 0 
0 1 0 0 0 0 0 
0 1 0 0 0 0 1 
0 0 0 0 0 0 0 
1 1 0 0 0 0 0 
1 0 1 0 1 1 0 

JOBS [7] - [10, 12, 5, 6, 3, 0, 9]
TOOL SWITCHES : 5
MAKESPAN : 44

# -------------------------- #

--- TOTAL TOOL SWITCHES : 14
--- HIGHEST MAKESPAN : 44
--- TOTAL FLOWTIME : 374
--- RUNNING TIME : 0.961422

# -------------------------- #
RUN : 1 - instancias_txt/SSP-NPM-I/ins64_m=2_j=15_t=15_var=4.txt

- MACHINE [0]

0 0 0 0 0 0 1 
0 1 0 0 1 0 1 
1 1 0 1 0 0 0 
0 0 1 0 1 0 0 
0 1 1 0 0 0 1 
0 0 0 1 1 1 0 
0 0 1 0 0 0 0 
0 0 0 0 0 1 1 
1 0 0 0 0 0 0 
0 0 0 1 1 0 1 
0 0 0 0 0 0 0 
0 0 0 0 0 1 0 
1 0 0 0 0 0 0 
1 1 1 1 0 0 0 
1 0 0 0 1 0 0 

JOBS [7] - [1, 2, 3, 10, 6, 14, 11]
TOOL SWITCHES : 12
MAKESPAN : 58

- MACHINE [1]

0 1 1 0 0 0 0 0 
0 0 0 0 0 1 1 1 
0 0 0 0 0 0 0 0 
1 1 0 0 0 0 0 0 
1 0 0 1 1 1 1 1 
0 0 0 0 0 0 0 0 
0 1 0 1 0 0 0 1 
0 0 0 0 0 0 0 0 
0 1 0 0 1 1 0 1 
0 0 0 0 0 0 1 0 
0 0 1 0 1 0 1 0 
0 0 0 1 1 0 0 0 
1 0 0 0 0 0 0 0 
1 1 1 0 1 0 0 0 
0 0 1 1 0 1 0 0 

JOBS [8] - [5, 12, 0, 4, 9, 8, 13, 7]
TOOL SWITCHES : 5
MAKESPAN : 57

# -------------------------- #

--- TOTAL TOOL SWITCHES : 17
--- HIGHEST MAKESPAN : 58
--- TOTAL FLOWTIME : 499
--- RUNNING TIME : 1.09554

# -------------------------- #
RUN : 1 - instancias_txt/SSP-NPM-I/ins65_m=2_j=15_t=15_var=5.txt

- MACHINE [0]

0 0 0 1 0 1 0 
1 0 0 0 0 1 0 
0 1 1 0 0 0 0 
0 0 0 0 0 0 1 
0 0 0 0 0 0 0 
0 1 1 0 1 0 0 
0 0 0 0 1 0 0 
0 0 1 0 0 0 0 
1 0 0 1 0 0 0 
0 0 0 0 0 0 0 
1 1 0 0 0 0 0 
0 1 0 0 0 0 0 
0 0 0 1 1 0 1 
0 0 0 0 0 1 1 
0 0 0 1 1 0 1 

JOBS [7] - [11, 8, 6, 7, 5, 12, 13]
TOOL SWITCHES : 9
MAKESPAN : 49

- MACHINE [1]

1 1 1 0 0 0 0 0 
1 0 0 0 1 1 0 0 
1 0 1 0 0 0 0 0 
0 0 0 0 0 0 0 0 
0 0 0 0 1 1 1 0 
1 1 0 0 0 0 0 0 
0 0 0 1 0 0 0 0 
0 0 0 0 0 0 0 0 
0 0 0 0 0 0 1 0 
0 0 0 1 0 0 1 1 
1 0 0 1 1 0 0 1 
0 0 0 0 0 1 0 0 
0 0 0 1 1 1 1 1 
0 1 1 0 0 0 0 1 
0 0 1 0 0 0 0 0 

JOBS [8] - [4, 3, 0, 10, 2, 14, 1, 9]
TOOL SWITCHES : 6
MAKESPAN : 49

# -------------------------- #

--- TOTAL TOOL SWITCHES : 15
--- HIGHEST MAKESPAN : 49
--- TOTAL FLOWTIME : 417
--- RUNNING TIME : 1.06377

# -------------------------- #
RUN : 1 - instancias_txt/SSP-NPM-I/ins66_m=2_j=15_t=15_var=6.txt

- MACHINE [0]

1 0 0 1 1 1 1 
0 0 1 0 0 0 0 
0 1 1 1 0 0 1 
0 0 0 0 0 0 0 
0 0 0 0 0 0 0 
0 1 1 0 1 0 0 
0 0 0 0 0 1 1 
1 1 0 0 0 0 0 
1 0 0 0 0 0 0 
0 0 1 0 0 0 0 
0 0 0 0 1 1 0 
0 0 0 0 0 0 1 
1 1 0 0 0 0 0 
0 0 0 0 0 0 0 
0 0 0 1 1 0 0 

JOBS [7] - [4, 8, 1, 5, 11, 0, 7]
TOOL SWITCHES : 7
MAKESPAN : 55

- MACHINE [1]

0 0 0 0 0 0 0 0 
0 0 1 1 0 0 0 0 
1 1 0 0 0 0 0 0 
1 0 0 0 1 0 0 0 
0 0 0 0 0 1 0 0 
0 0 0 0 0 1 0 1 
0 0 1 0 0 0 1 1 
0 1 1 1 1 0 0 0 
0 0 0 1 1 1 1 0 
0 0 0 0 1 0 1 1 
0 0 0 0 0 0 0 0 
0 0 0 0 0 0 0 0 
0 0 0 0 0 1 0 1 
0 0 1 0 1 0 1 1 
1 1 1 0 1 0 0 0 

JOBS [8] - [9, 6, 3, 13, 14, 10, 12, 2]
TOOL SWITCHES : 5
MAKESPAN : 56

# -------------------------- #

--- TOTAL TOOL SWITCHES : 12
--- HIGHEST MAKESPAN : 56
--- TOTAL FLOWTIME : 430
--- RUNNING TIME : 0.969344

# -------------------------- #
RUN : 1 - instancias_txt/SSP-NPM-I/ins67_m=2_j=15_t=15_var=7.txt

- MACHINE [0]

0 0 0 0 0 0 1 
1 0 1 1 1 0 0 
1 1 0 0 0 0 0 
0 0 0 0 0 1 1 
0 1 1 1 0 0 0 
0 1 0 0 0 0 0 
0 0 0 0 0 0 1 
0 0 1 0 0 0 0 
0 0 0 0 1 0 1 
0 0 0 1 1 1 0 
1 0 0 0 0 0 1 
0 0 0 0 0 1 0 
1 0 1 1 0 1 0 
1 0 1 1 1 0 0 
0 0 0 0 0 0 0 

JOBS [7] - [13, 2, 7, 9, 4, 5, 12]
TOOL SWITCHES : 11
MAKESPAN : 61

- MACHINE [1]

0 0 0 0 1 0 1 0 
0 0 1 0 0 0 0 0 
0 0 0 0 1 0 0 0 
0 0 0 0 0 0 0 0 
0 1 1 0 1 0 1 0 
1 1 0 0 0 0 0 0 
1 0 0 1 1 0 0 1 
0 0 1 1 0 0 0 1 
0 0 0 0 0 1 0 1 
0 0 0 0 0 0 0 0 
0 0 0 1 0 1 1 0 
0 1 0 1 0 0 0 0 
1 1 0 0 0 0 0 0 
1 0 1 0 0 0 0 0 
1 0 0 1 1 1 0 1 

JOBS [8] - [8, 3, 0, 11, 1, 14, 6, 10]
TOOL SWITCHES : 6
MAKESPAN : 58

# -------------------------- #

--- TOTAL TOOL SWITCHES : 17
--- HIGHEST MAKESPAN : 61
--- TOTAL FLOWTIME : 495
--- RUNNING TIME : 1.0193

# -------------------------- #
RUN : 1 - instancias_txt/SSP-NPM-I/ins68_m=2_j=15_t=15_var=8.txt

- MACHINE [0]

0 0 0 1 0 0 0 0 
0 0 0 0 1 0 0 1 
0 0 0 0 0 1 1 1 
1 0 0 0 0 0 0 0 
1 1 1 0 0 0 1 0 
0 0 0 0 0 0 0 0 
1 1 0 0 0 0 0 1 
0 1 1 1 0 0 0 1 
0 0 0 0 0 0 0 0 
0 0 0 0 0 0 0 0 
0 0 0 0 1 1 0 1 
1 0 1 1 0 0 0 0 
0 0 0 0 1 0 1 0 
0 1 1 0 1 1 1 0 
1 0 1 1 1 1 0 0 

JOBS [8] - [2, 3, 0, 12, 13, 14, 7, 6]
TOOL SWITCHES : 12
MAKESPAN : 53

- MACHINE [1]

0 0 0 0 1 0 1 
0 1 0 0 0 0 1 
0 0 1 0 0 1 0 
1 0 1 1 1 0 0 
0 0 0 0 0 1 0 
0 0 0 0 0 1 1 
1 0 0 0 1 0 0 
0 0 0 0 0 0 0 
1 1 1 0 0 0 0 
1 1 0 0 0 0 0 
0 0 0 1 0 0 1 
0 1 0 1 0 1 1 
0 0 0 0 0 0 0 
0 0 0 0 0 0 0 
0 0 0 0 0 0 0 

JOBS [7] - [8, 1, 11, 5, 9, 10, 4]
TOOL SWITCHES : 4
MAKESPAN : 51

# -------------------------- #

--- TOTAL TOOL SWITCHES : 16
--- HIGHEST MAKESPAN : 53
--- TOTAL FLOWTIME : 401
--- RUNNING TIME : 1.03194

# -------------------------- #
RUN : 1 - instancias_txt/SSP-NPM-I/ins69_m=2_j=15_t=15_var=9.txt

- MACHINE [0]

1 0 0 0 0 0 0 
0 1 0 1 1 1 1 
1 0 1 0 1 1 0 
0 0 1 0 0 0 0 
0 0 0 1 0 0 0 
1 1 1 0 0 0 0 
0 0 0 0 0 0 0 
0 0 0 0 0 0 0 
0 0 0 0 0 1 1 
0 0 0 0 0 0 0 
0 1 0 0 0 0 0 
0 0 0 0 0 0 0 
0 0 0 1 1 0 1 
0 0 0 0 0 0 1 
0 0 1 1 1 1 1 

JOBS [7] - [7, 10, 4, 0, 8, 6, 9]
TOOL SWITCHES : 6
MAKESPAN : 54

- MACHINE [1]

0 1 1 1 1 1 0 0 
0 0 0 0 0 0 0 0 
0 1 1 1 0 0 0 0 
0 0 0 0 0 0 0 0 
0 0 0 1 1 0 1 0 
0 0 0 0 0 0 1 0 
0 1 1 0 0 0 0 0 
0 0 0 0 1 0 0 0 
0 0 0 0 0 0 0 0 
1 1 0 0 0 0 0 0 
0 0 0 0 0 1 0 1 
0 0 0 0 0 0 0 0 
1 0 1 1 0 1 1 0 
0 0 1 0 1 0 0 1 
1 0 0 0 0 1 0 1 

JOBS [8] - [1, 14, 12, 11, 13, 2, 5, 3]
TOOL SWITCHES : 4
MAKESPAN : 54

# -------------------------- #

--- TOTAL TOOL SWITCHES : 10
--- HIGHEST MAKESPAN : 54
--- TOTAL FLOWTIME : 453
--- RUNNING TIME : 0.989465

# -------------------------- #
RUN : 1 - instancias_txt/SSP-NPM-I/ins70_m=2_j=15_t=15_var=10.txt

- MACHINE [0]

0 0 0 0 0 0 0 1 
0 1 1 0 0 0 0 0 
1 0 0 0 0 0 0 0 
0 0 0 1 0 0 0 0 
0 0 0 1 0 1 0 1 
0 0 1 1 0 0 0 0 
0 0 0 0 0 0 1 1 
0 0 0 0 1 0 0 1 
1 1 0 0 1 0 0 0 
1 0 0 0 0 0 1 0 
0 0 0 0 0 0 0 0 
1 1 1 1 1 1 1 0 
0 0 0 0 0 0 0 0 
1 1 0 1 0 0 0 0 
0 0 0 0 1 1 0 0 

JOBS [8] - [12, 2, 4, 1, 11, 9, 6, 8]
TOOL SWITCHES : 10
MAKESPAN : 47

- MACHINE [1]

0 1 0 0 0 0 0 
0 0 0 1 0 0 1 
0 0 0 1 0 1 0 
0 0 1 1 1 0 1 
0 1 0 0 0 1 1 
1 0 0 0 0 0 0 
0 0 1 0 1 1 0 
0 0 0 0 0 0 0 
0 1 1 0 0 0 0 
0 0 0 0 1 0 1 
0 1 1 1 0 0 0 
0 0 0 0 0 0 0 
0 0 0 0 0 1 0 
1 1 0 0 0 0 0 
1 0 0 1 1 0 0 

JOBS [7] - [3, 0, 14, 13, 7, 5, 10]
TOOL SWITCHES : 6
MAKESPAN : 48

# -------------------------- #

--- TOTAL TOOL SWITCHES : 16
--- HIGHEST MAKESPAN : 48
--- TOTAL FLOWTIME : 378
--- RUNNING TIME : 1.03401

# -------------------------- #
RUN : 1 - instancias_txt/SSP-NPM-I/ins71_m=2_j=15_t=15_var=11.txt

- MACHINE [0]

1 1 0 0 0 0 0 
1 0 0 1 0 0 0 
1 0 1 0 0 0 0 
0 0 0 0 0 1 1 
0 0 0 0 1 1 0 
0 0 0 0 1 0 0 
0 0 0 0 0 1 1 
0 0 0 0 0 1 1 
0 0 0 0 0 0 0 
0 0 0 0 0 0 0 
1 1 1 1 0 0 0 
0 1 1 0 0 0 1 
0 1 1 0 0 0 0 
1 1 0 1 0 1 1 
0 0 1 0 1 0 0 

JOBS [7] - [8, 6, 13, 3, 0, 11, 1]
TOOL SWITCHES : 12
MAKESPAN : 56

- MACHINE [1]

0 1 0 0 0 0 0 0 
0 0 0 0 0 1 1 0 
0 0 1 1 0 0 0 0 
0 1 0 1 0 0 0 0 
0 1 0 0 0 0 0 0 
1 0 0 1 1 0 1 0 
0 0 1 1 1 0 0 0 
1 0 1 0 1 0 0 1 
1 1 1 0 0 0 0 0 
0 0 0 0 1 1 0 1 
0 0 1 0 0 1 1 0 
0 0 0 0 1 1 1 1 
0 0 0 0 1 0 1 0 
0 0 0 0 0 0 0 1 
1 0 0 0 0 0 0 0 

JOBS [8] - [7, 14, 2, 4, 5, 10, 9, 12]
TOOL SWITCHES : 8
MAKESPAN : 57

# -------------------------- #

--- TOTAL TOOL SWITCHES : 20
--- HIGHEST MAKESPAN : 57
--- TOTAL FLOWTIME : 431
--- RUNNING TIME : 0.998506

# -------------------------- #
RUN : 1 - instancias_txt/SSP-NPM-I/ins72_m=2_j=15_t=15_var=12.txt

- MACHINE [0]

0 0 0 0 0 1 1 1 
0 1 1 0 0 0 0 0 
0 1 0 0 0 1 1 0 
0 0 0 0 1 0 1 0 
1 1 0 1 0 0 0 0 
1 1 1 0 0 0 0 0 
1 0 0 0 0 0 0 0 
0 0 1 1 0 0 0 0 
1 1 0 0 0 1 1 1 
0 0 0 0 0 0 0 0 
0 0 0 0 0 0 1 0 
0 0 0 0 1 1 0 0 
0 0 0 0 1 0 0 0 
0 0 0 1 1 0 0 0 
0 0 0 0 0 0 0 1 

JOBS [8] - [11, 7, 5, 13, 2, 1, 3, 14]
TOOL SWITCHES : 10
MAKESPAN : 47

- MACHINE [1]

0 1 1 1 0 1 1 
0 1 0 0 0 0 0 
0 0 1 0 0 1 0 
1 0 0 1 1 1 0 
1 1 1 0 1 0 0 
1 0 0 1 0 0 1 
0 0 1 1 0 0 0 
0 0 0 0 0 0 0 
0 0 0 1 1 0 0 
0 0 1 0 0 0 0 
1 0 0 0 0 0 0 
1 1 0 0 0 0 0 
0 0 0 0 1 1 0 
0 0 0 0 0 0 0 
0 0 0 0 0 1 1 

JOBS [7] - [10, 12, 0, 6, 8, 9, 4]
TOOL SWITCHES : 6
MAKESPAN : 47

# -------------------------- #

--- TOTAL TOOL SWITCHES : 16
--- HIGHEST MAKESPAN : 47
--- TOTAL FLOWTIME : 360
--- RUNNING TIME : 0.88376

# -------------------------- #
RUN : 1 - instancias_txt/SSP-NPM-I/ins73_m=2_j=15_t=15_var=13.txt

- MACHINE [0]

0 0 1 1 1 0 
1 0 0 0 0 0 
0 0 0 0 0 0 
0 0 0 0 1 1 
0 0 0 0 1 1 
0 0 0 1 0 0 
0 1 1 1 1 0 
0 0 0 0 0 0 
0 1 1 0 0 0 
0 0 0 0 0 0 
1 0 0 0 0 0 
0 0 0 0 0 1 
1 0 1 0 0 0 
1 1 0 0 0 1 
0 1 0 1 1 0 

JOBS [6] - [10, 3, 6, 9, 11, 1]
TOOL SWITCHES : 8
MAKESPAN : 63

- MACHINE [1]

0 1 1 0 1 0 0 1 0 
0 1 1 1 0 1 0 0 0 
0 1 0 1 0 1 0 1 0 
0 0 0 0 0 0 1 0 0 
0 0 0 0 0 1 0 0 0 
1 1 0 0 0 0 0 0 0 
0 1 0 0 1 0 1 0 0 
1 0 0 1 0 0 0 0 0 
0 0 0 0 0 0 0 0 0 
0 0 0 1 1 0 1 1 0 
0 0 0 0 1 1 1 0 0 
1 0 1 0 1 0 0 1 1 
0 0 0 0 0 0 0 0 1 
0 0 0 0 0 0 0 0 0 
0 0 1 0 0 0 1 0 1 

JOBS [9] - [8, 0, 12, 14, 2, 4, 7, 5, 13]
TOOL SWITCHES : 8
MAKESPAN : 63

# -------------------------- #

--- TOTAL TOOL SWITCHES : 16
--- HIGHEST MAKESPAN : 63
--- TOTAL FLOWTIME : 529
--- RUNNING TIME : 1.17427

# -------------------------- #
RUN : 1 - instancias_txt/SSP-NPM-I/ins74_m=2_j=15_t=15_var=14.txt

- MACHINE [0]

1 1 1 1 0 0 0 
0 0 0 0 1 1 1 
0 0 0 0 0 0 0 
1 1 1 0 0 0 0 
0 1 1 1 1 0 0 
0 0 0 0 0 0 0 
0 0 0 0 0 0 0 
0 0 0 0 1 1 1 
0 0 0 0 0 1 0 
1 0 0 0 0 0 1 
1 1 1 0 0 1 0 
0 0 1 1 1 0 0 
0 0 0 1 1 0 0 
0 0 0 0 0 0 0 
0 0 0 0 0 0 1 

JOBS [7] - [11, 2, 3, 4, 0, 13, 7]
TOOL SWITCHES : 8
MAKESPAN : 48

- MACHINE [1]

0 0 0 0 0 1 1 1 
0 0 1 0 0 0 0 0 
0 0 0 0 0 0 1 0 
0 0 0 0 0 0 0 0 
0 0 0 0 1 0 0 0 
1 1 0 1 0 1 0 0 
0 1 1 1 0 0 0 0 
1 0 1 0 1 0 0 0 
0 1 1 0 1 1 1 1 
0 0 0 0 0 0 0 0 
1 0 0 0 0 0 0 0 
1 1 0 0 1 0 0 1 
0 0 0 1 1 0 0 0 
0 0 0 0 0 1 1 0 
1 1 0 0 0 0 0 0 

JOBS [8] - [10, 5, 9, 6, 1, 12, 8, 14]
TOOL SWITCHES : 6
MAKESPAN : 49

# -------------------------- #

--- TOTAL TOOL SWITCHES : 14
--- HIGHEST MAKESPAN : 49
--- TOTAL FLOWTIME : 388
--- RUNNING TIME : 1.17599

# -------------------------- #
RUN : 1 - instancias_txt/SSP-NPM-I/ins75_m=2_j=15_t=15_var=15.txt

- MACHINE [0]

0 0 0 1 1 1 0 
0 0 0 0 0 0 1 
1 0 0 0 0 0 0 
1 1 1 1 0 0 0 
0 0 0 0 0 0 0 
0 0 0 0 0 0 0 
0 0 0 0 0 0 1 
0 0 1 0 1 1 0 
1 1 1 1 1 0 0 
0 0 0 0 0 0 0 
0 1 0 0 0 0 0 
0 0 0 0 0 1 1 
1 1 0 0 0 0 0 
0 0 0 1 1 0 1 
0 0 0 0 0 0 0 

JOBS [7] - [11, 10, 2, 13, 0, 7, 3]
TOOL SWITCHES : 6
MAKESPAN : 50

- MACHINE [1]

1 1 0 1 1 0 0 0 
1 1 0 0 0 0 0 0 
0 0 0 0 0 1 1 1 
0 1 0 0 0 0 0 0 
0 0 0 0 1 0 1 0 
0 0 1 0 0 0 0 0 
1 0 1 0 0 0 0 0 
0 1 0 0 1 1 0 0 
0 0 0 0 0 0 1 1 
1 0 0 1 0 0 0 1 
0 0 0 1 1 0 1 0 
0 0 1 0 0 1 0 0 
0 0 1 1 0 1 0 0 
0 0 0 0 0 0 0 0 
0 0 0 0 0 0 0 0 

JOBS [8] - [9, 6, 1, 12, 5, 8, 14, 4]
TOOL SWITCHES : 6
MAKESPAN : 47

# -------------------------- #

--- TOTAL TOOL SWITCHES : 12
--- HIGHEST MAKESPAN : 50
--- TOTAL FLOWTIME : 422
--- RUNNING TIME : 0.992273

# -------------------------- #
RUN : 1 - instancias_txt/SSP-NPM-I/ins76_m=2_j=15_t=15_var=16.txt

- MACHINE [0]

0 0 0 0 0 0 0 
0 0 1 0 1 1 0 
1 0 0 0 0 0 0 
0 0 1 0 0 0 0 
0 0 0 0 0 0 0 
0 0 0 1 0 1 1 
1 1 0 0 0 0 0 
1 0 1 1 1 0 0 
0 0 0 1 1 0 1 
0 0 0 0 1 1 1 
0 0 0 0 0 1 1 
1 1 1 1 0 0 0 
0 0 0 0 0 0 0 
0 0 0 0 0 0 0 
0 1 1 1 0 0 0 

JOBS [7] - [13, 0, 14, 12, 11, 1, 5]
TOOL SWITCHES : 7
MAKESPAN : 48

- MACHINE [1]

1 0 1 0 0 0 1 0 
0 0 0 0 0 1 0 0 
0 0 0 1 1 0 0 0 
1 0 1 0 0 0 0 0 
0 0 0 0 0 0 0 0 
0 0 0 0 0 0 0 0 
0 0 1 0 0 0 0 0 
0 1 0 1 1 1 0 0 
0 0 0 0 0 0 0 0 
0 1 1 1 0 0 1 0 
0 0 0 0 0 0 1 1 
0 0 0 0 0 0 0 0 
1 1 0 0 0 0 1 1 
0 1 0 0 1 0 0 1 
1 0 0 0 1 1 0 1 

JOBS [8] - [9, 4, 7, 3, 10, 8, 6, 2]
TOOL SWITCHES : 5
MAKESPAN : 47

# -------------------------- #

--- TOTAL TOOL SWITCHES : 12
--- HIGHEST MAKESPAN : 48
--- TOTAL FLOWTIME : 393
--- RUNNING TIME : 0.946338

# -------------------------- #
RUN : 1 - instancias_txt/SSP-NPM-I/ins77_m=2_j=15_t=15_var=17.txt

- MACHINE [0]

1 0 0 0 1 1 1 
0 0 0 0 0 0 1 
0 0 0 0 0 0 0 
0 0 0 0 1 1 0 
0 1 0 1 1 1 1 
1 0 0 0 1 0 0 
0 1 0 0 0 0 0 
0 0 0 1 0 0 0 
0 0 1 1 0 0 0 
0 0 1 1 1 0 0 
1 0 0 0 0 0 0 
1 1 0 0 0 0 1 
0 0 0 0 0 0 0 
0 1 1 0 0 0 0 
0 0 0 0 0 1 1 

JOBS [7] - [2, 1, 0, 5, 6, 12, 7]
TOOL SWITCHES : 10
MAKESPAN : 48

- MACHINE [1]

0 0 0 0 0 0 0 0 
0 0 1 1 1 0 0 1 
0 1 0 0 0 1 0 1 
0 0 0 0 0 0 0 1 
1 0 1 0 0 0 0 0 
0 1 1 1 0 0 0 0 
1 0 0 0 0 0 0 0 
1 1 0 1 0 0 0 0 
0 0 1 1 1 0 0 0 
0 0 0 0 1 1 0 0 
0 1 0 0 0 1 1 0 
0 0 0 0 0 0 0 0 
0 0 0 1 0 1 1 1 
0 0 0 0 0 1 1 1 
0 0 0 0 1 0 1 0 

JOBS [8] - [3, 8, 9, 4, 13, 10, 11, 14]
TOOL SWITCHES : 6
MAKESPAN : 49

# -------------------------- #

--- TOTAL TOOL SWITCHES : 16
--- HIGHEST MAKESPAN : 49
--- TOTAL FLOWTIME : 394
--- RUNNING TIME : 0.951979

# -------------------------- #
RUN : 1 - instancias_txt/SSP-NPM-I/ins78_m=2_j=15_t=15_var=18.txt

- MACHINE [0]

1 1 1 0 1 0 0 1 
0 0 0 0 1 0 0 1 
1 0 0 0 1 0 0 0 
0 0 0 1 0 0 1 0 
0 0 0 0 0 0 0 0 
1 1 0 0 0 1 0 0 
0 0 0 0 0 0 0 0 
0 1 0 0 0 1 0 1 
0 0 0 0 0 0 1 1 
1 1 0 0 0 0 0 0 
0 1 1 1 0 0 0 0 
0 0 1 1 1 1 1 0 
0 0 0 0 0 0 0 0 
0 0 0 0 0 1 0 0 
0 0 0 0 0 1 1 1 

JOBS [8] - [5, 10, 4, 0, 8, 14, 13, 9]
TOOL SWITCHES : 12
MAKESPAN : 52

- MACHINE [1]

0 1 0 0 0 0 0 
1 0 0 0 0 0 0 
0 1 1 0 0 0 0 
0 0 0 0 1 1 1 
0 0 0 0 0 0 0 
1 0 0 0 1 1 0 
0 0 0 1 0 0 0 
0 0 1 0 0 1 0 
1 1 0 0 1 0 0 
0 0 1 1 0 0 1 
1 1 0 0 0 0 0 
0 0 0 0 0 0 0 
0 0 1 1 0 0 1 
0 0 1 1 0 0 0 
0 0 0 0 1 0 1 

JOBS [7] - [7, 11, 6, 1, 12, 3, 2]
TOOL SWITCHES : 6
MAKESPAN : 52

# -------------------------- #

--- TOTAL TOOL SWITCHES : 18
--- HIGHEST MAKESPAN : 52
--- TOTAL FLOWTIME : 414
--- RUNNING TIME : 1.04536

# -------------------------- #
RUN : 1 - instancias_txt/SSP-NPM-I/ins79_m=2_j=15_t=15_var=19.txt

- MACHINE [0]

0 0 0 1 0 1 
0 1 0 0 0 0 
0 0 0 0 0 0 
0 0 0 0 0 0 
1 1 0 1 0 1 
0 0 1 0 0 0 
0 0 0 0 1 1 
0 0 1 1 1 0 
1 1 0 1 0 0 
0 0 1 1 0 0 
0 1 0 0 1 1 
0 0 0 0 0 1 
1 0 0 0 0 0 
0 0 0 0 0 0 
0 0 0 0 1 0 

JOBS [6] - [7, 0, 13, 2, 11, 5]
TOOL SWITCHES : 9
MAKESPAN : 56

- MACHINE [1]

0 0 0 0 0 0 1 0 0 
0 0 0 0 1 0 1 0 1 
1 1 1 0 0 0 0 0 0 
1 0 0 1 0 1 0 1 1 
0 0 0 0 0 0 0 0 1 
0 0 0 0 0 1 1 0 0 
0 0 0 0 0 0 1 1 1 
0 0 0 0 1 1 0 0 0 
0 1 1 1 0 0 0 0 0 
0 0 0 1 0 0 0 0 0 
0 0 0 0 0 0 0 0 0 
0 1 0 0 0 1 0 0 0 
0 0 0 0 1 0 1 0 0 
1 1 1 0 1 0 0 0 0 
1 0 1 1 0 1 0 1 0 

JOBS [9] - [12, 6, 14, 8, 3, 9, 10, 1, 4]
TOOL SWITCHES : 7
MAKESPAN : 57

# -------------------------- #

--- TOTAL TOOL SWITCHES : 16
--- HIGHEST MAKESPAN : 57
--- TOTAL FLOWTIME : 382
--- RUNNING TIME : 1.1509

# -------------------------- #
RUN : 1 - instancias_txt/SSP-NPM-I/ins80_m=2_j=15_t=15_var=20.txt

- MACHINE [0]

0 0 0 1 1 0 0 0 
1 0 0 0 0 0 1 0 
0 0 0 1 1 1 0 1 
0 0 0 0 0 0 1 1 
0 0 0 0 1 0 0 0 
1 1 1 0 0 0 0 0 
1 1 1 1 0 0 0 0 
0 0 0 0 0 1 0 0 
0 0 1 0 0 1 1 0 
0 0 0 0 0 0 0 0 
0 0 1 0 0 1 1 0 
1 0 0 0 0 0 0 0 
1 0 0 0 1 1 0 0 
0 0 0 0 0 0 0 1 
0 1 0 1 0 0 0 0 

JOBS [8] - [7, 5, 14, 3, 11, 12, 8, 2]
TOOL SWITCHES : 12
MAKESPAN : 58

- MACHINE [1]

1 1 0 0 0 0 0 
0 0 0 0 0 1 0 
0 0 0 0 0 0 0 
0 1 0 0 0 0 0 
1 0 1 0 0 0 0 
1 1 1 0 1 0 0 
0 1 1 0 0 0 0 
0 0 1 1 0 0 0 
0 0 0 0 0 0 0 
0 0 0 1 0 0 0 
0 0 0 1 1 0 0 
1 0 0 1 0 1 1 
0 0 1 0 0 0 1 
1 0 0 0 1 0 0 
0 1 0 1 0 1 1 

JOBS [7] - [13, 0, 10, 1, 9, 4, 6]
TOOL SWITCHES : 7
MAKESPAN : 57

# -------------------------- #

--- TOTAL TOOL SWITCHES : 19
--- HIGHEST MAKESPAN : 58
--- TOTAL FLOWTIME : 508
--- RUNNING TIME : 0.956949

# -------------------------- #


avg : 53.1
