RUN : 1 - instancias_txt/SSP-NPM-I/ins121_m=3_j=15_t=20_var=1.txt

- MACHINE [0]

1 
0 
1 
0 
1 
1 
1 
0 
0 
0 
0 
0 
0 
1 
0 
0 
1 
0 
0 
0 

JOBS [1] - [9]
TOOL SWITCHES : 0
FLOWTIME : 6
MAKESPAN : 6

- MACHINE [1]

1 0 0 0 
0 1 0 1 
0 0 0 1 
0 0 0 0 
0 0 0 0 
0 0 0 0 
0 0 0 0 
0 0 1 1 
1 1 0 0 
0 0 1 0 
0 0 0 0 
0 0 1 1 
0 1 1 1 
1 1 1 0 
1 1 0 1 
0 0 0 1 
0 0 0 0 
0 0 0 0 
1 1 1 0 
0 0 1 0 

JOBS [4] - [13, 1, 12, 5]
TOOL SWITCHES : 3
FLOWTIME : 26
MAKESPAN : 35

- MACHINE [2]

0 0 0 0 1 1 0 0 1 0 
0 0 0 0 0 1 1 0 1 0 
0 0 0 0 0 0 0 0 0 0 
0 0 1 0 1 0 0 1 0 0 
1 1 1 0 1 0 0 1 0 1 
0 0 0 0 0 0 1 1 0 1 
1 0 1 1 0 0 0 0 0 0 
0 1 1 0 0 0 0 0 0 0 
1 0 0 0 0 0 0 0 0 0 
1 1 0 0 0 0 0 0 0 0 
0 1 0 1 0 0 1 0 1 0 
0 0 1 0 1 1 0 0 0 0 
1 0 0 1 0 0 1 0 0 1 
0 0 0 0 0 0 0 0 0 0 
0 1 1 1 0 0 1 0 0 1 
0 0 0 0 0 1 1 0 0 1 
1 0 0 0 1 1 0 1 1 0 
0 0 0 1 1 1 0 1 1 1 
0 1 0 1 1 0 1 0 0 1 
1 0 1 0 0 0 0 1 1 0 

JOBS [10] - [7, 11, 2, 10, 14, 8, 4, 0, 6, 3]
TOOL SWITCHES : 5
FLOWTIME : 65
MAKESPAN : 85

# -------------------------- #

--- TOTAL TOOL SWITCHES : 8
--- TOTAL FLOWTIME : 97
--- TOTAL MAKESPAN : 85
--- RUNNING TIME : 4.85491

# -------------------------- #
RUN : 1 - instancias_txt/SSP-NPM-I/ins122_m=3_j=15_t=20_var=2.txt

- MACHINE [0]

0 0 
0 0 
0 0 
0 0 
1 1 
0 0 
0 0 
1 1 
0 0 
0 0 
0 0 
0 0 
1 1 
0 0 
0 0 
1 1 
0 1 
1 0 
0 1 
0 0 

JOBS [2] - [9, 13]
TOOL SWITCHES : 0
FLOWTIME : 11
MAKESPAN : 11

- MACHINE [1]

0 1 1 
0 0 0 
0 0 1 
0 0 0 
1 1 0 
0 1 1 
0 0 0 
0 0 0 
0 0 0 
1 1 0 
1 1 0 
0 0 0 
0 0 0 
0 1 0 
0 0 0 
0 0 1 
1 0 1 
0 0 0 
1 0 1 
0 0 0 

JOBS [3] - [8, 7, 14]
TOOL SWITCHES : 0
FLOWTIME : 8
MAKESPAN : 8

- MACHINE [2]

1 0 0 0 0 0 1 0 1 0 
0 1 1 0 0 0 0 0 1 0 
1 1 0 1 1 1 0 0 0 1 
0 0 1 0 0 1 0 0 0 0 
0 0 0 1 0 0 0 0 0 1 
0 1 1 0 1 0 0 0 0 0 
0 0 0 0 0 1 0 1 1 0 
0 0 0 0 0 0 0 0 0 1 
1 1 0 1 1 1 0 0 0 0 
0 1 0 0 0 0 0 1 1 0 
0 0 0 0 0 0 0 0 0 0 
0 0 0 0 1 0 1 1 0 0 
0 0 0 0 0 0 0 0 0 0 
0 0 1 1 1 0 0 0 0 0 
0 0 0 0 0 1 1 1 0 0 
0 1 1 1 0 1 1 0 0 0 
1 0 0 1 1 0 0 0 0 1 
0 0 0 0 0 0 1 1 1 0 
0 0 0 0 0 0 0 0 0 0 
1 1 0 0 1 1 1 0 0 1 

JOBS [10] - [12, 6, 10, 1, 2, 0, 11, 4, 5, 3]
TOOL SWITCHES : 4
FLOWTIME : 61
MAKESPAN : 77

# -------------------------- #

--- TOTAL TOOL SWITCHES : 4
--- TOTAL FLOWTIME : 80
--- TOTAL MAKESPAN : 77
--- RUNNING TIME : 4.22694

# -------------------------- #
RUN : 1 - instancias_txt/SSP-NPM-I/ins123_m=3_j=15_t=20_var=3.txt

- MACHINE [0]

1 
0 
1 
0 
0 
0 
1 
0 
0 
1 
0 
0 
0 
1 
1 
0 
0 
0 
0 
1 

JOBS [1] - [13]
TOOL SWITCHES : 0
FLOWTIME : 10
MAKESPAN : 10

- MACHINE [1]

0 0 0 
0 0 0 
0 0 0 
1 1 0 
0 0 0 
1 1 1 
0 1 0 
0 0 0 
1 1 0 
0 0 1 
1 1 0 
0 0 0 
0 0 1 
1 0 1 
0 0 0 
0 0 0 
0 1 0 
0 0 0 
0 1 1 
0 0 0 

JOBS [3] - [9, 7, 8]
TOOL SWITCHES : 0
FLOWTIME : 15
MAKESPAN : 15

- MACHINE [2]

0 0 0 0 0 0 0 0 0 0 0 
1 1 0 0 0 1 1 0 0 1 0 
0 0 0 0 0 0 0 0 0 1 0 
0 1 1 0 0 1 1 0 1 0 0 
0 1 0 1 1 0 0 0 0 0 1 
0 1 1 0 1 0 0 0 1 1 1 
0 0 0 0 0 0 0 1 0 0 1 
0 0 1 1 1 1 0 1 1 1 1 
0 0 0 0 0 0 0 0 0 0 0 
0 0 0 0 0 1 1 0 0 0 0 
1 0 0 1 0 0 0 0 0 0 1 
0 0 0 1 1 0 0 1 0 0 0 
0 0 0 1 0 0 0 0 0 0 0 
1 0 0 1 0 1 0 0 0 0 0 
0 0 1 0 1 0 0 0 1 0 1 
1 0 0 0 1 1 1 0 0 1 0 
1 1 1 0 0 0 1 1 1 0 0 
0 0 0 1 0 1 0 0 1 0 0 
0 0 0 0 0 0 0 0 0 0 0 
0 0 0 0 0 0 1 1 0 1 0 

JOBS [11] - [10, 12, 2, 0, 11, 1, 5, 4, 14, 6, 3]
TOOL SWITCHES : 4
FLOWTIME : 69
MAKESPAN : 85

# -------------------------- #

--- TOTAL TOOL SWITCHES : 4
--- TOTAL FLOWTIME : 94
--- TOTAL MAKESPAN : 85
--- RUNNING TIME : 4.20145

# -------------------------- #
RUN : 1 - instancias_txt/SSP-NPM-I/ins124_m=3_j=15_t=20_var=4.txt

- MACHINE [0]

0 
1 
0 
0 
1 
1 
0 
0 
0 
1 
0 
0 
0 
0 
1 
0 
0 
0 
0 
0 

JOBS [1] - [6]
TOOL SWITCHES : 0
FLOWTIME : 7
MAKESPAN : 7

- MACHINE [1]

0 0 0 
0 0 0 
1 0 0 
0 0 0 
0 0 0 
0 0 0 
0 0 1 
0 0 0 
0 1 1 
0 0 0 
0 1 0 
1 1 1 
1 0 0 
1 0 0 
1 1 1 
0 0 1 
0 0 0 
1 1 0 
0 0 0 
0 0 0 

JOBS [3] - [8, 10, 3]
TOOL SWITCHES : 0
FLOWTIME : 23
MAKESPAN : 23

- MACHINE [2]

1 0 1 1 0 0 0 1 0 0 1 
0 0 0 0 0 1 1 1 1 0 0 
1 1 1 1 0 0 1 0 0 1 0 
0 1 1 1 0 0 0 0 0 0 0 
0 0 0 0 0 0 0 0 0 0 0 
0 1 0 0 0 0 0 0 0 0 0 
0 1 1 0 0 1 0 1 1 0 1 
0 0 0 1 1 0 1 0 1 0 0 
0 1 0 0 1 0 1 1 0 0 0 
1 0 0 0 1 0 1 0 0 1 0 
1 0 0 1 0 0 1 0 0 1 1 
0 0 0 1 1 1 0 0 0 1 0 
1 0 1 0 1 0 0 0 0 0 0 
0 0 0 0 0 1 0 0 1 0 1 
0 0 0 0 0 0 0 0 0 0 0 
0 0 0 0 0 0 0 0 0 0 1 
1 1 0 0 0 0 0 0 1 0 0 
0 0 0 0 0 0 0 0 0 0 0 
1 1 0 0 1 1 0 0 1 0 0 
0 0 0 1 0 1 0 1 0 1 0 

JOBS [11] - [14, 1, 9, 4, 13, 12, 11, 7, 2, 5, 0]
TOOL SWITCHES : 4
FLOWTIME : 61
MAKESPAN : 77

# -------------------------- #

--- TOTAL TOOL SWITCHES : 4
--- TOTAL FLOWTIME : 91
--- TOTAL MAKESPAN : 77
--- RUNNING TIME : 4.68499

# -------------------------- #
RUN : 1 - instancias_txt/SSP-NPM-I/ins125_m=3_j=15_t=20_var=5.txt

- MACHINE [0]

1 
1 
1 
0 
0 
1 
0 
0 
0 
0 
0 
0 
0 
0 
0 
1 
1 
0 
1 
0 

JOBS [1] - [5]
TOOL SWITCHES : 0
FLOWTIME : 10
MAKESPAN : 10

- MACHINE [1]

0 0 0 
0 0 0 
0 1 0 
0 0 0 
0 0 0 
0 0 0 
1 1 1 
1 1 1 
0 1 0 
0 0 0 
1 1 0 
0 0 1 
0 0 0 
1 0 0 
0 0 0 
0 1 1 
1 1 1 
1 0 0 
0 0 0 
0 0 1 

JOBS [3] - [4, 9, 1]
TOOL SWITCHES : 1
FLOWTIME : 20
MAKESPAN : 23

- MACHINE [2]

1 0 1 1 0 1 0 1 0 0 0 
0 0 0 1 0 0 0 1 0 0 1 
0 0 0 0 0 0 0 0 0 0 0 
1 0 1 0 1 0 0 0 0 1 1 
0 0 0 1 1 0 0 1 1 0 0 
1 0 0 0 0 1 1 0 1 0 1 
0 0 0 0 0 0 1 0 0 1 1 
0 0 0 0 0 0 0 0 0 1 1 
0 0 1 1 1 1 1 0 0 0 0 
0 1 1 1 0 0 1 0 0 1 0 
0 0 0 0 0 1 0 0 0 0 0 
0 0 0 0 0 0 0 1 1 0 0 
0 1 0 0 0 1 0 0 0 1 0 
1 1 0 0 1 1 1 0 0 0 1 
0 1 0 0 1 0 0 0 0 0 0 
1 1 0 0 0 0 0 1 0 0 0 
0 0 1 0 0 0 0 0 0 0 0 
0 0 0 1 0 0 0 1 1 1 0 
0 1 1 0 0 0 0 0 0 0 0 
0 0 0 0 1 1 0 1 1 0 1 

JOBS [11] - [10, 7, 2, 3, 6, 0, 13, 14, 12, 11, 8]
TOOL SWITCHES : 6
FLOWTIME : 52
MAKESPAN : 76

# -------------------------- #

--- TOTAL TOOL SWITCHES : 7
--- TOTAL FLOWTIME : 82
--- TOTAL MAKESPAN : 76
--- RUNNING TIME : 5.29859

# -------------------------- #
RUN : 1 - instancias_txt/SSP-NPM-I/ins126_m=3_j=15_t=20_var=6.txt

- MACHINE [0]

0 0 
0 0 
0 0 
0 0 
0 0 
0 0 
1 0 
1 1 
0 0 
1 0 
0 0 
0 1 
0 0 
1 1 
1 1 
0 0 
0 1 
0 1 
0 0 
0 0 

JOBS [2] - [11, 2]
TOOL SWITCHES : 1
FLOWTIME : 14
MAKESPAN : 16

- MACHINE [1]

1 0 1 
0 1 1 
0 0 0 
1 0 1 
0 0 0 
0 0 0 
0 0 0 
0 0 0 
0 0 0 
0 0 0 
1 1 1 
0 0 0 
1 0 1 
1 0 0 
0 1 0 
0 1 1 
0 1 0 
0 0 0 
1 1 0 
1 1 1 

JOBS [3] - [7, 3, 5]
TOOL SWITCHES : 1
FLOWTIME : 11
MAKESPAN : 14

- MACHINE [2]

0 0 0 0 0 0 0 1 1 1 
0 0 0 0 0 1 0 0 0 1 
1 0 0 0 0 0 0 1 0 0 
0 0 0 1 1 0 0 0 0 0 
1 1 1 0 1 0 0 0 0 0 
0 0 0 0 0 1 1 1 0 0 
0 0 0 1 0 0 0 1 1 1 
0 1 0 0 1 1 0 1 1 1 
0 0 1 1 1 0 0 1 0 0 
0 1 1 0 1 0 0 0 0 0 
1 1 0 0 0 0 1 0 1 0 
1 0 0 1 1 0 0 0 0 0 
0 0 1 0 0 0 1 1 0 0 
0 0 0 0 0 0 0 0 0 0 
0 1 0 1 0 0 1 0 0 1 
0 0 1 0 0 1 1 0 0 0 
0 0 0 0 0 0 0 0 0 0 
0 0 0 0 0 1 0 0 1 0 
1 1 0 0 1 0 1 0 0 1 
0 0 0 0 0 0 0 0 1 0 

JOBS [10] - [4, 13, 6, 14, 8, 9, 0, 12, 1, 10]
TOOL SWITCHES : 5
FLOWTIME : 52
MAKESPAN : 72

# -------------------------- #

--- TOTAL TOOL SWITCHES : 7
--- TOTAL FLOWTIME : 77
--- TOTAL MAKESPAN : 72
--- RUNNING TIME : 5.21915

# -------------------------- #
RUN : 1 - instancias_txt/SSP-NPM-I/ins127_m=3_j=15_t=20_var=7.txt

- MACHINE [0]

0 0 
0 0 
1 0 
0 0 
0 0 
1 1 
1 1 
1 0 
0 1 
1 1 
0 0 
0 0 
0 0 
0 0 
0 0 
0 0 
0 0 
0 0 
1 1 
0 0 

JOBS [2] - [10, 14]
TOOL SWITCHES : 0
FLOWTIME : 13
MAKESPAN : 13

- MACHINE [1]

1 0 1 
1 1 1 
0 1 0 
1 1 1 
0 1 0 
1 0 0 
0 0 0 
0 1 0 
0 0 0 
0 0 0 
1 1 1 
0 0 0 
0 0 0 
0 0 0 
0 0 0 
0 0 1 
0 0 0 
0 0 0 
0 0 0 
0 0 1 

JOBS [3] - [11, 2, 3]
TOOL SWITCHES : 0
FLOWTIME : 19
MAKESPAN : 19

- MACHINE [2]

1 0 0 1 0 0 0 0 0 1 
1 0 1 0 0 0 1 0 0 0 
0 0 0 0 0 0 0 0 0 0 
1 1 0 1 0 0 0 0 0 0 
0 0 0 0 0 0 0 0 0 0 
0 0 1 0 1 1 0 1 0 0 
1 0 0 1 0 0 0 1 1 0 
1 1 0 1 1 0 0 0 0 0 
0 1 0 0 0 1 1 0 0 0 
0 0 0 0 0 0 0 0 0 0 
0 0 0 0 0 0 1 1 1 1 
0 0 1 0 1 1 0 0 0 0 
0 0 1 1 1 0 0 0 1 0 
0 0 0 0 0 0 1 1 1 1 
0 1 0 0 0 1 1 0 0 0 
0 1 0 0 0 1 1 0 0 1 
0 1 1 0 0 0 0 0 0 1 
0 0 0 0 0 0 1 1 1 0 
0 0 0 0 0 1 0 0 1 1 
1 0 0 0 1 1 0 0 0 0 

JOBS [10] - [12, 13, 4, 1, 9, 0, 8, 6, 5, 7]
TOOL SWITCHES : 4
FLOWTIME : 60
MAKESPAN : 76

# -------------------------- #

--- TOTAL TOOL SWITCHES : 4
--- TOTAL FLOWTIME : 92
--- TOTAL MAKESPAN : 76
--- RUNNING TIME : 4.00021

# -------------------------- #
RUN : 1 - instancias_txt/SSP-NPM-I/ins128_m=3_j=15_t=20_var=8.txt

- MACHINE [0]

0 
0 
0 
1 
0 
0 
0 
1 
1 
1 
0 
1 
1 
0 
0 
0 
0 
0 
0 
1 

JOBS [1] - [4]
TOOL SWITCHES : 0
FLOWTIME : 1
MAKESPAN : 1

- MACHINE [1]

0 1 0 
0 0 0 
1 1 0 
0 0 0 
0 1 1 
0 0 0 
0 0 0 
0 1 0 
1 1 1 
1 0 1 
0 0 0 
0 0 0 
0 0 0 
1 0 0 
0 0 0 
1 1 1 
0 1 0 
0 0 1 
0 0 0 
1 0 0 

JOBS [3] - [13, 10, 6]
TOOL SWITCHES : 1
FLOWTIME : 23
MAKESPAN : 26

- MACHINE [2]

0 0 0 1 1 1 0 0 0 0 1 
0 0 1 0 0 0 1 1 0 0 1 
0 0 0 0 0 0 0 0 0 0 0 
0 0 0 0 0 0 1 1 1 0 0 
0 1 0 0 0 1 1 0 0 0 0 
1 0 0 1 0 1 0 0 1 0 0 
0 0 1 0 0 1 0 0 0 0 0 
0 0 1 1 0 0 0 0 0 0 0 
0 0 0 0 1 0 0 1 0 0 0 
0 0 0 0 0 0 0 1 0 0 1 
1 1 0 0 0 0 0 0 1 0 1 
1 0 0 0 0 0 0 0 0 0 0 
0 0 0 0 0 1 1 0 0 1 0 
0 0 1 0 1 0 0 1 1 0 1 
1 0 0 1 1 1 1 1 1 1 0 
1 0 1 0 0 0 0 0 0 1 0 
0 1 0 0 1 0 0 1 0 0 0 
0 0 0 0 0 0 0 0 1 1 0 
1 1 1 1 0 0 1 0 1 1 1 
0 1 0 1 1 0 0 0 0 0 0 

JOBS [11] - [14, 3, 7, 8, 11, 5, 2, 9, 12, 1, 0]
TOOL SWITCHES : 6
FLOWTIME : 67
MAKESPAN : 91

# -------------------------- #

--- TOTAL TOOL SWITCHES : 7
--- TOTAL FLOWTIME : 91
--- TOTAL MAKESPAN : 91
--- RUNNING TIME : 4.38328

# -------------------------- #
RUN : 1 - instancias_txt/SSP-NPM-I/ins129_m=3_j=15_t=20_var=9.txt

- MACHINE [0]

1 
0 
1 
0 
0 
0 
0 
0 
0 
0 
0 
0 
1 
1 
0 
0 
0 
1 
0 
1 

JOBS [1] - [10]
TOOL SWITCHES : 0
FLOWTIME : 8
MAKESPAN : 8

- MACHINE [1]

0 1 1 0 
1 0 0 1 
0 0 0 0 
0 1 0 1 
0 0 0 0 
0 0 0 0 
0 0 0 0 
1 0 1 0 
0 0 0 0 
0 0 0 0 
1 1 0 1 
0 1 0 1 
0 0 0 0 
0 0 0 0 
0 1 0 1 
0 0 0 0 
1 0 1 0 
0 0 1 0 
1 0 1 0 
0 0 0 0 

JOBS [4] - [3, 9, 6, 4]
TOOL SWITCHES : 0
FLOWTIME : 25
MAKESPAN : 25

- MACHINE [2]

0 0 0 0 0 0 0 0 0 0 
0 1 0 0 0 0 0 0 0 1 
0 0 0 0 0 0 0 0 1 1 
1 0 0 0 0 0 0 0 0 0 
0 1 1 0 0 1 0 0 1 0 
1 0 0 1 0 0 1 1 0 0 
0 0 1 0 0 0 0 0 0 0 
1 0 0 0 1 1 0 0 0 0 
0 0 1 1 0 1 0 1 1 0 
0 0 1 0 0 0 0 1 0 0 
0 0 0 0 0 0 0 0 0 0 
0 0 0 0 0 0 1 1 0 1 
0 0 0 1 1 1 0 0 1 0 
1 1 0 0 0 0 1 1 0 0 
0 1 1 0 0 1 0 0 0 1 
0 0 0 0 0 0 1 0 0 1 
1 1 1 1 1 0 0 0 0 0 
0 0 0 1 1 1 1 0 1 0 
1 0 0 0 1 0 0 1 1 0 
1 0 0 1 1 0 1 0 0 0 

JOBS [10] - [7, 8, 2, 0, 11, 5, 12, 1, 13, 14]
TOOL SWITCHES : 5
FLOWTIME : 38
MAKESPAN : 58

# -------------------------- #

--- TOTAL TOOL SWITCHES : 5
--- TOTAL FLOWTIME : 71
--- TOTAL MAKESPAN : 58
--- RUNNING TIME : 3.83409

# -------------------------- #
RUN : 1 - instancias_txt/SSP-NPM-I/ins130_m=3_j=15_t=20_var=10.txt

- MACHINE [0]

0 
1 
1 
0 
1 
0 
1 
0 
0 
0 
0 
0 
0 
0 
1 
0 
0 
0 
1 
1 

JOBS [1] - [11]
TOOL SWITCHES : 0
FLOWTIME : 8
MAKESPAN : 8

- MACHINE [1]

1 1 1 
0 0 0 
0 0 1 
0 0 1 
0 0 0 
1 0 0 
0 0 0 
0 1 0 
1 1 1 
0 0 0 
0 0 0 
0 0 0 
0 0 1 
0 0 1 
0 0 0 
0 1 0 
1 1 0 
0 0 0 
0 0 0 
1 1 1 

JOBS [3] - [13, 5, 4]
TOOL SWITCHES : 1
FLOWTIME : 15
MAKESPAN : 18

- MACHINE [2]

0 0 1 0 1 0 0 1 1 0 0 
1 0 1 1 0 1 0 0 0 0 1 
0 0 0 0 1 0 1 1 0 0 0 
0 0 0 0 0 0 0 0 0 0 0 
1 1 0 0 0 0 0 0 0 0 0 
0 0 1 1 0 0 0 1 0 0 0 
0 0 0 0 0 0 0 0 0 0 0 
0 0 1 1 0 0 1 0 1 0 1 
0 0 0 0 0 0 0 0 0 0 1 
1 0 1 0 1 1 0 0 1 0 0 
0 1 0 0 0 0 1 1 0 0 1 
0 0 0 0 0 0 0 0 1 1 0 
0 1 0 1 1 1 1 0 0 1 0 
1 1 0 1 1 0 1 0 1 0 0 
0 1 0 1 0 0 0 0 0 1 1 
0 1 0 0 0 1 0 1 1 1 0 
0 1 0 1 1 1 1 0 0 0 0 
1 0 0 0 0 1 1 0 0 0 1 
0 0 0 0 0 0 0 1 0 1 0 
0 0 0 0 0 0 0 0 0 0 0 

JOBS [11] - [7, 3, 12, 0, 1, 9, 2, 14, 8, 6, 10]
TOOL SWITCHES : 4
FLOWTIME : 61
MAKESPAN : 77

# -------------------------- #

--- TOTAL TOOL SWITCHES : 5
--- TOTAL FLOWTIME : 84
--- TOTAL MAKESPAN : 77
--- RUNNING TIME : 4.17369

# -------------------------- #
RUN : 1 - instancias_txt/SSP-NPM-I/ins131_m=3_j=15_t=20_var=11.txt

- MACHINE [0]

0 1 
0 0 
0 0 
1 0 
1 1 
1 1 
0 0 
0 0 
0 0 
0 0 
1 1 
0 0 
0 0 
0 0 
0 0 
0 0 
1 0 
0 0 
0 0 
1 1 

JOBS [2] - [8, 12]
TOOL SWITCHES : 0
FLOWTIME : 5
MAKESPAN : 5

- MACHINE [1]

0 0 0 
1 0 0 
0 0 0 
0 0 0 
1 0 1 
0 1 1 
0 1 0 
0 1 1 
0 0 0 
0 1 0 
0 1 0 
0 0 0 
1 1 0 
0 0 0 
0 0 0 
0 0 0 
0 0 0 
1 0 0 
0 0 1 
1 1 1 

JOBS [3] - [10, 1, 9]
TOOL SWITCHES : 1
FLOWTIME : 15
MAKESPAN : 18

- MACHINE [2]

0 1 0 1 1 0 1 0 1 0 
0 0 1 1 0 0 0 1 1 0 
0 0 0 0 0 1 0 0 0 0 
0 0 0 0 0 0 1 1 0 0 
0 0 1 0 0 1 1 0 0 0 
0 0 0 0 0 0 0 0 0 0 
0 0 0 0 0 0 0 1 1 0 
1 0 0 0 0 0 0 0 0 0 
1 1 0 1 1 0 0 0 0 0 
0 1 1 0 0 0 0 0 0 1 
1 0 1 1 1 0 0 0 0 0 
0 0 0 0 1 1 1 0 1 1 
0 0 0 0 0 1 1 0 1 0 
0 1 0 0 0 0 1 1 0 1 
1 0 1 1 1 1 0 1 0 1 
0 0 1 0 1 1 0 0 1 0 
1 1 0 0 0 0 0 0 0 1 
0 0 0 0 0 0 0 0 0 0 
1 0 0 0 0 1 1 0 1 0 
0 1 0 1 0 0 0 0 0 1 

JOBS [10] - [13, 3, 11, 7, 14, 5, 0, 4, 6, 2]
TOOL SWITCHES : 5
FLOWTIME : 52
MAKESPAN : 72

# -------------------------- #

--- TOTAL TOOL SWITCHES : 6
--- TOTAL FLOWTIME : 72
--- TOTAL MAKESPAN : 72
--- RUNNING TIME : 5.22326

# -------------------------- #
RUN : 1 - instancias_txt/SSP-NPM-I/ins132_m=3_j=15_t=20_var=12.txt

- MACHINE [0]

0 
0 
1 
0 
0 
1 
0 
0 
0 
1 
1 
1 
0 
1 
0 
0 
0 
0 
0 
0 

JOBS [1] - [12]
TOOL SWITCHES : 0
FLOWTIME : 3
MAKESPAN : 3

- MACHINE [1]

1 1 0 1 
0 0 0 0 
0 0 0 0 
1 1 0 1 
1 0 0 0 
0 0 0 0 
0 0 1 1 
1 1 0 0 
0 0 0 0 
0 0 0 0 
0 0 0 0 
1 1 1 1 
0 0 0 0 
0 1 1 1 
0 0 1 0 
0 0 0 0 
1 1 1 0 
0 0 0 0 
0 0 1 0 
0 0 0 1 

JOBS [4] - [6, 2, 13, 11]
TOOL SWITCHES : 1
FLOWTIME : 28
MAKESPAN : 31

- MACHINE [2]

0 0 1 0 1 0 1 0 1 0 
0 0 0 0 0 0 1 1 1 0 
0 1 0 0 0 1 0 0 0 0 
0 0 1 1 0 0 1 1 0 1 
1 0 0 0 1 0 0 0 0 1 
0 0 0 0 0 0 0 0 0 0 
0 1 0 0 0 1 0 1 0 0 
1 1 1 1 0 0 1 0 0 0 
1 0 1 0 1 0 0 0 1 1 
0 1 0 1 0 0 1 1 0 0 
0 1 0 1 1 1 0 0 0 1 
0 0 0 0 0 0 0 0 0 0 
1 0 0 0 0 0 0 0 0 0 
0 0 0 0 0 0 0 1 1 0 
0 0 0 1 1 1 1 0 1 0 
0 1 1 0 1 0 0 1 0 0 
0 0 0 0 0 0 0 0 0 0 
1 0 0 0 0 1 0 0 0 1 
0 0 0 0 0 0 0 0 0 0 
0 1 0 1 0 0 0 0 0 1 

JOBS [10] - [3, 7, 0, 10, 14, 8, 4, 5, 1, 9]
TOOL SWITCHES : 3
FLOWTIME : 47
MAKESPAN : 59

# -------------------------- #

--- TOTAL TOOL SWITCHES : 4
--- TOTAL FLOWTIME : 78
--- TOTAL MAKESPAN : 59
--- RUNNING TIME : 4.03711

# -------------------------- #
RUN : 1 - instancias_txt/SSP-NPM-I/ins133_m=3_j=15_t=20_var=13.txt

- MACHINE [0]

0 0 
0 0 
0 0 
0 0 
0 0 
1 1 
0 0 
0 1 
0 0 
1 1 
0 0 
1 1 
0 0 
0 0 
0 1 
0 0 
1 0 
1 0 
0 0 
0 0 

JOBS [2] - [2, 9]
TOOL SWITCHES : 0
FLOWTIME : 10
MAKESPAN : 10

- MACHINE [1]

1 1 0 
0 0 1 
0 0 1 
0 0 0 
0 0 0 
0 0 0 
0 1 0 
0 1 1 
0 0 0 
1 0 0 
0 0 0 
1 1 1 
0 0 0 
0 0 0 
1 0 0 
1 1 1 
0 0 1 
0 0 0 
0 0 0 
0 0 0 

JOBS [3] - [7, 1, 6]
TOOL SWITCHES : 0
FLOWTIME : 19
MAKESPAN : 19

- MACHINE [2]

0 0 0 0 0 0 1 0 0 0 
0 0 0 1 1 1 0 0 0 1 
1 0 0 0 0 0 0 0 0 0 
0 1 0 0 0 0 0 0 1 1 
0 1 1 1 0 0 0 0 1 0 
0 0 1 1 0 0 0 0 0 0 
1 0 0 0 0 1 0 0 0 0 
0 0 1 0 0 0 0 1 0 1 
0 1 0 0 0 1 0 0 0 0 
0 0 0 0 0 0 0 0 0 0 
0 0 0 0 0 0 1 0 1 1 
0 1 1 1 0 1 1 0 1 1 
0 0 0 1 0 0 0 1 0 0 
1 1 0 1 1 0 0 1 0 1 
0 0 0 0 0 0 0 0 1 0 
0 0 0 0 0 0 0 0 0 0 
0 0 0 0 1 0 1 1 0 0 
1 0 1 0 1 0 1 0 0 0 
1 1 0 0 1 0 0 1 1 0 
0 1 1 0 0 1 1 1 0 0 

JOBS [10] - [14, 5, 8, 11, 0, 4, 13, 3, 10, 12]
TOOL SWITCHES : 5
FLOWTIME : 58
MAKESPAN : 78

# -------------------------- #

--- TOTAL TOOL SWITCHES : 5
--- TOTAL FLOWTIME : 87
--- TOTAL MAKESPAN : 78
--- RUNNING TIME : 3.54811

# -------------------------- #
RUN : 1 - instancias_txt/SSP-NPM-I/ins134_m=3_j=15_t=20_var=14.txt

- MACHINE [0]

1 
1 
0 
0 
1 
0 
1 
0 
0 
0 
0 
0 
0 
0 
0 
0 
0 
1 
1 
0 

JOBS [1] - [8]
TOOL SWITCHES : 0
FLOWTIME : 2
MAKESPAN : 2

- MACHINE [1]

1 1 0 
0 0 0 
0 0 1 
0 0 1 
0 0 0 
0 0 0 
1 0 0 
0 1 0 
1 0 1 
0 1 1 
0 0 0 
0 1 0 
0 0 0 
0 0 0 
0 0 0 
1 1 1 
0 0 0 
0 1 1 
0 0 0 
1 0 1 

JOBS [3] - [4, 6, 11]
TOOL SWITCHES : 1
FLOWTIME : 27
MAKESPAN : 30

- MACHINE [2]

1 0 0 0 0 0 0 0 0 0 0 
0 0 0 0 1 0 1 0 0 0 0 
0 0 0 0 0 0 0 0 0 0 0 
0 0 1 0 0 0 0 0 1 1 0 
0 1 0 1 0 1 1 0 0 0 0 
0 0 0 1 0 0 1 1 0 1 1 
1 0 1 0 1 0 0 0 0 0 0 
0 1 1 0 1 0 1 1 1 1 0 
0 0 0 0 0 0 1 0 1 0 1 
0 0 0 0 0 1 0 1 0 1 1 
1 0 0 1 0 1 0 0 0 0 1 
1 1 1 1 1 0 0 1 0 0 1 
0 1 1 1 1 1 0 0 0 0 0 
1 0 0 0 0 0 0 0 1 0 1 
1 0 0 0 1 0 1 1 1 1 0 
0 1 0 1 0 0 0 0 0 0 0 
0 0 0 0 0 1 0 1 0 0 0 
0 0 1 0 1 1 0 1 0 1 0 
0 0 0 0 0 0 0 0 0 0 0 
1 1 1 1 0 0 0 0 0 0 0 

JOBS [11] - [0, 2, 1, 7, 3, 13, 5, 10, 14, 9, 12]
TOOL SWITCHES : 5
FLOWTIME : 61
MAKESPAN : 81

# -------------------------- #

--- TOTAL TOOL SWITCHES : 6
--- TOTAL FLOWTIME : 90
--- TOTAL MAKESPAN : 81
--- RUNNING TIME : 4.35785

# -------------------------- #
RUN : 1 - instancias_txt/SSP-NPM-I/ins135_m=3_j=15_t=20_var=15.txt

- MACHINE [0]

0 
0 
0 
1 
1 
0 
1 
0 
0 
1 
0 
1 
0 
0 
1 
0 
0 
0 
1 
0 

JOBS [1] - [1]
TOOL SWITCHES : 0
FLOWTIME : 7
MAKESPAN : 7

- MACHINE [1]

0 1 0 
0 0 0 
0 0 0 
0 1 1 
1 0 0 
0 0 0 
1 1 0 
0 0 0 
0 0 0 
0 0 0 
1 0 1 
0 1 1 
0 0 0 
0 1 1 
0 0 0 
1 1 0 
1 0 0 
0 0 1 
0 0 1 
0 0 0 

JOBS [3] - [2, 11, 3]
TOOL SWITCHES : 1
FLOWTIME : 14
MAKESPAN : 17

- MACHINE [2]

0 0 0 1 1 1 0 0 0 0 1 
0 1 0 0 0 0 1 0 1 0 0 
1 0 0 1 1 0 0 1 1 0 1 
0 0 0 0 0 0 0 0 0 0 0 
0 0 0 0 1 0 0 0 1 1 0 
1 0 0 1 0 0 0 0 0 0 0 
1 1 1 0 1 1 1 0 0 1 1 
1 0 1 0 0 0 1 1 1 0 0 
0 0 0 1 0 1 0 0 0 1 0 
1 1 0 0 0 1 1 0 0 0 0 
0 0 0 0 0 0 0 0 0 0 0 
0 0 0 0 0 1 0 1 0 0 0 
0 1 0 0 1 0 0 0 0 0 1 
0 0 0 0 0 0 0 0 1 1 1 
0 0 1 0 0 0 0 0 0 1 0 
0 0 0 1 0 1 0 1 0 0 1 
0 1 1 0 0 0 0 0 0 0 0 
0 1 1 0 0 0 1 1 1 1 1 
0 0 0 0 0 0 0 1 0 0 0 
0 0 1 1 1 0 0 0 0 0 0 

JOBS [11] - [4, 0, 7, 10, 9, 12, 8, 6, 14, 13, 5]
TOOL SWITCHES : 5
FLOWTIME : 82
MAKESPAN : 102

# -------------------------- #

--- TOTAL TOOL SWITCHES : 6
--- TOTAL FLOWTIME : 103
--- TOTAL MAKESPAN : 102
--- RUNNING TIME : 3.85786

# -------------------------- #
RUN : 1 - instancias_txt/SSP-NPM-I/ins136_m=3_j=15_t=20_var=16.txt

- MACHINE [0]

1 
0 
1 
0 
0 
1 
1 
0 
1 
1 
0 
0 
0 
0 
0 
0 
0 
1 
0 
0 

JOBS [1] - [4]
TOOL SWITCHES : 0
FLOWTIME : 7
MAKESPAN : 7

- MACHINE [1]

0 0 0 
0 0 0 
1 0 1 
0 1 1 
0 0 0 
1 0 0 
0 0 0 
1 0 1 
1 1 1 
1 0 0 
0 0 0 
0 0 0 
0 0 0 
0 0 0 
0 0 0 
1 0 0 
0 1 0 
0 1 0 
0 0 0 
0 1 1 

JOBS [3] - [14, 11, 6]
TOOL SWITCHES : 0
FLOWTIME : 19
MAKESPAN : 19

- MACHINE [2]

0 0 0 1 0 1 1 0 1 0 0 
0 0 0 0 0 0 0 0 1 0 1 
1 0 1 0 0 0 0 0 0 0 0 
0 1 0 0 1 0 0 1 1 0 0 
0 0 0 1 0 0 0 1 0 1 0 
1 1 0 0 0 0 0 0 0 1 1 
0 0 0 1 1 1 0 1 0 0 0 
0 1 1 1 0 0 1 0 0 0 0 
0 0 0 0 0 0 0 0 0 0 0 
1 1 0 0 0 0 0 0 0 0 0 
0 1 0 0 0 1 1 1 1 1 0 
0 1 1 0 1 0 0 0 0 1 1 
0 0 0 1 1 1 0 1 1 0 1 
1 0 0 0 1 0 1 1 0 0 0 
1 0 1 0 0 0 0 1 0 1 1 
0 0 1 0 1 1 0 0 1 0 0 
0 0 0 0 0 0 0 0 0 1 0 
0 0 0 0 0 0 0 0 0 0 0 
1 0 1 0 0 0 0 0 0 0 0 
1 0 1 1 0 0 1 0 0 0 1 

JOBS [11] - [13, 1, 5, 10, 9, 8, 7, 0, 3, 2, 12]
TOOL SWITCHES : 5
FLOWTIME : 56
MAKESPAN : 76

# -------------------------- #

--- TOTAL TOOL SWITCHES : 5
--- TOTAL FLOWTIME : 82
--- TOTAL MAKESPAN : 76
--- RUNNING TIME : 4.39402

# -------------------------- #
RUN : 1 - instancias_txt/SSP-NPM-I/ins137_m=3_j=15_t=20_var=17.txt

- MACHINE [0]

0 
0 
0 
0 
0 
0 
0 
1 
1 
0 
0 
1 
0 
1 
0 
0 
1 
0 
1 
0 

JOBS [1] - [7]
TOOL SWITCHES : 0
FLOWTIME : 2
MAKESPAN : 2

- MACHINE [1]

0 1 
0 0 
0 0 
1 0 
1 1 
0 1 
0 0 
1 1 
0 0 
1 0 
0 0 
0 0 
0 0 
0 0 
1 0 
0 1 
0 0 
1 0 
0 0 
0 1 

JOBS [2] - [8, 3]
TOOL SWITCHES : 0
FLOWTIME : 7
MAKESPAN : 7

- MACHINE [2]

0 0 1 1 0 1 0 0 0 0 0 1 
0 0 0 0 1 1 1 1 0 1 1 1 
0 1 0 1 1 0 0 1 0 1 1 0 
1 1 0 0 1 1 1 0 0 0 0 0 
0 0 0 0 0 0 0 0 0 0 0 0 
1 1 0 1 0 1 0 0 0 1 0 0 
0 0 1 0 0 1 0 0 0 0 0 0 
0 0 0 0 0 0 0 1 0 0 0 0 
0 0 0 0 0 0 0 1 1 1 1 0 
0 0 1 1 0 0 0 0 1 1 0 1 
0 0 0 0 0 0 0 0 0 0 0 0 
1 1 0 0 0 0 0 0 1 0 1 0 
1 1 1 0 0 0 1 1 0 0 0 1 
1 0 0 0 0 0 0 0 0 0 0 0 
1 1 1 1 1 0 1 0 0 0 0 0 
0 0 0 1 0 0 1 0 0 0 1 0 
0 0 0 0 0 0 0 0 0 0 0 0 
1 0 0 0 1 0 0 0 0 0 0 1 
0 0 1 1 0 0 0 0 1 0 1 0 
0 0 0 0 0 0 0 1 1 1 0 1 

JOBS [12] - [0, 14, 1, 12, 4, 11, 9, 13, 5, 2, 6, 10]
TOOL SWITCHES : 4
FLOWTIME : 62
MAKESPAN : 78

# -------------------------- #

--- TOTAL TOOL SWITCHES : 4
--- TOTAL FLOWTIME : 71
--- TOTAL MAKESPAN : 78
--- RUNNING TIME : 3.78836

# -------------------------- #
RUN : 1 - instancias_txt/SSP-NPM-I/ins138_m=3_j=15_t=20_var=18.txt

- MACHINE [0]

0 
0 
1 
1 
0 
0 
1 
1 
1 
0 
0 
0 
0 
0 
0 
1 
0 
0 
0 
1 

JOBS [1] - [6]
TOOL SWITCHES : 0
FLOWTIME : 9
MAKESPAN : 9

- MACHINE [1]

0 1 1 
1 1 0 
0 0 0 
1 1 1 
0 0 1 
0 1 0 
1 0 0 
1 0 0 
0 0 0 
0 0 0 
1 0 0 
0 0 0 
0 0 1 
0 0 0 
1 0 1 
0 0 0 
1 1 0 
0 0 0 
0 0 0 
0 0 0 

JOBS [3] - [0, 14, 5]
TOOL SWITCHES : 1
FLOWTIME : 29
MAKESPAN : 32

- MACHINE [2]

0 1 0 0 1 1 0 0 0 0 0 
0 0 0 0 0 0 1 1 1 0 0 
1 1 0 0 0 1 1 0 1 0 0 
0 0 0 0 0 0 0 0 0 0 0 
0 0 1 1 0 0 1 1 0 0 0 
1 1 1 0 1 1 1 1 1 0 0 
0 1 1 0 0 0 0 0 0 0 0 
1 1 0 0 0 0 1 0 0 1 0 
0 0 0 0 0 0 0 0 1 1 0 
1 0 1 0 0 0 0 0 0 1 0 
0 0 1 1 1 0 0 0 0 0 1 
1 1 1 1 0 0 0 0 0 1 0 
0 0 0 0 1 0 0 1 1 0 0 
0 0 0 1 1 1 0 0 1 1 1 
0 0 0 0 0 0 0 0 0 0 0 
1 0 0 1 0 1 0 0 0 0 1 
0 0 0 0 0 0 0 0 0 1 1 
0 0 0 0 0 0 0 0 0 0 0 
0 0 1 0 0 1 0 0 0 0 0 
0 0 0 1 0 0 0 1 0 1 1 

JOBS [11] - [13, 11, 7, 4, 10, 9, 1, 2, 12, 8, 3]
TOOL SWITCHES : 4
FLOWTIME : 60
MAKESPAN : 76

# -------------------------- #

--- TOTAL TOOL SWITCHES : 5
--- TOTAL FLOWTIME : 98
--- TOTAL MAKESPAN : 76
--- RUNNING TIME : 4.13823

# -------------------------- #
RUN : 1 - instancias_txt/SSP-NPM-I/ins139_m=3_j=15_t=20_var=19.txt

- MACHINE [0]

0 
1 
1 
1 
0 
0 
0 
1 
0 
0 
1 
0 
0 
1 
0 
0 
1 
0 
0 
0 

JOBS [1] - [3]
TOOL SWITCHES : 0
FLOWTIME : 4
MAKESPAN : 4

- MACHINE [1]

0 0 
1 1 
0 0 
1 0 
0 0 
0 0 
0 0 
0 0 
0 1 
0 1 
1 1 
0 0 
1 0 
0 0 
1 0 
0 0 
0 0 
1 1 
1 1 
0 1 

JOBS [2] - [7, 2]
TOOL SWITCHES : 0
FLOWTIME : 6
MAKESPAN : 6

- MACHINE [2]

1 1 0 1 0 0 1 1 1 0 0 1 
1 0 0 0 0 0 0 0 0 0 0 0 
0 0 1 0 0 0 1 0 0 1 1 0 
1 0 0 0 0 0 0 0 0 0 0 0 
1 0 0 0 1 0 0 0 0 0 1 0 
0 0 0 0 0 0 0 0 0 0 0 0 
0 1 1 0 1 1 1 1 1 0 0 0 
0 1 1 1 0 0 0 0 0 1 0 1 
0 0 1 1 0 0 0 0 0 0 0 0 
0 0 0 0 0 0 1 1 1 0 1 1 
0 1 0 1 1 0 0 0 0 0 0 1 
1 0 1 0 1 0 0 0 0 0 0 0 
0 0 0 1 0 1 0 0 1 0 1 0 
0 0 0 0 0 1 1 1 0 1 1 1 
0 1 0 0 0 1 0 0 0 0 0 0 
0 0 0 1 1 1 1 0 0 1 0 1 
0 1 0 0 0 1 0 1 1 0 1 0 
0 0 0 0 1 1 0 0 0 0 0 0 
1 0 1 0 1 0 0 0 1 1 0 0 
0 0 0 0 0 0 1 0 0 0 0 1 

JOBS [12] - [11, 1, 14, 9, 10, 6, 12, 13, 0, 4, 8, 5]
TOOL SWITCHES : 6
FLOWTIME : 50
MAKESPAN : 74

# -------------------------- #

--- TOTAL TOOL SWITCHES : 6
--- TOTAL FLOWTIME : 60
--- TOTAL MAKESPAN : 74
--- RUNNING TIME : 5.15316

# -------------------------- #
RUN : 1 - instancias_txt/SSP-NPM-I/ins140_m=3_j=15_t=20_var=20.txt

- MACHINE [0]

0 0 
1 1 
0 0 
0 0 
0 0 
0 0 
0 0 
0 0 
0 0 
1 1 
0 1 
0 0 
1 1 
0 0 
1 1 
0 0 
1 0 
0 0 
0 0 
1 1 

JOBS [2] - [8, 7]
TOOL SWITCHES : 0
FLOWTIME : 6
MAKESPAN : 6

- MACHINE [1]

1 0 1 
0 0 0 
0 0 0 
0 1 0 
0 0 0 
0 0 0 
0 0 0 
1 0 1 
0 1 0 
0 0 0 
0 0 1 
0 0 0 
0 0 0 
0 0 1 
0 0 0 
1 1 0 
1 1 0 
0 1 0 
1 1 1 
1 0 0 

JOBS [3] - [0, 9, 3]
TOOL SWITCHES : 1
FLOWTIME : 20
MAKESPAN : 23

- MACHINE [2]

0 0 0 0 0 1 0 1 0 1 
0 0 0 0 0 0 1 1 1 0 
0 1 0 0 0 1 1 0 1 0 
0 0 0 1 0 1 0 0 1 0 
1 1 0 0 0 0 0 0 0 0 
0 0 0 0 1 1 0 0 0 1 
0 0 0 1 1 0 0 1 1 1 
0 0 0 0 1 1 1 0 1 0 
1 0 0 1 1 0 1 0 0 0 
1 0 1 0 1 0 1 0 0 0 
0 0 1 0 0 0 1 0 1 1 
0 0 1 0 0 0 0 0 0 0 
0 1 0 1 0 0 0 1 0 0 
1 0 0 0 0 1 0 0 0 0 
1 1 1 1 0 0 0 1 0 0 
1 0 0 1 0 0 0 0 0 0 
1 1 0 0 0 1 1 0 0 1 
0 0 0 0 0 0 0 0 0 0 
0 0 1 0 1 0 0 0 0 0 
0 0 0 0 0 0 0 0 0 0 

JOBS [10] - [14, 11, 2, 12, 6, 10, 4, 1, 5, 13]
TOOL SWITCHES : 5
FLOWTIME : 46
MAKESPAN : 66

# -------------------------- #

--- TOTAL TOOL SWITCHES : 6
--- TOTAL FLOWTIME : 72
--- TOTAL MAKESPAN : 66
--- RUNNING TIME : 3.886

# -------------------------- #

Average TS : 108/20 = 5.4 *