RUN : 1 - instancias_txt/SSP-NPM-I/ins61_m=2_j=15_t=15_var=1.txt

- MACHINE [0]

0 0 0 0 
1 0 1 1 
0 0 0 0 
1 1 0 0 
0 0 1 1 
0 0 0 0 
0 0 0 0 
0 0 0 1 
0 0 0 0 
0 1 1 1 
0 0 0 0 
0 0 0 0 
1 1 1 0 
1 0 0 0 
0 1 1 0 

JOBS [4] - [8, 13, 7, 4]
TOOL SWITCHES : 3
FLOWTIME : 6
MAKESPAN : 12

- MACHINE [1]

1 0 1 1 0 0 1 0 0 1 1 
0 0 1 1 1 1 1 0 0 0 0 
0 0 0 0 0 0 1 1 1 1 0 
0 0 1 1 1 0 0 0 1 1 0 
0 0 0 0 0 0 0 0 0 0 0 
0 0 0 0 0 0 0 1 1 0 1 
1 0 0 0 0 0 0 0 0 0 1 
0 0 0 0 0 1 1 0 1 0 0 
0 0 0 1 0 1 0 0 0 0 0 
1 1 1 0 0 0 0 0 0 0 0 
0 0 1 0 1 0 0 0 1 0 1 
0 1 0 1 1 1 1 1 0 0 0 
1 1 0 0 0 0 0 0 0 0 0 
0 0 0 0 0 0 0 0 0 0 0 
1 0 0 0 0 0 1 0 0 1 1 

JOBS [11] - [1, 3, 6, 11, 2, 9, 10, 5, 0, 14, 12]
TOOL SWITCHES : 8
FLOWTIME : 65
MAKESPAN : 97

# -------------------------- #

--- TOTAL TOOL SWITCHES : 11
--- TOTAL FLOWTIME : 71
--- TOTAL MAKESPAN : 97
--- RUNNING TIME : 5.35952

# -------------------------- #
RUN : 1 - instancias_txt/SSP-NPM-I/ins62_m=2_j=15_t=15_var=2.txt

- MACHINE [0]

0 0 0 1 
0 0 0 0 
0 1 0 0 
1 1 1 0 
0 1 0 0 
1 0 0 0 
0 0 0 0 
0 0 0 0 
0 0 0 0 
0 0 0 0 
1 1 1 1 
0 0 0 0 
0 0 1 1 
0 0 0 0 
1 0 1 0 

JOBS [4] - [13, 9, 8, 5]
TOOL SWITCHES : 3
FLOWTIME : 28
MAKESPAN : 34

- MACHINE [1]

0 1 1 0 0 0 0 0 0 0 0 
0 0 1 0 0 1 0 0 0 0 0 
0 0 0 0 1 1 1 0 0 0 1 
0 0 0 0 0 0 0 0 0 0 0 
1 1 0 0 0 0 0 0 0 0 0 
0 0 1 1 0 0 1 1 0 0 0 
0 0 1 1 0 0 0 0 1 0 0 
1 1 1 0 0 0 0 0 0 0 0 
0 1 0 0 0 0 0 1 1 1 1 
0 1 0 1 0 0 1 0 0 0 0 
0 0 0 0 0 0 1 1 1 1 1 
0 0 0 1 1 0 1 1 1 1 0 
0 0 0 0 0 0 0 0 0 1 0 
1 0 0 0 1 1 0 0 1 1 1 
0 0 0 1 0 0 0 0 0 0 0 

JOBS [11] - [12, 7, 2, 0, 14, 11, 1, 10, 6, 4, 3]
TOOL SWITCHES : 8
FLOWTIME : 61
MAKESPAN : 93

# -------------------------- #

--- TOTAL TOOL SWITCHES : 11
--- TOTAL FLOWTIME : 89
--- TOTAL MAKESPAN : 93
--- RUNNING TIME : 5.01681

# -------------------------- #
RUN : 1 - instancias_txt/SSP-NPM-I/ins63_m=2_j=15_t=15_var=3.txt

- MACHINE [0]

1 0 1 1 0 
1 1 1 0 0 
1 1 1 1 1 
0 0 0 0 0 
1 0 0 0 0 
0 0 0 0 0 
0 0 0 1 0 
0 0 0 0 1 
0 0 0 0 0 
0 0 0 0 1 
0 0 0 0 0 
0 0 0 0 0 
0 0 0 0 0 
0 1 0 1 0 
0 0 1 0 1 

JOBS [5] - [6, 7, 5, 14, 3]
TOOL SWITCHES : 4
FLOWTIME : 28
MAKESPAN : 36

- MACHINE [1]

0 0 0 0 0 0 0 0 0 0 
0 0 0 1 1 0 1 1 0 0 
0 0 0 0 0 0 0 0 0 0 
0 0 0 0 0 0 0 0 0 1 
1 0 0 0 0 1 0 0 0 0 
1 0 1 0 0 1 0 0 0 1 
1 0 0 0 1 0 0 0 1 0 
0 0 0 0 1 1 0 0 0 0 
0 0 0 0 0 0 1 1 1 0 
0 0 0 0 0 0 0 0 1 0 
0 1 0 1 1 0 0 1 0 1 
0 1 0 1 0 1 0 1 0 0 
0 0 0 0 0 0 1 0 1 1 
0 0 1 1 0 0 0 0 0 0 
1 1 1 0 0 0 0 0 0 0 

JOBS [10] - [0, 13, 10, 12, 11, 9, 8, 1, 2, 4]
TOOL SWITCHES : 6
FLOWTIME : 48
MAKESPAN : 72

# -------------------------- #

--- TOTAL TOOL SWITCHES : 10
--- TOTAL FLOWTIME : 76
--- TOTAL MAKESPAN : 72
--- RUNNING TIME : 5.39955

# -------------------------- #
RUN : 1 - instancias_txt/SSP-NPM-I/ins64_m=2_j=15_t=15_var=4.txt

- MACHINE [0]

0 1 0 0 0 
1 1 0 1 0 
0 0 0 0 1 
0 0 0 1 0 
1 1 0 0 0 
0 0 1 1 1 
0 0 0 0 0 
0 1 1 0 0 
0 0 0 0 0 
1 1 0 1 1 
1 0 0 0 0 
0 0 1 0 0 
0 0 0 0 0 
0 0 0 0 1 
0 0 0 1 0 

JOBS [5] - [13, 11, 14, 6, 10]
TOOL SWITCHES : 7
FLOWTIME : 25
MAKESPAN : 39

- MACHINE [1]

0 1 0 1 0 0 0 0 0 0 
0 0 0 0 0 1 1 1 0 0 
0 0 0 0 0 0 1 0 1 0 
0 0 0 1 1 0 0 0 0 1 
1 0 1 0 1 1 1 1 0 1 
0 0 0 0 0 0 0 0 0 0 
0 0 1 1 1 1 0 0 0 0 
0 0 0 0 0 0 0 0 0 0 
1 0 0 1 0 1 0 1 1 0 
0 0 0 0 0 0 0 0 0 0 
1 1 0 0 0 0 0 0 0 0 
1 0 1 0 0 0 0 0 0 0 
0 0 0 0 0 0 0 0 1 1 
1 1 0 1 1 0 1 0 1 1 
0 1 1 0 0 0 0 1 1 0 

JOBS [10] - [9, 0, 4, 12, 3, 7, 2, 8, 1, 5]
TOOL SWITCHES : 5
FLOWTIME : 48
MAKESPAN : 68

# -------------------------- #

--- TOTAL TOOL SWITCHES : 12
--- TOTAL FLOWTIME : 73
--- TOTAL MAKESPAN : 68
--- RUNNING TIME : 5.93256

# -------------------------- #
RUN : 1 - instancias_txt/SSP-NPM-I/ins65_m=2_j=15_t=15_var=5.txt

- MACHINE [0]

0 0 0 0 
0 0 0 0 
0 0 0 0 
0 0 0 1 
0 0 0 0 
0 0 1 0 
0 1 1 0 
0 0 0 0 
0 0 0 0 
1 1 0 0 
1 1 0 0 
0 0 0 0 
1 1 1 1 
1 0 0 1 
0 0 1 1 

JOBS [4] - [9, 10, 5, 13]
TOOL SWITCHES : 3
FLOWTIME : 14
MAKESPAN : 20

- MACHINE [1]

1 0 0 0 0 0 1 0 1 1 1 
0 0 1 1 1 0 1 0 0 1 0 
0 0 0 0 0 1 1 1 0 0 1 
0 0 0 0 0 0 0 0 0 0 0 
0 1 0 1 1 0 0 0 0 0 0 
0 0 0 0 0 1 1 1 1 0 0 
0 0 0 0 0 0 0 0 0 0 0 
0 0 0 0 0 0 0 1 0 0 0 
1 1 1 0 0 0 0 0 0 0 0 
0 1 0 0 0 0 0 0 0 0 0 
0 0 1 1 0 1 1 0 0 0 0 
0 0 0 0 1 1 0 0 0 0 0 
1 1 0 1 1 0 0 0 0 0 0 
0 0 0 0 0 0 0 0 1 1 1 
1 0 0 0 0 0 0 0 0 0 1 

JOBS [11] - [7, 1, 11, 2, 14, 8, 4, 6, 3, 12, 0]
TOOL SWITCHES : 6
FLOWTIME : 55
MAKESPAN : 79

# -------------------------- #

--- TOTAL TOOL SWITCHES : 9
--- TOTAL FLOWTIME : 69
--- TOTAL MAKESPAN : 79
--- RUNNING TIME : 5.05566

# -------------------------- #
RUN : 1 - instancias_txt/SSP-NPM-I/ins66_m=2_j=15_t=15_var=6.txt

- MACHINE [0]

1 1 1 1 
0 0 0 0 
1 1 0 0 
0 0 0 0 
0 0 0 0 
0 0 1 0 
0 1 0 1 
0 0 0 0 
0 0 0 0 
0 0 0 0 
0 0 1 1 
0 1 0 0 
0 0 0 0 
0 0 0 0 
1 0 1 0 

JOBS [4] - [5, 7, 11, 0]
TOOL SWITCHES : 2
FLOWTIME : 28
MAKESPAN : 32

- MACHINE [1]

1 0 0 0 0 0 0 0 0 0 0 
0 0 0 0 0 1 1 0 0 1 0 
0 0 0 1 0 1 0 1 1 0 0 
0 0 0 0 0 0 0 1 0 0 1 
0 1 0 0 0 0 0 0 0 0 0 
0 1 0 1 1 1 0 0 0 0 0 
0 0 1 0 1 0 1 0 0 0 0 
1 0 0 1 0 0 1 0 1 1 1 
1 1 1 0 0 0 0 0 0 1 1 
0 0 1 0 1 1 0 0 0 0 1 
0 0 0 0 0 0 0 0 0 0 0 
0 0 0 0 0 0 0 0 0 0 0 
1 1 0 1 1 0 0 0 0 0 0 
0 0 1 0 1 0 1 0 0 0 1 
0 0 0 0 0 0 1 1 1 0 1 

JOBS [11] - [4, 10, 12, 8, 2, 1, 3, 9, 6, 13, 14]
TOOL SWITCHES : 7
FLOWTIME : 57
MAKESPAN : 85

# -------------------------- #

--- TOTAL TOOL SWITCHES : 9
--- TOTAL FLOWTIME : 85
--- TOTAL MAKESPAN : 85
--- RUNNING TIME : 5.73401

# -------------------------- #
RUN : 1 - instancias_txt/SSP-NPM-I/ins67_m=2_j=15_t=15_var=7.txt

- MACHINE [0]

0 0 0 0 0 
1 1 1 1 1 
1 0 0 0 0 
0 0 0 0 0 
0 0 1 1 1 
0 0 0 0 0 
0 0 0 0 0 
0 0 0 1 1 
0 1 0 0 0 
0 1 1 0 0 
1 0 0 0 0 
0 0 0 0 0 
1 0 1 0 1 
1 1 1 1 1 
0 0 0 0 0 

JOBS [5] - [13, 4, 9, 0, 7]
TOOL SWITCHES : 4
FLOWTIME : 23
MAKESPAN : 31

- MACHINE [1]

0 0 0 0 1 1 1 0 0 0 
0 0 0 0 0 0 0 0 0 0 
0 0 0 1 1 0 0 0 0 0 
1 0 0 0 0 0 1 0 0 0 
0 0 1 1 1 1 0 0 0 0 
0 1 1 1 0 0 0 0 0 0 
0 1 0 0 1 0 1 1 0 1 
0 0 0 0 0 0 0 1 0 1 
0 0 0 0 0 0 1 1 1 0 
1 0 0 0 0 0 0 0 0 0 
0 0 0 0 0 1 1 0 1 1 
1 0 1 0 0 0 0 0 0 1 
1 1 1 0 0 0 0 0 0 0 
0 1 0 0 0 0 0 0 0 0 
0 1 0 0 1 0 0 1 1 1 

JOBS [10] - [5, 8, 3, 2, 1, 6, 12, 10, 14, 11]
TOOL SWITCHES : 7
FLOWTIME : 57
MAKESPAN : 85

# -------------------------- #

--- TOTAL TOOL SWITCHES : 11
--- TOTAL FLOWTIME : 80
--- TOTAL MAKESPAN : 85
--- RUNNING TIME : 5.59539

# -------------------------- #
RUN : 1 - instancias_txt/SSP-NPM-I/ins68_m=2_j=15_t=15_var=8.txt

- MACHINE [0]

0 0 0 
0 1 0 
1 0 0 
1 0 1 
0 0 0 
0 0 0 
0 0 1 
0 0 0 
1 1 1 
0 1 1 
0 0 0 
0 1 0 
0 0 0 
0 0 0 
0 0 0 

JOBS [3] - [11, 1, 8]
TOOL SWITCHES : 2
FLOWTIME : 16
MAKESPAN : 20

- MACHINE [1]

0 0 0 0 0 0 0 0 1 1 1 0 
0 0 1 0 0 0 0 0 0 0 1 1 
1 1 0 1 0 0 0 0 0 0 0 1 
0 0 0 0 0 0 1 1 0 1 0 0 
0 1 0 1 1 1 1 0 0 0 0 0 
0 0 0 1 0 0 0 0 0 0 1 0 
0 0 0 0 0 1 1 0 0 1 0 1 
0 0 0 0 1 1 0 0 1 0 0 1 
0 0 0 0 0 0 0 0 0 0 0 0 
0 0 0 0 0 0 0 0 0 0 0 0 
1 0 1 0 0 0 0 1 0 0 1 1 
0 0 0 1 1 0 1 1 1 0 1 0 
0 1 1 0 0 0 0 0 0 0 0 0 
1 1 1 0 1 1 0 0 0 0 0 0 
1 0 1 0 1 0 1 0 1 0 0 0 

JOBS [12] - [14, 7, 13, 10, 0, 3, 2, 5, 12, 9, 4, 6]
TOOL SWITCHES : 9
FLOWTIME : 79
MAKESPAN : 115

# -------------------------- #

--- TOTAL TOOL SWITCHES : 11
--- TOTAL FLOWTIME : 95
--- TOTAL MAKESPAN : 115
--- RUNNING TIME : 5.2808

# -------------------------- #
RUN : 1 - instancias_txt/SSP-NPM-I/ins69_m=2_j=15_t=15_var=9.txt

- MACHINE [0]

0 0 0 
1 1 1 
0 1 1 
0 0 0 
0 0 0 
0 0 0 
0 0 0 
0 0 0 
1 0 1 
0 0 0 
0 0 0 
0 0 0 
1 1 0 
1 0 0 
1 1 1 

JOBS [3] - [9, 8, 6]
TOOL SWITCHES : 1
FLOWTIME : 15
MAKESPAN : 17

- MACHINE [1]

0 0 1 0 0 1 1 0 1 0 1 1 
0 1 0 0 1 0 0 0 0 0 0 0 
0 0 0 0 0 0 1 1 1 0 1 1 
0 0 0 0 0 0 0 1 0 0 0 0 
0 0 0 1 1 1 1 0 0 0 0 0 
0 1 0 1 0 0 0 1 0 0 0 1 
0 0 0 0 0 0 0 0 1 0 1 0 
0 0 0 0 0 1 0 0 0 0 0 0 
0 0 0 0 0 0 0 0 0 0 0 0 
0 0 0 0 0 0 0 0 0 1 1 0 
1 1 1 0 0 0 0 0 0 0 0 0 
0 0 0 0 0 0 0 0 0 0 0 0 
0 0 1 1 1 0 1 0 1 1 0 0 
1 0 0 0 0 1 0 0 1 0 0 0 
1 0 1 0 1 0 0 1 0 1 0 0 

JOBS [12] - [3, 10, 2, 5, 0, 13, 11, 4, 12, 1, 14, 7]
TOOL SWITCHES : 6
FLOWTIME : 66
MAKESPAN : 90

# -------------------------- #

--- TOTAL TOOL SWITCHES : 7
--- TOTAL FLOWTIME : 81
--- TOTAL MAKESPAN : 90
--- RUNNING TIME : 3.65973

# -------------------------- #
RUN : 1 - instancias_txt/SSP-NPM-I/ins70_m=2_j=15_t=15_var=10.txt

- MACHINE [0]

1 1 0 
0 0 0 
0 0 1 
0 0 0 
1 1 1 
0 0 0 
0 1 1 
0 1 0 
1 0 0 
0 0 0 
1 0 0 
0 0 0 
0 0 1 
1 0 0 
0 0 0 

JOBS [3] - [0, 8, 5]
TOOL SWITCHES : 4
FLOWTIME : 13
MAKESPAN : 21

- MACHINE [1]

0 0 0 0 0 0 0 0 0 0 0 0 
1 0 0 0 0 1 1 0 0 1 0 0 
1 0 0 0 1 0 0 0 0 0 0 0 
1 1 1 0 0 1 0 1 0 0 0 0 
0 0 0 0 0 1 0 1 1 0 0 0 
0 0 0 0 0 0 0 1 0 1 1 0 
0 1 1 1 0 0 0 0 0 0 0 0 
0 0 0 0 0 0 0 0 0 0 0 1 
0 1 0 0 1 0 1 0 0 0 0 1 
0 0 1 1 1 1 0 0 0 0 0 0 
1 1 0 0 0 0 0 0 0 0 0 0 
0 0 0 1 1 0 1 1 1 1 0 1 
0 0 0 0 0 0 0 0 0 0 0 0 
0 0 0 0 1 0 1 1 0 0 1 0 
1 0 1 0 0 0 0 0 1 0 1 1 

JOBS [12] - [13, 14, 7, 6, 12, 10, 2, 1, 9, 4, 3, 11]
TOOL SWITCHES : 7
FLOWTIME : 63
MAKESPAN : 91

# -------------------------- #

--- TOTAL TOOL SWITCHES : 11
--- TOTAL FLOWTIME : 76
--- TOTAL MAKESPAN : 91
--- RUNNING TIME : 4.6125

# -------------------------- #
RUN : 1 - instancias_txt/SSP-NPM-I/ins71_m=2_j=15_t=15_var=11.txt

- MACHINE [0]

1 0 0 
0 0 0 
0 0 0 
1 0 0 
1 0 1 
0 1 1 
0 0 0 
0 1 0 
1 1 0 
0 0 0 
0 0 0 
0 0 0 
0 0 0 
0 0 0 
0 1 1 

JOBS [3] - [14, 7, 0]
TOOL SWITCHES : 2
FLOWTIME : 22
MAKESPAN : 26

- MACHINE [1]

0 0 1 0 1 0 0 0 0 0 0 0 
1 0 1 1 0 1 0 0 0 0 0 0 
0 1 1 0 0 0 0 0 0 1 0 1 
0 0 0 0 0 0 0 0 1 1 1 0 
0 0 0 0 0 0 0 0 0 0 1 0 
0 0 0 1 0 0 0 1 0 1 0 0 
0 0 0 0 0 0 0 1 1 1 1 1 
0 0 0 0 0 0 1 1 1 0 1 1 
0 0 0 0 0 0 0 0 0 0 0 1 
0 0 0 0 0 1 1 1 0 0 0 0 
1 1 1 1 1 1 0 0 0 0 0 1 
0 1 0 1 1 1 1 1 1 0 0 0 
0 1 0 1 1 0 0 1 0 0 0 0 
1 0 1 0 1 0 1 0 1 0 1 0 
0 1 0 0 0 0 0 0 0 0 0 0 

JOBS [12] - [3, 13, 8, 9, 6, 10, 12, 5, 1, 4, 11, 2]
TOOL SWITCHES : 10
FLOWTIME : 76
MAKESPAN : 116

# -------------------------- #

--- TOTAL TOOL SWITCHES : 12
--- TOTAL FLOWTIME : 98
--- TOTAL MAKESPAN : 116
--- RUNNING TIME : 6.89618

# -------------------------- #
RUN : 1 - instancias_txt/SSP-NPM-I/ins72_m=2_j=15_t=15_var=12.txt

- MACHINE [0]

0 0 0 
0 0 0 
0 0 0 
0 1 1 
1 0 1 
0 0 1 
0 0 0 
1 0 0 
0 0 0 
0 0 0 
0 0 1 
0 1 1 
0 1 0 
1 1 0 
0 0 0 

JOBS [3] - [13, 2, 10]
TOOL SWITCHES : 3
FLOWTIME : 19
MAKESPAN : 25

- MACHINE [1]

0 1 1 0 0 1 1 0 1 1 1 1 
1 1 0 1 0 0 0 0 0 0 0 0 
1 0 1 0 0 1 0 0 1 0 0 1 
0 0 0 0 0 0 1 1 1 0 0 1 
1 1 0 0 1 1 0 1 0 0 0 0 
1 0 0 1 1 0 1 0 0 1 0 0 
0 0 0 0 1 1 1 0 0 0 0 0 
0 0 0 1 0 0 0 0 0 0 0 0 
1 0 1 0 1 0 1 1 0 0 1 1 
0 0 0 0 0 1 0 0 0 0 0 0 
0 0 0 0 0 0 0 0 0 0 0 1 
0 1 1 0 0 0 0 0 0 0 0 0 
0 0 0 0 0 0 0 1 1 0 0 0 
0 0 0 0 0 0 0 0 0 0 0 0 
0 0 0 0 0 0 0 0 1 1 1 0 

JOBS [12] - [7, 12, 1, 5, 11, 0, 6, 8, 9, 4, 14, 3]
TOOL SWITCHES : 7
FLOWTIME : 50
MAKESPAN : 78

# -------------------------- #

--- TOTAL TOOL SWITCHES : 10
--- TOTAL FLOWTIME : 69
--- TOTAL MAKESPAN : 78
--- RUNNING TIME : 4.77121

# -------------------------- #
RUN : 1 - instancias_txt/SSP-NPM-I/ins73_m=2_j=15_t=15_var=13.txt

- MACHINE [0]

0 0 0 
0 1 1 
0 1 0 
1 0 0 
1 1 0 
0 0 0 
0 0 0 
0 0 0 
0 0 0 
0 0 0 
0 1 1 
1 0 0 
0 0 1 
1 0 1 
0 0 0 

JOBS [3] - [1, 4, 10]
TOOL SWITCHES : 3
FLOWTIME : 22
MAKESPAN : 28

- MACHINE [1]

0 1 0 1 1 1 1 0 1 1 0 0 
0 0 1 1 0 0 1 0 0 0 0 0 
0 1 1 1 0 0 0 0 0 0 0 0 
0 0 0 0 0 0 0 1 1 0 0 0 
0 0 0 0 0 0 0 0 1 0 0 0 
1 0 0 1 1 0 0 0 0 0 0 0 
0 0 0 1 1 1 0 1 1 1 0 1 
1 0 1 0 0 0 0 0 0 0 0 0 
0 0 0 0 0 0 0 0 0 1 0 1 
0 1 1 0 0 1 0 1 0 0 0 0 
0 0 0 0 0 1 0 1 0 0 0 0 
1 1 0 0 0 1 1 0 0 0 1 0 
0 0 0 0 0 0 0 0 0 1 1 0 
0 0 0 0 0 0 0 0 0 0 0 1 
0 0 0 0 1 0 1 1 1 0 1 1 

JOBS [12] - [8, 5, 14, 0, 9, 2, 12, 7, 11, 6, 13, 3]
TOOL SWITCHES : 8
FLOWTIME : 65
MAKESPAN : 97

# -------------------------- #

--- TOTAL TOOL SWITCHES : 11
--- TOTAL FLOWTIME : 87
--- TOTAL MAKESPAN : 97
--- RUNNING TIME : 5.04674

# -------------------------- #
RUN : 1 - instancias_txt/SSP-NPM-I/ins74_m=2_j=15_t=15_var=14.txt

- MACHINE [0]

1 1 1 
0 0 0 
0 1 0 
0 0 0 
0 0 0 
1 0 0 
0 0 0 
0 0 0 
1 1 1 
0 0 0 
0 0 0 
0 0 1 
0 0 0 
1 1 0 
0 0 0 

JOBS [3] - [12, 8, 14]
TOOL SWITCHES : 1
FLOWTIME : 24
MAKESPAN : 26

- MACHINE [1]

0 0 0 0 0 0 0 1 1 1 0 1 
0 0 0 1 1 0 1 0 0 0 1 0 
0 0 0 0 0 0 0 0 0 0 0 0 
0 0 0 0 0 0 0 0 1 1 0 1 
0 0 0 0 0 1 1 1 1 1 0 0 
1 1 1 0 0 0 0 0 0 0 0 0 
0 1 1 1 0 0 0 0 0 0 0 0 
1 0 0 1 1 1 1 0 0 0 1 0 
0 1 0 1 1 1 0 0 0 0 0 0 
0 0 0 0 0 0 0 0 0 0 1 1 
1 0 0 0 1 0 0 0 1 1 0 1 
1 1 0 0 0 1 1 1 1 0 0 0 
0 0 1 0 0 1 1 1 0 0 0 0 
0 0 0 0 0 0 0 0 0 0 0 0 
1 1 0 0 0 0 0 0 0 0 1 0 

JOBS [12] - [10, 5, 6, 9, 13, 1, 0, 4, 3, 2, 7, 11]
TOOL SWITCHES : 7
FLOWTIME : 58
MAKESPAN : 86

# -------------------------- #

--- TOTAL TOOL SWITCHES : 8
--- TOTAL FLOWTIME : 82
--- TOTAL MAKESPAN : 86
--- RUNNING TIME : 5.14045

# -------------------------- #
RUN : 1 - instancias_txt/SSP-NPM-I/ins75_m=2_j=15_t=15_var=15.txt

- MACHINE [0]

0 0 1 
0 1 1 
0 0 0 
0 0 0 
0 0 0 
1 0 0 
1 1 1 
0 0 0 
0 0 0 
0 0 1 
0 0 0 
1 1 0 
1 0 0 
0 1 0 
0 0 0 

JOBS [3] - [1, 3, 9]
TOOL SWITCHES : 3
FLOWTIME : 21
MAKESPAN : 27

- MACHINE [1]

0 0 1 1 1 0 0 0 0 1 1 1 
0 0 0 0 0 0 0 0 0 0 0 1 
1 1 0 0 0 1 1 0 0 0 0 0 
0 0 0 0 0 0 1 1 1 0 1 1 
0 1 0 1 0 0 0 0 0 0 0 0 
0 0 0 0 0 0 0 0 0 0 0 0 
0 0 0 0 0 0 0 0 0 0 0 0 
0 0 0 1 1 1 0 1 0 1 0 1 
1 1 0 0 0 0 1 1 1 1 1 0 
1 0 1 0 0 0 0 0 0 0 0 0 
0 1 1 1 0 0 0 0 1 0 0 0 
0 0 0 0 1 1 0 0 0 0 0 0 
0 0 1 0 0 1 1 0 1 0 0 0 
0 0 0 0 0 0 0 0 0 1 1 0 
0 0 0 0 0 0 0 0 0 0 0 0 

JOBS [12] - [4, 14, 12, 5, 7, 8, 11, 2, 10, 0, 13, 6]
TOOL SWITCHES : 5
FLOWTIME : 70
MAKESPAN : 90

# -------------------------- #

--- TOTAL TOOL SWITCHES : 8
--- TOTAL FLOWTIME : 91
--- TOTAL MAKESPAN : 90
--- RUNNING TIME : 4.13234

# -------------------------- #
RUN : 1 - instancias_txt/SSP-NPM-I/ins76_m=2_j=15_t=15_var=16.txt

- MACHINE [0]

0 0 0 0 
0 1 0 1 
0 0 0 0 
0 0 0 0 
0 0 0 0 
1 0 1 1 
0 0 0 0 
1 1 0 0 
1 1 1 0 
0 1 1 1 
0 0 1 1 
1 0 0 0 
0 0 0 0 
0 0 0 0 
1 0 0 0 

JOBS [4] - [12, 11, 5, 1]
TOOL SWITCHES : 3
FLOWTIME : 24
MAKESPAN : 30

- MACHINE [1]

0 1 1 1 0 0 0 0 0 0 0 
0 0 0 0 0 0 0 0 0 1 1 
0 0 0 0 0 1 0 1 1 0 0 
0 0 1 1 0 0 0 0 0 1 0 
0 0 0 0 0 0 0 0 0 0 0 
0 0 0 0 0 0 0 0 0 0 0 
0 0 1 0 0 0 1 1 0 0 0 
0 0 0 0 1 1 0 1 1 1 1 
0 0 0 0 0 0 0 0 0 0 0 
0 1 1 0 1 1 0 0 0 0 0 
1 1 0 0 0 0 0 0 0 0 0 
0 0 0 0 0 0 1 1 0 1 0 
1 1 0 1 1 0 0 0 0 0 0 
1 0 0 0 1 0 0 0 1 0 0 
1 0 0 1 0 0 1 0 1 1 1 

JOBS [11] - [2, 6, 7, 9, 4, 3, 0, 13, 10, 14, 8]
TOOL SWITCHES : 5
FLOWTIME : 40
MAKESPAN : 60

# -------------------------- #

--- TOTAL TOOL SWITCHES : 8
--- TOTAL FLOWTIME : 64
--- TOTAL MAKESPAN : 60
--- RUNNING TIME : 4.81516

# -------------------------- #
RUN : 1 - instancias_txt/SSP-NPM-I/ins77_m=2_j=15_t=15_var=17.txt

- MACHINE [0]

0 0 0 0 
0 0 0 0 
0 0 0 0 
0 0 0 0 
0 1 1 1 
0 0 0 0 
0 0 1 1 
0 1 1 0 
1 1 0 0 
1 1 0 0 
0 0 0 0 
0 0 0 1 
0 0 0 0 
1 0 0 1 
0 0 0 0 

JOBS [4] - [0, 5, 3, 1]
TOOL SWITCHES : 2
FLOWTIME : 19
MAKESPAN : 23

- MACHINE [1]

1 1 0 1 0 1 0 0 0 0 0 
0 0 1 1 1 0 1 0 0 1 0 
0 0 0 0 0 0 0 1 1 1 0 
1 1 0 0 0 0 0 0 0 1 0 
1 1 0 1 1 0 0 0 0 0 0 
1 0 0 0 1 1 1 1 0 0 0 
0 0 0 0 0 0 0 0 0 0 0 
0 0 0 0 0 0 1 1 0 0 0 
0 0 1 0 1 0 1 0 0 0 0 
1 0 1 0 0 0 0 0 1 0 0 
0 0 0 0 0 1 0 1 1 0 1 
0 0 0 1 0 1 0 0 0 0 0 
0 0 0 0 0 0 1 0 1 1 1 
0 0 0 0 0 0 0 0 1 1 1 
0 1 1 1 0 0 0 0 0 0 1 

JOBS [11] - [6, 12, 13, 7, 9, 2, 4, 8, 10, 14, 11]
TOOL SWITCHES : 9
FLOWTIME : 48
MAKESPAN : 84

# -------------------------- #

--- TOTAL TOOL SWITCHES : 11
--- TOTAL FLOWTIME : 67
--- TOTAL MAKESPAN : 84
--- RUNNING TIME : 5.23131

# -------------------------- #
RUN : 1 - instancias_txt/SSP-NPM-I/ins78_m=2_j=15_t=15_var=18.txt

- MACHINE [0]

0 0 0 
0 0 0 
0 0 1 
0 1 0 
0 0 0 
0 0 0 
1 0 0 
0 0 1 
0 0 0 
1 1 1 
0 0 0 
0 0 0 
1 1 1 
1 0 1 
0 1 0 

JOBS [3] - [1, 2, 6]
TOOL SWITCHES : 3
FLOWTIME : 25
MAKESPAN : 31

- MACHINE [1]

1 1 1 1 1 1 0 0 0 0 0 0 
0 0 0 0 1 1 1 0 0 0 0 0 
0 0 1 1 1 0 0 0 0 0 0 0 
0 0 0 0 0 0 0 1 0 1 1 1 
0 0 0 0 0 0 0 0 0 0 0 0 
1 0 1 0 0 0 1 0 1 0 1 1 
0 0 0 0 0 0 0 0 0 0 0 0 
1 0 0 0 0 1 0 0 1 0 1 0 
0 0 0 1 0 1 1 0 0 1 0 1 
1 0 1 0 0 0 0 0 0 0 0 0 
1 1 0 1 0 0 1 1 0 0 0 0 
0 1 0 0 1 0 0 1 1 1 0 0 
0 0 0 0 0 0 0 0 0 0 0 0 
0 0 0 0 0 0 0 0 1 0 0 0 
0 0 0 0 0 1 0 0 1 1 0 1 

JOBS [12] - [10, 4, 5, 11, 8, 9, 7, 0, 14, 13, 3, 12]
TOOL SWITCHES : 6
FLOWTIME : 62
MAKESPAN : 86

# -------------------------- #

--- TOTAL TOOL SWITCHES : 9
--- TOTAL FLOWTIME : 87
--- TOTAL MAKESPAN : 86
--- RUNNING TIME : 4.99486

# -------------------------- #
RUN : 1 - instancias_txt/SSP-NPM-I/ins79_m=2_j=15_t=15_var=19.txt

- MACHINE [0]

0 0 0 0 
0 0 0 0 
0 1 1 1 
1 1 0 0 
0 0 0 0 
0 0 0 0 
0 0 0 0 
0 0 0 0 
1 0 1 1 
1 0 0 0 
0 0 0 0 
0 0 1 0 
0 0 0 0 
0 1 1 1 
1 1 0 1 

JOBS [4] - [8, 12, 6, 14]
TOOL SWITCHES : 2
FLOWTIME : 26
MAKESPAN : 30

- MACHINE [1]

0 0 0 0 1 0 1 0 0 1 0 
0 0 0 0 0 1 1 0 1 0 1 
0 0 0 0 0 0 0 0 0 0 0 
0 1 1 0 0 1 0 0 0 0 0 
0 0 0 0 1 1 0 1 1 1 0 
0 1 0 1 0 0 1 0 0 0 0 
1 0 1 0 1 1 1 0 0 0 0 
1 1 0 1 0 0 0 0 0 1 1 
0 0 0 0 0 0 0 1 1 1 0 
0 0 0 1 0 0 0 0 0 1 0 
1 0 0 0 1 0 0 0 1 0 0 
0 1 0 0 1 0 0 0 0 0 0 
0 0 0 0 0 0 1 1 0 0 1 
0 0 0 0 0 0 0 0 0 0 1 
1 1 1 0 0 0 0 0 0 0 0 

JOBS [11] - [11, 9, 1, 13, 5, 4, 10, 7, 0, 2, 3]
TOOL SWITCHES : 9
FLOWTIME : 61
MAKESPAN : 97

# -------------------------- #

--- TOTAL TOOL SWITCHES : 11
--- TOTAL FLOWTIME : 87
--- TOTAL MAKESPAN : 97
--- RUNNING TIME : 5.13937

# -------------------------- #
RUN : 1 - instancias_txt/SSP-NPM-I/ins80_m=2_j=15_t=15_var=20.txt

- MACHINE [0]

0 0 0 
0 0 0 
0 0 1 
0 0 0 
0 0 0 
0 0 0 
0 0 0 
1 0 1 
0 0 1 
1 0 0 
1 0 1 
1 1 0 
0 1 1 
0 0 0 
1 1 0 

JOBS [3] - [1, 6, 12]
TOOL SWITCHES : 3
FLOWTIME : 20
MAKESPAN : 26

- MACHINE [1]

1 0 1 0 0 1 1 0 0 0 0 0 
0 0 0 1 1 0 0 0 0 0 1 0 
0 0 1 0 0 1 0 0 0 0 0 1 
0 0 0 0 0 0 1 0 0 0 1 1 
1 1 1 0 0 0 0 0 0 0 0 0 
1 1 0 1 0 0 1 1 1 1 0 0 
0 1 0 1 0 1 1 1 1 0 0 0 
0 1 0 0 0 0 0 0 0 0 0 0 
0 0 0 0 0 0 0 0 1 0 1 0 
0 0 0 0 0 0 0 0 0 0 0 0 
0 0 0 0 0 0 0 0 1 1 1 0 
1 0 0 1 1 0 0 0 0 0 0 0 
0 1 1 1 0 0 0 0 0 0 0 0 
1 0 0 0 0 0 0 0 0 1 0 1 
0 0 0 0 1 1 1 1 0 0 0 0 

JOBS [12] - [13, 10, 11, 7, 4, 3, 0, 5, 14, 9, 8, 2]
TOOL SWITCHES : 8
FLOWTIME : 71
MAKESPAN : 103

# -------------------------- #

--- TOTAL TOOL SWITCHES : 11
--- TOTAL FLOWTIME : 91
--- TOTAL MAKESPAN : 103
--- RUNNING TIME : 4.71245

# -------------------------- #

Average TS : 201/20 = 10.05
