RUN : 1 - instancias_txt/SSP-NPM-I/ins141_m=3_j=20_t=20_var=1.txt

- MACHINE [0]

1 0 
1 0 
1 0 
1 1 
0 1 
0 1 
0 0 
0 0 
1 0 
0 0 
0 1 
0 0 
0 0 
0 0 
0 0 
0 0 
0 0 
1 1 
0 0 
0 1 

JOBS [2] - [4, 16]
TOOL SWITCHES : 3
FLOWTIME : 6
MAKESPAN : 12

- MACHINE [1]

1 1 0 0 
0 0 0 0 
0 0 0 0 
0 0 0 1 
0 0 0 0 
0 0 0 0 
1 0 0 1 
1 0 0 0 
0 0 0 1 
0 1 1 0 
0 0 1 0 
0 0 0 0 
0 1 0 1 
0 0 0 0 
1 1 1 0 
0 1 1 0 
0 0 0 0 
1 0 1 0 
1 1 0 1 
0 0 0 0 

JOBS [4] - [2, 1, 19, 6]
TOOL SWITCHES : 2
FLOWTIME : 15
MAKESPAN : 21

- MACHINE [2]

0 0 0 0 0 0 0 0 0 0 0 1 0 1 
1 0 1 0 0 1 0 1 0 1 0 0 0 0 
0 0 0 1 1 0 0 1 1 1 0 1 0 0 
0 0 0 0 0 0 0 0 0 0 0 0 0 0 
0 1 1 0 0 0 1 0 0 0 0 0 0 0 
0 0 0 0 0 0 1 0 1 1 1 0 1 0 
0 0 0 0 0 0 0 1 1 1 1 0 1 0 
0 0 1 1 1 1 0 0 0 0 0 0 0 0 
0 0 1 0 1 0 0 0 0 0 0 1 1 1 
0 1 0 0 0 1 0 0 0 0 0 0 1 1 
0 0 0 1 0 0 1 0 0 0 1 1 1 1 
1 1 0 1 1 0 0 0 1 1 0 0 0 0 
1 1 0 1 0 1 1 1 0 0 0 0 0 0 
0 0 0 0 1 1 1 0 0 1 1 1 1 1 
0 1 1 1 1 0 1 1 0 0 0 0 1 0 
1 1 1 0 1 0 0 0 0 0 0 0 0 0 
1 0 0 0 0 1 0 0 1 0 1 0 0 1 
0 0 0 0 0 0 0 0 0 0 0 0 0 0 
1 0 1 0 0 0 0 0 0 1 1 0 0 0 
0 0 0 0 0 0 0 1 0 0 0 1 0 0 

JOBS [14] - [12, 11, 18, 7, 9, 8, 15, 0, 3, 5, 13, 14, 10, 17]
TOOL SWITCHES : 6
FLOWTIME : 85
MAKESPAN : 109

# -------------------------- #

--- TOTAL TOOL SWITCHES : 11
--- TOTAL FLOWTIME : 106
--- TOTAL MAKESPAN : 109
--- RUNNING TIME : 13.8566

# -------------------------- #
RUN : 1 - instancias_txt/SSP-NPM-I/ins142_m=3_j=20_t=20_var=2.txt

- MACHINE [0]

0 0 
0 0 
1 1 
0 1 
1 0 
1 0 
1 1 
0 0 
0 0 
0 0 
0 0 
0 1 
1 1 
0 0 
0 0 
0 0 
0 0 
1 0 
0 0 
0 0 

JOBS [2] - [13, 16]
TOOL SWITCHES : 1
FLOWTIME : 11
MAKESPAN : 13

- MACHINE [1]

0 1 0 0 1 
0 0 0 0 0 
0 0 1 1 0 
0 0 0 0 0 
0 0 0 0 0 
0 0 0 0 0 
1 0 0 0 0 
0 1 1 0 1 
1 1 1 1 0 
0 0 0 0 0 
0 0 0 0 0 
1 0 0 0 1 
0 0 1 0 1 
1 0 1 1 0 
0 0 0 0 0 
0 0 0 0 0 
0 0 1 0 1 
0 1 0 1 1 
1 1 1 1 0 
0 0 0 0 0 

JOBS [5] - [5, 0, 2, 17, 19]
TOOL SWITCHES : 1
FLOWTIME : 30
MAKESPAN : 33

- MACHINE [2]

0 0 1 0 1 1 1 0 0 0 0 0 0 
0 0 0 0 0 1 0 1 1 0 0 0 1 
0 1 0 1 0 0 0 0 0 0 0 0 0 
1 1 1 0 0 1 0 0 0 0 0 0 0 
1 1 0 0 0 0 1 1 0 0 0 0 1 
0 0 1 0 0 0 1 0 1 1 1 1 0 
0 1 0 0 0 0 0 0 0 1 0 0 1 
1 0 1 1 0 1 0 1 1 0 1 1 1 
0 0 0 0 0 0 0 0 0 0 0 0 0 
0 0 0 1 0 0 1 0 1 0 1 0 0 
0 0 0 0 0 1 0 1 1 1 0 0 1 
0 0 0 0 0 0 0 0 0 0 0 0 0 
0 0 0 0 0 0 0 0 0 0 1 0 0 
0 0 0 0 1 1 0 1 0 1 0 1 0 
0 0 0 1 1 0 1 0 1 1 0 0 1 
1 1 0 1 0 0 0 0 0 0 0 0 0 
1 0 0 1 1 0 0 0 0 0 0 0 0 
0 0 0 0 0 0 0 0 1 0 1 1 0 
0 0 0 1 0 0 1 0 0 1 1 0 1 
0 1 1 0 1 0 1 1 0 0 0 1 0 

JOBS [13] - [9, 4, 8, 11, 7, 3, 18, 10, 1, 14, 12, 6, 15]
TOOL SWITCHES : 5
FLOWTIME : 66
MAKESPAN : 86

# -------------------------- #

--- TOTAL TOOL SWITCHES : 7
--- TOTAL FLOWTIME : 107
--- TOTAL MAKESPAN : 86
--- RUNNING TIME : 12.7169

# -------------------------- #
RUN : 1 - instancias_txt/SSP-NPM-I/ins143_m=3_j=20_t=20_var=3.txt

- MACHINE [0]

1 0 
0 0 
0 0 
1 0 
0 1 
1 1 
0 0 
0 0 
1 1 
0 0 
0 0 
0 0 
0 1 
0 1 
0 0 
1 1 
0 0 
0 0 
0 0 
0 0 

JOBS [2] - [14, 5]
TOOL SWITCHES : 1
FLOWTIME : 5
MAKESPAN : 7

- MACHINE [1]

0 1 1 1 1 
1 1 1 1 0 
0 0 0 0 0 
0 0 1 1 0 
0 0 0 0 0 
0 1 1 0 0 
0 1 0 1 0 
1 0 1 1 0 
0 0 0 0 0 
1 0 0 0 1 
1 1 0 0 0 
0 0 0 0 0 
0 0 0 1 0 
1 0 0 0 0 
1 0 0 0 1 
0 0 0 0 0 
0 0 0 1 1 
0 0 0 0 0 
0 0 0 0 0 
0 1 1 0 1 

JOBS [5] - [12, 4, 9, 7, 1]
TOOL SWITCHES : 3
FLOWTIME : 37
MAKESPAN : 46

- MACHINE [2]

0 0 0 0 0 0 0 0 0 0 0 0 0 
0 0 0 0 0 0 0 0 0 0 1 0 0 
1 0 0 0 0 1 0 1 0 1 0 1 0 
0 1 0 0 1 0 0 0 0 1 1 0 0 
1 0 0 1 0 1 1 1 1 1 0 1 0 
1 0 0 1 0 1 0 0 0 0 1 0 1 
0 0 0 0 1 0 1 0 0 0 0 0 0 
0 0 0 0 0 0 0 1 1 0 0 1 0 
0 1 1 0 0 1 1 0 1 1 0 0 1 
1 0 0 0 0 0 0 0 0 0 0 0 0 
0 0 1 1 0 0 0 0 0 0 0 0 0 
0 0 1 0 1 0 0 0 0 0 1 1 1 
0 0 0 0 0 0 0 0 0 0 0 0 0 
0 1 0 1 0 1 0 0 0 0 0 0 0 
0 0 0 1 0 0 0 0 0 1 1 1 1 
0 1 1 0 1 0 0 1 0 0 0 1 0 
0 1 1 0 0 0 0 1 0 0 0 0 1 
0 1 0 0 1 1 0 0 1 0 0 0 0 
1 0 1 1 0 0 1 0 1 0 1 1 0 
0 0 0 0 0 0 1 1 1 1 0 0 1 

JOBS [13] - [6, 10, 3, 2, 15, 19, 16, 13, 11, 18, 8, 0, 17]
TOOL SWITCHES : 5
FLOWTIME : 79
MAKESPAN : 99

# -------------------------- #

--- TOTAL TOOL SWITCHES : 9
--- TOTAL FLOWTIME : 121
--- TOTAL MAKESPAN : 99
--- RUNNING TIME : 12.9555

# -------------------------- #
RUN : 1 - instancias_txt/SSP-NPM-I/ins144_m=3_j=20_t=20_var=4.txt

- MACHINE [0]

0 1 
0 0 
1 1 
0 0 
0 0 
1 1 
0 0 
1 1 
1 0 
0 0 
0 0 
1 1 
0 0 
0 0 
0 0 
0 0 
0 0 
1 0 
0 0 
0 0 

JOBS [2] - [10, 18]
TOOL SWITCHES : 0
FLOWTIME : 4
MAKESPAN : 4

- MACHINE [1]

1 0 0 0 
0 0 0 1 
0 0 0 0 
0 0 0 0 
0 1 0 1 
1 1 0 1 
1 0 1 0 
0 1 1 0 
0 1 1 1 
1 1 1 1 
0 1 1 0 
0 0 0 0 
1 0 1 0 
1 0 0 0 
0 0 0 1 
0 0 0 0 
0 0 0 0 
0 0 0 1 
0 0 0 0 
1 0 1 0 

JOBS [4] - [1, 17, 4, 12]
TOOL SWITCHES : 4
FLOWTIME : 13
MAKESPAN : 25

- MACHINE [2]

0 0 0 0 0 0 1 0 1 1 1 1 0 0 
1 0 0 1 1 0 0 0 0 0 0 0 0 0 
0 1 1 0 0 0 1 0 0 0 0 0 1 1 
0 1 1 0 1 0 0 1 0 1 1 1 1 1 
0 0 0 0 0 0 0 0 0 0 0 0 0 0 
0 0 0 0 0 0 0 0 0 0 0 0 0 0 
0 0 0 1 0 0 1 0 1 0 0 0 1 0 
0 0 0 0 0 1 0 1 1 0 0 0 0 1 
1 0 0 0 0 0 1 1 0 1 0 0 0 1 
0 1 0 0 0 0 0 0 0 1 0 1 1 0 
0 1 0 1 1 1 0 0 0 1 0 0 0 0 
1 1 0 0 0 0 0 0 0 0 0 0 0 0 
0 0 0 0 0 0 0 0 0 0 1 0 1 0 
1 0 1 1 0 1 0 0 0 0 0 0 0 0 
0 1 1 0 0 1 0 0 1 0 1 1 1 0 
1 0 1 1 1 0 0 1 1 0 0 1 0 1 
0 0 0 1 1 1 1 0 0 0 0 0 0 0 
0 0 1 0 0 0 1 0 0 0 1 0 0 1 
1 1 0 0 0 0 0 1 0 0 1 1 0 0 
0 0 0 0 0 0 0 1 1 1 0 1 0 1 

JOBS [14] - [19, 13, 3, 14, 0, 15, 11, 8, 7, 2, 5, 9, 16, 6]
TOOL SWITCHES : 5
FLOWTIME : 52
MAKESPAN : 72

# -------------------------- #

--- TOTAL TOOL SWITCHES : 9
--- TOTAL FLOWTIME : 69
--- TOTAL MAKESPAN : 72
--- RUNNING TIME : 13.9949

# -------------------------- #
RUN : 1 - instancias_txt/SSP-NPM-I/ins145_m=3_j=20_t=20_var=5.txt

- MACHINE [0]

1 1 
0 0 
1 1 
0 0 
0 0 
0 0 
1 0 
1 1 
1 1 
0 0 
0 1 
0 1 
0 0 
0 1 
0 0 
0 0 
0 0 
0 0 
0 0 
0 0 

JOBS [2] - [10, 0]
TOOL SWITCHES : 1
FLOWTIME : 20
MAKESPAN : 22

- MACHINE [1]

0 0 0 0 0 
1 0 0 0 0 
0 1 0 0 0 
1 1 0 0 1 
0 1 1 1 0 
0 1 1 0 0 
1 0 0 0 1 
0 0 0 0 0 
0 0 0 0 0 
0 0 0 1 1 
1 0 1 1 1 
0 1 0 0 0 
0 0 0 0 0 
0 0 0 0 0 
0 0 0 0 1 
1 1 1 1 1 
0 0 0 0 0 
0 0 0 0 0 
1 0 0 1 0 
0 0 1 0 1 

JOBS [5] - [15, 17, 13, 11, 1]
TOOL SWITCHES : 3
FLOWTIME : 21
MAKESPAN : 30

- MACHINE [2]

1 1 0 1 0 0 0 0 0 0 0 0 0 
0 0 1 0 0 1 1 1 0 0 0 0 1 
0 0 0 1 1 0 0 1 1 0 0 0 0 
0 0 0 0 0 0 0 0 0 0 0 0 0 
0 0 0 1 1 1 1 0 0 0 0 0 1 
1 0 0 0 0 0 0 0 1 0 1 1 0 
0 0 0 0 0 0 0 0 0 0 0 0 0 
1 1 1 0 0 1 0 0 0 0 0 0 1 
0 0 1 0 0 0 1 0 1 0 0 0 0 
1 0 1 1 1 0 1 1 0 1 0 0 1 
0 0 0 0 0 0 0 0 0 1 1 1 1 
0 0 0 0 0 0 1 1 0 0 1 1 0 
0 0 0 0 0 1 1 1 0 1 1 1 0 
0 1 0 1 0 1 0 0 1 1 1 0 0 
0 1 0 0 0 0 0 0 0 0 0 0 0 
0 0 0 0 1 0 0 1 0 1 1 0 0 
0 0 1 0 1 0 0 0 1 0 1 0 1 
1 1 0 0 1 0 0 0 0 1 0 1 0 
1 0 0 1 0 0 1 1 1 0 0 1 0 
0 1 1 0 1 0 0 0 0 0 0 0 0 

JOBS [13] - [7, 2, 5, 19, 12, 4, 3, 9, 6, 14, 18, 16, 8]
TOOL SWITCHES : 6
FLOWTIME : 72
MAKESPAN : 96

# -------------------------- #

--- TOTAL TOOL SWITCHES : 10
--- TOTAL FLOWTIME : 113
--- TOTAL MAKESPAN : 96
--- RUNNING TIME : 13.7302

# -------------------------- #
RUN : 1 - instancias_txt/SSP-NPM-I/ins146_m=3_j=20_t=20_var=6.txt

- MACHINE [0]

0 0 
0 0 
0 0 
1 1 
1 1 
0 0 
1 0 
0 0 
0 0 
0 0 
0 1 
0 0 
1 0 
0 0 
0 0 
0 0 
1 1 
1 1 
1 0 
0 0 

JOBS [2] - [8, 6]
TOOL SWITCHES : 1
FLOWTIME : 10
MAKESPAN : 12

- MACHINE [1]

0 0 1 0 
0 0 1 0 
0 0 0 0 
0 0 0 0 
1 0 1 0 
0 1 1 1 
0 0 0 0 
0 0 0 0 
0 1 0 1 
0 0 0 0 
1 1 0 1 
0 0 0 0 
1 1 1 0 
0 0 0 0 
1 1 0 1 
0 0 1 0 
0 0 0 0 
0 0 0 0 
1 0 0 1 
1 1 0 0 

JOBS [4] - [2, 14, 17, 10]
TOOL SWITCHES : 1
FLOWTIME : 15
MAKESPAN : 18

- MACHINE [2]

0 0 0 0 0 0 1 0 0 0 0 0 1 1 
0 1 0 0 0 1 0 0 0 0 0 0 0 0 
1 0 0 0 1 0 1 1 1 0 1 0 0 1 
0 1 1 0 0 0 0 0 1 0 0 1 1 0 
0 0 0 0 0 0 0 0 0 0 0 0 0 0 
0 1 0 0 1 1 1 1 1 1 1 0 0 1 
0 0 1 1 0 1 0 0 0 0 0 1 0 1 
0 0 1 1 1 0 0 0 0 0 0 0 0 0 
0 1 0 0 1 0 1 0 1 1 0 0 0 1 
0 0 0 0 0 0 0 0 0 1 1 1 0 0 
0 0 0 0 0 1 0 1 0 1 1 0 0 0 
0 0 0 1 0 1 0 0 0 0 1 0 0 0 
1 0 0 1 1 1 0 0 0 0 0 0 0 0 
0 0 0 0 0 0 0 0 1 0 1 0 1 0 
1 0 0 1 1 0 0 1 1 0 0 0 0 0 
1 0 1 0 0 0 0 1 0 1 0 0 0 0 
0 1 1 0 1 0 1 0 0 0 0 1 1 0 
0 0 0 0 0 0 0 0 0 0 0 1 1 1 
0 0 0 0 0 0 0 0 0 0 0 1 1 0 
1 1 0 0 0 1 1 1 0 1 1 0 0 1 

JOBS [14] - [5, 0, 11, 4, 12, 3, 9, 7, 15, 1, 18, 19, 13, 16]
TOOL SWITCHES : 6
FLOWTIME : 78
MAKESPAN : 102

# -------------------------- #

--- TOTAL TOOL SWITCHES : 8
--- TOTAL FLOWTIME : 103
--- TOTAL MAKESPAN : 102
--- RUNNING TIME : 11.7846

# -------------------------- #
RUN : 1 - instancias_txt/SSP-NPM-I/ins147_m=3_j=20_t=20_var=7.txt

- MACHINE [0]

0 0 
0 0 
1 1 
0 0 
0 0 
1 1 
0 0 
0 0 
0 0 
1 0 
0 0 
0 0 
1 1 
1 0 
0 0 
0 0 
0 0 
0 1 
1 1 
0 1 

JOBS [2] - [6, 19]
TOOL SWITCHES : 1
FLOWTIME : 4
MAKESPAN : 6

- MACHINE [1]

1 0 0 0 
0 0 0 0 
0 1 0 1 
1 1 0 0 
1 1 1 1 
0 0 0 0 
0 0 0 1 
0 1 0 0 
0 0 0 0 
0 0 1 0 
0 1 1 0 
1 0 1 1 
0 0 0 0 
0 0 0 0 
0 0 0 0 
0 0 0 0 
0 0 1 1 
0 0 0 0 
1 0 0 0 
0 1 1 0 

JOBS [4] - [0, 10, 1, 16]
TOOL SWITCHES : 2
FLOWTIME : 22
MAKESPAN : 28

- MACHINE [2]

0 0 0 0 0 0 1 1 0 1 0 0 1 1 
0 0 0 0 0 0 0 0 1 1 1 1 1 0 
0 0 0 0 0 0 0 0 0 0 0 0 0 0 
0 0 0 0 0 0 0 0 0 0 1 0 0 1 
0 0 0 0 0 0 0 0 0 0 0 0 0 0 
1 1 0 1 0 1 0 0 0 0 0 1 1 0 
0 0 0 0 0 0 0 1 0 0 1 0 0 0 
0 0 1 0 0 1 1 0 0 0 0 0 0 0 
0 0 0 0 1 1 1 0 0 0 0 0 0 0 
0 0 0 1 1 0 0 0 0 0 0 0 0 1 
0 1 0 0 1 0 0 1 0 0 0 1 0 0 
1 1 0 1 0 1 0 0 0 0 0 0 0 0 
0 0 0 0 0 0 0 0 0 0 1 1 0 0 
0 0 1 0 0 0 1 0 1 1 1 0 0 0 
0 0 1 1 1 0 0 0 0 1 1 0 1 1 
1 0 0 0 1 0 1 1 1 1 0 0 0 0 
1 1 1 0 1 0 0 1 1 0 1 1 0 0 
1 1 1 0 0 0 0 1 1 1 0 0 0 1 
0 0 1 1 1 0 0 0 1 0 0 0 1 0 
0 1 0 0 0 1 0 0 0 0 0 0 0 0 

JOBS [14] - [14, 8, 9, 3, 15, 4, 13, 18, 17, 7, 11, 12, 2, 5]
TOOL SWITCHES : 5
FLOWTIME : 77
MAKESPAN : 97

# -------------------------- #

--- TOTAL TOOL SWITCHES : 8
--- TOTAL FLOWTIME : 103
--- TOTAL MAKESPAN : 97
--- RUNNING TIME : 12.0706

# -------------------------- #
RUN : 1 - instancias_txt/SSP-NPM-I/ins148_m=3_j=20_t=20_var=8.txt

- MACHINE [0]

1 1 
0 1 
0 0 
0 0 
1 0 
0 0 
0 0 
0 0 
0 0 
1 0 
0 1 
0 0 
0 0 
0 0 
0 0 
0 0 
0 0 
1 1 
1 0 
1 1 

JOBS [2] - [3, 11]
TOOL SWITCHES : 1
FLOWTIME : 8
MAKESPAN : 10

- MACHINE [1]

0 1 1 0 1 0 
0 0 0 0 0 0 
1 0 0 0 0 0 
1 0 0 1 0 1 
1 0 1 1 1 0 
1 1 0 0 0 0 
1 0 1 1 1 0 
0 1 1 1 0 1 
0 0 0 0 0 0 
0 0 0 0 0 0 
1 0 0 0 0 1 
0 0 0 0 0 0 
0 0 0 0 0 0 
0 0 0 0 0 0 
0 1 1 1 0 0 
0 1 0 1 1 1 
0 1 0 0 1 0 
0 0 0 0 1 1 
0 0 0 0 0 0 
0 0 1 0 0 1 

JOBS [6] - [15, 14, 10, 19, 1, 0]
TOOL SWITCHES : 3
FLOWTIME : 38
MAKESPAN : 47

- MACHINE [2]

0 0 0 0 0 0 0 0 0 0 0 0 
0 0 1 0 0 1 1 1 1 0 1 1 
1 1 0 1 1 0 0 0 0 0 0 0 
0 0 0 0 0 0 0 0 0 0 0 0 
0 0 0 0 0 0 1 0 0 0 1 0 
1 0 1 0 0 1 0 0 0 0 0 0 
0 0 0 0 0 0 0 1 1 0 0 1 
0 0 1 1 0 1 1 0 0 0 0 0 
0 0 1 1 1 0 0 1 0 0 0 1 
0 0 0 0 0 0 0 0 1 1 0 0 
0 0 0 0 1 1 1 1 0 1 0 0 
0 0 0 0 0 1 0 1 0 0 1 0 
1 0 0 0 1 0 0 0 0 1 1 0 
0 1 0 0 0 1 0 1 0 1 1 1 
1 1 1 0 1 0 0 0 1 1 0 0 
0 1 0 1 0 0 0 0 1 1 0 0 
1 0 1 0 0 0 0 0 0 0 1 1 
1 1 0 1 0 0 1 0 1 0 0 0 
0 1 0 1 0 0 1 0 0 0 0 0 
0 0 1 0 0 0 0 0 0 0 0 0 

JOBS [12] - [16, 6, 12, 13, 18, 4, 2, 5, 17, 7, 9, 8]
TOOL SWITCHES : 5
FLOWTIME : 59
MAKESPAN : 79

# -------------------------- #

--- TOTAL TOOL SWITCHES : 9
--- TOTAL FLOWTIME : 105
--- TOTAL MAKESPAN : 79
--- RUNNING TIME : 13.1807

# -------------------------- #
RUN : 1 - instancias_txt/SSP-NPM-I/ins149_m=3_j=20_t=20_var=9.txt

- MACHINE [0]

1 1 
0 1 
0 0 
1 0 
0 0 
0 0 
1 0 
0 0 
0 0 
0 0 
0 0 
0 0 
0 0 
1 1 
0 0 
0 0 
0 0 
0 1 
1 1 
1 1 

JOBS [2] - [1, 2]
TOOL SWITCHES : 1
FLOWTIME : 16
MAKESPAN : 18

- MACHINE [1]

0 0 0 0 0 
1 0 1 0 0 
1 1 0 0 0 
0 0 0 0 0 
1 0 1 0 1 
1 1 0 1 1 
0 1 1 1 0 
0 1 0 1 0 
0 0 0 0 0 
1 1 0 1 0 
1 0 0 0 0 
0 0 1 1 1 
0 0 0 0 0 
0 1 1 0 0 
1 0 0 0 1 
0 0 0 0 0 
0 0 0 0 0 
0 1 1 1 0 
0 0 0 0 1 
0 0 0 1 1 

JOBS [5] - [6, 8, 11, 18, 14]
TOOL SWITCHES : 4
FLOWTIME : 25
MAKESPAN : 37

- MACHINE [2]

0 0 0 0 0 1 1 0 1 0 0 1 0 
0 1 0 1 1 0 1 0 0 1 0 1 1 
1 0 0 0 0 0 0 1 0 1 0 0 0 
1 1 0 1 0 0 0 0 0 0 0 0 0 
0 0 0 0 0 0 0 0 0 1 1 1 0 
0 0 0 0 0 0 0 0 0 0 0 0 0 
0 0 0 0 1 0 0 1 0 0 0 0 0 
0 0 1 1 0 0 0 0 1 1 0 0 1 
1 0 1 1 0 0 0 0 0 0 1 0 0 
0 1 1 0 0 1 1 1 0 1 0 0 1 
0 0 0 0 0 0 0 0 1 0 1 1 1 
0 0 0 1 1 1 0 0 1 0 0 0 1 
0 1 0 0 1 0 0 0 0 0 0 0 0 
0 0 0 1 0 1 1 1 0 1 1 1 0 
1 1 1 0 0 0 1 1 0 1 1 0 0 
0 0 1 1 1 1 0 1 1 0 0 1 1 
1 0 1 0 0 0 1 0 1 0 0 0 0 
1 1 0 0 0 0 0 0 1 0 0 0 0 
0 1 1 0 0 0 0 0 0 0 0 0 0 
0 0 0 0 0 0 0 0 0 0 0 0 0 

JOBS [13] - [13, 7, 0, 5, 15, 19, 9, 12, 17, 3, 4, 16, 10]
TOOL SWITCHES : 5
FLOWTIME : 66
MAKESPAN : 86

# -------------------------- #

--- TOTAL TOOL SWITCHES : 10
--- TOTAL FLOWTIME : 107
--- TOTAL MAKESPAN : 86
--- RUNNING TIME : 14.1849

# -------------------------- #
RUN : 1 - instancias_txt/SSP-NPM-I/ins150_m=3_j=20_t=20_var=10.txt

- MACHINE [0]

0 0 
0 0 
1 1 
1 1 
1 0 
1 1 
0 1 
0 0 
0 0 
1 1 
0 0 
0 0 
0 0 
0 0 
1 1 
1 0 
0 0 
0 0 
0 0 
0 0 

JOBS [2] - [2, 10]
TOOL SWITCHES : 1
FLOWTIME : 14
MAKESPAN : 16

- MACHINE [1]

1 1 0 
0 0 0 
0 1 0 
0 0 0 
0 0 0 
0 0 0 
0 0 0 
1 0 1 
0 0 0 
0 0 0 
0 0 1 
0 1 1 
0 0 0 
1 0 1 
1 1 1 
0 0 0 
1 1 0 
0 0 0 
0 0 0 
1 0 0 

JOBS [3] - [19, 1, 15]
TOOL SWITCHES : 0
FLOWTIME : 12
MAKESPAN : 12

- MACHINE [2]

1 0 0 1 0 0 0 0 0 0 0 0 0 0 0 
1 0 0 0 0 0 0 0 0 1 1 0 0 1 0 
0 0 0 0 0 0 0 0 0 0 0 1 1 0 1 
1 0 0 0 0 0 1 1 1 1 0 0 0 0 0 
0 0 0 0 0 0 0 0 1 1 0 0 0 0 1 
0 0 1 1 0 0 1 1 0 0 0 1 0 1 0 
1 0 1 0 1 0 0 0 0 1 1 0 0 0 1 
0 0 0 0 0 0 0 0 0 0 1 0 0 0 0 
0 0 1 1 1 0 1 0 1 0 0 0 0 0 0 
1 0 0 0 0 0 0 0 0 0 0 0 0 0 0 
0 1 0 0 1 1 0 0 1 0 0 1 1 1 1 
0 1 0 1 0 1 0 0 0 0 0 0 1 1 1 
0 0 1 1 0 1 0 1 0 0 0 1 0 1 1 
0 1 0 0 1 1 0 1 0 0 0 0 0 0 0 
0 0 0 0 0 0 0 0 0 0 0 0 0 0 0 
0 0 0 0 0 0 1 0 1 0 1 1 0 1 0 
0 0 0 1 0 1 0 1 0 0 0 1 0 0 0 
0 0 1 0 1 0 1 0 0 1 1 0 1 1 0 
1 1 1 0 0 0 0 0 1 0 0 0 1 0 0 
1 1 1 0 1 0 1 1 1 1 1 0 0 0 0 

JOBS [15] - [9, 14, 7, 17, 5, 4, 13, 18, 6, 16, 11, 0, 3, 12, 8]
TOOL SWITCHES : 7
FLOWTIME : 81
MAKESPAN : 109

# -------------------------- #

--- TOTAL TOOL SWITCHES : 8
--- TOTAL FLOWTIME : 107
--- TOTAL MAKESPAN : 109
--- RUNNING TIME : 13.5771

# -------------------------- #
RUN : 1 - instancias_txt/SSP-NPM-I/ins151_m=3_j=20_t=20_var=11.txt

- MACHINE [0]

0 1 
0 0 
0 0 
0 0 
0 0 
1 0 
0 0 
1 1 
1 0 
0 0 
0 1 
0 0 
0 0 
1 1 
0 0 
1 1 
0 0 
0 0 
0 0 
0 0 

JOBS [2] - [13, 6]
TOOL SWITCHES : 0
FLOWTIME : 16
MAKESPAN : 16

- MACHINE [1]

0 0 0 1 1 
0 0 0 0 0 
1 1 1 0 1 
1 0 0 1 1 
0 1 1 0 1 
0 0 0 0 0 
1 1 1 0 0 
0 1 1 1 0 
0 0 1 1 0 
0 0 1 0 0 
0 0 0 0 0 
0 0 0 1 1 
0 0 0 0 0 
1 0 0 0 1 
0 1 0 0 1 
0 0 0 0 0 
0 0 0 0 0 
0 1 0 1 0 
0 0 0 0 0 
1 0 0 0 0 

JOBS [5] - [17, 0, 3, 10, 15]
TOOL SWITCHES : 3
FLOWTIME : 24
MAKESPAN : 33

- MACHINE [2]

0 1 0 0 0 0 1 0 0 0 1 0 0 
1 0 0 1 0 1 1 0 1 0 0 0 1 
0 0 0 0 0 0 0 0 0 0 0 0 0 
0 0 0 0 0 0 0 1 0 1 0 1 0 
1 0 1 1 0 0 0 0 0 0 0 0 0 
0 0 0 0 0 0 0 0 0 0 0 0 0 
0 1 0 1 1 0 0 1 0 0 1 1 0 
1 1 0 0 1 0 1 0 1 1 0 0 1 
0 0 0 0 0 0 0 0 0 0 0 0 0 
0 1 1 0 1 0 1 1 0 0 1 0 0 
0 1 0 0 1 0 0 1 1 1 0 1 0 
0 0 0 0 0 0 0 0 1 0 0 0 1 
0 1 0 1 0 1 1 0 0 0 0 0 0 
0 0 0 0 0 1 0 0 0 1 0 0 0 
0 0 0 0 0 0 0 0 0 0 1 1 0 
0 0 1 0 1 0 0 0 0 1 0 1 0 
1 0 0 1 0 1 1 0 0 1 0 0 1 
1 0 1 0 1 0 0 1 0 0 0 0 0 
0 0 1 1 0 1 0 0 1 0 0 1 1 
0 0 1 1 0 1 0 1 0 1 1 0 1 

JOBS [13] - [11, 7, 14, 9, 2, 16, 18, 5, 1, 19, 8, 12, 4]
TOOL SWITCHES : 4
FLOWTIME : 80
MAKESPAN : 96

# -------------------------- #

--- TOTAL TOOL SWITCHES : 7
--- TOTAL FLOWTIME : 120
--- TOTAL MAKESPAN : 96
--- RUNNING TIME : 12.3349

# -------------------------- #
RUN : 1 - instancias_txt/SSP-NPM-I/ins152_m=3_j=20_t=20_var=12.txt

- MACHINE [0]

1 1 
0 0 
1 1 
0 0 
0 0 
0 0 
1 1 
0 0 
0 0 
0 0 
1 1 
0 0 
0 0 
0 0 
1 0 
1 1 
0 0 
0 0 
0 0 
0 1 

JOBS [2] - [5, 11]
TOOL SWITCHES : 0
FLOWTIME : 15
MAKESPAN : 15

- MACHINE [1]

1 0 0 1 1 
0 0 1 1 0 
0 0 0 0 0 
1 1 1 1 0 
0 0 0 1 1 
1 0 0 0 1 
0 0 0 0 0 
0 0 0 0 0 
0 1 1 1 0 
1 0 1 1 0 
0 0 0 0 0 
0 0 0 0 0 
0 1 1 0 1 
0 0 1 0 0 
0 1 1 0 0 
1 0 0 0 0 
0 1 0 0 1 
1 1 0 0 0 
0 0 0 0 0 
0 0 0 0 0 

JOBS [5] - [1, 0, 2, 15, 12]
TOOL SWITCHES : 3
FLOWTIME : 13
MAKESPAN : 22

- MACHINE [2]

0 0 0 0 0 0 1 0 0 1 0 1 1 
1 0 1 0 1 0 0 1 1 0 0 1 1 
1 0 1 0 1 0 0 0 0 0 0 0 0 
1 0 0 0 1 1 0 0 0 0 0 0 1 
0 0 0 0 0 0 0 0 1 1 1 1 0 
0 0 0 0 0 0 0 0 0 0 0 0 0 
0 0 1 1 0 1 1 0 0 0 0 0 0 
0 0 0 0 0 0 0 0 0 1 1 1 1 
1 1 1 0 0 0 1 0 1 0 1 0 0 
0 1 0 1 0 0 0 0 1 0 0 0 1 
0 0 0 1 1 0 0 0 0 0 0 0 0 
0 1 0 1 0 0 0 1 0 0 1 0 0 
0 0 0 0 0 1 0 0 0 1 0 0 1 
0 0 0 0 0 1 1 1 1 0 0 1 0 
0 0 0 0 0 0 0 0 0 0 0 0 0 
0 1 0 0 1 0 0 1 0 1 0 1 0 
1 1 0 1 0 1 0 0 0 0 0 0 0 
0 0 1 1 1 0 0 1 0 0 0 0 0 
0 0 0 1 0 0 1 1 0 1 1 0 0 
1 1 1 0 1 1 0 0 0 0 1 0 0 

JOBS [13] - [6, 18, 7, 4, 16, 8, 9, 14, 17, 13, 10, 19, 3]
TOOL SWITCHES : 5
FLOWTIME : 77
MAKESPAN : 97

# -------------------------- #

--- TOTAL TOOL SWITCHES : 8
--- TOTAL FLOWTIME : 105
--- TOTAL MAKESPAN : 97
--- RUNNING TIME : 13.7929

# -------------------------- #
RUN : 1 - instancias_txt/SSP-NPM-I/ins153_m=3_j=20_t=20_var=13.txt

- MACHINE [0]

0 0 
0 0 
0 0 
0 0 
1 1 
0 1 
0 0 
1 0 
0 0 
0 1 
0 1 
1 0 
1 0 
0 0 
0 0 
1 1 
0 0 
1 0 
0 0 
0 0 

JOBS [2] - [18, 17]
TOOL SWITCHES : 2
FLOWTIME : 7
MAKESPAN : 11

- MACHINE [1]

0 1 0 1 
0 1 0 1 
0 0 0 0 
0 0 0 0 
0 0 0 0 
0 0 0 0 
0 0 0 1 
0 0 0 0 
1 0 1 0 
1 0 1 0 
0 0 0 0 
1 1 1 0 
0 1 0 0 
0 0 0 0 
1 1 0 0 
1 0 0 1 
1 0 1 1 
0 0 1 0 
0 0 0 0 
0 1 1 0 

JOBS [4] - [0, 6, 13, 5]
TOOL SWITCHES : 2
FLOWTIME : 22
MAKESPAN : 28

- MACHINE [2]

0 1 0 1 1 0 0 0 0 0 0 0 0 0 
1 0 1 0 0 0 0 1 0 1 1 1 0 0 
0 0 0 0 1 0 0 0 0 1 1 1 0 1 
0 0 1 1 0 1 1 0 0 0 0 1 1 1 
1 0 1 1 0 0 0 0 0 0 0 0 0 0 
0 1 0 0 1 0 0 1 1 0 0 1 0 1 
0 1 1 0 0 1 0 0 0 0 0 0 0 0 
1 0 1 0 1 0 1 0 1 0 1 0 1 1 
0 1 0 1 0 0 1 0 0 0 1 1 0 1 
0 0 0 0 0 1 1 0 1 0 0 0 0 1 
1 0 1 1 1 1 0 0 0 0 0 0 0 0 
0 0 0 0 0 0 0 0 0 0 0 0 0 0 
0 0 0 0 0 0 0 0 0 1 1 1 0 0 
1 0 0 1 1 1 0 1 0 0 0 1 1 1 
0 0 0 0 0 0 0 0 0 0 0 0 0 0 
0 0 0 0 0 0 0 1 1 1 1 0 0 0 
0 1 0 0 0 0 0 0 0 0 1 0 1 0 
1 1 0 0 0 0 0 1 0 0 0 0 0 0 
0 0 0 0 0 0 1 1 1 1 0 0 1 0 
1 0 0 0 0 1 0 0 0 1 0 0 0 0 

JOBS [14] - [7, 9, 1, 2, 10, 3, 4, 11, 14, 19, 8, 15, 16, 12]
TOOL SWITCHES : 5
FLOWTIME : 83
MAKESPAN : 103

# -------------------------- #

--- TOTAL TOOL SWITCHES : 9
--- TOTAL FLOWTIME : 112
--- TOTAL MAKESPAN : 103
--- RUNNING TIME : 13.6168

# -------------------------- #
RUN : 1 - instancias_txt/SSP-NPM-I/ins154_m=3_j=20_t=20_var=14.txt

- MACHINE [0]

0 0 0 
0 0 0 
1 1 1 
0 0 0 
0 0 0 
0 0 0 
0 0 0 
0 0 0 
0 0 0 
0 1 1 
1 1 0 
0 0 0 
1 1 1 
0 0 0 
0 0 1 
0 0 0 
0 0 1 
1 1 0 
0 1 1 
1 0 0 

JOBS [3] - [16, 10, 4]
TOOL SWITCHES : 2
FLOWTIME : 17
MAKESPAN : 21

- MACHINE [1]

0 0 0 0 0 
1 1 0 0 0 
0 0 0 0 0 
1 0 1 1 1 
1 1 1 1 0 
1 1 0 0 0 
0 0 0 0 0 
1 0 1 1 0 
0 0 0 0 0 
1 0 1 1 0 
0 0 0 0 0 
0 0 0 0 0 
0 0 0 1 1 
0 1 1 0 0 
0 0 0 0 0 
0 1 0 0 1 
0 0 0 0 0 
0 1 0 0 1 
1 0 0 0 1 
0 0 0 1 1 

JOBS [5] - [1, 3, 12, 11, 17]
TOOL SWITCHES : 2
FLOWTIME : 24
MAKESPAN : 30

- MACHINE [2]

0 0 0 1 0 1 1 0 0 0 0 0 
1 0 0 1 0 0 0 0 0 0 0 0 
0 0 0 0 0 1 1 1 0 0 0 0 
0 0 0 0 0 1 0 0 0 0 0 1 
0 0 1 1 0 0 0 0 0 1 1 0 
1 1 1 0 1 1 0 0 0 0 0 0 
1 0 1 0 0 0 1 0 0 0 1 1 
1 0 0 1 1 0 0 0 0 0 0 0 
0 1 1 1 0 0 1 0 1 0 1 0 
0 0 0 0 0 0 0 0 1 0 0 1 
0 0 0 1 0 0 0 1 1 0 0 1 
1 1 0 0 1 0 0 1 0 0 1 0 
1 1 0 0 0 0 0 0 0 1 0 1 
0 1 1 0 1 1 0 1 0 1 0 0 
0 0 0 0 0 0 0 1 0 1 0 0 
0 1 1 0 1 0 0 1 1 0 0 0 
0 0 0 0 0 0 1 0 1 0 1 0 
0 0 0 0 0 0 0 0 0 0 0 0 
0 0 0 0 0 0 0 0 0 0 0 0 
0 0 0 0 1 0 1 1 1 1 0 1 

JOBS [12] - [8, 6, 5, 2, 19, 9, 13, 15, 7, 0, 14, 18]
TOOL SWITCHES : 5
FLOWTIME : 67
MAKESPAN : 87

# -------------------------- #

--- TOTAL TOOL SWITCHES : 9
--- TOTAL FLOWTIME : 108
--- TOTAL MAKESPAN : 87
--- RUNNING TIME : 12.5607

# -------------------------- #
RUN : 1 - instancias_txt/SSP-NPM-I/ins155_m=3_j=20_t=20_var=15.txt

- MACHINE [0]

0 0 
0 0 
0 0 
1 0 
1 1 
0 0 
0 0 
0 0 
1 0 
1 1 
1 1 
0 0 
0 0 
1 0 
0 0 
0 1 
0 0 
0 0 
0 0 
0 1 

JOBS [2] - [8, 17]
TOOL SWITCHES : 1
FLOWTIME : 12
MAKESPAN : 14

- MACHINE [1]

1 0 0 0 0 
0 0 0 1 1 
0 0 1 0 0 
1 1 0 1 0 
1 0 0 1 0 
1 1 0 0 1 
0 0 0 0 0 
0 0 0 0 0 
0 0 0 0 0 
1 1 1 1 0 
0 0 0 0 0 
0 0 0 0 0 
0 0 0 0 1 
1 0 1 1 1 
0 0 0 0 0 
1 0 1 0 1 
0 0 0 0 0 
0 1 1 1 1 
0 1 1 1 0 
0 0 0 0 0 

JOBS [5] - [14, 10, 12, 1, 7]
TOOL SWITCHES : 2
FLOWTIME : 18
MAKESPAN : 24

- MACHINE [2]

0 0 0 0 1 1 1 1 0 0 1 0 1 
0 0 1 0 0 0 1 1 0 0 1 0 0 
1 0 0 0 0 1 1 0 0 1 1 0 1 
0 0 1 1 1 1 1 1 0 0 0 0 0 
1 0 0 0 0 1 1 0 0 1 0 0 0 
0 0 0 0 0 0 0 1 1 0 1 0 0 
1 1 0 1 0 0 0 0 0 0 0 0 0 
0 0 0 0 0 0 0 0 1 1 0 1 0 
0 1 1 1 0 0 0 1 0 0 1 0 0 
1 0 0 0 0 0 0 0 0 0 0 0 0 
0 0 1 0 1 0 0 0 1 0 1 0 0 
1 1 1 0 0 0 0 0 0 0 0 0 0 
0 0 0 0 0 0 0 0 0 0 0 1 0 
0 0 0 0 0 0 0 0 0 0 0 0 0 
1 1 0 1 0 1 0 0 1 1 0 0 1 
0 0 0 1 0 0 0 0 1 1 0 0 1 
0 0 1 1 1 0 1 1 0 1 0 1 1 
0 1 0 1 0 1 0 0 1 0 0 1 1 
0 0 0 0 1 1 1 0 0 0 0 0 0 
0 0 1 0 1 0 0 0 1 1 0 1 0 

JOBS [13] - [15, 13, 11, 6, 4, 5, 2, 3, 0, 18, 9, 16, 19]
TOOL SWITCHES : 6
FLOWTIME : 56
MAKESPAN : 80

# -------------------------- #

--- TOTAL TOOL SWITCHES : 9
--- TOTAL FLOWTIME : 86
--- TOTAL MAKESPAN : 80
--- RUNNING TIME : 14.1047

# -------------------------- #
RUN : 1 - instancias_txt/SSP-NPM-I/ins156_m=3_j=20_t=20_var=16.txt

- MACHINE [0]

1 1 
1 1 
0 0 
0 0 
0 0 
1 0 
0 0 
0 0 
0 0 
1 0 
1 1 
1 1 
0 0 
0 0 
0 0 
0 0 
0 0 
0 1 
0 0 
0 0 

JOBS [2] - [14, 4]
TOOL SWITCHES : 0
FLOWTIME : 17
MAKESPAN : 17

- MACHINE [1]

0 0 0 
1 0 0 
0 0 0 
0 0 1 
0 0 0 
1 0 0 
0 1 0 
0 0 0 
0 0 0 
0 0 0 
1 1 0 
0 0 0 
1 1 1 
1 1 0 
0 1 1 
0 0 0 
0 1 1 
0 0 1 
0 1 0 
0 0 1 

JOBS [3] - [19, 8, 6]
TOOL SWITCHES : 2
FLOWTIME : 22
MAKESPAN : 28

- MACHINE [2]

0 0 0 0 1 1 0 0 0 0 0 0 1 1 1 
1 0 1 0 1 0 0 1 1 1 1 0 0 0 0 
0 0 0 0 0 0 1 0 0 1 0 1 0 0 1 
0 0 0 1 1 1 0 0 0 0 0 0 0 0 0 
0 0 0 0 0 0 1 1 1 0 1 1 1 0 0 
0 0 0 0 0 1 1 1 1 0 0 0 0 0 0 
1 0 0 0 1 1 0 1 0 0 0 0 0 1 0 
1 0 0 0 1 0 0 0 0 0 0 0 0 0 0 
0 0 0 0 0 0 1 1 1 0 1 1 0 1 0 
0 1 1 1 0 0 1 0 0 0 0 0 0 0 0 
1 0 1 1 0 1 0 0 0 0 0 0 0 0 0 
0 1 0 1 0 0 0 1 1 1 0 0 0 1 1 
0 0 0 0 0 0 0 0 0 0 1 1 0 0 1 
0 0 0 0 0 0 0 0 0 0 0 0 0 0 0 
0 1 1 0 1 0 0 0 0 0 0 0 0 0 0 
0 0 0 1 0 1 0 0 0 1 1 1 1 0 0 
0 0 0 0 0 0 0 0 0 0 0 0 1 1 0 
0 0 1 0 0 1 0 0 0 1 0 0 1 0 0 
1 1 1 1 0 0 1 0 0 1 1 1 0 1 0 
0 1 0 0 0 0 0 0 0 0 0 0 1 0 1 

JOBS [15] - [7, 13, 17, 3, 2, 18, 10, 0, 15, 16, 1, 9, 11, 5, 12]
TOOL SWITCHES : 6
FLOWTIME : 68
MAKESPAN : 92

# -------------------------- #

--- TOTAL TOOL SWITCHES : 8
--- TOTAL FLOWTIME : 107
--- TOTAL MAKESPAN : 92
--- RUNNING TIME : 12.0816

# -------------------------- #
RUN : 1 - instancias_txt/SSP-NPM-I/ins157_m=3_j=20_t=20_var=17.txt

- MACHINE [0]

0 0 0 
0 0 0 
1 1 0 
0 0 0 
0 1 1 
1 1 1 
0 0 0 
1 1 1 
0 0 0 
1 1 1 
0 0 0 
0 0 0 
0 0 0 
0 0 0 
0 0 1 
1 0 0 
0 0 0 
0 1 1 
0 0 0 
1 0 0 

JOBS [3] - [19, 14, 11]
TOOL SWITCHES : 2
FLOWTIME : 12
MAKESPAN : 16

- MACHINE [1]

1 0 0 0 
1 0 1 1 
0 0 0 0 
0 1 0 1 
0 0 0 0 
0 0 1 0 
1 1 0 0 
0 0 0 0 
0 0 0 0 
0 1 0 0 
0 0 1 1 
0 0 0 0 
0 1 1 0 
1 1 0 1 
0 0 0 0 
0 0 0 0 
0 0 1 1 
1 0 1 0 
1 1 0 1 
0 0 0 0 

JOBS [4] - [6, 4, 1, 10]
TOOL SWITCHES : 2
FLOWTIME : 28
MAKESPAN : 34

- MACHINE [2]

0 1 1 0 0 1 0 0 1 0 1 1 0 
0 0 0 0 0 0 0 0 0 0 0 0 0 
0 0 1 1 1 0 1 1 1 0 0 0 0 
1 1 0 0 0 0 0 1 0 0 1 1 0 
1 1 0 0 1 1 1 0 1 1 0 0 0 
0 0 1 0 0 1 1 0 0 0 0 0 0 
0 0 1 0 0 0 1 0 0 0 1 0 1 
0 0 0 0 1 1 0 0 0 0 0 0 0 
0 0 1 1 0 1 1 0 0 0 1 1 1 
0 0 0 0 0 0 0 0 0 0 0 0 0 
0 0 0 0 0 0 1 1 0 1 1 0 0 
1 0 0 0 0 0 0 0 0 0 0 0 0 
0 0 0 0 0 0 0 1 1 1 0 1 0 
1 0 0 1 1 0 0 0 0 1 1 0 1 
0 1 0 1 0 0 0 1 0 0 0 0 0 
1 1 0 0 0 1 1 0 0 1 0 1 1 
0 1 0 1 1 1 0 0 1 0 0 0 0 
0 0 1 1 0 0 0 0 0 0 0 1 0 
0 0 0 0 0 0 0 0 0 1 0 1 1 
0 0 0 0 0 0 0 0 1 1 1 0 1 

JOBS [13] - [0, 8, 7, 15, 17, 16, 3, 12, 13, 5, 18, 2, 9]
TOOL SWITCHES : 5
FLOWTIME : 65
MAKESPAN : 85

# -------------------------- #

--- TOTAL TOOL SWITCHES : 9
--- TOTAL FLOWTIME : 105
--- TOTAL MAKESPAN : 85
--- RUNNING TIME : 13.9873

# -------------------------- #
RUN : 1 - instancias_txt/SSP-NPM-I/ins158_m=3_j=20_t=20_var=18.txt

- MACHINE [0]

0 0 
0 1 
0 0 
0 0 
0 0 
0 0 
0 0 
1 1 
0 0 
0 1 
1 0 
0 0 
1 1 
1 0 
1 1 
1 1 
0 0 
0 0 
0 0 
0 0 

JOBS [2] - [10, 3]
TOOL SWITCHES : 1
FLOWTIME : 10
MAKESPAN : 12

- MACHINE [1]

1 1 0 1 0 1 
0 1 0 0 0 0 
1 0 0 0 0 0 
0 0 0 0 0 0 
0 1 1 0 0 0 
1 0 0 0 1 1 
0 0 0 0 0 0 
0 0 0 0 0 0 
0 0 0 0 1 1 
1 0 1 1 1 0 
0 0 0 0 0 0 
0 0 1 0 1 1 
1 1 1 0 0 0 
0 0 0 0 0 0 
0 0 0 0 0 0 
0 0 1 1 0 0 
0 0 0 0 0 0 
0 0 0 1 1 1 
1 0 0 0 1 0 
0 1 0 1 0 1 

JOBS [6] - [7, 8, 17, 13, 16, 14]
TOOL SWITCHES : 3
FLOWTIME : 30
MAKESPAN : 39

- MACHINE [2]

1 0 1 0 0 1 0 0 1 0 1 0 
0 0 0 0 0 0 1 1 0 1 0 0 
0 1 1 0 0 0 0 0 0 0 0 0 
1 0 0 0 0 0 1 1 0 0 1 0 
0 0 0 0 0 0 0 0 0 0 0 0 
1 0 0 1 0 0 0 0 0 0 0 0 
0 1 0 0 1 0 0 0 1 1 0 1 
1 0 0 0 0 0 0 0 0 0 0 0 
0 1 0 1 0 0 1 1 0 1 0 1 
0 0 0 0 0 0 0 0 0 0 0 0 
1 0 1 0 1 1 1 0 1 0 0 1 
0 0 1 1 0 1 0 1 0 0 1 0 
0 0 0 0 0 0 0 1 1 0 0 0 
0 0 1 1 0 0 0 1 1 0 1 0 
1 1 0 0 0 1 0 0 0 0 0 0 
0 1 0 0 0 0 0 0 1 1 0 1 
0 0 0 0 1 0 0 0 0 1 1 1 
0 0 0 1 0 0 1 0 1 1 0 0 
0 0 1 1 1 1 1 0 0 1 1 1 
0 1 0 0 1 1 1 0 0 0 0 0 

JOBS [12] - [1, 18, 2, 5, 19, 9, 6, 12, 15, 4, 11, 0]
TOOL SWITCHES : 5
FLOWTIME : 47
MAKESPAN : 67

# -------------------------- #

--- TOTAL TOOL SWITCHES : 9
--- TOTAL FLOWTIME : 87
--- TOTAL MAKESPAN : 67
--- RUNNING TIME : 13.2624

# -------------------------- #
RUN : 1 - instancias_txt/SSP-NPM-I/ins159_m=3_j=20_t=20_var=19.txt

- MACHINE [0]

1 1 
0 0 
0 0 
0 1 
1 0 
1 0 
0 0 
0 0 
0 0 
0 0 
0 0 
0 0 
0 0 
0 0 
1 1 
0 1 
0 0 
0 0 
1 1 
0 0 

JOBS [2] - [10, 1]
TOOL SWITCHES : 0
FLOWTIME : 10
MAKESPAN : 10

- MACHINE [1]

1 1 0 1 1 
0 0 0 0 0 
1 0 1 0 0 
0 0 0 0 0 
0 0 1 0 0 
0 0 1 1 0 
0 0 0 0 0 
1 1 0 0 0 
0 1 0 0 0 
0 0 0 0 0 
1 0 0 1 1 
0 0 0 1 1 
0 0 0 1 0 
1 0 1 0 1 
0 0 0 1 1 
0 0 0 0 0 
1 1 1 0 0 
0 1 0 1 1 
0 1 1 0 0 
0 0 0 0 0 

JOBS [5] - [13, 14, 9, 0, 5]
TOOL SWITCHES : 4
FLOWTIME : 23
MAKESPAN : 35

- MACHINE [2]

0 0 0 0 0 0 0 0 0 1 1 1 0 
0 1 0 1 0 0 0 0 0 0 0 1 1 
1 1 0 0 0 1 1 0 0 1 0 0 0 
1 0 1 0 0 1 1 1 0 0 1 1 0 
0 0 0 0 0 0 0 1 0 0 1 0 1 
1 0 0 1 0 0 0 0 0 0 0 0 0 
0 1 0 0 0 0 0 0 0 0 1 1 0 
1 1 1 0 0 0 0 0 0 0 0 0 0 
1 0 0 1 1 0 0 0 1 0 0 1 1 
0 0 1 0 1 0 0 0 1 0 0 0 0 
0 0 0 0 0 0 0 0 0 0 0 0 0 
0 0 0 0 0 0 1 1 1 0 0 1 0 
1 1 1 1 1 1 1 0 0 0 0 0 0 
0 0 0 0 0 0 0 0 1 0 1 0 0 
0 0 0 1 1 1 0 0 1 1 0 0 1 
0 0 0 1 0 0 1 1 0 1 0 0 1 
0 0 1 0 1 1 1 0 1 1 0 0 1 
0 1 1 0 0 0 0 1 0 0 0 0 0 
0 0 0 0 0 0 0 0 0 0 0 0 0 
0 1 1 0 1 1 0 0 1 1 1 0 0 

JOBS [13] - [4, 12, 6, 8, 11, 7, 15, 17, 3, 19, 18, 16, 2]
TOOL SWITCHES : 5
FLOWTIME : 66
MAKESPAN : 86

# -------------------------- #

--- TOTAL TOOL SWITCHES : 9
--- TOTAL FLOWTIME : 99
--- TOTAL MAKESPAN : 86
--- RUNNING TIME : 13.412

# -------------------------- #
RUN : 1 - instancias_txt/SSP-NPM-I/ins160_m=3_j=20_t=20_var=20.txt

- MACHINE [0]

0 0 
1 0 
0 0 
0 0 
0 0 
0 1 
0 0 
0 0 
0 0 
0 0 
0 0 
0 0 
1 1 
0 1 
0 0 
0 0 
1 0 
1 1 
0 0 
1 1 

JOBS [2] - [18, 11]
TOOL SWITCHES : 0
FLOWTIME : 9
MAKESPAN : 9

- MACHINE [1]

0 0 0 0 0 
1 1 1 1 1 
1 0 0 0 0 
1 0 1 0 0 
0 0 0 0 0 
0 0 0 0 0 
0 0 0 0 0 
1 0 1 1 1 
0 1 0 0 1 
0 0 0 0 0 
0 0 0 0 1 
1 1 0 1 1 
0 1 0 0 1 
0 0 0 0 0 
0 1 0 0 0 
1 0 1 1 0 
0 1 1 0 0 
0 0 1 1 0 
0 0 0 1 0 
0 0 0 0 0 

JOBS [5] - [16, 3, 17, 4, 7]
TOOL SWITCHES : 3
FLOWTIME : 19
MAKESPAN : 28

- MACHINE [2]

0 0 0 1 0 0 0 0 0 0 1 1 0 
0 0 0 0 0 0 0 1 0 1 0 1 0 
0 0 1 0 0 0 0 1 0 1 1 1 1 
0 0 0 0 1 1 0 0 1 0 0 1 0 
1 1 1 1 0 0 1 0 1 0 0 0 1 
0 0 1 1 0 0 0 0 0 0 0 0 0 
0 1 0 1 1 0 1 0 1 0 0 0 0 
1 1 1 0 0 0 0 0 0 1 1 0 1 
1 0 0 0 0 0 0 1 1 0 0 0 0 
0 0 0 1 1 1 0 0 0 0 1 0 1 
1 0 0 1 0 0 1 0 1 0 0 0 0 
0 0 0 0 0 0 0 0 0 0 0 0 0 
0 1 0 0 0 1 0 0 0 0 0 0 0 
0 0 0 0 0 0 0 0 1 1 0 0 1 
0 0 0 0 0 1 1 1 0 0 0 0 0 
0 0 0 0 0 0 0 0 0 0 1 0 1 
0 1 1 0 1 1 0 1 0 1 0 1 0 
0 0 0 0 0 0 0 0 0 0 0 0 0 
0 0 0 0 0 1 1 1 0 0 1 0 0 
1 1 1 1 1 0 0 0 0 0 0 0 0 

JOBS [13] - [19, 6, 2, 8, 1, 10, 9, 5, 0, 13, 15, 14, 12]
TOOL SWITCHES : 5
FLOWTIME : 81
MAKESPAN : 101

# -------------------------- #

--- TOTAL TOOL SWITCHES : 8
--- TOTAL FLOWTIME : 109
--- TOTAL MAKESPAN : 101
--- RUNNING TIME : 11.503

# -------------------------- #

Average TS : 174/20 = 8.7 *