RUN : 1 - instancias_txt/SSP-NPM-I/ins101_m=3_j=20_t=15_var=1.txt

- MACHINE [0]

0 0 
0 0 
0 0 
0 0 
0 0 
1 1 
1 1 
0 0 
0 1 
0 0 
0 0 
1 0 
1 1 
1 1 
1 0 

JOBS [2] - [17, 8]
TOOL SWITCHES : 0
FLOWTIME : 7
MAKESPAN : 7

- MACHINE [1]

1 0 0 
1 1 0 
0 1 1 
0 1 1 
0 0 0 
0 1 0 
0 0 0 
1 1 1 
1 0 1 
0 0 0 
1 1 0 
0 0 1 
0 0 0 
1 1 0 
0 0 0 

JOBS [3] - [11, 5, 15]
TOOL SWITCHES : 0
FLOWTIME : 20
MAKESPAN : 20

- MACHINE [2]

1 1 0 0 1 0 0 0 1 0 0 1 1 1 1 
0 0 0 0 0 0 0 0 0 0 1 1 0 0 1 
1 0 1 0 1 1 0 0 0 0 0 1 0 1 0 
0 1 1 1 0 0 0 0 1 0 1 0 0 0 0 
1 1 0 1 1 1 1 1 0 1 1 0 0 1 1 
0 0 0 1 0 1 0 0 0 0 0 1 1 1 0 
0 0 1 0 0 0 1 0 1 0 0 0 1 0 0 
0 1 0 1 1 1 1 0 0 1 0 1 0 0 1 
0 1 0 0 1 0 1 1 0 1 0 0 0 0 1 
0 0 1 1 0 0 1 0 0 0 1 1 1 1 0 
1 0 0 0 0 0 0 1 0 0 0 0 1 0 0 
0 0 0 0 0 0 0 0 0 1 1 0 1 0 0 
0 1 1 0 0 0 0 1 1 1 0 0 0 0 0 
1 0 0 0 0 1 0 1 1 0 0 0 0 0 0 
0 0 0 1 0 1 1 1 0 0 1 0 0 0 1 

JOBS [15] - [16, 0, 14, 1, 7, 18, 2, 9, 4, 6, 13, 10, 12, 19, 3]
TOOL SWITCHES : 2
FLOWTIME : 90
MAKESPAN : 98

# -------------------------- #

--- TOTAL TOOL SWITCHES : 2
--- TOTAL FLOWTIME : 117
--- TOTAL MAKESPAN : 98
--- RUNNING TIME : 8.61513

# -------------------------- #
RUN : 1 - instancias_txt/SSP-NPM-I/ins102_m=3_j=20_t=15_var=2.txt

- MACHINE [0]

1 
1 
0 
0 
1 
0 
0 
1 
0 
0 
0 
1 
0 
1 
1 

JOBS [1] - [16]
TOOL SWITCHES : 0
FLOWTIME : 5
MAKESPAN : 5

- MACHINE [1]

0 0 0 
0 0 1 
1 1 0 
0 1 0 
1 0 1 
0 0 0 
1 0 1 
0 0 0 
0 1 1 
1 0 1 
1 0 0 
0 1 0 
0 0 0 
0 0 0 
1 1 1 

JOBS [3] - [7, 1, 6]
TOOL SWITCHES : 0
FLOWTIME : 23
MAKESPAN : 23

- MACHINE [2]

0 1 1 0 0 1 1 1 1 1 0 0 0 1 1 0 
1 0 1 1 0 0 0 1 0 0 1 0 0 0 1 0 
1 0 1 1 1 0 0 0 0 0 0 1 0 0 0 1 
0 0 1 0 1 1 0 0 0 0 0 0 1 0 0 0 
0 1 0 0 1 1 1 0 1 0 0 0 0 0 0 1 
0 1 0 0 0 0 0 0 0 1 1 1 1 0 1 0 
0 0 1 0 1 1 1 1 1 1 0 1 1 0 0 1 
1 0 1 0 0 1 1 1 0 0 0 0 0 0 0 0 
0 0 0 1 0 1 0 0 1 1 1 1 1 0 0 1 
1 0 0 1 1 0 1 0 0 1 0 0 0 1 0 0 
0 0 0 0 0 0 0 0 1 1 1 1 0 1 0 1 
0 1 1 0 0 0 1 1 0 1 1 0 1 0 1 0 
1 1 0 0 0 0 0 1 1 0 0 0 0 1 1 0 
0 0 0 1 1 0 0 0 0 0 0 1 1 1 1 1 
0 0 0 0 0 0 0 0 0 0 0 0 0 0 0 0 

JOBS [16] - [3, 18, 15, 13, 4, 14, 11, 19, 12, 17, 8, 5, 0, 10, 9, 2]
TOOL SWITCHES : 1
FLOWTIME : 65
MAKESPAN : 69

# -------------------------- #

--- TOTAL TOOL SWITCHES : 1
--- TOTAL FLOWTIME : 93
--- TOTAL MAKESPAN : 69
--- RUNNING TIME : 8.60199

# -------------------------- #
RUN : 1 - instancias_txt/SSP-NPM-I/ins103_m=3_j=20_t=15_var=3.txt

- MACHINE [0]

0 
0 
0 
0 
0 
0 
0 
1 
1 
1 
1 
1 
1 
1 
0 

JOBS [1] - [10]
TOOL SWITCHES : 0
FLOWTIME : 1
MAKESPAN : 1

- MACHINE [1]

1 0 0 
0 0 0 
0 1 1 
0 0 1 
1 1 1 
0 0 0 
0 0 0 
0 1 0 
1 1 0 
0 1 1 
0 0 0 
1 0 1 
1 1 0 
0 0 0 
1 1 1 

JOBS [3] - [1, 16, 5]
TOOL SWITCHES : 0
FLOWTIME : 14
MAKESPAN : 14

- MACHINE [2]

1 0 0 0 1 0 1 0 0 1 1 0 1 0 0 0 
0 1 1 1 0 1 1 0 0 0 1 0 1 1 0 1 
1 1 1 1 0 0 1 0 0 0 0 0 0 0 0 0 
0 0 0 0 1 1 1 0 0 1 0 1 0 0 1 0 
0 0 0 0 0 0 0 1 0 1 1 1 0 1 1 0 
1 1 0 0 0 0 0 1 0 1 0 0 0 0 1 0 
0 0 1 1 1 0 0 1 1 0 1 0 1 0 1 1 
1 1 0 1 0 0 0 0 0 0 0 1 1 1 1 0 
1 1 1 1 0 0 1 0 1 0 0 0 1 1 0 1 
0 0 0 0 0 0 1 0 1 1 0 0 0 1 0 0 
1 0 0 0 1 0 0 1 1 0 1 1 1 1 1 0 
0 0 0 0 0 1 0 1 0 1 1 0 1 0 1 1 
0 1 1 0 1 1 0 0 0 0 0 0 0 0 0 0 
0 0 1 1 1 0 0 0 1 0 1 0 0 1 0 1 
0 0 0 1 0 1 0 1 1 1 0 1 0 0 0 0 

JOBS [16] - [0, 12, 7, 17, 19, 8, 4, 15, 14, 9, 6, 3, 18, 13, 11, 2]
TOOL SWITCHES : 2
FLOWTIME : 97
MAKESPAN : 105

# -------------------------- #

--- TOTAL TOOL SWITCHES : 2
--- TOTAL FLOWTIME : 112
--- TOTAL MAKESPAN : 105
--- RUNNING TIME : 11.2137

# -------------------------- #
RUN : 1 - instancias_txt/SSP-NPM-I/ins104_m=3_j=20_t=15_var=4.txt

- MACHINE [0]

1 
0 
1 
0 
1 
1 
1 
1 
0 
0 
0 
0 
0 
1 
0 

JOBS [1] - [0]
TOOL SWITCHES : 0
FLOWTIME : 3
MAKESPAN : 3

- MACHINE [1]

0 1 1 
1 1 1 
0 0 0 
1 1 0 
0 0 0 
1 0 1 
1 0 1 
0 0 0 
1 0 0 
0 0 0 
0 1 0 
0 0 1 
0 0 0 
1 1 0 
0 1 1 

JOBS [3] - [3, 17, 1]
TOOL SWITCHES : 0
FLOWTIME : 15
MAKESPAN : 15

- MACHINE [2]

0 1 1 1 0 0 1 1 0 0 1 0 1 1 1 0 
1 1 0 0 1 1 1 0 0 0 0 1 0 1 0 0 
0 0 1 0 0 0 0 0 0 1 0 0 1 1 1 1 
1 0 0 0 1 0 0 0 1 0 1 0 0 0 0 1 
0 0 0 0 0 1 1 1 1 1 0 1 1 0 0 0 
0 0 0 0 1 1 0 1 0 1 0 0 0 1 1 1 
0 0 0 0 0 0 0 1 0 1 1 1 0 0 1 0 
1 0 1 1 1 1 0 0 0 0 0 0 0 0 0 0 
0 0 0 0 0 0 1 0 0 0 0 1 1 1 0 1 
1 1 1 0 1 0 1 1 1 1 1 0 0 0 1 0 
1 0 0 1 1 1 0 0 1 0 0 0 1 0 0 1 
0 0 1 1 0 0 0 1 1 1 1 0 0 0 1 0 
0 1 0 0 0 1 0 0 1 0 1 1 0 0 0 0 
0 1 1 0 0 0 1 0 0 1 0 1 0 0 0 1 
1 1 0 1 0 0 1 0 0 0 0 0 0 0 0 0 

JOBS [16] - [16, 12, 2, 5, 11, 13, 7, 4, 10, 18, 15, 14, 19, 6, 8, 9]
TOOL SWITCHES : 2
FLOWTIME : 89
MAKESPAN : 97

# -------------------------- #

--- TOTAL TOOL SWITCHES : 2
--- TOTAL FLOWTIME : 107
--- TOTAL MAKESPAN : 97
--- RUNNING TIME : 11.5566

# -------------------------- #
RUN : 1 - instancias_txt/SSP-NPM-I/ins105_m=3_j=20_t=15_var=5.txt

- MACHINE [0]

1 
0 
0 
0 
1 
0 
1 
0 
0 
1 
0 
1 
0 
0 
1 

JOBS [1] - [7]
TOOL SWITCHES : 0
FLOWTIME : 9
MAKESPAN : 9

- MACHINE [1]

1 1 
1 1 
1 0 
0 0 
0 0 
0 1 
0 0 
0 0 
1 0 
0 0 
1 1 
0 0 
0 0 
1 1 
0 1 

JOBS [2] - [9, 5]
TOOL SWITCHES : 0
FLOWTIME : 13
MAKESPAN : 13

- MACHINE [2]

1 1 1 0 0 1 1 0 1 0 0 0 0 0 0 0 1 
0 1 1 1 0 0 0 1 0 0 1 0 0 1 1 1 1 
0 0 1 1 1 1 0 0 0 0 0 0 0 0 0 0 0 
1 0 0 1 0 1 0 1 0 1 0 0 0 1 0 0 1 
0 0 0 0 1 1 0 0 1 0 1 1 0 0 1 1 0 
1 0 1 1 1 1 1 0 0 0 0 0 0 0 0 1 0 
1 1 1 0 0 0 0 1 0 1 1 1 1 1 0 1 0 
0 1 0 0 1 0 1 0 0 0 1 0 1 1 1 0 0 
0 0 0 0 0 0 0 0 0 0 0 0 1 0 1 1 1 
1 0 0 1 0 0 0 1 0 1 0 1 0 0 1 1 1 
0 1 1 1 1 0 1 0 1 1 0 1 0 0 0 0 0 
0 1 0 0 0 1 0 0 1 1 0 0 1 1 0 1 0 
0 0 0 0 1 0 1 1 0 0 1 0 0 0 1 0 1 
0 0 1 1 0 0 1 0 1 1 1 1 1 1 0 0 1 
0 0 0 0 0 0 0 0 1 0 1 1 0 1 0 0 0 

JOBS [17] - [13, 3, 4, 8, 10, 0, 14, 12, 15, 11, 2, 18, 16, 19, 1, 6, 17]
TOOL SWITCHES : 2
FLOWTIME : 99
MAKESPAN : 107

# -------------------------- #

--- TOTAL TOOL SWITCHES : 2
--- TOTAL FLOWTIME : 121
--- TOTAL MAKESPAN : 107
--- RUNNING TIME : 10.862

# -------------------------- #
RUN : 1 - instancias_txt/SSP-NPM-I/ins106_m=3_j=20_t=15_var=6.txt

- MACHINE [0]

0 
1 
1 
0 
0 
1 
0 
0 
1 
1 
0 
1 
0 
1 
0 

JOBS [1] - [10]
TOOL SWITCHES : 0
FLOWTIME : 10
MAKESPAN : 10

- MACHINE [1]

1 1 0 0 1 
0 0 1 0 0 
0 0 0 0 0 
0 1 1 1 0 
0 1 1 0 1 
1 1 0 1 1 
1 0 0 0 1 
0 0 0 0 0 
1 1 1 0 1 
0 0 0 0 0 
0 0 0 0 0 
0 1 1 1 1 
1 1 0 1 0 
0 0 0 1 1 
0 0 0 0 0 

JOBS [5] - [15, 1, 14, 16, 18]
TOOL SWITCHES : 0
FLOWTIME : 26
MAKESPAN : 26

- MACHINE [2]

0 0 0 1 0 0 0 0 0 1 0 1 1 1 
0 1 1 0 0 0 0 1 0 1 0 1 0 1 
0 0 1 1 0 1 1 0 0 1 0 1 0 0 
1 1 1 1 0 0 0 1 1 0 1 0 0 0 
0 0 0 0 1 0 0 1 0 0 0 0 1 0 
0 0 0 0 0 0 0 0 0 1 1 1 1 0 
0 0 0 0 1 1 1 0 1 0 0 0 0 0 
1 0 0 0 1 1 0 0 1 0 0 0 0 1 
0 0 0 0 0 0 0 0 0 0 0 0 0 0 
0 1 1 0 0 1 1 1 1 1 1 1 0 0 
0 1 0 1 1 0 0 1 1 0 0 1 1 0 
0 0 0 1 1 0 0 0 1 1 1 0 0 1 
1 1 1 0 1 1 1 0 0 0 1 1 1 1 
1 1 0 0 0 0 1 0 0 0 0 0 0 1 
1 1 1 1 1 1 0 0 0 0 1 0 1 0 

JOBS [14] - [3, 4, 17, 0, 19, 6, 5, 11, 13, 2, 7, 12, 9, 8]
TOOL SWITCHES : 1
FLOWTIME : 88
MAKESPAN : 92

# -------------------------- #

--- TOTAL TOOL SWITCHES : 1
--- TOTAL FLOWTIME : 124
--- TOTAL MAKESPAN : 92
--- RUNNING TIME : 10.6512

# -------------------------- #
RUN : 1 - instancias_txt/SSP-NPM-I/ins107_m=3_j=20_t=15_var=7.txt

- MACHINE [0]

0 1 
1 1 
1 1 
1 1 
0 0 
0 0 
0 0 
0 0 
0 0 
0 0 
1 0 
0 0 
1 1 
1 0 
0 0 

JOBS [2] - [16, 19]
TOOL SWITCHES : 0
FLOWTIME : 16
MAKESPAN : 16

- MACHINE [1]

0 0 0 
0 0 1 
0 1 0 
0 0 0 
0 1 1 
0 1 0 
0 0 0 
0 0 1 
0 0 0 
1 1 0 
0 0 0 
1 0 0 
1 0 1 
1 1 1 
1 0 0 

JOBS [3] - [17, 11, 6]
TOOL SWITCHES : 0
FLOWTIME : 14
MAKESPAN : 14

- MACHINE [2]

0 0 1 0 0 1 0 1 0 0 1 0 1 1 0 
0 0 0 0 0 1 1 1 1 1 0 0 1 1 0 
0 1 0 1 0 0 0 1 0 1 0 1 0 1 1 
0 0 0 1 1 0 1 0 0 0 0 1 0 1 1 
0 0 1 0 1 1 0 0 1 0 0 0 1 0 1 
1 1 0 0 0 1 1 0 1 0 1 1 0 1 0 
1 1 1 0 0 1 1 0 1 0 1 0 1 0 0 
0 0 0 0 1 0 0 1 1 1 0 1 1 0 1 
0 0 1 1 1 0 1 0 1 1 0 1 0 0 0 
0 1 1 1 1 0 0 0 0 0 0 0 0 0 0 
1 0 1 0 1 1 1 1 0 0 1 1 0 0 0 
0 1 0 1 0 0 0 1 0 1 1 0 1 0 1 
1 0 0 1 0 0 0 0 0 0 1 0 0 0 1 
0 0 0 0 0 0 0 0 0 0 0 0 0 0 0 
1 1 0 1 0 1 1 0 0 0 0 0 0 1 1 

JOBS [15] - [14, 2, 3, 7, 5, 10, 12, 8, 15, 1, 4, 9, 18, 13, 0]
TOOL SWITCHES : 1
FLOWTIME : 97
MAKESPAN : 101

# -------------------------- #

--- TOTAL TOOL SWITCHES : 1
--- TOTAL FLOWTIME : 127
--- TOTAL MAKESPAN : 101
--- RUNNING TIME : 11.8025

# -------------------------- #
RUN : 1 - instancias_txt/SSP-NPM-I/ins108_m=3_j=20_t=15_var=8.txt

- MACHINE [0]

0 
0 
1 
0 
1 
1 
0 
1 
1 
0 
0 
0 
1 
0 
1 

JOBS [1] - [2]
TOOL SWITCHES : 0
FLOWTIME : 1
MAKESPAN : 1

- MACHINE [1]

0 0 0 0 0 
0 0 0 0 0 
0 0 1 1 1 
1 1 1 0 0 
0 0 1 1 1 
1 0 0 1 0 
0 0 0 0 0 
0 1 1 0 0 
1 1 0 1 1 
0 1 0 0 1 
0 0 1 0 1 
1 1 0 1 0 
1 1 1 0 0 
0 0 0 0 0 
0 0 0 0 0 

JOBS [5] - [5, 19, 9, 0, 17]
TOOL SWITCHES : 0
FLOWTIME : 23
MAKESPAN : 23

- MACHINE [2]

1 0 0 1 1 0 1 0 0 1 1 0 1 1 
0 0 1 1 1 0 0 0 1 0 0 1 0 0 
1 0 1 1 0 0 0 0 0 1 0 0 1 0 
0 1 0 0 0 1 0 1 1 0 1 1 0 1 
0 0 0 0 1 1 1 0 0 0 0 0 0 0 
1 0 1 1 0 1 1 0 0 0 0 0 1 0 
0 1 1 0 0 1 0 0 1 0 1 0 0 1 
0 0 0 0 0 0 1 1 0 0 0 0 0 0 
0 0 0 0 0 0 0 0 0 1 0 1 0 1 
0 1 0 0 0 0 1 1 1 1 0 0 0 1 
1 0 0 0 1 0 0 1 0 0 0 1 1 1 
1 0 1 0 1 1 1 0 1 1 0 0 1 0 
1 1 0 1 1 0 0 1 0 0 0 1 0 0 
0 0 0 0 0 0 0 1 1 0 1 1 1 0 
0 1 1 0 1 0 1 0 1 1 1 1 0 0 

JOBS [14] - [6, 1, 4, 16, 14, 15, 11, 8, 3, 13, 12, 7, 10, 18]
TOOL SWITCHES : 2
FLOWTIME : 62
MAKESPAN : 70

# -------------------------- #

--- TOTAL TOOL SWITCHES : 2
--- TOTAL FLOWTIME : 86
--- TOTAL MAKESPAN : 70
--- RUNNING TIME : 11.545

# -------------------------- #
RUN : 1 - instancias_txt/SSP-NPM-I/ins109_m=3_j=20_t=15_var=9.txt

- MACHINE [0]

0 
0 
0 
0 
0 
0 
0 
1 
1 
1 
1 
1 
0 
1 
1 

JOBS [1] - [11]
TOOL SWITCHES : 0
FLOWTIME : 3
MAKESPAN : 3

- MACHINE [1]

0 0 0 1 
0 0 0 0 
0 1 1 0 
0 0 0 0 
0 0 0 0 
1 0 1 1 
1 1 0 1 
0 1 1 0 
1 1 1 0 
0 0 0 1 
0 0 0 0 
0 1 1 1 
0 0 0 0 
1 0 0 1 
1 1 0 0 

JOBS [4] - [5, 4, 12, 19]
TOOL SWITCHES : 0
FLOWTIME : 15
MAKESPAN : 15

- MACHINE [2]

0 1 1 1 0 0 0 0 1 1 1 0 0 1 0 
1 1 1 0 0 1 1 1 1 1 0 0 0 1 0 
0 1 1 0 0 1 0 1 0 0 1 1 0 0 1 
0 0 0 1 0 1 0 1 1 0 0 1 1 0 0 
0 0 1 0 1 0 1 0 1 1 1 0 1 1 1 
0 0 0 0 1 1 0 1 0 1 0 0 1 1 0 
0 0 1 1 1 0 1 0 0 0 0 0 0 0 0 
1 0 0 1 0 0 0 0 0 0 0 0 0 0 0 
0 0 0 0 0 0 0 1 1 0 0 0 1 0 1 
1 0 1 0 0 0 1 0 0 0 0 1 1 0 0 
0 0 0 0 1 0 0 0 1 0 1 0 1 0 1 
0 1 0 0 0 1 0 0 0 0 0 1 0 0 1 
0 1 0 0 0 0 1 0 0 0 0 1 0 1 1 
1 1 0 1 0 1 1 0 0 1 1 1 0 0 0 
1 1 1 1 1 1 0 0 0 0 1 1 0 1 0 

JOBS [15] - [3, 13, 8, 0, 6, 15, 18, 7, 16, 2, 14, 17, 9, 10, 1]
TOOL SWITCHES : 2
FLOWTIME : 73
MAKESPAN : 81

# -------------------------- #

--- TOTAL TOOL SWITCHES : 2
--- TOTAL FLOWTIME : 91
--- TOTAL MAKESPAN : 81
--- RUNNING TIME : 9.70511

# -------------------------- #
RUN : 1 - instancias_txt/SSP-NPM-I/ins110_m=3_j=20_t=15_var=10.txt

- MACHINE [0]

0 
0 
0 
1 
1 
0 
1 
1 
0 
0 
1 
0 
0 
0 
1 

JOBS [1] - [14]
TOOL SWITCHES : 0
FLOWTIME : 4
MAKESPAN : 4

- MACHINE [1]

0 0 0 
1 0 1 
1 0 1 
1 0 0 
0 0 0 
0 1 0 
1 0 1 
0 0 0 
0 1 1 
0 0 0 
0 0 0 
0 1 1 
0 1 1 
1 1 1 
0 1 0 

JOBS [3] - [3, 12, 6]
TOOL SWITCHES : 0
FLOWTIME : 22
MAKESPAN : 22

- MACHINE [2]

0 1 0 0 0 1 0 1 1 1 1 0 0 0 1 0 
0 0 1 0 1 0 0 0 0 1 1 1 0 0 1 1 
1 0 0 1 1 0 1 0 0 1 0 1 0 1 0 1 
0 0 1 0 0 1 0 0 1 0 1 0 1 0 1 0 
1 1 0 0 1 1 0 0 0 0 0 0 0 0 0 0 
1 1 0 1 0 0 1 0 1 0 0 0 0 0 1 1 
0 0 0 1 0 1 1 1 1 0 0 0 1 0 0 0 
0 0 1 1 1 0 0 1 0 1 0 1 0 1 1 0 
1 1 1 1 0 0 0 0 1 1 1 1 0 1 1 1 
0 1 0 0 1 0 1 1 0 0 0 1 1 1 0 0 
1 0 0 0 0 0 1 1 1 0 0 0 0 0 0 0 
0 0 0 0 0 0 1 0 0 1 0 0 1 0 1 1 
0 1 1 1 0 0 0 0 0 0 0 0 0 0 0 0 
0 0 0 0 1 1 0 0 0 0 1 1 0 0 0 0 
1 1 0 1 0 1 0 1 0 0 1 0 1 1 0 0 

JOBS [16] - [13, 9, 18, 11, 5, 19, 7, 10, 16, 15, 1, 8, 2, 0, 4, 17]
TOOL SWITCHES : 2
FLOWTIME : 70
MAKESPAN : 78

# -------------------------- #

--- TOTAL TOOL SWITCHES : 2
--- TOTAL FLOWTIME : 96
--- TOTAL MAKESPAN : 78
--- RUNNING TIME : 9.46672

# -------------------------- #
RUN : 1 - instancias_txt/SSP-NPM-I/ins111_m=3_j=20_t=15_var=11.txt

- MACHINE [0]

1 
0 
1 
1 
1 
0 
0 
0 
1 
1 
0 
0 
0 
0 
1 

JOBS [1] - [2]
TOOL SWITCHES : 0
FLOWTIME : 1
MAKESPAN : 1

- MACHINE [1]

0 1 0 
0 1 1 
0 0 0 
1 1 1 
0 0 0 
0 0 1 
0 0 0 
1 1 0 
1 0 0 
1 1 1 
0 0 0 
1 0 0 
0 1 1 
0 0 0 
0 0 1 

JOBS [3] - [1, 15, 13]
TOOL SWITCHES : 0
FLOWTIME : 17
MAKESPAN : 17

- MACHINE [2]

0 0 1 1 1 0 0 1 0 0 0 0 0 0 1 0 
0 1 0 1 1 1 1 0 0 0 0 1 1 0 0 0 
0 1 0 0 0 1 1 1 0 0 0 0 0 0 0 0 
0 0 0 0 0 0 0 0 0 0 0 0 0 0 0 0 
0 0 0 1 1 0 0 1 1 0 1 1 1 1 0 0 
1 0 1 0 0 1 1 0 0 1 0 1 0 1 1 0 
0 1 1 0 0 1 0 1 1 0 0 1 1 0 1 0 
1 0 0 0 0 0 1 0 0 0 1 0 1 0 0 0 
1 0 0 1 0 0 0 0 1 1 1 0 1 0 1 1 
0 1 1 1 1 0 1 0 0 1 0 1 0 1 0 0 
1 1 0 0 0 1 0 1 1 1 0 0 0 1 0 0 
1 1 1 1 0 1 0 0 0 1 1 0 1 1 0 0 
1 1 1 0 1 1 1 1 0 0 0 1 0 0 1 1 
0 0 0 0 0 0 0 0 1 1 1 1 0 1 1 0 
0 0 0 1 1 0 0 0 1 0 1 0 0 1 0 1 

JOBS [16] - [6, 12, 5, 10, 3, 16, 11, 0, 18, 8, 14, 9, 19, 4, 7, 17]
TOOL SWITCHES : 1
FLOWTIME : 80
MAKESPAN : 84

# -------------------------- #

--- TOTAL TOOL SWITCHES : 1
--- TOTAL FLOWTIME : 98
--- TOTAL MAKESPAN : 84
--- RUNNING TIME : 9.38817

# -------------------------- #
RUN : 1 - instancias_txt/SSP-NPM-I/ins112_m=3_j=20_t=15_var=12.txt

- MACHINE [0]

0 
0 
0 
1 
0 
1 
0 
0 
0 
1 
1 
0 
0 
1 
1 

JOBS [1] - [19]
TOOL SWITCHES : 0
FLOWTIME : 1
MAKESPAN : 1

- MACHINE [1]

0 0 
0 1 
0 0 
0 0 
0 0 
1 0 
1 0 
1 1 
0 0 
0 1 
0 1 
0 1 
1 1 
0 1 
1 0 

JOBS [2] - [2, 9]
TOOL SWITCHES : 0
FLOWTIME : 15
MAKESPAN : 15

- MACHINE [2]

0 1 0 0 1 1 1 0 1 1 0 0 1 0 0 1 1 
1 0 1 0 1 0 0 0 1 0 1 0 0 0 1 1 0 
0 1 0 0 1 1 0 0 1 1 1 0 0 1 0 0 0 
1 1 1 1 0 1 1 0 0 0 1 0 0 0 0 0 0 
0 1 1 0 0 0 1 0 1 0 0 1 1 0 1 0 0 
1 0 0 1 0 0 0 1 1 0 0 0 1 1 0 0 1 
0 0 1 1 0 1 0 1 0 0 1 1 0 0 1 1 0 
0 0 0 0 0 0 0 0 0 0 0 1 0 1 0 1 0 
0 0 0 0 1 0 0 0 0 1 1 1 0 0 1 0 1 
0 1 0 1 1 0 0 0 0 1 0 1 1 1 0 0 0 
0 0 0 0 0 1 1 1 0 1 1 0 0 1 1 1 0 
1 0 1 0 0 0 0 0 1 0 0 1 1 1 0 1 0 
1 1 0 0 0 0 1 1 0 1 0 1 0 0 0 0 1 
1 0 1 1 1 0 0 0 0 0 0 0 0 0 0 0 0 
1 0 0 1 0 1 0 1 0 0 1 0 1 1 1 0 1 

JOBS [17] - [10, 12, 7, 8, 3, 6, 17, 16, 0, 11, 1, 14, 4, 15, 18, 5, 13]
TOOL SWITCHES : 2
FLOWTIME : 93
MAKESPAN : 101

# -------------------------- #

--- TOTAL TOOL SWITCHES : 2
--- TOTAL FLOWTIME : 109
--- TOTAL MAKESPAN : 101
--- RUNNING TIME : 9.91

# -------------------------- #
RUN : 1 - instancias_txt/SSP-NPM-I/ins113_m=3_j=20_t=15_var=13.txt

- MACHINE [0]

0 0 
0 0 
0 0 
1 0 
0 0 
0 0 
0 0 
0 1 
1 1 
1 1 
1 1 
0 1 
1 1 
0 0 
0 0 

JOBS [2] - [1, 14]
TOOL SWITCHES : 0
FLOWTIME : 5
MAKESPAN : 5

- MACHINE [1]

0 0 0 
0 1 0 
1 0 1 
0 0 0 
1 1 0 
0 0 0 
0 0 1 
0 0 0 
1 0 1 
0 1 1 
1 1 1 
1 0 1 
1 0 0 
0 1 1 
0 0 0 

JOBS [3] - [6, 18, 7]
TOOL SWITCHES : 0
FLOWTIME : 13
MAKESPAN : 13

- MACHINE [2]

0 0 0 0 0 0 1 1 0 0 0 1 1 1 1 
0 1 0 0 0 1 0 1 1 1 1 0 0 1 1 
1 0 1 0 1 1 0 1 1 1 0 0 0 1 0 
1 1 0 0 0 0 0 0 0 1 1 0 1 0 1 
1 0 1 0 0 0 1 0 0 1 1 0 0 0 0 
1 0 1 1 1 1 0 1 0 0 0 0 1 0 0 
0 0 0 1 0 0 1 0 1 0 1 0 0 0 1 
0 1 0 1 1 0 0 0 1 1 1 1 0 0 0 
0 0 0 0 0 0 0 0 0 0 1 1 1 1 0 
1 0 0 1 0 1 1 1 1 1 0 0 1 0 0 
0 0 1 1 0 0 0 0 0 0 0 1 0 1 0 
0 1 1 1 1 1 1 0 0 0 0 0 0 0 0 
0 1 0 0 1 0 0 1 0 0 0 0 0 0 0 
0 0 0 0 0 0 0 1 1 1 0 1 1 0 1 
0 1 1 0 1 0 1 0 0 0 1 1 0 1 1 

JOBS [15] - [17, 11, 16, 19, 4, 12, 9, 5, 15, 2, 3, 0, 13, 10, 8]
TOOL SWITCHES : 2
FLOWTIME : 100
MAKESPAN : 108

# -------------------------- #

--- TOTAL TOOL SWITCHES : 2
--- TOTAL FLOWTIME : 118
--- TOTAL MAKESPAN : 108
--- RUNNING TIME : 9.53799

# -------------------------- #
RUN : 1 - instancias_txt/SSP-NPM-I/ins114_m=3_j=20_t=15_var=14.txt

- MACHINE [0]

0 
1 
1 
0 
1 
0 
1 
0 
0 
1 
0 
1 
0 
0 
0 

JOBS [1] - [17]
TOOL SWITCHES : 0
FLOWTIME : 6
MAKESPAN : 6

- MACHINE [1]

1 1 0 1 
0 1 0 1 
0 0 0 0 
0 0 1 1 
0 0 0 0 
1 1 1 0 
0 0 0 0 
1 1 1 0 
0 0 1 1 
0 0 0 0 
0 1 0 0 
0 0 0 0 
1 0 1 1 
1 0 1 0 
1 1 0 0 

JOBS [4] - [9, 12, 13, 2]
TOOL SWITCHES : 0
FLOWTIME : 23
MAKESPAN : 23

- MACHINE [2]

0 0 1 0 1 1 1 0 0 0 0 1 0 1 0 
0 0 0 0 0 0 0 0 0 0 0 0 0 0 0 
0 0 0 1 1 0 1 0 1 1 0 0 0 0 1 
0 0 0 1 0 0 0 1 1 1 1 0 0 1 0 
0 0 1 1 0 1 0 0 0 0 1 0 1 0 0 
0 0 0 0 0 0 0 0 0 0 1 1 1 0 1 
1 0 0 0 0 0 0 0 0 0 0 1 1 0 1 
0 1 1 0 0 0 0 1 0 1 1 0 1 0 0 
0 0 1 1 1 0 0 0 0 1 0 0 0 1 1 
1 1 0 0 1 0 1 0 1 0 1 1 0 1 0 
1 1 1 1 1 1 0 1 1 1 0 1 1 0 0 
0 1 0 0 1 1 0 1 1 0 0 0 0 1 0 
1 0 0 1 0 1 0 0 0 0 1 1 0 1 1 
1 1 1 1 0 0 1 1 0 1 0 0 0 0 0 
1 1 0 0 0 1 1 0 1 0 1 1 1 0 1 

JOBS [15] - [3, 7, 1, 4, 8, 19, 11, 14, 18, 16, 6, 5, 0, 10, 15]
TOOL SWITCHES : 1
FLOWTIME : 67
MAKESPAN : 71

# -------------------------- #

--- TOTAL TOOL SWITCHES : 1
--- TOTAL FLOWTIME : 96
--- TOTAL MAKESPAN : 71
--- RUNNING TIME : 9.84264

# -------------------------- #
RUN : 1 - instancias_txt/SSP-NPM-I/ins115_m=3_j=20_t=15_var=15.txt

- MACHINE [0]

0 
1 
0 
0 
0 
1 
0 
1 
0 
1 
0 
0 
0 
0 
1 

JOBS [1] - [0]
TOOL SWITCHES : 0
FLOWTIME : 5
MAKESPAN : 5

- MACHINE [1]

1 0 1 
1 0 1 
1 1 1 
0 0 0 
0 0 1 
0 0 0 
0 1 0 
0 0 0 
1 1 0 
1 0 0 
1 1 1 
0 0 0 
0 0 0 
0 0 1 
1 1 1 

JOBS [3] - [5, 19, 15]
TOOL SWITCHES : 0
FLOWTIME : 19
MAKESPAN : 19

- MACHINE [2]

1 0 1 0 0 1 0 1 0 1 1 1 1 1 0 1 
1 1 0 1 0 0 0 0 1 0 0 1 0 1 0 0 
0 0 0 0 0 0 0 0 1 1 1 1 1 1 1 1 
0 1 1 0 1 1 0 1 0 0 0 0 0 0 0 0 
0 0 0 0 1 0 1 0 1 1 0 1 1 0 1 0 
0 0 1 1 1 0 1 1 0 0 0 0 0 0 0 0 
0 1 0 1 0 1 0 0 1 1 1 0 0 0 0 1 
1 0 1 0 0 1 0 0 1 0 1 1 0 1 1 1 
0 1 1 0 1 0 0 0 0 1 0 0 0 0 0 0 
0 0 0 1 0 0 0 0 0 0 1 1 0 0 0 1 
1 0 0 1 1 1 1 0 1 0 0 0 1 1 1 1 
1 0 0 1 0 0 1 1 0 1 1 1 1 1 1 0 
1 1 1 0 0 0 0 0 0 0 0 0 0 1 1 0 
0 0 0 0 1 1 1 1 1 0 0 0 1 0 0 1 
0 0 0 0 0 0 0 0 0 0 0 0 0 0 0 0 

JOBS [16] - [3, 14, 16, 8, 6, 18, 13, 7, 11, 17, 4, 9, 12, 10, 2, 1]
TOOL SWITCHES : 1
FLOWTIME : 86
MAKESPAN : 90

# -------------------------- #

--- TOTAL TOOL SWITCHES : 1
--- TOTAL FLOWTIME : 110
--- TOTAL MAKESPAN : 90
--- RUNNING TIME : 8.97355

# -------------------------- #
RUN : 1 - instancias_txt/SSP-NPM-I/ins116_m=3_j=20_t=15_var=16.txt

- MACHINE [0]

1 
0 
1 
0 
1 
0 
0 
1 
0 
0 
0 
1 
1 
0 
0 

JOBS [1] - [4]
TOOL SWITCHES : 0
FLOWTIME : 6
MAKESPAN : 6

- MACHINE [1]

1 1 0 
1 1 1 
0 0 0 
1 1 0 
0 0 0 
0 1 1 
1 1 0 
0 0 1 
0 0 0 
0 0 1 
1 0 0 
0 0 0 
0 0 0 
0 1 1 
1 1 0 

JOBS [3] - [5, 13, 17]
TOOL SWITCHES : 0
FLOWTIME : 7
MAKESPAN : 7

- MACHINE [2]

1 0 0 1 0 0 1 0 1 0 0 1 1 0 1 0 
0 0 0 0 0 0 0 0 0 0 0 1 1 1 0 1 
0 1 1 0 1 0 1 0 0 0 0 1 0 0 0 0 
0 1 1 1 0 0 0 0 0 0 1 0 1 0 1 0 
0 1 0 0 0 0 0 1 1 1 1 0 0 1 0 0 
1 0 0 1 0 1 1 1 1 0 0 0 1 0 1 1 
1 0 0 0 0 1 1 1 0 1 0 0 0 0 1 0 
0 0 0 1 1 1 0 0 0 0 0 0 0 0 0 1 
0 0 0 1 1 0 1 1 0 1 0 1 1 1 0 1 
1 1 0 0 1 1 0 0 1 0 1 1 1 0 0 0 
0 0 0 0 1 0 0 1 0 1 0 0 0 1 0 1 
1 1 1 0 0 0 0 1 0 0 1 0 0 1 1 0 
0 0 0 0 0 0 0 0 1 1 1 1 0 1 1 1 
0 1 1 1 0 1 1 0 0 0 0 0 0 0 0 0 
1 0 1 0 0 0 0 0 1 0 1 0 0 0 0 0 

JOBS [16] - [6, 10, 18, 19, 1, 16, 11, 0, 8, 14, 12, 15, 2, 3, 9, 7]
TOOL SWITCHES : 2
FLOWTIME : 97
MAKESPAN : 105

# -------------------------- #

--- TOTAL TOOL SWITCHES : 2
--- TOTAL FLOWTIME : 110
--- TOTAL MAKESPAN : 105
--- RUNNING TIME : 9.12722

# -------------------------- #
RUN : 1 - instancias_txt/SSP-NPM-I/ins117_m=3_j=20_t=15_var=17.txt

- MACHINE [0]

1 
0 
1 
1 
0 
0 
1 
0 
0 
0 
1 
0 
1 
0 
0 

JOBS [1] - [1]
TOOL SWITCHES : 0
FLOWTIME : 1
MAKESPAN : 1

- MACHINE [1]

1 0 
0 0 
0 1 
1 1 
0 1 
0 0 
1 0 
1 0 
0 0 
0 0 
0 1 
1 1 
0 0 
1 1 
0 1 

JOBS [2] - [15, 14]
TOOL SWITCHES : 0
FLOWTIME : 11
MAKESPAN : 11

- MACHINE [2]

0 0 0 0 1 0 1 0 0 0 1 1 1 0 0 1 0 
0 0 1 1 1 1 0 1 0 0 0 0 1 0 0 0 1 
0 1 0 0 0 1 1 0 0 0 0 0 0 0 1 0 1 
0 0 0 0 0 0 0 0 0 0 0 0 0 0 0 0 0 
0 1 0 0 1 1 0 1 1 0 1 1 0 1 0 0 1 
1 1 1 0 1 0 0 0 1 0 0 0 1 1 1 0 0 
1 0 0 0 0 0 0 1 0 1 0 0 0 1 0 1 0 
1 0 1 0 0 0 0 0 0 1 0 0 1 1 0 1 1 
0 1 1 0 0 1 0 0 1 0 0 0 1 1 1 0 1 
1 0 1 1 0 1 1 1 0 1 0 0 0 0 0 0 0 
0 0 0 0 0 0 0 0 0 0 1 1 0 1 1 0 0 
0 1 0 1 1 1 0 0 1 0 0 0 0 0 1 1 0 
0 0 0 1 1 0 1 1 1 0 1 1 1 0 1 0 0 
0 1 1 1 0 1 1 0 1 1 1 0 1 0 0 0 1 
1 0 0 1 1 0 1 0 0 1 0 1 0 0 0 1 1 

JOBS [17] - [18, 16, 13, 0, 5, 10, 12, 7, 11, 3, 2, 6, 9, 17, 19, 8, 4]
TOOL SWITCHES : 1
FLOWTIME : 78
MAKESPAN : 82

# -------------------------- #

--- TOTAL TOOL SWITCHES : 1
--- TOTAL FLOWTIME : 90
--- TOTAL MAKESPAN : 82
--- RUNNING TIME : 9.31532

# -------------------------- #
RUN : 1 - instancias_txt/SSP-NPM-I/ins118_m=3_j=20_t=15_var=18.txt

- MACHINE [0]

1 
0 
0 
0 
0 
0 
0 
0 
0 
0 
1 
1 
1 
1 
0 

JOBS [1] - [11]
TOOL SWITCHES : 0
FLOWTIME : 5
MAKESPAN : 5

- MACHINE [1]

0 0 0 0 
0 0 1 1 
1 0 0 0 
0 0 0 0 
0 0 0 0 
0 0 0 0 
1 1 1 1 
1 1 1 1 
1 1 0 0 
0 0 0 1 
0 0 0 0 
0 1 1 1 
0 0 0 1 
0 1 1 0 
1 1 0 0 

JOBS [4] - [10, 9, 6, 17]
TOOL SWITCHES : 0
FLOWTIME : 26
MAKESPAN : 26

- MACHINE [2]

0 0 0 1 0 1 1 0 1 0 1 1 0 0 0 
1 0 0 0 0 1 0 1 0 1 0 0 1 1 0 
0 1 0 1 1 1 1 0 0 0 0 0 0 0 1 
0 0 0 1 0 1 1 0 1 1 0 0 0 1 0 
0 0 1 0 1 0 1 1 0 1 1 0 0 1 0 
0 0 1 0 0 0 1 0 0 1 1 0 1 1 1 
0 1 0 1 0 1 0 1 1 0 0 1 1 0 0 
0 1 1 0 1 0 1 0 1 1 0 0 1 0 1 
0 0 0 0 1 1 1 1 1 0 0 1 1 0 0 
1 1 0 0 1 1 0 1 0 1 1 1 0 1 0 
1 0 1 0 1 0 0 0 0 0 1 0 0 0 1 
0 0 0 0 0 0 0 0 0 0 0 0 0 0 0 
1 1 1 1 0 0 0 0 0 0 0 0 0 0 0 
0 1 1 0 0 0 0 0 0 0 0 0 1 1 1 
1 1 1 0 0 0 0 1 0 1 0 1 0 0 1 

JOBS [15] - [19, 15, 5, 14, 4, 8, 16, 3, 0, 1, 12, 2, 13, 18, 7]
TOOL SWITCHES : 1
FLOWTIME : 81
MAKESPAN : 85

# -------------------------- #

--- TOTAL TOOL SWITCHES : 1
--- TOTAL FLOWTIME : 112
--- TOTAL MAKESPAN : 85
--- RUNNING TIME : 9.28743

# -------------------------- #
RUN : 1 - instancias_txt/SSP-NPM-I/ins119_m=3_j=20_t=15_var=19.txt

- MACHINE [0]

1 
1 
1 
0 
1 
0 
1 
0 
0 
1 
0 
0 
0 
0 
1 

JOBS [1] - [1]
TOOL SWITCHES : 0
FLOWTIME : 3
MAKESPAN : 3

- MACHINE [1]

1 1 1 
1 0 1 
0 1 1 
0 0 0 
0 0 0 
0 1 0 
1 1 1 
0 0 0 
0 1 1 
0 0 0 
0 0 0 
0 0 0 
1 0 0 
1 1 0 
1 1 0 

JOBS [3] - [15, 18, 16]
TOOL SWITCHES : 0
FLOWTIME : 7
MAKESPAN : 7

- MACHINE [2]

1 1 0 0 1 0 0 0 1 1 1 0 0 1 0 1 
1 1 0 1 0 0 0 1 0 1 0 0 0 0 0 1 
0 0 0 0 0 0 1 0 1 0 0 1 0 1 1 1 
1 0 1 0 1 0 1 1 1 1 1 0 1 0 1 0 
0 1 0 1 1 1 0 0 1 1 1 0 1 0 1 0 
1 0 1 0 0 1 0 0 0 0 1 0 1 1 0 0 
0 0 0 0 0 0 0 0 0 0 0 0 0 0 0 0 
0 1 1 0 0 0 0 1 1 0 0 1 1 1 1 1 
0 0 1 0 1 0 0 0 0 1 0 0 0 0 1 0 
0 1 0 0 0 1 1 0 1 0 0 1 1 1 0 0 
0 0 0 1 0 1 1 0 0 0 0 1 1 1 1 0 
1 0 1 1 0 1 1 1 0 0 0 1 0 0 0 1 
0 0 0 1 1 1 1 1 1 0 1 0 0 0 0 0 
1 0 1 1 0 0 0 0 0 0 0 0 0 0 0 0 
1 0 1 1 1 0 0 1 0 1 1 0 0 1 0 1 

JOBS [16] - [11, 7, 0, 13, 12, 17, 19, 14, 4, 10, 6, 3, 2, 5, 9, 8]
TOOL SWITCHES : 1
FLOWTIME : 105
MAKESPAN : 109

# -------------------------- #

--- TOTAL TOOL SWITCHES : 1
--- TOTAL FLOWTIME : 115
--- TOTAL MAKESPAN : 109
--- RUNNING TIME : 10.0351

# -------------------------- #
RUN : 1 - instancias_txt/SSP-NPM-I/ins120_m=3_j=20_t=15_var=20.txt

- MACHINE [0]

0 
1 
1 
1 
0 
0 
0 
1 
1 
0 
0 
0 
1 
0 
0 

JOBS [1] - [7]
TOOL SWITCHES : 0
FLOWTIME : 4
MAKESPAN : 4

- MACHINE [1]

0 0 
0 0 
1 1 
1 1 
0 1 
0 0 
1 0 
0 1 
0 0 
0 1 
0 0 
1 0 
1 0 
0 0 
1 0 

JOBS [2] - [4, 18]
TOOL SWITCHES : 0
FLOWTIME : 12
MAKESPAN : 12

- MACHINE [2]

1 0 1 0 1 1 0 1 1 0 0 0 0 1 0 0 1 
1 0 0 1 1 1 0 1 0 0 0 0 0 0 1 1 0 
0 0 1 1 1 1 1 0 0 0 1 1 1 0 1 1 0 
0 0 0 0 0 0 0 0 0 0 0 0 0 0 0 0 0 
0 0 0 1 1 0 1 1 0 1 0 0 1 1 0 0 0 
0 1 1 1 1 1 0 0 0 1 0 1 0 1 1 1 1 
0 1 0 0 0 1 0 1 1 1 0 0 0 0 0 0 0 
1 0 1 1 0 0 1 0 0 0 1 1 1 1 1 0 1 
1 0 1 0 0 0 1 1 1 1 1 0 0 1 1 1 1 
1 0 0 0 0 0 1 0 1 0 1 1 0 0 0 0 1 
0 1 0 1 1 1 1 0 1 0 0 0 0 0 0 0 1 
0 0 0 0 0 0 0 0 0 0 1 1 1 1 0 1 0 
0 1 0 1 0 0 1 0 1 0 1 0 1 0 0 1 0 
0 0 0 0 0 0 0 1 1 0 1 1 1 0 1 0 0 
0 1 1 0 0 0 0 0 0 1 0 0 1 1 0 0 1 

JOBS [17] - [6, 3, 0, 15, 8, 2, 16, 13, 14, 1, 12, 11, 10, 9, 19, 5, 17]
TOOL SWITCHES : 1
FLOWTIME : 80
MAKESPAN : 84

# -------------------------- #

--- TOTAL TOOL SWITCHES : 1
--- TOTAL FLOWTIME : 96
--- TOTAL MAKESPAN : 84
--- RUNNING TIME : 9.36882

# -------------------------- #

Average TS : 30/20 = 1.5