RUN : 1 - instancias_txt/SSP-NPM-I/ins101_m=3_j=20_t=15_var=1.txt

- MACHINE [0]

0 0 1 1 1 1 1 0 
0 0 0 1 0 0 1 0 
0 1 0 0 1 1 1 1 
0 1 1 0 0 0 0 0 
1 0 1 1 1 1 0 1 
0 0 0 0 0 1 1 1 
0 0 0 0 0 0 0 0 
1 1 1 1 1 0 1 1 
1 1 1 1 1 0 0 0 
0 0 0 0 0 1 1 0 
0 0 0 0 0 0 0 0 
1 1 0 0 0 0 0 0 
1 0 1 0 0 0 0 0 
0 0 0 0 0 0 0 1 
0 0 0 1 0 0 0 1 

JOBS [8] - [6, 15, 0, 3, 7, 19, 10, 18]
TOOL SWITCHES : 7
MAKESPAN : 33

- MACHINE [1]

0 0 0 0 0 0 
0 0 0 0 0 1 
0 0 0 0 0 0 
0 1 0 0 0 1 
1 1 1 0 0 1 
0 1 0 1 1 0 
0 0 1 1 1 0 
0 1 1 0 0 0 
1 0 1 1 0 0 
0 1 1 0 0 1 
1 0 0 0 0 0 
0 0 0 0 1 1 
1 0 0 1 1 0 
1 0 0 1 1 0 
1 1 1 0 1 1 

JOBS [6] - [9, 1, 2, 8, 17, 13]
TOOL SWITCHES : 3
MAKESPAN : 33

- MACHINE [2]

1 0 1 1 0 1 
1 0 0 0 1 0 
0 1 0 0 1 1 
0 1 1 0 1 0 
0 0 0 0 0 1 
0 0 0 1 1 0 
0 1 1 1 0 0 
1 0 0 0 1 0 
1 0 0 0 0 0 
0 1 0 1 0 0 
1 0 0 1 1 1 
0 0 0 1 0 0 
0 1 1 0 0 0 
1 0 1 0 1 1 
0 0 0 0 0 0 

JOBS [6] - [11, 14, 4, 12, 5, 16]
TOOL SWITCHES : 1
MAKESPAN : 30

# -------------------------- #

--- TOTAL TOOL SWITCHES : 11
--- HIGHEST MAKESPAN : 33
--- TOTAL FLOWTIME : 349
--- RUNNING TIME : 2.67198

# -------------------------- #
RUN : 1 - instancias_txt/SSP-NPM-I/ins102_m=3_j=20_t=15_var=2.txt

- MACHINE [0]

0 0 0 1 
0 1 0 1 
1 0 1 0 
0 0 1 0 
1 1 0 1 
0 0 0 0 
1 1 0 0 
0 0 0 1 
0 1 1 0 
1 1 0 0 
1 0 0 0 
0 0 1 1 
0 0 0 0 
0 0 0 1 
1 1 1 1 

JOBS [4] - [7, 6, 1, 16]
TOOL SWITCHES : 6
MAKESPAN : 24

- MACHINE [1]

0 0 0 0 1 1 
0 0 1 0 1 0 
1 1 1 1 0 0 
0 0 0 1 0 0 
0 1 0 1 0 1 
1 0 0 0 1 0 
1 1 0 1 0 1 
0 0 0 0 0 1 
1 1 1 0 0 0 
0 0 1 1 0 1 
1 1 0 0 0 0 
0 0 0 0 1 1 
0 0 0 0 1 0 
1 1 1 1 1 0 
0 0 0 0 0 0 

JOBS [6] - [5, 2, 13, 4, 9, 11]
TOOL SWITCHES : 4
MAKESPAN : 25

- MACHINE [2]

0 1 1 1 1 0 1 1 0 1 
1 0 0 0 0 0 1 0 1 1 
0 0 0 0 0 0 0 0 1 1 
0 1 0 0 0 1 0 0 0 1 
0 1 1 0 1 0 0 0 0 0 
1 0 1 0 0 1 0 1 0 0 
0 1 0 0 1 1 1 1 0 1 
0 1 0 0 0 0 1 0 1 1 
1 1 0 0 1 1 0 1 0 0 
0 0 0 1 0 0 0 1 1 0 
1 0 0 1 1 0 0 1 0 0 
1 0 1 0 0 1 1 1 0 1 
0 0 1 1 1 0 1 0 1 0 
0 0 0 1 0 1 0 0 0 0 
0 0 0 0 0 0 0 0 0 0 

JOBS [10] - [8, 14, 18, 10, 12, 0, 19, 17, 3, 15]
TOOL SWITCHES : 1
MAKESPAN : 25

# -------------------------- #

--- TOTAL TOOL SWITCHES : 11
--- HIGHEST MAKESPAN : 25
--- TOTAL FLOWTIME : 230
--- RUNNING TIME : 3.70451

# -------------------------- #
RUN : 1 - instancias_txt/SSP-NPM-I/ins103_m=3_j=20_t=15_var=3.txt

- MACHINE [0]

1 0 1 0 1 0 0 
0 0 1 1 1 1 0 
0 0 0 0 0 0 0 
1 0 0 0 0 0 0 
1 1 1 0 0 1 0 
1 1 0 0 0 0 0 
0 1 1 1 1 0 0 
0 0 0 0 1 1 1 
0 0 0 1 1 1 1 
1 0 0 0 0 1 1 
0 1 1 0 1 1 1 
1 1 1 1 1 0 1 
0 0 0 0 0 0 1 
0 0 1 1 0 1 1 
1 1 0 0 0 0 0 

JOBS [7] - [9, 15, 6, 2, 18, 13, 10]
TOOL SWITCHES : 11
MAKESPAN : 36

- MACHINE [1]

1 0 0 1 0 0 
0 0 1 0 1 0 
0 0 1 0 0 1 
1 1 0 0 1 1 
0 1 0 1 0 1 
0 1 1 0 0 0 
1 1 0 0 0 0 
0 1 1 0 0 0 
0 0 1 1 0 0 
0 0 0 0 0 1 
1 1 0 0 0 0 
0 1 0 1 1 1 
1 0 1 1 1 0 
1 0 0 0 0 0 
0 0 0 1 1 1 

JOBS [6] - [19, 11, 12, 1, 8, 5]
TOOL SWITCHES : 5
MAKESPAN : 36

- MACHINE [2]

0 1 1 0 0 0 0 
0 0 1 1 0 0 1 
1 1 1 1 0 0 1 
0 0 1 0 1 0 0 
1 0 0 0 1 0 0 
0 1 0 0 0 0 0 
0 0 0 1 0 1 1 
1 1 0 1 1 0 0 
1 1 1 1 0 1 1 
1 0 1 0 0 1 0 
0 1 0 0 1 1 0 
0 0 0 0 0 0 0 
1 0 0 0 0 0 1 
0 0 0 1 0 1 1 
1 0 0 1 1 1 0 

JOBS [7] - [16, 0, 4, 17, 3, 14, 7]
TOOL SWITCHES : 1
MAKESPAN : 36

# -------------------------- #

--- TOTAL TOOL SWITCHES : 17
--- HIGHEST MAKESPAN : 36
--- TOTAL FLOWTIME : 387
--- RUNNING TIME : 2.86739

# -------------------------- #
RUN : 1 - instancias_txt/SSP-NPM-I/ins104_m=3_j=20_t=15_var=4.txt

- MACHINE [0]

0 0 0 1 1 0 
0 1 1 0 0 0 
0 0 0 1 1 1 
1 0 0 0 0 1 
1 1 1 1 1 0 
0 1 0 1 0 1 
0 0 1 1 0 0 
0 1 0 1 0 0 
0 0 1 0 1 1 
1 0 0 0 0 0 
1 1 0 0 1 1 
1 0 0 0 0 0 
1 1 1 0 0 0 
0 0 1 1 0 1 
0 0 0 0 0 0 

JOBS [6] - [10, 13, 14, 0, 19, 9]
TOOL SWITCHES : 11
MAKESPAN : 31

- MACHINE [1]

1 1 0 0 1 1 
0 1 1 1 1 0 
1 0 0 0 1 0 
0 1 1 1 0 0 
0 0 0 0 0 0 
0 0 1 0 1 0 
0 0 0 0 0 0 
1 0 1 1 0 1 
0 0 0 0 1 0 
1 0 1 1 0 0 
0 1 1 1 0 1 
1 0 0 0 0 1 
0 0 0 0 0 0 
1 1 0 0 0 0 
0 1 0 1 0 1 

JOBS [6] - [2, 17, 11, 16, 6, 5]
TOOL SWITCHES : 2
MAKESPAN : 33

- MACHINE [2]

1 1 0 1 1 0 1 1 
0 0 1 1 1 0 1 0 
1 0 0 0 0 1 0 0 
0 0 1 0 0 0 0 1 
0 1 0 0 0 1 1 0 
1 1 1 1 0 1 0 0 
1 1 1 1 0 1 0 1 
0 0 0 0 0 0 0 0 
0 0 1 0 0 0 1 0 
1 1 0 0 1 1 1 1 
0 0 0 0 0 0 0 0 
1 1 0 1 0 1 0 1 
0 0 0 0 1 0 0 1 
0 0 1 0 1 1 1 0 
0 0 0 1 1 0 1 0 

JOBS [8] - [8, 4, 3, 1, 12, 18, 7, 15]
TOOL SWITCHES : 0
MAKESPAN : 33

# -------------------------- #

--- TOTAL TOOL SWITCHES : 13
--- HIGHEST MAKESPAN : 33
--- TOTAL FLOWTIME : 331
--- RUNNING TIME : 3.04198

# -------------------------- #
RUN : 1 - instancias_txt/SSP-NPM-I/ins105_m=3_j=20_t=15_var=5.txt

- MACHINE [0]

0 0 0 0 1 1 
1 0 0 0 0 1 
0 0 0 0 0 0 
0 0 0 1 1 0 
1 1 0 0 0 0 
0 0 0 0 1 0 
1 1 1 1 1 1 
1 0 1 0 0 1 
0 0 1 0 0 0 
0 1 0 1 1 0 
0 1 0 1 0 1 
0 0 1 1 0 1 
1 0 0 0 0 0 
1 1 1 1 0 0 
1 1 0 0 0 0 

JOBS [6] - [2, 18, 16, 11, 13, 3]
TOOL SWITCHES : 9
MAKESPAN : 37

- MACHINE [1]

0 1 1 1 0 1 0 
0 0 1 1 1 1 1 
1 0 1 0 0 0 0 
0 0 0 0 1 1 0 
1 0 0 0 0 0 1 
1 1 1 1 0 0 0 
0 0 1 0 1 0 0 
1 1 0 0 0 0 1 
0 0 0 0 0 1 1 
0 0 0 0 1 1 1 
1 1 1 1 0 0 0 
0 0 0 0 0 0 0 
1 1 0 0 1 1 1 
0 1 1 1 0 1 0 
0 0 0 1 0 0 0 

JOBS [7] - [10, 14, 4, 5, 12, 17, 1]
TOOL SWITCHES : 4
MAKESPAN : 37

- MACHINE [2]

1 1 0 0 1 1 0 
0 0 1 1 0 1 1 
1 0 0 0 0 1 1 
1 0 1 0 0 0 1 
1 1 0 1 1 0 0 
1 0 0 1 0 0 1 
0 1 1 1 0 0 0 
0 0 1 0 0 0 0 
0 0 0 1 0 1 0 
0 1 0 1 0 0 1 
0 0 0 0 1 1 1 
1 1 1 1 1 0 0 
0 0 0 0 0 0 0 
0 0 1 0 1 1 1 
0 1 1 0 1 0 0 

JOBS [7] - [0, 7, 19, 6, 15, 9, 8]
TOOL SWITCHES : 1
MAKESPAN : 37

# -------------------------- #

--- TOTAL TOOL SWITCHES : 14
--- HIGHEST MAKESPAN : 37
--- TOTAL FLOWTIME : 374
--- RUNNING TIME : 2.83888

# -------------------------- #
RUN : 1 - instancias_txt/SSP-NPM-I/ins106_m=3_j=20_t=15_var=6.txt

- MACHINE [0]

1 0 0 0 0 1 
1 0 1 0 1 1 
0 0 0 0 1 1 
0 1 1 1 1 0 
0 0 1 0 0 0 
0 0 0 1 0 1 
0 0 0 0 0 0 
1 1 0 0 0 0 
0 0 1 0 0 0 
0 0 0 1 1 1 
0 0 0 0 0 1 
1 0 1 1 0 0 
1 1 0 1 1 1 
1 1 0 0 0 0 
0 1 0 1 1 0 

JOBS [6] - [8, 3, 14, 7, 17, 12]
TOOL SWITCHES : 8
MAKESPAN : 35

- MACHINE [1]

0 0 1 1 0 0 
1 0 1 0 1 0 
1 0 1 1 0 0 
0 1 0 1 1 1 
0 0 0 0 0 0 
1 0 1 0 0 1 
0 1 0 0 0 0 
0 1 0 0 0 0 
1 0 0 0 0 0 
1 1 1 0 1 0 
0 1 0 1 1 0 
1 1 1 1 0 1 
0 0 0 0 1 1 
1 0 0 0 1 1 
0 0 0 1 1 0 

JOBS [6] - [10, 13, 2, 0, 4, 16]
TOOL SWITCHES : 4
MAKESPAN : 35

- MACHINE [2]

1 1 0 0 1 1 0 0 
0 0 0 1 0 0 0 0 
0 0 0 0 0 0 1 1 
0 1 0 1 0 0 0 0 
1 1 1 1 0 1 0 0 
1 1 0 0 1 1 0 0 
1 0 1 0 1 0 1 1 
0 0 1 0 0 0 1 0 
1 1 0 0 1 0 0 0 
0 0 0 1 0 0 1 1 
0 0 1 1 0 1 0 0 
1 1 1 0 0 0 0 0 
0 1 1 0 1 1 1 1 
1 0 0 0 0 0 0 1 
0 0 1 0 0 1 1 0 

JOBS [8] - [18, 1, 19, 11, 15, 9, 6, 5]
TOOL SWITCHES : 2
MAKESPAN : 34

# -------------------------- #

--- TOTAL TOOL SWITCHES : 14
--- HIGHEST MAKESPAN : 35
--- TOTAL FLOWTIME : 373
--- RUNNING TIME : 3.2112

# -------------------------- #
RUN : 1 - instancias_txt/SSP-NPM-I/ins107_m=3_j=20_t=15_var=7.txt

- MACHINE [0]

1 0 0 0 0 0 0 
0 1 0 0 0 1 1 
0 0 1 0 1 1 0 
0 0 1 1 1 0 0 
1 1 0 1 1 0 1 
0 1 1 0 0 0 0 
1 1 0 0 0 0 0 
0 1 1 1 1 1 1 
1 1 1 1 0 1 0 
1 0 0 1 0 0 0 
1 0 1 1 0 0 0 
0 0 0 0 1 1 0 
0 0 0 0 1 0 1 
0 0 0 0 0 0 1 
0 0 0 0 1 0 0 

JOBS [7] - [3, 15, 9, 5, 0, 1, 6]
TOOL SWITCHES : 11
MAKESPAN : 38

- MACHINE [1]

0 0 0 1 1 1 
0 0 0 1 0 1 
0 1 1 0 0 0 
0 0 0 0 0 0 
0 0 1 1 0 1 
0 1 1 0 1 1 
0 1 0 1 1 1 
0 0 0 1 0 0 
0 0 0 0 0 0 
1 1 1 0 0 0 
0 0 0 0 1 1 
1 1 0 1 1 0 
1 0 0 0 1 0 
1 0 1 0 0 0 
1 1 0 0 0 1 

JOBS [6] - [17, 2, 11, 18, 4, 10]
TOOL SWITCHES : 3
MAKESPAN : 38

- MACHINE [2]

1 0 0 1 1 0 0 
1 1 0 1 1 0 1 
1 0 1 1 1 0 1 
1 1 1 0 1 0 1 
0 0 0 0 0 0 0 
1 1 0 0 0 1 0 
0 1 0 0 0 1 0 
0 0 0 1 0 0 0 
0 1 1 0 0 0 0 
0 0 1 0 0 0 0 
0 1 0 1 0 1 1 
0 0 1 1 0 0 0 
0 0 1 0 1 1 1 
0 0 0 0 0 0 1 
1 1 1 0 0 1 0 

JOBS [7] - [13, 12, 7, 8, 19, 14, 16]
TOOL SWITCHES : 1
MAKESPAN : 38

# -------------------------- #

--- TOTAL TOOL SWITCHES : 15
--- HIGHEST MAKESPAN : 38
--- TOTAL FLOWTIME : 371
--- RUNNING TIME : 3.73774

# -------------------------- #
RUN : 1 - instancias_txt/SSP-NPM-I/ins108_m=3_j=20_t=15_var=8.txt

- MACHINE [0]

0 1 1 0 0 0 
0 0 0 1 1 0 
0 0 0 0 1 0 
1 1 1 1 0 1 
0 0 0 0 0 1 
0 0 0 0 1 1 
1 1 1 1 1 1 
0 0 0 0 0 0 
0 1 0 0 0 0 
1 1 0 1 0 0 
0 1 0 0 0 0 
0 0 0 1 1 1 
1 0 0 0 0 0 
0 0 1 1 0 0 
1 0 1 1 1 0 

JOBS [6] - [1, 18, 12, 3, 4, 15]
TOOL SWITCHES : 7
MAKESPAN : 25

- MACHINE [1]

1 1 0 1 0 0 
0 1 0 1 0 0 
1 0 1 1 1 0 
0 0 0 0 0 1 
0 1 1 0 1 0 
1 0 1 1 1 1 
0 0 0 0 0 0 
0 0 0 0 1 0 
0 0 1 0 1 1 
0 0 0 0 0 0 
1 1 0 0 0 0 
1 1 1 0 0 1 
1 1 0 1 1 1 
0 0 0 0 0 0 
0 1 0 0 1 0 

JOBS [6] - [6, 14, 0, 16, 2, 5]
TOOL SWITCHES : 2
MAKESPAN : 22

- MACHINE [2]

0 0 1 0 1 1 0 0 
1 0 0 0 0 0 0 0 
0 1 1 0 0 1 1 0 
1 0 0 1 0 0 1 1 
0 1 0 0 1 0 1 0 
0 0 1 0 1 0 0 0 
0 0 0 0 0 0 0 0 
0 0 0 1 1 0 1 1 
1 1 0 0 0 1 0 1 
0 1 0 1 1 1 0 1 
1 1 1 1 0 0 1 0 
0 0 1 0 1 1 0 1 
1 0 0 1 0 0 1 1 
1 0 1 1 0 0 0 0 
1 0 0 0 1 1 0 0 

JOBS [8] - [7, 17, 10, 8, 11, 13, 9, 19]
TOOL SWITCHES : 1
MAKESPAN : 26

# -------------------------- #

--- TOTAL TOOL SWITCHES : 10
--- HIGHEST MAKESPAN : 26
--- TOTAL FLOWTIME : 260
--- RUNNING TIME : 3.2494

# -------------------------- #
RUN : 1 - instancias_txt/SSP-NPM-I/ins109_m=3_j=20_t=15_var=9.txt

- MACHINE [0]

0 1 1 0 0 
0 1 1 1 0 
0 0 0 1 1 
1 0 1 1 0 
1 1 1 0 1 
1 1 0 1 0 
0 0 0 0 0 
0 0 0 0 0 
1 0 1 1 1 
1 0 0 0 0 
1 0 1 0 1 
0 0 0 0 1 
0 0 0 0 1 
0 1 0 0 0 
0 0 0 0 0 

JOBS [5] - [9, 2, 16, 7, 1]
TOOL SWITCHES : 6
MAKESPAN : 27

- MACHINE [1]

1 0 0 1 0 0 1 0 
1 0 1 0 0 0 0 0 
1 1 1 0 1 0 0 0 
0 1 1 1 0 0 0 0 
0 0 0 0 0 0 0 0 
0 0 1 0 1 1 1 0 
0 0 0 1 0 1 1 0 
0 0 0 1 1 0 0 1 
0 0 0 0 1 1 0 1 
0 1 0 0 0 0 1 1 
0 0 0 0 0 0 0 1 
1 1 1 0 1 0 1 1 
1 1 0 0 0 0 0 0 
1 1 1 1 0 1 1 1 
1 1 1 1 0 1 0 1 

JOBS [8] - [13, 17, 15, 0, 12, 5, 19, 11]
TOOL SWITCHES : 4
MAKESPAN : 28

- MACHINE [2]

0 1 1 0 1 0 0 
0 0 1 1 1 1 0 
1 1 0 0 1 0 0 
0 0 0 0 0 0 0 
0 1 1 0 1 1 1 
0 0 1 0 0 0 1 
1 0 0 0 1 1 1 
1 0 0 1 0 0 0 
1 0 0 0 0 0 0 
0 0 0 1 1 1 0 
0 1 0 0 0 0 1 
1 0 0 0 0 0 0 
0 0 1 0 0 1 0 
0 1 0 1 0 1 0 
1 1 1 1 1 0 1 

JOBS [7] - [4, 14, 10, 3, 8, 18, 6]
TOOL SWITCHES : 1
MAKESPAN : 28

# -------------------------- #

--- TOTAL TOOL SWITCHES : 11
--- HIGHEST MAKESPAN : 28
--- TOTAL FLOWTIME : 310
--- RUNNING TIME : 3.3225

# -------------------------- #
RUN : 1 - instancias_txt/SSP-NPM-I/ins110_m=3_j=20_t=15_var=10.txt

- MACHINE [0]

1 0 0 0 0 
1 1 1 1 0 
1 1 1 1 1 
0 1 0 0 0 
0 0 0 1 0 
0 0 0 0 0 
0 1 0 0 0 
1 0 1 1 1 
1 0 1 0 1 
0 0 1 1 1 
0 0 0 0 0 
1 0 0 0 0 
0 0 0 0 0 
0 1 1 1 0 
0 0 0 0 1 

JOBS [5] - [15, 3, 8, 5, 0]
TOOL SWITCHES : 5
MAKESPAN : 27

- MACHINE [1]

0 1 0 1 1 0 
0 0 0 0 0 0 
1 0 1 0 0 0 
0 0 0 0 1 1 
0 1 1 0 1 1 
1 1 1 0 0 0 
1 0 0 1 1 1 
1 0 0 1 0 1 
1 1 1 0 0 0 
0 1 0 1 0 0 
0 0 1 1 0 1 
0 0 0 0 0 0 
1 1 0 0 0 0 
0 0 0 0 1 0 
1 1 1 1 1 1 

JOBS [6] - [11, 9, 13, 10, 19, 14]
TOOL SWITCHES : 3
MAKESPAN : 27

- MACHINE [2]

0 0 1 1 1 0 0 0 0 
1 0 1 0 1 0 0 1 1 
1 0 0 0 0 1 0 1 0 
0 0 1 1 1 0 1 0 1 
0 0 0 0 0 0 0 0 0 
0 1 1 1 0 1 0 1 0 
1 0 0 1 0 1 1 0 0 
0 0 1 0 0 0 0 0 1 
1 1 1 1 1 0 0 1 1 
0 0 0 0 0 1 1 0 0 
0 0 0 1 0 1 0 0 0 
1 1 1 0 0 1 1 1 0 
1 1 0 0 0 0 0 0 1 
1 1 0 0 1 0 0 0 0 
0 1 0 0 1 0 1 0 0 

JOBS [9] - [6, 12, 4, 16, 1, 7, 2, 17, 18]
TOOL SWITCHES : 1
MAKESPAN : 28

# -------------------------- #

--- TOTAL TOOL SWITCHES : 9
--- HIGHEST MAKESPAN : 28
--- TOTAL FLOWTIME : 264
--- RUNNING TIME : 4.20418

# -------------------------- #
RUN : 1 - instancias_txt/SSP-NPM-I/ins111_m=3_j=20_t=15_var=11.txt

- MACHINE [0]

0 0 0 0 1 
0 1 1 0 0 
0 1 1 0 1 
1 0 0 0 0 
0 0 0 0 1 
0 1 0 0 0 
0 0 1 0 1 
1 1 0 0 0 
1 0 0 1 0 
1 1 1 0 0 
0 0 1 0 1 
1 0 1 0 0 
0 1 1 1 1 
0 0 0 0 0 
0 0 0 1 0 

JOBS [5] - [1, 11, 12, 17, 0]
TOOL SWITCHES : 8
MAKESPAN : 32

- MACHINE [1]

1 0 1 0 1 0 0 
1 1 0 1 1 0 0 
0 0 1 0 0 0 0 
1 1 1 0 0 0 0 
0 0 1 1 1 1 1 
0 1 0 0 0 1 0 
0 0 0 1 0 0 0 
1 0 0 1 0 0 1 
0 0 1 1 1 0 1 
1 1 1 0 1 1 0 
0 0 0 0 0 1 0 
0 0 0 1 1 1 1 
1 1 0 0 0 0 0 
0 0 0 0 0 1 1 
0 1 1 0 1 1 1 

JOBS [7] - [15, 13, 2, 19, 10, 4, 14]
TOOL SWITCHES : 5
MAKESPAN : 32

- MACHINE [2]

0 0 0 1 0 1 1 0 
0 0 1 0 0 0 1 1 
0 0 1 0 0 0 0 0 
0 0 0 0 0 0 0 0 
1 0 0 0 0 0 1 1 
0 1 1 1 1 1 0 1 
1 0 1 1 0 1 0 1 
0 1 0 0 0 0 0 0 
1 1 0 1 1 0 0 0 
0 0 0 0 1 1 1 1 
1 1 1 0 1 0 0 0 
0 1 1 0 1 1 0 0 
0 1 1 1 0 1 1 1 
1 0 0 1 1 0 0 1 
1 0 0 0 0 0 1 0 

JOBS [8] - [18, 6, 16, 7, 8, 5, 3, 9]
TOOL SWITCHES : 1
MAKESPAN : 31

# -------------------------- #

--- TOTAL TOOL SWITCHES : 14
--- HIGHEST MAKESPAN : 32
--- TOTAL FLOWTIME : 354
--- RUNNING TIME : 3.02538

# -------------------------- #
RUN : 1 - instancias_txt/SSP-NPM-I/ins112_m=3_j=20_t=15_var=12.txt

- MACHINE [0]

0 1 1 1 1 
0 1 1 0 1 
0 0 1 0 1 
0 0 0 0 0 
0 0 1 1 0 
1 0 1 1 0 
1 1 0 0 0 
1 1 0 0 0 
0 0 0 0 1 
0 0 0 1 1 
0 1 0 0 0 
0 1 1 1 0 
1 0 0 0 0 
0 0 0 0 1 
1 0 0 1 0 

JOBS [5] - [2, 5, 0, 4, 3]
TOOL SWITCHES : 9
MAKESPAN : 36

- MACHINE [1]

0 0 0 0 0 0 
1 0 1 0 1 0 
0 0 0 0 0 1 
1 0 1 1 0 0 
1 1 0 0 0 0 
0 0 1 1 0 1 
1 1 0 1 0 0 
0 1 0 0 1 1 
0 1 0 0 0 0 
0 1 0 1 1 1 
0 0 0 0 1 1 
1 1 1 0 1 1 
0 1 1 0 1 0 
1 0 1 1 1 0 
0 0 1 1 0 1 

JOBS [6] - [7, 14, 10, 8, 9, 15]
TOOL SWITCHES : 4
MAKESPAN : 36

- MACHINE [2]

0 1 1 1 0 0 1 0 1 
1 0 0 0 0 0 0 1 0 
1 1 1 0 0 0 1 0 0 
1 1 0 1 1 0 1 0 0 
0 1 0 1 0 0 0 1 0 
0 0 0 0 1 1 0 0 1 
1 0 0 0 0 1 1 1 0 
0 0 0 0 0 0 0 0 0 
1 0 1 0 0 0 0 1 1 
0 1 1 0 1 0 0 0 0 
1 0 1 1 1 1 1 1 0 
0 0 0 0 0 0 0 0 0 
0 1 1 1 0 1 0 0 1 
0 0 0 0 1 0 0 0 0 
1 0 0 0 1 1 1 1 1 

JOBS [9] - [1, 12, 11, 17, 19, 16, 6, 18, 13]
TOOL SWITCHES : 0
MAKESPAN : 36

# -------------------------- #

--- TOTAL TOOL SWITCHES : 13
--- HIGHEST MAKESPAN : 36
--- TOTAL FLOWTIME : 368
--- RUNNING TIME : 3.98694

# -------------------------- #
RUN : 1 - instancias_txt/SSP-NPM-I/ins113_m=3_j=20_t=15_var=13.txt

- MACHINE [0]

0 0 0 0 0 1 1 
0 0 0 1 1 1 1 
0 0 1 1 0 0 1 
0 1 0 0 0 1 0 
0 0 0 0 1 0 0 
0 0 0 0 0 0 0 
0 0 1 1 0 1 0 
1 0 0 1 0 0 0 
1 1 1 0 0 0 1 
1 1 1 1 1 0 0 
1 1 1 0 1 0 1 
1 0 1 0 0 0 0 
1 1 0 0 0 0 0 
0 0 1 1 1 1 0 
0 0 0 0 0 1 1 

JOBS [7] - [14, 1, 7, 15, 18, 8, 10]
TOOL SWITCHES : 11
MAKESPAN : 35

- MACHINE [1]

0 0 0 0 1 1 0 
0 0 0 0 0 0 1 
1 1 1 0 0 0 0 
0 0 0 0 0 0 1 
1 0 1 0 0 1 1 
1 1 0 1 0 0 0 
0 0 0 1 0 1 1 
0 1 0 1 1 0 1 
0 0 1 0 1 0 1 
0 0 0 1 0 1 0 
1 0 1 1 1 0 0 
1 1 1 1 0 1 0 
0 1 1 0 0 0 0 
0 0 0 0 1 0 0 
1 1 0 0 1 1 1 

JOBS [7] - [16, 4, 6, 19, 0, 9, 3]
TOOL SWITCHES : 5
MAKESPAN : 35

- MACHINE [2]

0 0 1 0 0 1 
1 1 0 0 1 1 
1 1 0 1 0 1 
1 0 1 1 1 0 
1 0 0 1 0 0 
0 1 1 1 0 1 
0 0 0 0 0 0 
1 0 0 0 1 0 
0 0 1 0 0 0 
1 1 1 1 0 1 
0 0 0 0 0 0 
0 1 0 0 1 0 
0 0 0 0 1 1 
1 0 1 0 0 1 
0 0 0 0 1 0 

JOBS [6] - [2, 12, 13, 17, 11, 5]
TOOL SWITCHES : 0
MAKESPAN : 32

# -------------------------- #

--- TOTAL TOOL SWITCHES : 16
--- HIGHEST MAKESPAN : 35
--- TOTAL FLOWTIME : 363
--- RUNNING TIME : 2.92342

# -------------------------- #
RUN : 1 - instancias_txt/SSP-NPM-I/ins114_m=3_j=20_t=15_var=14.txt

- MACHINE [0]

0 0 1 0 
1 0 0 0 
1 1 0 0 
0 1 0 0 
1 0 1 1 
0 0 0 1 
1 0 0 1 
0 0 0 1 
0 0 0 0 
1 1 0 0 
0 1 1 1 
1 1 1 0 
0 0 1 0 
0 0 0 0 
0 1 1 1 

JOBS [4] - [17, 18, 19, 0]
TOOL SWITCHES : 7
MAKESPAN : 29

- MACHINE [1]

1 0 1 0 1 1 1 
0 0 1 0 0 0 1 
1 1 0 0 0 0 0 
0 0 1 0 0 0 0 
0 0 0 0 0 0 0 
0 1 0 0 1 1 1 
0 1 0 1 1 0 0 
0 0 0 0 0 1 1 
0 1 1 0 0 0 0 
1 0 0 1 1 0 0 
0 0 0 1 1 0 1 
0 0 0 0 0 0 0 
0 1 1 1 1 1 0 
1 0 0 1 0 1 0 
1 1 0 1 1 1 1 

JOBS [7] - [11, 15, 2, 3, 5, 9, 12]
TOOL SWITCHES : 3
MAKESPAN : 33

- MACHINE [2]

0 0 1 1 0 1 0 0 0 
0 0 0 0 0 0 0 0 0 
0 0 0 1 0 0 1 1 0 
1 0 0 0 1 1 1 1 1 
0 0 1 0 1 0 0 1 0 
0 0 0 0 1 0 0 0 1 
0 0 0 0 0 0 0 0 0 
1 1 1 0 1 0 1 0 1 
0 0 1 1 0 1 1 1 1 
0 1 0 1 1 1 0 0 0 
1 1 1 1 0 0 1 1 0 
1 1 0 1 0 1 0 0 0 
0 0 0 0 1 1 0 1 1 
1 1 1 0 0 0 1 1 1 
0 1 0 0 1 0 0 0 0 

JOBS [9] - [14, 7, 1, 8, 6, 10, 16, 4, 13]
TOOL SWITCHES : 0
MAKESPAN : 33

# -------------------------- #

--- TOTAL TOOL SWITCHES : 10
--- HIGHEST MAKESPAN : 33
--- TOTAL FLOWTIME : 351
--- RUNNING TIME : 3.33471

# -------------------------- #
RUN : 1 - instancias_txt/SSP-NPM-I/ins115_m=3_j=20_t=15_var=15.txt

- MACHINE [0]

1 1 1 1 0 
1 1 0 0 1 
1 0 0 0 0 
0 0 1 1 1 
0 0 0 0 0 
0 0 1 1 0 
0 0 0 0 1 
1 1 0 1 0 
0 0 0 1 1 
0 0 0 0 0 
1 1 0 0 0 
1 1 1 0 0 
1 1 0 1 1 
0 0 1 0 0 
0 0 0 0 0 

JOBS [5] - [10, 3, 7, 16, 14]
TOOL SWITCHES : 6
MAKESPAN : 28

- MACHINE [1]

1 1 0 1 0 0 1 
0 1 0 0 0 0 0 
1 1 1 0 0 0 1 
0 0 0 1 1 0 0 
0 1 0 0 1 1 1 
0 0 0 0 1 1 0 
1 0 1 1 0 0 1 
1 1 0 1 0 0 0 
0 0 1 0 1 0 1 
1 1 0 0 0 0 0 
0 0 1 1 1 1 0 
1 1 0 0 0 1 1 
0 0 0 0 0 0 0 
0 0 0 1 1 1 0 
0 0 1 0 0 0 0 

JOBS [7] - [4, 9, 19, 18, 6, 13, 17]
TOOL SWITCHES : 4
MAKESPAN : 28

- MACHINE [2]

1 1 0 0 1 0 1 0 
1 0 1 0 1 1 0 1 
1 1 0 1 1 1 1 0 
0 0 0 0 0 0 0 0 
0 1 0 1 1 1 0 0 
0 0 1 0 0 0 0 1 
0 0 1 0 0 1 1 0 
0 0 0 1 0 1 1 1 
1 0 0 0 0 0 0 0 
1 0 1 0 0 0 1 1 
1 1 1 1 1 1 1 0 
0 1 1 1 0 0 0 0 
0 0 0 1 0 0 0 0 
0 1 0 0 1 1 1 0 
1 0 0 0 1 0 0 1 

JOBS [8] - [5, 12, 8, 2, 15, 11, 1, 0]
TOOL SWITCHES : 1
MAKESPAN : 28

# -------------------------- #

--- TOTAL TOOL SWITCHES : 11
--- HIGHEST MAKESPAN : 28
--- TOTAL FLOWTIME : 311
--- RUNNING TIME : 3.17553

# -------------------------- #
RUN : 1 - instancias_txt/SSP-NPM-I/ins116_m=3_j=20_t=15_var=16.txt

- MACHINE [0]

0 0 0 0 0 
0 0 1 1 0 
0 0 0 0 1 
0 0 0 0 0 
1 1 1 0 0 
0 1 0 1 0 
1 1 0 0 0 
0 0 0 1 1 
1 1 1 1 1 
0 0 0 0 1 
1 1 1 1 1 
0 1 1 0 0 
1 0 1 1 0 
0 0 0 0 0 
0 0 0 0 0 

JOBS [5] - [14, 0, 3, 7, 1]
TOOL SWITCHES : 4
MAKESPAN : 29

- MACHINE [1]

1 1 1 1 0 0 1 1 
0 1 1 0 1 0 1 1 
0 1 0 1 0 0 0 0 
0 0 1 0 0 0 1 1 
1 0 0 0 0 0 0 0 
1 0 1 1 1 1 0 1 
0 0 1 1 0 1 1 0 
0 0 0 0 1 1 0 0 
0 1 0 1 0 0 0 1 
1 1 0 0 1 1 0 1 
0 0 0 0 0 0 1 0 
0 0 0 0 0 0 0 0 
1 1 0 0 0 0 0 0 
0 0 1 1 1 1 0 0 
1 0 1 0 0 0 1 0 

JOBS [8] - [8, 15, 13, 11, 17, 16, 5, 2]
TOOL SWITCHES : 4
MAKESPAN : 32

- MACHINE [2]

1 1 0 1 1 0 0 
0 0 0 0 0 0 0 
0 1 1 0 0 0 1 
0 0 1 1 1 1 1 
0 1 0 0 0 1 1 
1 0 0 1 1 0 0 
1 0 0 1 0 0 0 
0 1 0 0 1 0 0 
0 0 0 0 1 0 0 
1 0 0 0 0 1 1 
0 0 0 0 0 0 0 
1 1 1 1 0 1 1 
0 1 0 1 0 1 0 
0 0 1 0 1 0 1 
1 0 1 0 0 1 0 

JOBS [7] - [6, 4, 18, 9, 19, 12, 10]
TOOL SWITCHES : 0
MAKESPAN : 31

# -------------------------- #

--- TOTAL TOOL SWITCHES : 8
--- HIGHEST MAKESPAN : 32
--- TOTAL FLOWTIME : 335
--- RUNNING TIME : 3.24138

# -------------------------- #
RUN : 1 - instancias_txt/SSP-NPM-I/ins117_m=3_j=20_t=15_var=17.txt

- MACHINE [0]

0 0 0 0 1 
0 0 1 0 0 
0 0 0 0 1 
0 0 0 0 1 
0 0 1 1 0 
0 1 0 1 0 
1 1 1 0 1 
1 1 0 0 0 
0 0 0 1 0 
1 1 1 0 0 
0 0 0 0 1 
0 0 0 1 0 
0 0 1 1 1 
1 0 0 1 0 
1 1 0 0 0 

JOBS [5] - [3, 18, 7, 11, 1]
TOOL SWITCHES : 8
MAKESPAN : 29

- MACHINE [1]

1 0 0 0 0 1 
1 1 0 1 1 0 
0 0 1 0 1 1 
0 0 0 0 0 0 
0 0 1 0 1 0 
1 1 1 0 0 0 
0 0 0 0 0 0 
1 1 0 0 0 0 
1 1 1 0 1 0 
0 1 0 1 1 1 
0 0 0 0 0 0 
0 0 1 1 1 0 
1 0 0 1 0 1 
1 1 1 1 1 1 
0 0 0 1 0 1 

JOBS [6] - [9, 13, 16, 0, 10, 12]
TOOL SWITCHES : 2
MAKESPAN : 29

- MACHINE [2]

0 0 1 1 1 1 0 1 0 
1 0 0 1 0 0 0 0 0 
1 1 0 0 0 0 1 0 0 
0 0 0 0 0 1 1 0 0 
1 0 0 1 1 0 1 1 1 
0 1 0 1 0 0 0 0 1 
0 0 1 0 0 1 0 0 1 
1 0 1 0 0 1 0 0 1 
1 1 0 0 0 0 0 0 1 
0 0 0 0 0 0 0 0 0 
0 1 0 0 1 0 1 1 1 
0 1 1 1 0 1 1 0 0 
0 1 0 1 1 0 0 1 0 
1 0 0 0 1 1 1 0 0 
1 0 1 1 0 0 1 1 0 

JOBS [9] - [4, 19, 8, 5, 2, 15, 14, 6, 17]
TOOL SWITCHES : 1
MAKESPAN : 29

# -------------------------- #

--- TOTAL TOOL SWITCHES : 11
--- HIGHEST MAKESPAN : 29
--- TOTAL FLOWTIME : 299
--- RUNNING TIME : 3.54253

# -------------------------- #
RUN : 1 - instancias_txt/SSP-NPM-I/ins118_m=3_j=20_t=15_var=18.txt

- MACHINE [0]

1 0 0 1 1 
0 1 1 0 0 
0 0 0 0 1 
0 1 1 0 1 
0 1 1 1 1 
0 1 1 1 1 
0 0 0 0 0 
0 0 1 0 1 
0 0 0 0 1 
0 1 1 1 0 
1 0 0 1 0 
1 0 0 0 0 
1 0 0 0 0 
1 1 0 0 0 
0 0 1 0 0 

JOBS [5] - [11, 18, 1, 12, 16]
TOOL SWITCHES : 9
MAKESPAN : 40

- MACHINE [1]

0 0 0 0 0 0 0 0 
0 0 0 1 1 1 0 0 
0 1 1 0 0 0 1 0 
0 0 0 0 0 0 0 0 
1 0 0 0 0 1 0 0 
1 0 1 1 0 0 0 0 
0 1 0 1 1 1 1 1 
1 1 1 1 1 0 1 1 
0 0 0 1 0 1 1 1 
0 1 0 0 0 1 0 0 
1 0 1 0 0 0 0 0 
0 0 0 0 1 0 0 1 
1 1 0 0 0 0 0 0 
1 1 1 1 1 0 0 1 
1 1 1 0 0 1 1 1 

JOBS [8] - [5, 15, 7, 13, 6, 3, 10, 9]
TOOL SWITCHES : 3
MAKESPAN : 39

- MACHINE [2]

1 0 1 0 0 1 1 
0 1 1 1 0 0 0 
0 0 1 0 1 1 0 
1 0 1 0 0 1 0 
0 0 0 0 1 0 0 
0 0 0 0 0 0 0 
1 0 1 1 0 1 1 
1 0 0 1 1 0 0 
1 0 1 0 1 0 1 
0 1 1 1 1 0 1 
0 1 0 0 1 0 0 
0 0 0 1 0 0 0 
0 1 0 1 0 1 0 
0 0 0 0 0 0 0 
0 1 0 0 0 0 1 

JOBS [7] - [0, 19, 8, 17, 4, 14, 2]
TOOL SWITCHES : 0
MAKESPAN : 40

# -------------------------- #

--- TOTAL TOOL SWITCHES : 12
--- HIGHEST MAKESPAN : 40
--- TOTAL FLOWTIME : 408
--- RUNNING TIME : 3.15273

# -------------------------- #
RUN : 1 - instancias_txt/SSP-NPM-I/ins119_m=3_j=20_t=15_var=19.txt

- MACHINE [0]

1 1 0 0 0 0 
1 0 0 0 0 0 
0 1 1 1 1 0 
0 1 0 1 1 1 
1 1 0 0 1 1 
0 0 0 0 0 1 
0 0 0 0 0 0 
1 1 1 0 1 1 
0 0 0 0 1 0 
1 1 1 1 0 1 
0 0 1 1 1 1 
0 0 1 1 0 0 
0 1 0 1 0 0 
0 0 0 0 0 0 
0 0 0 0 0 0 

JOBS [6] - [7, 4, 3, 19, 9, 2]
TOOL SWITCHES : 6
MAKESPAN : 36

- MACHINE [1]

1 1 1 1 1 1 0 1 
0 0 1 1 0 1 1 1 
1 1 1 0 0 0 0 0 
0 0 0 0 1 1 1 1 
0 0 0 0 1 1 0 0 
1 1 0 0 0 0 0 1 
0 1 1 1 0 0 0 0 
1 0 0 0 0 0 1 0 
0 1 1 0 1 1 0 0 
1 0 0 0 0 0 0 0 
1 0 0 0 0 0 0 0 
0 0 0 0 0 0 1 1 
0 0 0 1 1 0 1 0 
0 1 0 1 0 0 0 1 
1 1 0 1 1 1 1 1 

JOBS [8] - [5, 18, 16, 15, 12, 10, 14, 11]
TOOL SWITCHES : 5
MAKESPAN : 37

- MACHINE [2]

1 0 1 0 1 0 
0 0 1 0 1 1 
0 0 1 0 1 0 
1 0 0 1 0 0 
1 1 1 0 0 1 
1 1 0 1 0 0 
0 0 1 0 0 0 
0 0 0 1 1 0 
0 0 0 1 0 0 
0 1 1 0 0 0 
0 1 0 0 0 1 
0 1 0 1 1 1 
1 1 0 0 0 1 
0 0 0 1 0 1 
1 0 1 1 1 1 

JOBS [6] - [6, 17, 1, 0, 8, 13]
TOOL SWITCHES : 2
MAKESPAN : 35

# -------------------------- #

--- TOTAL TOOL SWITCHES : 13
--- HIGHEST MAKESPAN : 37
--- TOTAL FLOWTIME : 428
--- RUNNING TIME : 3.00104

# -------------------------- #
RUN : 1 - instancias_txt/SSP-NPM-I/ins120_m=3_j=20_t=15_var=20.txt

- MACHINE [0]

0 0 0 0 
1 1 1 1 
1 1 1 1 
0 0 1 0 
0 0 0 1 
1 1 0 1 
0 0 0 0 
1 0 1 1 
1 1 1 0 
0 0 0 0 
0 0 0 1 
0 1 0 0 
0 1 1 1 
1 0 0 0 
0 0 0 0 

JOBS [4] - [19, 5, 7, 15]
TOOL SWITCHES : 4
MAKESPAN : 28

- MACHINE [1]

0 0 0 0 1 1 1 
0 0 0 0 0 1 1 
0 1 1 1 0 0 1 
0 0 0 0 0 0 0 
1 1 0 0 0 0 0 
1 0 0 1 1 0 1 
1 0 0 0 0 0 1 
0 1 1 1 1 1 0 
1 0 1 0 1 1 0 
0 0 1 1 1 1 0 
0 0 0 0 1 0 1 
0 1 1 1 0 0 0 
0 1 1 0 0 0 0 
0 1 1 1 0 0 0 
1 1 0 0 1 0 0 

JOBS [7] - [1, 10, 12, 11, 17, 6, 2]
TOOL SWITCHES : 4
MAKESPAN : 31

- MACHINE [2]

1 1 0 1 0 1 0 1 0 
0 0 0 1 0 0 0 1 0 
0 1 1 0 0 0 1 1 1 
0 0 0 0 0 0 1 0 1 
0 0 1 1 0 1 0 1 1 
0 1 0 0 1 1 0 1 0 
1 0 0 1 1 0 1 0 0 
0 1 1 0 0 1 0 0 1 
1 1 1 1 0 1 0 0 0 
1 0 1 0 0 0 0 0 1 
1 0 1 0 1 0 0 1 0 
0 0 0 0 0 1 1 0 0 
1 0 1 0 1 0 1 0 0 
1 0 0 1 0 0 0 0 0 
0 1 0 0 1 1 1 0 0 

JOBS [9] - [14, 0, 16, 13, 3, 9, 4, 8, 18]
TOOL SWITCHES : 2
MAKESPAN : 29

# -------------------------- #

--- TOTAL TOOL SWITCHES : 10
--- HIGHEST MAKESPAN : 31
--- TOTAL FLOWTIME : 318
--- RUNNING TIME : 3.15025

# -------------------------- #


avg : 32.6
