RUN : 1 - instancias_txt/SSP-NPM-I/ins101_m=3_j=20_t=15_var=1.txt

- MACHINE [0]

0 1 1 0 1 0 1 1 
0 0 0 0 1 0 0 1 
0 0 1 1 0 1 1 1 
0 1 0 1 0 0 0 0 
1 1 1 0 1 1 1 0 
0 0 0 0 0 1 1 1 
0 0 0 0 0 0 0 0 
1 1 1 1 1 1 0 1 
1 1 1 1 1 0 0 0 
0 0 0 0 0 0 1 1 
0 0 0 0 0 0 0 0 
1 0 0 1 0 0 0 0 
1 1 0 0 0 0 0 0 
0 0 0 0 0 1 0 0 
0 0 0 0 1 1 0 0 

JOBS [8] - [6, 0, 7, 15, 3, 18, 19, 10]
TOOL SWITCHES : 7
MAKESPAN : 33

- MACHINE [1]

0 0 0 0 0 0 
0 0 0 0 0 1 
0 0 0 0 0 0 
0 0 0 0 1 1 
1 0 0 1 1 1 
0 1 1 0 1 0 
0 1 1 1 0 0 
0 0 0 1 1 0 
1 0 1 1 0 0 
0 0 0 1 1 1 
1 0 0 0 0 0 
0 1 0 0 0 1 
1 1 1 0 0 0 
1 1 1 0 0 0 
1 1 0 1 1 1 

JOBS [6] - [9, 17, 8, 2, 1, 13]
TOOL SWITCHES : 3
MAKESPAN : 33

- MACHINE [2]

1 1 1 0 0 1 
0 0 1 0 1 0 
0 0 0 1 1 1 
0 1 0 1 1 0 
0 0 0 0 0 1 
1 0 0 0 1 0 
1 1 0 1 0 0 
0 0 1 0 1 0 
0 0 1 0 0 0 
1 0 0 1 0 0 
1 0 1 0 1 1 
1 0 0 0 0 0 
0 1 0 1 0 0 
0 1 1 0 1 1 
0 0 0 0 0 0 

JOBS [6] - [12, 4, 11, 14, 5, 16]
TOOL SWITCHES : 1
MAKESPAN : 30

# -------------------------- #

--- TOTAL TOOL SWITCHES : 11
--- HIGHEST MAKESPAN : 33
--- TOTAL FLOWTIME : 327
--- RUNNING TIME : 2.81932

# -------------------------- #
RUN : 1 - instancias_txt/SSP-NPM-I/ins102_m=3_j=20_t=15_var=2.txt

- MACHINE [0]

0 0 1 1 
0 1 0 1 
1 1 0 0 
1 0 0 0 
0 0 0 1 
0 0 0 0 
0 0 0 0 
0 0 0 1 
1 1 0 0 
0 1 1 0 
0 0 1 0 
1 0 0 1 
0 0 1 0 
0 1 1 1 
1 0 0 1 

JOBS [4] - [1, 13, 10, 16]
TOOL SWITCHES : 7
MAKESPAN : 24

- MACHINE [1]

1 0 1 0 0 0 
1 0 0 0 0 0 
0 0 0 1 1 1 
0 1 0 0 0 1 
0 0 1 0 1 1 
1 1 0 1 0 0 
0 1 1 1 1 1 
0 0 1 0 0 0 
0 1 0 1 1 0 
0 0 1 0 0 1 
0 0 0 1 1 0 
1 1 1 0 0 0 
1 0 0 0 0 0 
1 1 0 1 1 1 
0 0 0 0 0 0 

JOBS [6] - [9, 0, 11, 5, 2, 4]
TOOL SWITCHES : 4
MAKESPAN : 26

- MACHINE [2]

1 1 1 0 1 0 0 1 0 1 
0 0 1 1 1 0 1 0 1 0 
0 0 0 0 1 1 1 0 0 0 
1 0 0 0 1 0 0 0 0 0 
1 1 0 0 0 1 0 1 1 0 
0 0 0 1 0 0 0 1 0 1 
1 1 1 0 1 1 0 0 1 1 
1 0 1 0 1 0 1 0 0 0 
1 1 0 1 0 0 0 0 1 1 
0 0 0 0 0 1 1 0 1 1 
0 1 0 1 0 1 0 0 0 1 
0 0 1 1 1 0 0 1 0 1 
0 1 1 0 0 0 1 1 0 0 
0 0 0 0 0 0 0 0 0 0 
0 0 0 0 0 1 0 0 1 0 

JOBS [10] - [14, 12, 19, 8, 15, 7, 3, 18, 6, 17]
TOOL SWITCHES : 1
MAKESPAN : 26

# -------------------------- #

--- TOTAL TOOL SWITCHES : 12
--- HIGHEST MAKESPAN : 26
--- TOTAL FLOWTIME : 270
--- RUNNING TIME : 3.8409

# -------------------------- #
RUN : 1 - instancias_txt/SSP-NPM-I/ins103_m=3_j=20_t=15_var=3.txt

- MACHINE [0]

1 0 1 0 1 0 0 
0 0 1 1 1 1 0 
0 0 0 0 0 0 0 
1 0 0 0 0 0 0 
1 1 1 0 0 1 0 
1 1 0 0 0 0 0 
0 1 1 1 1 0 0 
0 0 0 0 1 1 1 
0 0 0 1 1 1 1 
1 0 0 0 0 1 1 
0 1 1 0 1 1 1 
1 1 1 1 1 0 1 
0 0 0 0 0 0 1 
0 0 1 1 0 1 1 
1 1 0 0 0 0 0 

JOBS [7] - [9, 15, 6, 2, 18, 13, 10]
TOOL SWITCHES : 11
MAKESPAN : 36

- MACHINE [1]

1 0 0 1 0 0 
0 0 1 0 1 0 
0 0 0 0 1 1 
1 1 1 0 0 1 
0 1 0 1 0 1 
0 1 0 0 1 0 
1 1 0 0 0 0 
0 1 0 0 1 0 
0 0 0 1 1 0 
0 0 0 0 0 1 
1 1 0 0 0 0 
0 1 1 1 0 1 
1 0 1 1 1 0 
1 0 0 0 0 0 
0 0 1 1 0 1 

JOBS [6] - [19, 11, 8, 1, 12, 5]
TOOL SWITCHES : 5
MAKESPAN : 36

- MACHINE [2]

0 1 0 1 0 0 0 
0 1 0 0 1 1 0 
1 1 0 1 1 1 0 
0 1 1 0 0 0 0 
1 0 1 0 0 0 0 
0 0 0 1 0 0 0 
0 0 0 0 1 1 1 
1 0 1 1 0 1 0 
1 1 0 1 1 1 1 
1 1 0 0 0 0 1 
0 0 1 1 0 0 1 
0 0 0 0 0 0 0 
1 0 0 0 1 0 0 
0 0 0 0 1 1 1 
1 0 1 0 0 1 1 

JOBS [7] - [16, 4, 3, 0, 7, 17, 14]
TOOL SWITCHES : 1
MAKESPAN : 36

# -------------------------- #

--- TOTAL TOOL SWITCHES : 17
--- HIGHEST MAKESPAN : 36
--- TOTAL FLOWTIME : 366
--- RUNNING TIME : 2.75135

# -------------------------- #
RUN : 1 - instancias_txt/SSP-NPM-I/ins104_m=3_j=20_t=15_var=4.txt

- MACHINE [0]

0 0 1 1 1 0 
1 0 0 0 0 1 
0 0 0 1 1 0 
0 1 0 0 0 0 
1 1 0 1 1 1 
1 0 0 0 1 0 
0 0 0 0 1 1 
1 0 1 0 1 0 
0 0 0 1 0 1 
0 1 0 0 0 0 
1 1 1 1 0 0 
0 1 1 0 0 0 
1 1 0 0 0 1 
0 0 0 0 1 1 
0 0 1 0 0 0 

JOBS [6] - [13, 10, 5, 19, 0, 14]
TOOL SWITCHES : 12
MAKESPAN : 33

- MACHINE [1]

0 0 1 1 0 1 
1 1 1 0 0 1 
0 0 0 1 1 1 
1 1 1 0 1 0 
0 0 0 0 0 0 
0 1 0 0 1 1 
0 0 0 0 0 0 
1 1 0 1 0 0 
0 0 0 0 1 1 
1 1 0 1 0 0 
1 1 1 0 1 0 
0 0 0 1 0 0 
0 0 0 0 0 0 
0 0 1 1 1 0 
1 0 1 0 0 0 

JOBS [6] - [16, 11, 17, 2, 9, 6]
TOOL SWITCHES : 2
MAKESPAN : 30

- MACHINE [2]

0 0 1 1 1 1 1 1 
0 1 0 1 0 1 1 0 
1 0 1 0 0 0 0 0 
0 1 0 0 1 0 0 0 
1 0 0 0 0 1 0 1 
1 1 1 1 0 0 0 1 
1 1 1 1 1 0 0 1 
0 0 0 0 0 0 0 0 
0 1 0 0 0 1 0 0 
1 0 1 0 1 1 1 1 
0 0 0 0 0 0 0 0 
1 0 1 1 1 0 0 1 
0 0 0 0 1 0 1 0 
1 1 0 0 0 1 1 0 
0 0 0 1 0 1 1 0 

JOBS [8] - [18, 3, 8, 1, 15, 7, 12, 4]
TOOL SWITCHES : 0
MAKESPAN : 33

# -------------------------- #

--- TOTAL TOOL SWITCHES : 14
--- HIGHEST MAKESPAN : 33
--- TOTAL FLOWTIME : 290
--- RUNNING TIME : 3.27032

# -------------------------- #
RUN : 1 - instancias_txt/SSP-NPM-I/ins105_m=3_j=20_t=15_var=5.txt

- MACHINE [0]

1 0 0 1 0 0 
0 0 0 1 1 0 
0 0 0 0 0 0 
1 1 0 0 0 0 
0 0 0 0 1 1 
1 0 0 0 0 0 
1 1 1 1 1 1 
0 0 1 1 1 0 
0 0 1 0 0 0 
1 1 0 0 0 1 
0 1 0 1 0 1 
0 1 1 1 0 0 
0 0 0 0 1 0 
0 1 1 0 1 1 
0 0 0 0 1 1 

JOBS [6] - [13, 11, 16, 3, 2, 18]
TOOL SWITCHES : 9
MAKESPAN : 37

- MACHINE [1]

0 1 0 1 1 0 1 
1 1 1 1 1 0 0 
0 0 0 1 0 1 0 
0 1 1 0 0 0 0 
1 0 0 0 0 1 0 
0 0 0 1 1 1 1 
0 0 1 1 0 0 0 
1 0 0 0 0 1 1 
1 1 0 0 0 0 0 
1 1 1 0 0 0 0 
0 0 0 1 1 1 1 
0 0 0 0 0 0 0 
1 1 1 0 0 1 1 
0 1 0 1 1 0 1 
0 0 0 0 1 0 0 

JOBS [7] - [1, 17, 12, 4, 5, 10, 14]
TOOL SWITCHES : 4
MAKESPAN : 37

- MACHINE [2]

0 1 0 1 0 1 1 
1 0 1 0 1 0 1 
0 0 1 0 0 1 1 
1 0 1 0 0 1 0 
0 1 0 1 1 1 0 
0 0 1 0 1 1 0 
1 0 0 1 1 0 0 
1 0 0 0 0 0 0 
0 0 0 0 1 0 1 
0 0 1 1 1 0 0 
0 1 1 0 0 0 1 
1 1 0 1 1 1 0 
0 0 0 0 0 0 0 
1 1 1 0 0 0 1 
1 1 0 1 0 0 0 

JOBS [7] - [19, 15, 8, 7, 6, 0, 9]
TOOL SWITCHES : 1
MAKESPAN : 37

# -------------------------- #

--- TOTAL TOOL SWITCHES : 14
--- HIGHEST MAKESPAN : 37
--- TOTAL FLOWTIME : 430
--- RUNNING TIME : 2.713

# -------------------------- #
RUN : 1 - instancias_txt/SSP-NPM-I/ins106_m=3_j=20_t=15_var=6.txt

- MACHINE [0]

1 1 0 0 1 0 
1 1 0 0 1 1 
1 1 0 0 0 0 
0 0 1 1 0 1 
0 0 0 0 0 1 
1 1 1 0 0 0 
0 0 0 0 0 0 
0 0 0 1 1 0 
0 0 0 0 0 1 
1 1 1 0 0 0 
1 0 0 0 0 0 
0 1 1 0 1 1 
1 0 1 1 1 0 
0 0 0 1 1 0 
0 0 1 1 0 0 

JOBS [6] - [12, 2, 7, 3, 8, 14]
TOOL SWITCHES : 8
MAKESPAN : 34

- MACHINE [1]

0 0 0 1 0 0 
1 1 0 0 1 0 
0 1 0 1 1 0 
1 1 1 1 0 1 
0 0 0 0 0 0 
0 0 1 0 1 0 
0 0 0 0 0 1 
0 0 0 0 0 1 
0 0 0 0 1 0 
1 1 0 0 1 1 
1 0 0 1 0 1 
0 0 1 1 1 1 
1 1 1 0 0 0 
1 0 1 0 1 0 
1 1 0 1 0 0 

JOBS [6] - [4, 17, 16, 0, 10, 13]
TOOL SWITCHES : 4
MAKESPAN : 34

- MACHINE [2]

1 1 0 0 1 0 0 1 
0 0 0 0 0 1 0 0 
0 0 1 1 0 0 0 0 
0 1 0 0 0 1 0 0 
1 1 0 0 1 1 1 0 
1 1 0 0 1 0 0 1 
1 0 1 1 0 0 1 1 
0 0 0 1 0 0 1 0 
1 1 0 0 0 0 0 1 
0 0 1 1 0 1 0 0 
0 0 0 0 1 1 1 0 
1 1 0 0 0 0 1 0 
0 1 1 1 1 0 1 1 
1 0 1 0 0 0 0 0 
0 0 0 1 1 0 1 0 

JOBS [8] - [18, 1, 5, 6, 9, 11, 19, 15]
TOOL SWITCHES : 2
MAKESPAN : 34

# -------------------------- #

--- TOTAL TOOL SWITCHES : 14
--- HIGHEST MAKESPAN : 34
--- TOTAL FLOWTIME : 325
--- RUNNING TIME : 3.3112

# -------------------------- #
RUN : 1 - instancias_txt/SSP-NPM-I/ins107_m=3_j=20_t=15_var=7.txt

- MACHINE [0]

0 0 1 0 0 0 0 
0 1 1 1 0 0 1 
1 0 1 1 1 0 0 
1 0 0 0 1 1 0 
1 1 0 0 0 1 1 
0 0 0 0 1 0 1 
0 0 0 0 0 0 1 
1 1 1 1 1 1 1 
0 0 0 1 1 1 1 
0 0 0 0 0 1 0 
0 0 1 0 1 1 0 
1 0 1 1 0 0 0 
1 1 0 0 0 0 0 
0 1 0 0 0 0 0 
1 0 0 0 0 0 0 

JOBS [7] - [0, 6, 8, 1, 9, 5, 15]
TOOL SWITCHES : 10
MAKESPAN : 37

- MACHINE [1]

0 1 0 0 1 1 
0 0 0 0 1 1 
0 0 1 1 0 0 
0 0 0 0 0 0 
0 0 0 1 1 1 
0 1 1 1 1 0 
0 1 1 0 1 1 
0 0 0 0 0 1 
0 0 0 0 0 0 
1 0 1 1 0 0 
0 1 0 0 1 0 
1 1 1 0 0 1 
1 1 0 0 0 0 
1 0 0 1 0 0 
1 0 1 0 1 0 

JOBS [6] - [17, 4, 2, 11, 10, 18]
TOOL SWITCHES : 3
MAKESPAN : 38

- MACHINE [2]

0 1 0 1 1 0 0 
1 1 0 1 0 1 0 
1 1 1 1 0 0 0 
1 1 1 1 0 1 0 
0 0 0 0 1 0 0 
0 0 0 1 0 1 1 
0 0 0 0 1 1 1 
0 0 0 0 0 0 0 
0 0 1 0 1 1 0 
0 0 1 0 1 0 0 
1 0 0 0 1 1 1 
0 0 1 0 0 0 0 
1 1 1 0 0 0 1 
1 0 0 0 0 0 0 
0 0 1 1 0 1 1 

JOBS [7] - [16, 19, 7, 13, 3, 12, 14]
TOOL SWITCHES : 1
MAKESPAN : 38

# -------------------------- #

--- TOTAL TOOL SWITCHES : 14
--- HIGHEST MAKESPAN : 38
--- TOTAL FLOWTIME : 390
--- RUNNING TIME : 3.2698

# -------------------------- #
RUN : 1 - instancias_txt/SSP-NPM-I/ins108_m=3_j=20_t=15_var=8.txt

- MACHINE [0]

1 0 1 0 0 
1 1 0 1 0 
1 1 0 0 0 
0 0 1 1 1 
0 0 0 0 0 
1 1 0 0 0 
0 1 1 1 1 
0 0 0 0 0 
0 0 0 0 0 
0 0 0 1 1 
0 0 0 0 0 
0 1 0 1 0 
1 0 0 0 1 
0 0 1 1 0 
0 1 1 1 1 

JOBS [5] - [16, 4, 12, 3, 1]
TOOL SWITCHES : 5
MAKESPAN : 25

- MACHINE [1]

1 0 0 1 0 0 0 
0 0 0 0 0 0 0 
0 0 0 1 1 0 1 
1 1 1 0 0 1 0 
0 0 1 0 1 0 1 
0 0 1 1 1 1 1 
1 0 1 0 0 0 0 
0 1 0 0 1 0 0 
1 1 0 0 1 1 1 
1 1 0 0 0 0 0 
1 0 0 1 0 0 0 
0 1 1 1 0 1 1 
0 1 0 1 1 1 0 
0 0 0 0 0 0 0 
0 0 0 0 1 0 0 

JOBS [7] - [18, 19, 15, 6, 2, 5, 0]
TOOL SWITCHES : 3
MAKESPAN : 26

- MACHINE [2]

0 1 0 0 1 1 0 1 
1 0 0 0 1 0 0 0 
0 1 0 1 0 0 1 1 
1 0 1 1 0 0 0 0 
0 0 0 1 1 1 1 0 
0 0 0 0 0 1 0 1 
0 0 0 0 0 0 0 0 
0 0 1 1 0 1 0 0 
1 1 0 0 0 0 1 0 
0 1 1 0 0 1 1 0 
1 0 1 1 1 0 1 1 
0 1 0 0 1 1 0 1 
1 0 1 1 1 0 0 0 
1 0 1 0 0 0 0 1 
1 1 0 0 1 1 0 0 

JOBS [8] - [7, 13, 8, 9, 14, 11, 17, 10]
TOOL SWITCHES : 1
MAKESPAN : 23

# -------------------------- #

--- TOTAL TOOL SWITCHES : 9
--- HIGHEST MAKESPAN : 26
--- TOTAL FLOWTIME : 267
--- RUNNING TIME : 3.35908

# -------------------------- #
RUN : 1 - instancias_txt/SSP-NPM-I/ins109_m=3_j=20_t=15_var=9.txt

- MACHINE [0]

0 0 0 1 1 
0 1 0 1 1 
1 1 0 0 0 
0 1 1 0 1 
1 0 1 1 1 
0 1 1 1 0 
0 0 0 0 0 
0 0 0 0 0 
1 1 1 0 1 
0 0 1 0 0 
1 0 1 0 1 
1 0 0 0 0 
1 0 0 0 0 
0 0 0 1 0 
0 0 0 0 0 

JOBS [5] - [1, 7, 9, 2, 16]
TOOL SWITCHES : 6
MAKESPAN : 27

- MACHINE [1]

1 0 0 0 1 0 0 1 
1 1 0 0 0 0 0 0 
1 1 1 1 0 0 0 0 
0 1 1 0 1 0 0 0 
0 0 0 0 0 0 0 0 
0 1 0 1 0 1 0 1 
0 0 0 0 1 1 0 1 
0 0 0 1 1 0 1 0 
0 0 0 1 0 1 1 0 
0 0 1 0 0 0 1 1 
0 0 0 0 0 0 1 0 
1 1 1 1 0 0 1 1 
1 0 1 0 0 0 0 0 
1 1 1 0 1 1 1 1 
1 1 1 0 1 1 1 0 

JOBS [8] - [13, 15, 17, 12, 0, 5, 11, 19]
TOOL SWITCHES : 4
MAKESPAN : 28

- MACHINE [2]

0 0 0 1 0 1 1 
1 0 1 1 0 1 0 
0 1 0 1 0 0 1 
0 0 0 0 0 0 0 
0 0 1 1 1 1 1 
0 0 0 0 1 1 0 
0 1 1 1 1 0 0 
1 1 0 0 0 0 0 
0 1 0 0 0 0 0 
1 0 1 1 0 0 0 
0 0 0 0 1 0 1 
0 1 0 0 0 0 0 
0 0 1 0 0 1 0 
1 0 1 0 0 0 1 
1 1 0 1 1 1 1 

JOBS [7] - [3, 4, 18, 8, 6, 10, 14]
TOOL SWITCHES : 1
MAKESPAN : 28

# -------------------------- #

--- TOTAL TOOL SWITCHES : 11
--- HIGHEST MAKESPAN : 28
--- TOTAL FLOWTIME : 318
--- RUNNING TIME : 3.0237

# -------------------------- #
RUN : 1 - instancias_txt/SSP-NPM-I/ins110_m=3_j=20_t=15_var=10.txt

- MACHINE [0]

0 0 0 0 1 
1 0 1 1 1 
1 1 1 1 1 
0 0 0 1 0 
0 0 1 0 0 
0 0 0 0 0 
0 0 0 1 0 
1 1 1 0 1 
1 1 0 0 1 
1 1 1 0 0 
0 0 0 0 0 
0 0 0 0 1 
0 0 0 0 0 
1 0 1 1 0 
0 1 0 0 0 

JOBS [5] - [8, 0, 5, 3, 15]
TOOL SWITCHES : 5
MAKESPAN : 27

- MACHINE [1]

1 0 0 0 1 1 
0 0 0 0 0 0 
0 0 1 1 0 0 
1 1 0 0 0 0 
1 1 1 0 1 0 
0 0 1 1 1 0 
1 1 0 1 0 1 
0 1 0 1 0 1 
0 0 1 1 1 0 
0 0 0 0 1 1 
0 1 1 0 0 1 
0 0 0 0 0 0 
0 0 0 1 1 0 
1 0 0 0 0 0 
1 1 1 1 1 1 

JOBS [6] - [19, 14, 13, 11, 9, 10]
TOOL SWITCHES : 3
MAKESPAN : 27

- MACHINE [2]

0 1 1 1 0 0 0 0 0 
0 1 1 0 0 1 1 0 1 
1 0 0 0 0 0 1 0 1 
0 1 1 1 1 1 0 0 0 
0 0 0 0 0 0 0 0 0 
1 1 0 1 0 0 1 1 0 
1 0 0 1 1 0 0 0 1 
0 1 0 0 0 1 0 0 0 
0 1 1 1 0 1 1 1 1 
1 0 0 0 1 0 0 0 0 
1 0 0 1 0 0 0 0 0 
1 1 0 0 1 0 1 1 1 
0 0 0 0 0 1 0 1 1 
0 0 1 0 0 0 0 1 1 
0 0 1 0 1 0 0 1 0 

JOBS [9] - [7, 4, 1, 16, 2, 18, 17, 12, 6]
TOOL SWITCHES : 1
MAKESPAN : 28

# -------------------------- #

--- TOTAL TOOL SWITCHES : 9
--- HIGHEST MAKESPAN : 28
--- TOTAL FLOWTIME : 299
--- RUNNING TIME : 3.35877

# -------------------------- #
RUN : 1 - instancias_txt/SSP-NPM-I/ins111_m=3_j=20_t=15_var=11.txt

- MACHINE [0]

0 0 1 0 0 
0 0 0 0 1 
0 0 1 0 1 
0 1 1 0 0 
1 0 1 0 0 
0 0 0 0 1 
0 0 0 0 0 
1 1 0 0 1 
1 1 1 1 0 
0 1 1 0 1 
0 0 0 0 0 
1 1 0 0 0 
0 0 0 1 1 
1 0 0 0 0 
1 0 1 1 0 

JOBS [5] - [14, 1, 2, 17, 11]
TOOL SWITCHES : 7
MAKESPAN : 30

- MACHINE [1]

0 0 0 0 1 1 
0 0 1 1 1 1 
0 0 0 0 0 0 
0 0 1 0 1 0 
1 0 0 1 0 1 
1 1 1 0 0 0 
0 0 0 1 0 0 
0 1 0 1 1 0 
0 1 0 1 0 1 
1 0 1 0 1 1 
1 1 0 0 0 0 
1 1 0 1 0 1 
0 1 1 0 1 0 
1 0 0 0 0 0 
1 0 1 0 0 1 

JOBS [6] - [4, 6, 13, 19, 15, 10]
TOOL SWITCHES : 4
MAKESPAN : 31

- MACHINE [2]

1 1 0 0 0 0 1 0 1 
0 0 1 0 1 0 1 1 0 
1 0 1 0 0 0 0 1 0 
0 0 0 0 0 0 0 0 0 
1 0 0 0 1 1 1 0 0 
0 1 1 1 1 0 0 0 1 
1 1 1 0 1 1 0 1 1 
0 0 0 0 0 0 0 0 0 
0 1 0 1 0 1 0 0 0 
0 0 0 1 1 0 1 1 1 
1 0 1 1 0 1 0 1 0 
0 0 1 1 0 0 0 1 1 
1 1 1 0 1 0 1 1 1 
0 1 0 1 1 1 0 0 0 
0 0 0 0 0 1 1 0 0 

JOBS [9] - [0, 7, 16, 8, 9, 18, 3, 12, 5]
TOOL SWITCHES : 0
MAKESPAN : 28

# -------------------------- #

--- TOTAL TOOL SWITCHES : 11
--- HIGHEST MAKESPAN : 31
--- TOTAL FLOWTIME : 338
--- RUNNING TIME : 3.27197

# -------------------------- #
RUN : 1 - instancias_txt/SSP-NPM-I/ins112_m=3_j=20_t=15_var=12.txt

- MACHINE [0]

1 1 1 1 0 
1 0 1 1 0 
1 0 1 0 0 
0 0 0 0 0 
0 1 1 0 0 
0 1 1 0 1 
0 0 0 1 1 
0 0 0 1 1 
1 0 0 0 0 
1 1 0 0 0 
0 0 0 1 0 
0 1 1 1 0 
0 0 0 0 1 
1 0 0 0 0 
0 1 0 0 1 

JOBS [5] - [3, 4, 0, 5, 2]
TOOL SWITCHES : 9
MAKESPAN : 36

- MACHINE [1]

0 0 0 0 0 0 
0 1 1 0 1 0 
0 0 0 0 0 1 
0 1 1 1 0 0 
1 1 0 0 0 0 
0 0 1 1 0 1 
1 1 0 1 0 0 
1 0 0 0 1 1 
1 0 0 0 0 0 
1 0 0 1 1 1 
0 0 0 0 1 1 
1 1 1 0 1 1 
1 0 1 0 1 0 
0 1 1 1 1 0 
0 0 1 1 0 1 

JOBS [6] - [14, 7, 10, 8, 9, 15]
TOOL SWITCHES : 4
MAKESPAN : 36

- MACHINE [2]

1 0 0 1 1 1 0 0 1 
0 0 0 0 0 0 1 1 0 
1 0 0 0 1 1 1 0 0 
1 0 1 1 0 1 1 0 0 
1 0 0 1 0 0 0 1 0 
0 1 1 0 0 0 0 0 1 
0 1 0 0 0 1 1 1 0 
0 0 0 0 0 0 0 0 0 
0 0 0 0 1 0 1 1 1 
1 0 1 0 1 0 0 0 0 
0 1 1 1 1 1 1 1 0 
0 0 0 0 0 0 0 0 0 
1 1 0 1 1 0 0 0 1 
0 0 1 0 0 0 0 0 0 
0 1 1 0 0 1 1 1 1 

JOBS [9] - [12, 16, 19, 17, 11, 6, 1, 18, 13]
TOOL SWITCHES : 0
MAKESPAN : 36

# -------------------------- #

--- TOTAL TOOL SWITCHES : 13
--- HIGHEST MAKESPAN : 36
--- TOTAL FLOWTIME : 391
--- RUNNING TIME : 3.37907

# -------------------------- #
RUN : 1 - instancias_txt/SSP-NPM-I/ins113_m=3_j=20_t=15_var=13.txt

- MACHINE [0]

0 0 0 0 0 1 1 
0 0 0 1 1 1 1 
0 0 1 1 0 1 0 
1 0 0 0 0 0 1 
0 0 0 0 1 0 0 
0 0 0 0 0 0 0 
0 0 1 1 0 0 1 
0 1 0 1 0 0 0 
1 1 1 0 0 1 0 
1 1 1 1 1 0 0 
1 1 1 0 1 1 0 
0 1 1 0 0 0 0 
1 1 0 0 0 0 0 
0 0 1 1 1 0 1 
0 0 0 0 0 1 1 

JOBS [7] - [1, 14, 7, 15, 18, 10, 8]
TOOL SWITCHES : 11
MAKESPAN : 35

- MACHINE [1]

0 1 1 0 0 0 0 
1 0 0 0 0 0 0 
0 0 0 1 0 1 1 
1 0 0 0 0 0 0 
1 0 1 1 0 0 1 
0 0 0 1 1 1 0 
1 0 1 0 1 0 0 
1 1 0 0 1 1 0 
1 1 0 0 0 0 1 
0 0 1 0 1 0 0 
0 1 0 1 1 0 1 
0 0 1 1 1 1 1 
0 0 0 0 0 1 1 
0 1 0 0 0 0 0 
1 1 1 1 0 1 0 

JOBS [7] - [3, 0, 9, 16, 19, 4, 6]
TOOL SWITCHES : 5
MAKESPAN : 35

- MACHINE [2]

0 0 0 0 1 1 
0 1 1 1 1 0 
1 1 1 0 1 0 
1 0 1 1 0 1 
1 0 1 0 0 0 
1 1 0 0 1 1 
0 0 0 0 0 0 
0 0 1 1 0 0 
0 0 0 0 0 1 
1 1 1 0 1 1 
0 0 0 0 0 0 
0 1 0 1 0 0 
0 0 0 1 1 0 
0 0 1 0 1 1 
0 0 0 1 0 0 

JOBS [6] - [17, 12, 2, 11, 5, 13]
TOOL SWITCHES : 0
MAKESPAN : 32

# -------------------------- #

--- TOTAL TOOL SWITCHES : 16
--- HIGHEST MAKESPAN : 35
--- TOTAL FLOWTIME : 366
--- RUNNING TIME : 2.53441

# -------------------------- #
RUN : 1 - instancias_txt/SSP-NPM-I/ins114_m=3_j=20_t=15_var=14.txt

- MACHINE [0]

0 0 1 1 
1 0 1 0 
1 1 0 0 
0 1 1 0 
1 1 0 1 
0 0 0 0 
1 0 0 0 
0 0 0 0 
0 1 1 0 
1 0 0 0 
0 1 0 1 
1 0 0 1 
0 1 1 1 
0 1 0 0 
0 0 0 1 

JOBS [4] - [17, 4, 2, 19]
TOOL SWITCHES : 8
MAKESPAN : 33

- MACHINE [1]

0 1 1 1 1 0 1 
0 1 0 0 0 0 0 
0 0 0 0 1 1 1 
0 0 0 0 0 0 0 
0 0 0 0 0 0 0 
0 1 1 1 0 1 0 
1 0 0 1 0 1 0 
0 1 1 0 0 0 0 
0 0 0 0 0 1 1 
1 0 0 1 1 0 1 
1 1 0 1 0 0 1 
0 0 0 0 0 0 1 
1 0 1 1 0 1 0 
1 0 1 0 1 0 0 
1 1 1 1 1 1 0 

JOBS [7] - [3, 12, 9, 5, 11, 15, 8]
TOOL SWITCHES : 3
MAKESPAN : 30

- MACHINE [2]

0 0 0 1 0 1 0 0 0 
0 0 0 0 0 0 0 0 0 
0 0 0 0 1 0 0 0 1 
1 1 0 0 1 1 0 1 1 
0 0 0 1 0 0 1 1 0 
1 0 0 0 0 0 1 1 0 
0 0 0 0 0 0 1 0 0 
1 1 1 1 0 0 1 1 1 
1 0 0 1 0 1 0 0 1 
0 0 1 0 1 1 0 1 0 
0 1 1 1 1 0 1 0 1 
0 1 1 0 1 1 0 0 0 
1 0 0 0 0 1 0 1 0 
1 1 1 1 0 0 0 0 1 
0 0 1 0 1 0 1 1 0 

JOBS [9] - [13, 14, 7, 1, 18, 10, 0, 6, 16]
TOOL SWITCHES : 1
MAKESPAN : 33

# -------------------------- #

--- TOTAL TOOL SWITCHES : 12
--- HIGHEST MAKESPAN : 33
--- TOTAL FLOWTIME : 316
--- RUNNING TIME : 3.66513

# -------------------------- #
RUN : 1 - instancias_txt/SSP-NPM-I/ins115_m=3_j=20_t=15_var=15.txt

- MACHINE [0]

1 1 0 1 1 
0 0 1 1 1 
0 0 0 0 1 
1 1 1 0 0 
0 0 0 0 0 
1 1 0 0 0 
0 0 1 0 0 
1 0 0 1 1 
1 0 1 0 0 
0 0 0 0 0 
0 0 0 1 1 
0 1 0 1 1 
1 0 1 1 1 
0 1 0 0 0 
0 0 0 0 0 

JOBS [5] - [16, 7, 14, 3, 10]
TOOL SWITCHES : 6
MAKESPAN : 28

- MACHINE [1]

1 1 1 0 0 1 0 
0 1 0 0 0 0 0 
1 1 0 1 0 1 0 
0 0 1 0 1 0 0 
0 1 0 0 1 1 1 
0 0 0 0 1 0 1 
1 0 1 1 0 1 0 
1 1 1 0 0 0 0 
0 0 0 1 1 1 0 
1 1 0 0 0 0 0 
0 0 1 1 1 0 1 
1 1 0 0 0 1 1 
0 0 0 0 0 0 0 
0 0 1 0 1 0 1 
0 0 0 1 0 0 0 

JOBS [7] - [4, 9, 18, 19, 6, 17, 13]
TOOL SWITCHES : 4
MAKESPAN : 28

- MACHINE [2]

1 0 1 0 1 0 1 0 
1 1 0 1 0 1 1 0 
1 0 1 1 1 0 1 1 
0 0 0 0 0 0 0 0 
1 0 1 1 0 0 0 1 
0 1 0 0 0 1 0 0 
0 0 0 1 1 1 0 0 
0 1 0 1 1 0 0 1 
0 0 0 0 0 0 1 0 
0 1 0 0 1 1 1 0 
1 0 1 1 1 1 1 1 
0 0 1 0 0 1 0 1 
0 0 0 0 0 0 0 1 
1 0 1 1 1 0 0 0 
1 1 0 0 0 0 1 0 

JOBS [8] - [15, 0, 12, 11, 1, 8, 5, 2]
TOOL SWITCHES : 1
MAKESPAN : 28

# -------------------------- #

--- TOTAL TOOL SWITCHES : 11
--- HIGHEST MAKESPAN : 28
--- TOTAL FLOWTIME : 332
--- RUNNING TIME : 2.93993

# -------------------------- #
RUN : 1 - instancias_txt/SSP-NPM-I/ins116_m=3_j=20_t=15_var=16.txt

- MACHINE [0]

0 0 0 0 0 
1 0 0 1 0 
0 1 0 0 0 
0 0 0 0 0 
0 0 1 1 1 
1 0 1 0 0 
0 0 1 0 1 
1 1 0 0 0 
1 1 1 1 1 
0 1 0 0 0 
1 1 1 1 1 
0 0 1 1 0 
1 0 0 1 1 
0 0 0 0 0 
0 0 0 0 0 

JOBS [5] - [7, 1, 0, 3, 14]
TOOL SWITCHES : 5
MAKESPAN : 31

- MACHINE [1]

1 0 0 1 1 1 1 1 
1 0 1 0 1 1 0 1 
1 0 0 1 0 0 0 0 
0 0 0 0 1 1 0 1 
0 0 0 0 0 0 0 0 
0 1 1 1 0 1 1 1 
0 1 0 1 1 0 1 1 
0 1 1 0 0 0 0 0 
1 0 0 1 0 1 0 0 
1 1 1 0 0 1 1 0 
0 0 0 0 1 0 0 0 
0 0 0 0 0 0 1 0 
1 0 0 0 0 0 0 0 
0 1 1 1 0 0 0 1 
0 0 0 0 1 0 1 1 

JOBS [8] - [15, 16, 17, 11, 5, 2, 6, 13]
TOOL SWITCHES : 4
MAKESPAN : 32

- MACHINE [2]

0 0 1 0 1 1 1 
0 0 0 0 0 0 0 
0 1 0 1 1 0 0 
1 1 1 1 0 1 0 
1 1 0 0 1 0 1 
0 0 1 0 0 1 1 
0 0 1 0 0 0 0 
0 0 0 0 1 1 0 
0 0 0 0 0 1 0 
1 1 0 0 0 0 1 
0 0 0 0 0 0 0 
1 1 1 1 1 0 0 
1 0 1 0 1 0 1 
0 1 0 1 0 1 0 
1 0 0 1 0 0 1 

JOBS [7] - [12, 10, 9, 18, 4, 19, 8]
TOOL SWITCHES : 0
MAKESPAN : 33

# -------------------------- #

--- TOTAL TOOL SWITCHES : 9
--- HIGHEST MAKESPAN : 33
--- TOTAL FLOWTIME : 330
--- RUNNING TIME : 3.08902

# -------------------------- #
RUN : 1 - instancias_txt/SSP-NPM-I/ins117_m=3_j=20_t=15_var=17.txt

- MACHINE [0]

1 1 0 0 0 
0 0 1 0 0 
1 0 0 0 0 
0 0 0 0 0 
0 1 1 0 1 
0 0 0 1 1 
0 0 1 1 0 
0 0 0 1 0 
0 0 0 0 1 
1 0 1 1 0 
0 1 0 0 0 
0 0 0 0 1 
1 1 1 0 1 
1 0 0 0 1 
1 1 0 1 0 

JOBS [5] - [12, 6, 7, 18, 11]
TOOL SWITCHES : 8
MAKESPAN : 28

- MACHINE [1]

1 1 0 1 0 0 
0 0 1 1 1 0 
0 1 1 0 0 0 
0 1 0 0 0 0 
1 0 1 0 0 0 
0 0 0 1 1 0 
0 1 0 0 0 1 
0 0 0 1 1 1 
0 0 1 1 1 0 
0 0 1 0 1 1 
1 1 0 0 0 0 
0 0 1 0 0 0 
1 1 0 1 0 0 
1 0 1 1 1 1 
0 0 0 0 0 1 

JOBS [6] - [2, 1, 10, 9, 13, 3]
TOOL SWITCHES : 5
MAKESPAN : 28

- MACHINE [2]

0 1 0 1 0 0 1 0 0 
1 1 1 0 0 0 0 0 0 
0 0 1 0 1 1 0 0 1 
0 0 0 1 0 1 0 0 0 
0 1 1 0 0 1 0 1 1 
0 1 0 0 1 0 0 1 1 
0 0 0 1 0 0 1 1 0 
0 0 1 1 0 0 1 1 0 
0 0 1 0 1 0 0 1 1 
1 0 0 0 0 0 0 0 0 
0 0 0 0 1 1 0 1 0 
1 1 0 1 1 1 1 0 1 
1 1 0 0 1 0 0 0 0 
1 0 1 1 0 1 0 0 1 
1 1 1 0 0 1 1 0 0 

JOBS [9] - [0, 5, 4, 15, 19, 14, 8, 17, 16]
TOOL SWITCHES : 2
MAKESPAN : 28

# -------------------------- #

--- TOTAL TOOL SWITCHES : 15
--- HIGHEST MAKESPAN : 28
--- TOTAL FLOWTIME : 316
--- RUNNING TIME : 3.18938

# -------------------------- #
RUN : 1 - instancias_txt/SSP-NPM-I/ins118_m=3_j=20_t=15_var=18.txt

- MACHINE [0]

0 0 0 0 0 1 
0 1 1 0 1 0 
1 0 0 0 0 0 
0 0 0 0 0 0 
0 0 0 0 0 0 
0 1 0 0 0 0 
1 1 1 1 1 0 
1 1 1 1 1 0 
1 1 0 1 0 0 
0 0 0 0 1 0 
0 0 0 0 0 1 
0 0 1 1 1 1 
0 0 0 0 1 1 
0 1 1 1 0 1 
1 0 0 1 0 0 

JOBS [6] - [10, 13, 6, 9, 17, 11]
TOOL SWITCHES : 6
MAKESPAN : 40

- MACHINE [1]

0 1 0 0 0 0 0 
1 1 1 0 0 0 0 
0 1 0 1 1 1 0 
1 1 0 0 0 0 0 
1 0 1 1 0 0 1 
1 0 0 0 1 0 1 
0 1 1 0 0 1 0 
0 0 0 1 1 1 1 
0 1 1 1 0 0 0 
1 1 1 1 0 1 0 
0 0 0 1 1 0 1 
0 0 0 0 0 0 0 
0 0 0 0 0 1 1 
1 0 0 0 1 1 1 
0 0 1 0 1 1 1 

JOBS [7] - [18, 8, 3, 4, 7, 15, 5]
TOOL SWITCHES : 4
MAKESPAN : 40

- MACHINE [2]

1 1 0 1 1 0 1 
0 0 1 0 0 1 0 
1 0 0 0 1 0 0 
1 1 1 0 1 0 0 
1 0 1 1 0 0 0 
1 0 1 1 0 0 0 
0 1 0 0 1 0 1 
1 1 1 0 0 0 0 
1 1 0 0 0 0 1 
0 0 1 1 0 1 1 
0 0 0 1 0 1 0 
0 0 0 0 0 0 0 
0 0 0 0 1 1 0 
0 0 0 0 0 0 0 
0 0 1 0 0 1 1 

JOBS [7] - [16, 0, 1, 12, 14, 19, 2]
TOOL SWITCHES : 0
MAKESPAN : 39

# -------------------------- #

--- TOTAL TOOL SWITCHES : 10
--- HIGHEST MAKESPAN : 40
--- TOTAL FLOWTIME : 438
--- RUNNING TIME : 2.40853

# -------------------------- #
RUN : 1 - instancias_txt/SSP-NPM-I/ins119_m=3_j=20_t=15_var=19.txt

- MACHINE [0]

0 1 0 1 1 1 
0 0 0 1 1 1 
1 1 1 0 1 1 
1 1 1 0 0 0 
0 1 1 1 0 1 
0 0 0 0 0 0 
0 0 0 0 1 1 
0 1 1 1 0 0 
0 0 1 0 1 0 
1 1 0 1 0 1 
1 0 1 0 0 0 
1 0 0 0 0 0 
1 1 0 0 0 0 
0 0 0 0 0 0 
0 0 0 0 0 1 

JOBS [6] - [19, 4, 9, 7, 16, 1]
TOOL SWITCHES : 8
MAKESPAN : 35

- MACHINE [1]

1 1 1 1 0 0 1 
1 0 0 1 1 0 0 
0 1 0 0 0 0 1 
0 0 1 1 1 1 0 
0 0 1 0 0 1 0 
0 1 0 1 0 1 1 
1 1 0 0 0 0 0 
0 0 0 0 1 1 1 
0 1 1 0 0 0 0 
0 0 0 0 0 1 1 
0 0 0 0 0 1 1 
0 0 0 1 1 0 0 
1 0 1 0 1 0 0 
1 1 0 1 0 0 0 
1 1 1 1 1 0 1 

JOBS [7] - [15, 18, 12, 11, 14, 2, 5]
TOOL SWITCHES : 5
MAKESPAN : 36

- MACHINE [2]

1 0 0 0 0 1 1 
1 0 1 0 0 0 1 
1 0 0 1 0 0 0 
0 0 0 0 1 1 1 
0 1 1 0 0 1 1 
0 1 0 0 1 1 0 
0 0 0 0 0 0 0 
1 0 0 1 1 0 0 
0 0 0 0 1 0 1 
0 1 0 1 0 0 0 
0 1 1 1 0 0 0 
1 1 1 1 1 0 0 
0 1 1 0 0 1 0 
0 0 1 0 1 0 0 
1 0 1 0 1 1 1 

JOBS [7] - [8, 17, 13, 3, 0, 6, 10]
TOOL SWITCHES : 1
MAKESPAN : 36

# -------------------------- #

--- TOTAL TOOL SWITCHES : 14
--- HIGHEST MAKESPAN : 36
--- TOTAL FLOWTIME : 371
--- RUNNING TIME : 3.34653

# -------------------------- #
RUN : 1 - instancias_txt/SSP-NPM-I/ins120_m=3_j=20_t=15_var=20.txt

- MACHINE [0]

0 0 0 0 
1 1 1 1 
1 1 1 1 
0 0 0 1 
0 1 0 0 
1 1 1 0 
0 0 0 0 
0 1 1 1 
1 0 1 1 
0 0 0 0 
0 1 0 0 
1 0 0 0 
1 1 0 1 
0 0 1 0 
0 0 0 0 

JOBS [4] - [5, 15, 19, 7]
TOOL SWITCHES : 5
MAKESPAN : 30

- MACHINE [1]

0 0 0 1 1 1 1 
0 0 0 0 1 0 1 
1 1 1 0 1 0 0 
0 0 0 0 0 0 0 
0 1 0 1 0 0 0 
1 0 0 1 1 1 0 
0 0 0 0 1 0 0 
1 1 1 1 0 1 1 
0 0 1 1 0 1 1 
1 0 1 0 0 1 1 
0 0 0 0 1 1 0 
1 1 1 1 0 0 0 
0 1 1 0 0 0 0 
1 1 1 0 0 0 0 
0 1 0 1 0 1 0 

JOBS [7] - [11, 10, 12, 9, 2, 17, 6]
TOOL SWITCHES : 4
MAKESPAN : 30

- MACHINE [2]

0 0 0 1 0 1 1 1 0 
0 0 0 1 0 0 0 1 0 
1 1 0 1 1 1 0 0 0 
1 0 0 0 1 0 0 0 0 
0 1 0 1 1 0 0 1 1 
0 0 1 1 0 1 0 0 1 
1 0 1 0 0 0 1 1 1 
0 1 0 0 1 1 0 0 0 
0 1 0 0 0 1 1 1 1 
0 1 0 0 1 0 1 0 0 
0 1 1 1 0 0 1 0 0 
1 0 0 0 0 0 0 0 0 
1 1 1 0 0 0 1 0 0 
0 0 0 0 0 0 1 1 0 
1 0 1 0 0 1 0 0 1 

JOBS [9] - [4, 16, 3, 8, 18, 0, 14, 13, 1]
TOOL SWITCHES : 2
MAKESPAN : 31

# -------------------------- #

--- TOTAL TOOL SWITCHES : 11
--- HIGHEST MAKESPAN : 31
--- TOTAL FLOWTIME : 343
--- RUNNING TIME : 3.2708

# -------------------------- #


avg : 32.5
