RUN : 1 - instancias_txt/SSP-NPM-I/ins101_m=3_j=20_t=15_var=1.txt

- MACHINE [0]

1 0 1 1 0 1 1 
0 0 1 0 0 0 1 
0 1 0 1 1 1 1 
1 1 0 0 0 0 0 
1 0 1 1 1 1 0 
0 0 0 0 1 1 1 
0 0 0 0 0 0 0 
1 1 1 1 1 0 1 
1 1 1 1 0 0 0 
0 0 0 0 0 1 1 
0 0 0 0 0 0 0 
0 1 0 0 0 0 0 
1 0 0 0 0 0 0 
0 0 0 0 1 0 0 
0 0 1 0 1 0 0 

JOBS [7] - [0, 15, 3, 7, 18, 19, 10]
TOOL SWITCHES : 7
MAKESPAN : 32

- MACHINE [1]

0 0 0 0 0 0 
0 1 0 0 0 0 
0 0 0 0 0 0 
0 1 0 1 0 0 
1 1 0 1 1 0 
0 0 1 1 0 1 
0 0 1 0 1 1 
0 0 0 1 1 0 
1 0 0 0 1 1 
0 1 0 1 1 0 
1 0 0 0 0 0 
0 1 1 0 0 0 
1 0 1 0 0 1 
1 0 1 0 0 1 
1 1 1 1 1 0 

JOBS [6] - [9, 13, 17, 1, 2, 8]
TOOL SWITCHES : 3
MAKESPAN : 33

- MACHINE [2]

0 1 1 0 1 0 1 
0 0 0 1 1 0 0 
0 0 0 1 0 1 1 
0 0 1 1 0 1 0 
1 0 0 0 0 0 1 
0 1 0 1 0 0 0 
0 1 1 0 0 1 0 
1 0 0 1 1 0 0 
1 0 0 0 1 0 0 
0 1 0 0 0 1 0 
0 1 0 1 1 0 1 
1 1 0 0 0 0 0 
1 0 1 0 0 1 0 
0 0 1 1 1 0 1 
0 0 0 0 0 0 0 

JOBS [7] - [6, 12, 4, 5, 11, 14, 16]
TOOL SWITCHES : 1
MAKESPAN : 31

# -------------------------- #

--- TOTAL TOOL SWITCHES : 11
--- HIGHEST MAKESPAN : 33
--- TOTAL FLOWTIME : 353
--- RUNNING TIME : 2.62475

# -------------------------- #
RUN : 1 - instancias_txt/SSP-NPM-I/ins102_m=3_j=20_t=15_var=2.txt

- MACHINE [0]

0 0 0 1 
0 1 0 1 
1 0 1 0 
0 0 1 0 
1 1 0 1 
0 0 0 0 
1 1 0 0 
0 0 0 1 
0 1 1 0 
1 1 0 0 
1 0 0 0 
0 0 1 1 
0 0 0 0 
0 0 0 1 
1 1 1 1 

JOBS [4] - [7, 6, 1, 16]
TOOL SWITCHES : 6
MAKESPAN : 24

- MACHINE [1]

0 0 0 0 1 1 
0 0 0 1 1 0 
1 1 1 1 0 0 
0 0 1 0 0 0 
1 0 1 0 0 1 
0 1 0 0 1 0 
1 1 1 0 0 1 
0 0 0 0 0 1 
1 1 0 1 0 0 
0 0 1 1 0 1 
1 1 0 0 0 0 
0 0 0 0 1 1 
0 0 0 0 1 0 
1 1 1 1 1 0 
0 0 0 0 0 0 

JOBS [6] - [2, 5, 4, 13, 9, 11]
TOOL SWITCHES : 4
MAKESPAN : 25

- MACHINE [2]

1 0 1 1 1 0 1 1 0 1 
1 1 0 0 0 1 0 0 0 1 
1 1 0 0 0 0 0 0 0 0 
1 0 1 0 0 0 0 0 1 0 
0 0 1 0 0 0 1 1 0 0 
0 0 0 1 0 1 1 0 1 0 
1 0 1 1 0 0 0 1 1 1 
1 1 1 0 0 0 0 0 0 1 
0 0 1 1 0 1 0 1 1 0 
0 1 0 1 1 0 0 0 0 0 
0 0 0 1 1 1 0 1 0 0 
1 0 0 1 0 1 1 0 1 1 
0 1 0 0 1 0 1 1 0 1 
0 0 0 0 1 0 0 0 1 0 
0 0 0 0 0 0 0 0 0 0 

JOBS [10] - [15, 3, 14, 17, 10, 8, 18, 12, 0, 19]
TOOL SWITCHES : 1
MAKESPAN : 25

# -------------------------- #

--- TOTAL TOOL SWITCHES : 11
--- HIGHEST MAKESPAN : 25
--- TOTAL FLOWTIME : 255
--- RUNNING TIME : 3.80999

# -------------------------- #
RUN : 1 - instancias_txt/SSP-NPM-I/ins103_m=3_j=20_t=15_var=3.txt

- MACHINE [0]

1 0 1 0 1 0 0 
0 0 1 1 1 1 0 
0 0 0 0 0 0 0 
1 0 0 0 0 0 0 
1 1 1 0 0 1 0 
1 1 0 0 0 0 0 
0 1 1 1 1 0 0 
0 0 0 0 1 1 1 
0 0 0 1 1 1 1 
1 0 0 0 0 1 1 
0 1 1 0 1 1 1 
1 1 1 1 1 0 1 
0 0 0 0 0 0 1 
0 0 1 1 0 1 1 
1 1 0 0 0 0 0 

JOBS [7] - [9, 15, 6, 2, 18, 13, 10]
TOOL SWITCHES : 11
MAKESPAN : 36

- MACHINE [1]

1 0 0 1 0 0 
0 0 1 0 1 0 
0 0 1 0 0 1 
1 1 0 0 1 1 
0 1 0 1 0 1 
0 1 1 0 0 0 
1 1 0 0 0 0 
0 1 1 0 0 0 
0 0 1 1 0 0 
0 0 0 0 0 1 
1 1 0 0 0 0 
0 1 0 1 1 1 
1 0 1 1 1 0 
1 0 0 0 0 0 
0 0 0 1 1 1 

JOBS [6] - [19, 11, 12, 1, 8, 5]
TOOL SWITCHES : 5
MAKESPAN : 36

- MACHINE [2]

0 1 0 0 0 0 1 
0 1 0 1 0 1 0 
0 1 0 1 1 1 1 
1 1 0 0 0 0 0 
1 0 0 0 1 0 0 
0 0 0 0 0 0 1 
0 0 1 1 0 1 0 
1 0 0 1 1 0 1 
0 1 1 1 1 1 1 
0 1 1 0 1 0 0 
1 0 1 0 0 0 1 
0 0 0 0 0 0 0 
0 0 0 0 1 1 0 
0 0 1 1 0 1 0 
1 0 1 1 1 0 0 

JOBS [7] - [3, 4, 14, 17, 16, 7, 0]
TOOL SWITCHES : 1
MAKESPAN : 36

# -------------------------- #

--- TOTAL TOOL SWITCHES : 17
--- HIGHEST MAKESPAN : 36
--- TOTAL FLOWTIME : 375
--- RUNNING TIME : 2.90061

# -------------------------- #
RUN : 1 - instancias_txt/SSP-NPM-I/ins104_m=3_j=20_t=15_var=4.txt

- MACHINE [0]

1 1 1 0 0 0 
0 0 0 1 1 0 
1 0 1 0 0 0 
0 0 0 0 0 1 
1 0 1 1 1 1 
0 0 1 1 0 0 
0 0 1 0 1 0 
0 1 1 1 0 0 
1 0 0 0 1 0 
0 0 0 0 0 1 
1 1 0 1 0 1 
0 1 0 0 0 1 
0 0 0 1 1 1 
0 0 1 0 1 0 
0 1 0 0 0 0 

JOBS [6] - [19, 5, 0, 13, 14, 10]
TOOL SWITCHES : 12
MAKESPAN : 33

- MACHINE [1]

1 0 1 0 1 0 
0 0 1 1 1 1 
1 1 1 0 0 0 
0 1 0 1 1 1 
0 0 0 0 0 0 
0 1 1 0 0 1 
0 0 0 0 0 0 
1 0 0 1 0 1 
0 1 1 0 0 0 
1 0 0 1 0 1 
0 1 0 1 1 1 
1 0 0 0 0 0 
0 0 0 0 0 0 
1 1 0 0 1 0 
0 0 0 1 1 0 

JOBS [6] - [2, 9, 6, 16, 17, 11]
TOOL SWITCHES : 2
MAKESPAN : 30

- MACHINE [2]

0 0 1 1 1 1 1 1 
1 0 0 0 0 1 1 1 
0 1 0 1 0 0 0 0 
1 0 0 0 1 0 0 0 
0 1 1 0 0 0 1 0 
1 1 1 1 0 1 0 0 
1 1 1 1 1 1 0 0 
0 0 0 0 0 0 0 0 
1 0 0 0 0 0 1 0 
0 1 1 1 1 0 1 1 
0 0 0 0 0 0 0 0 
0 1 1 1 1 1 0 0 
0 0 0 0 1 0 0 1 
1 1 0 0 0 0 1 1 
0 0 0 0 0 1 1 1 

JOBS [8] - [3, 18, 4, 8, 15, 1, 7, 12]
TOOL SWITCHES : 0
MAKESPAN : 33

# -------------------------- #

--- TOTAL TOOL SWITCHES : 14
--- HIGHEST MAKESPAN : 33
--- TOTAL FLOWTIME : 313
--- RUNNING TIME : 3.27892

# -------------------------- #
RUN : 1 - instancias_txt/SSP-NPM-I/ins105_m=3_j=20_t=15_var=5.txt

- MACHINE [0]

0 0 0 1 1 0 
1 0 0 1 0 0 
0 0 0 0 0 0 
0 0 0 0 1 1 
1 1 0 0 0 0 
0 0 0 0 1 0 
1 1 1 1 1 1 
1 0 1 1 0 0 
0 0 1 0 0 0 
0 1 0 0 1 1 
0 1 0 1 0 1 
0 0 1 1 0 1 
1 0 0 0 0 0 
1 1 1 0 0 1 
1 1 0 0 0 0 

JOBS [6] - [2, 18, 16, 3, 13, 11]
TOOL SWITCHES : 9
MAKESPAN : 37

- MACHINE [1]

1 0 1 0 1 0 
1 1 1 1 0 1 
1 1 0 0 0 0 
0 1 0 1 0 1 
0 0 0 0 0 0 
1 1 1 0 1 0 
1 0 0 1 0 1 
0 0 0 0 1 1 
0 0 0 0 0 0 
0 1 0 1 0 0 
1 1 1 0 1 0 
0 0 0 0 0 1 
0 0 0 1 1 0 
1 1 1 0 1 1 
0 0 1 0 0 1 

JOBS [6] - [4, 8, 5, 12, 14, 19]
TOOL SWITCHES : 3
MAKESPAN : 37

- MACHINE [2]

1 1 1 1 1 0 0 0 
0 0 1 1 0 1 0 1 
1 0 0 1 0 0 1 0 
1 0 1 0 0 0 0 0 
1 1 0 0 1 1 1 1 
1 0 0 0 0 1 1 0 
0 1 0 0 0 1 0 0 
0 0 0 0 0 0 1 1 
0 0 1 1 0 1 0 1 
0 1 1 0 0 1 0 1 
0 0 0 1 1 0 1 0 
1 1 0 0 1 1 0 0 
0 0 1 0 0 0 1 1 
0 0 1 1 1 0 0 0 
0 1 0 0 1 0 0 0 

JOBS [8] - [0, 7, 17, 9, 15, 6, 10, 1]
TOOL SWITCHES : 2
MAKESPAN : 38

# -------------------------- #

--- TOTAL TOOL SWITCHES : 14
--- HIGHEST MAKESPAN : 38
--- TOTAL FLOWTIME : 400
--- RUNNING TIME : 2.74934

# -------------------------- #
RUN : 1 - instancias_txt/SSP-NPM-I/ins106_m=3_j=20_t=15_var=6.txt

- MACHINE [0]

1 1 0 0 0 1 
1 1 0 1 0 1 
1 1 0 0 0 0 
0 0 1 1 1 0 
0 0 0 1 0 0 
1 1 1 0 0 0 
0 0 0 0 0 0 
0 0 0 0 1 1 
0 0 0 1 0 0 
1 1 1 0 0 0 
1 0 0 0 0 0 
0 1 1 1 0 1 
1 0 1 0 1 1 
0 0 0 0 1 1 
0 0 1 0 1 0 

JOBS [6] - [12, 2, 7, 14, 3, 8]
TOOL SWITCHES : 8
MAKESPAN : 34

- MACHINE [1]

0 1 0 0 0 0 
0 0 1 1 1 0 
0 1 1 0 1 0 
1 1 1 1 0 1 
0 0 0 0 0 0 
1 0 0 0 1 0 
0 0 0 0 0 1 
0 0 0 0 0 1 
0 0 0 0 1 0 
0 0 1 1 1 1 
0 1 0 1 0 1 
1 1 0 0 1 1 
1 0 1 1 0 0 
1 0 0 1 1 0 
0 1 1 1 0 0 

JOBS [6] - [16, 0, 17, 4, 10, 13]
TOOL SWITCHES : 4
MAKESPAN : 34

- MACHINE [2]

1 1 0 1 1 0 0 0 
0 0 0 0 0 0 1 0 
0 0 1 0 0 0 0 1 
0 0 0 0 1 0 1 0 
1 1 0 0 1 1 1 0 
1 1 0 1 1 0 0 0 
0 1 1 1 0 1 0 1 
0 0 0 0 0 1 0 1 
0 1 0 1 1 0 0 0 
0 0 1 0 0 0 1 1 
1 0 0 0 0 1 1 0 
0 1 0 0 1 1 0 0 
1 0 1 1 1 1 0 1 
0 1 1 0 0 0 0 0 
1 0 0 0 0 1 0 1 

JOBS [8] - [9, 18, 5, 15, 1, 19, 11, 6]
TOOL SWITCHES : 2
MAKESPAN : 34

# -------------------------- #

--- TOTAL TOOL SWITCHES : 14
--- HIGHEST MAKESPAN : 34
--- TOTAL FLOWTIME : 342
--- RUNNING TIME : 3.15358

# -------------------------- #
RUN : 1 - instancias_txt/SSP-NPM-I/ins107_m=3_j=20_t=15_var=7.txt

- MACHINE [0]

0 0 0 0 0 0 0 
1 1 0 0 1 1 0 
0 0 1 0 1 0 1 
1 0 1 1 0 0 1 
0 1 0 1 0 1 1 
1 1 1 0 0 0 0 
1 1 0 0 0 0 0 
0 1 1 1 1 1 1 
1 1 1 1 1 0 0 
0 0 0 1 0 0 0 
1 0 1 1 0 0 0 
0 0 0 0 1 0 1 
0 0 0 0 0 1 1 
0 0 0 0 0 1 0 
1 0 0 0 0 0 1 

JOBS [7] - [12, 15, 9, 5, 1, 6, 0]
TOOL SWITCHES : 11
MAKESPAN : 39

- MACHINE [1]

0 1 1 0 0 0 
0 0 1 1 0 0 
1 0 1 1 1 0 
0 0 1 1 0 0 
0 0 0 0 1 0 
1 1 0 0 1 0 
1 1 0 0 0 0 
0 0 0 0 0 0 
0 0 0 0 0 0 
1 0 0 0 1 1 
0 1 0 1 0 0 
1 1 0 0 0 1 
0 1 1 1 0 1 
0 0 0 1 1 1 
1 0 0 0 0 1 

JOBS [6] - [2, 4, 19, 16, 11, 17]
TOOL SWITCHES : 3
MAKESPAN : 38

- MACHINE [2]

1 1 0 1 1 1 0 
1 1 0 0 1 1 0 
0 1 0 0 1 0 1 
0 1 0 0 0 0 1 
1 0 0 1 0 1 0 
1 1 1 0 0 0 0 
1 0 1 1 0 1 0 
0 0 0 0 1 1 0 
0 0 0 1 0 0 1 
0 0 0 1 0 0 1 
1 0 1 1 1 0 0 
0 0 0 0 1 1 1 
0 0 1 0 0 0 1 
0 0 0 0 0 0 0 
1 1 1 0 0 0 1 

JOBS [7] - [10, 13, 14, 3, 8, 18, 7]
TOOL SWITCHES : 1
MAKESPAN : 37

# -------------------------- #

--- TOTAL TOOL SWITCHES : 15
--- HIGHEST MAKESPAN : 39
--- TOTAL FLOWTIME : 429
--- RUNNING TIME : 2.70851

# -------------------------- #
RUN : 1 - instancias_txt/SSP-NPM-I/ins108_m=3_j=20_t=15_var=8.txt

- MACHINE [0]

1 0 1 1 
1 1 0 0 
1 0 0 0 
0 1 1 1 
0 0 0 0 
1 0 0 0 
0 1 1 1 
0 0 0 0 
0 0 0 1 
0 1 0 1 
0 0 0 1 
0 1 0 0 
1 0 0 0 
0 1 1 0 
0 1 1 0 

JOBS [4] - [16, 3, 12, 18]
TOOL SWITCHES : 7
MAKESPAN : 26

- MACHINE [1]

0 0 0 0 0 0 0 
1 0 0 0 0 0 0 
1 0 0 1 1 0 0 
0 1 1 0 0 1 1 
0 1 0 1 1 0 0 
1 1 0 1 1 1 0 
1 1 1 0 0 0 0 
0 0 0 0 1 0 1 
0 0 0 1 1 1 1 
0 0 1 0 0 0 1 
0 0 0 0 0 0 0 
1 1 0 1 0 1 1 
0 0 1 0 1 1 1 
0 0 0 0 0 0 0 
1 0 1 0 1 0 0 

JOBS [7] - [4, 15, 1, 0, 2, 5, 19]
TOOL SWITCHES : 2
MAKESPAN : 26

- MACHINE [2]

0 1 1 0 0 1 1 1 0 
0 0 1 0 1 0 0 0 0 
0 0 0 1 0 1 1 1 1 
1 0 0 1 1 0 0 0 0 
0 1 1 1 0 0 0 0 1 
0 1 0 0 0 0 1 1 0 
0 0 0 0 0 0 0 0 0 
1 1 0 1 0 0 0 0 0 
0 0 0 0 1 1 0 0 1 
1 1 0 0 0 1 0 0 1 
1 0 1 1 1 0 1 1 1 
0 1 1 0 0 1 1 1 0 
1 0 1 1 1 0 1 0 0 
1 0 0 0 1 0 0 1 0 
0 1 1 0 1 1 0 0 0 

JOBS [9] - [8, 11, 14, 9, 7, 13, 6, 10, 17]
TOOL SWITCHES : 1
MAKESPAN : 26

# -------------------------- #

--- TOTAL TOOL SWITCHES : 10
--- HIGHEST MAKESPAN : 26
--- TOTAL FLOWTIME : 280
--- RUNNING TIME : 3.29041

# -------------------------- #
RUN : 1 - instancias_txt/SSP-NPM-I/ins109_m=3_j=20_t=15_var=9.txt

- MACHINE [0]

0 0 0 1 1 
0 1 0 1 1 
1 1 0 0 0 
0 1 1 1 0 
1 0 1 1 1 
0 1 1 0 1 
0 0 0 0 0 
0 0 0 0 0 
1 1 1 1 0 
0 0 1 0 0 
1 0 1 1 0 
1 0 0 0 0 
1 0 0 0 0 
0 0 0 0 1 
0 0 0 0 0 

JOBS [5] - [1, 7, 9, 16, 2]
TOOL SWITCHES : 5
MAKESPAN : 25

- MACHINE [1]

0 0 0 1 0 1 1 0 
0 0 0 0 1 0 1 0 
1 0 0 0 1 0 1 1 
0 0 0 1 1 0 0 1 
0 0 0 0 0 0 0 0 
1 0 1 0 1 1 0 0 
0 0 1 1 0 1 0 0 
1 1 0 1 0 0 0 0 
1 1 1 0 0 0 0 0 
0 1 0 0 0 1 0 1 
0 1 0 0 0 0 0 0 
1 1 0 0 1 1 1 1 
0 0 0 0 0 0 1 1 
0 1 1 1 1 1 1 1 
0 1 1 1 1 0 1 1 

JOBS [8] - [12, 11, 5, 0, 15, 19, 13, 17]
TOOL SWITCHES : 4
MAKESPAN : 28

- MACHINE [2]

1 1 0 1 0 0 0 
0 1 0 1 1 0 1 
1 1 1 0 0 0 0 
0 0 0 0 0 0 0 
1 1 0 1 1 1 0 
0 0 0 1 0 1 0 
0 1 1 0 1 1 0 
0 0 1 0 0 0 1 
0 0 1 0 0 0 0 
0 1 0 0 1 0 1 
1 0 0 0 0 1 0 
0 0 1 0 0 0 0 
0 0 0 1 1 0 0 
1 0 0 0 1 0 1 
1 1 1 1 0 1 1 

JOBS [7] - [14, 8, 4, 10, 18, 6, 3]
TOOL SWITCHES : 1
MAKESPAN : 28

# -------------------------- #

--- TOTAL TOOL SWITCHES : 10
--- HIGHEST MAKESPAN : 28
--- TOTAL FLOWTIME : 276
--- RUNNING TIME : 3.40031

# -------------------------- #
RUN : 1 - instancias_txt/SSP-NPM-I/ins110_m=3_j=20_t=15_var=10.txt

- MACHINE [0]

0 0 0 0 1 0 
0 1 0 0 1 0 
1 1 0 1 1 1 
0 1 1 0 0 0 
0 0 0 0 0 0 
1 0 0 0 0 1 
1 1 1 0 0 1 
0 0 0 1 1 1 
0 0 0 1 1 1 
1 0 1 1 0 0 
1 0 0 0 0 0 
1 0 1 0 1 0 
0 0 0 0 0 1 
0 1 0 0 0 0 
0 0 1 1 0 1 

JOBS [6] - [7, 3, 2, 0, 15, 11]
TOOL SWITCHES : 9
MAKESPAN : 29

- MACHINE [1]

0 1 0 0 
1 0 0 1 
1 0 1 0 
0 0 0 1 
1 1 1 0 
0 1 1 0 
0 0 0 0 
1 0 0 1 
0 1 1 1 
1 1 0 0 
0 0 1 0 
0 0 0 0 
0 1 0 1 
1 0 0 0 
0 1 1 0 

JOBS [4] - [5, 9, 13, 18]
TOOL SWITCHES : 3
MAKESPAN : 29

- MACHINE [2]

0 1 1 1 1 0 0 0 1 0 
1 1 1 0 0 1 0 1 0 0 
1 0 0 0 0 1 0 1 0 0 
0 1 1 0 1 0 0 0 1 1 
0 0 0 0 0 0 0 0 1 1 
0 0 1 0 1 1 1 0 0 0 
0 0 0 1 1 0 0 1 1 1 
1 0 1 1 0 0 0 0 0 1 
1 1 1 0 1 1 1 1 0 0 
1 0 0 1 0 0 0 0 0 0 
0 0 0 1 1 0 0 0 0 1 
0 0 1 0 0 1 1 1 0 0 
0 0 0 0 0 0 1 1 0 0 
1 1 0 0 0 0 1 1 1 0 
0 1 0 1 0 0 1 0 1 1 

JOBS [10] - [8, 1, 4, 10, 16, 17, 12, 6, 19, 14]
TOOL SWITCHES : 2
MAKESPAN : 29

# -------------------------- #

--- TOTAL TOOL SWITCHES : 14
--- HIGHEST MAKESPAN : 29
--- TOTAL FLOWTIME : 306
--- RUNNING TIME : 3.93505

# -------------------------- #
RUN : 1 - instancias_txt/SSP-NPM-I/ins111_m=3_j=20_t=15_var=11.txt

- MACHINE [0]

0 0 1 0 0 
0 0 0 0 1 
0 0 1 0 1 
0 1 1 0 0 
1 0 1 0 0 
0 0 0 0 1 
0 0 0 0 0 
1 1 0 0 1 
1 1 1 1 0 
0 1 1 0 1 
0 0 0 0 0 
1 1 0 0 0 
0 0 0 1 1 
1 0 0 0 0 
1 0 1 1 0 

JOBS [5] - [14, 1, 2, 17, 11]
TOOL SWITCHES : 7
MAKESPAN : 30

- MACHINE [1]

1 1 0 0 0 0 
1 1 1 1 0 0 
0 0 0 0 0 0 
0 1 1 0 0 0 
1 0 0 1 0 1 
0 0 1 0 1 1 
0 0 0 1 0 0 
0 1 0 1 1 0 
1 0 0 1 1 0 
1 1 1 0 0 1 
0 0 0 0 1 1 
1 0 0 1 1 1 
0 1 1 0 1 0 
0 0 0 0 0 1 
1 0 1 0 0 1 

JOBS [6] - [10, 15, 13, 19, 6, 4]
TOOL SWITCHES : 4
MAKESPAN : 31

- MACHINE [2]

1 0 1 0 0 0 1 1 0 
0 1 1 1 1 0 0 0 0 
0 1 0 0 1 0 1 0 0 
0 0 0 0 0 0 0 0 0 
0 0 1 1 0 1 1 0 0 
1 0 0 1 1 0 0 1 1 
1 1 0 1 1 1 1 1 0 
0 0 0 0 0 0 0 0 0 
1 0 0 0 0 1 0 0 1 
0 1 1 1 0 0 0 1 1 
0 1 0 0 1 1 1 0 1 
0 1 0 0 1 0 0 1 1 
1 1 1 1 1 0 1 1 0 
1 0 0 1 0 1 0 0 1 
0 0 1 0 0 1 0 0 0 

JOBS [9] - [7, 12, 3, 9, 16, 18, 0, 5, 8]
TOOL SWITCHES : 0
MAKESPAN : 28

# -------------------------- #

--- TOTAL TOOL SWITCHES : 11
--- HIGHEST MAKESPAN : 31
--- TOTAL FLOWTIME : 299
--- RUNNING TIME : 3.28189

# -------------------------- #
RUN : 1 - instancias_txt/SSP-NPM-I/ins112_m=3_j=20_t=15_var=12.txt

- MACHINE [0]

1 1 1 0 0 0 
1 1 0 0 0 0 
0 1 0 0 0 0 
0 0 0 0 1 1 
0 1 1 0 0 0 
0 1 1 1 1 1 
1 0 0 1 1 0 
1 0 0 0 0 0 
0 0 0 0 0 0 
0 0 1 0 1 1 
1 0 0 1 0 1 
1 1 1 0 0 0 
0 0 0 1 0 0 
0 0 0 0 1 1 
0 0 1 1 1 1 

JOBS [6] - [5, 0, 4, 16, 8, 19]
TOOL SWITCHES : 8
MAKESPAN : 35

- MACHINE [1]

0 0 0 0 0 1 
1 0 1 1 0 1 
0 0 0 0 1 1 
1 0 1 0 0 0 
1 1 0 0 0 0 
0 0 1 0 1 0 
1 1 0 0 0 0 
0 1 0 1 1 0 
0 1 0 0 0 1 
0 1 0 1 1 1 
0 0 0 1 1 0 
1 1 1 1 1 0 
0 1 1 1 0 0 
1 0 1 1 0 1 
0 0 1 0 1 0 

JOBS [6] - [7, 14, 10, 9, 15, 3]
TOOL SWITCHES : 5
MAKESPAN : 35

- MACHINE [2]

1 1 0 0 1 0 1 1 
0 0 0 1 0 1 0 0 
1 0 0 0 1 1 0 1 
0 1 0 0 1 1 0 1 
0 1 0 1 1 0 0 0 
0 0 1 0 0 0 1 0 
0 0 1 1 0 1 0 1 
0 0 1 0 0 0 0 0 
1 0 0 1 0 1 1 0 
1 0 0 0 1 0 0 0 
1 1 0 1 0 1 0 1 
0 0 0 0 0 0 0 0 
1 1 1 0 1 0 1 0 
0 0 0 0 0 0 0 0 
0 0 1 1 0 1 1 1 

JOBS [8] - [11, 17, 2, 18, 12, 1, 13, 6]
TOOL SWITCHES : 0
MAKESPAN : 35

# -------------------------- #

--- TOTAL TOOL SWITCHES : 13
--- HIGHEST MAKESPAN : 35
--- TOTAL FLOWTIME : 399
--- RUNNING TIME : 2.99132

# -------------------------- #
RUN : 1 - instancias_txt/SSP-NPM-I/ins113_m=3_j=20_t=15_var=13.txt

- MACHINE [0]

0 0 0 0 0 1 1 
0 0 0 1 1 1 1 
0 0 1 0 1 0 1 
0 1 0 0 0 1 0 
0 0 0 1 0 0 0 
0 0 0 0 0 0 0 
0 0 1 0 1 1 0 
1 0 0 0 1 0 0 
1 1 1 0 0 0 1 
1 1 1 1 1 0 0 
1 1 1 1 0 0 1 
1 0 1 0 0 0 0 
1 1 0 0 0 0 0 
0 0 1 1 1 1 0 
0 0 0 0 0 1 1 

JOBS [7] - [14, 1, 7, 18, 15, 8, 10]
TOOL SWITCHES : 11
MAKESPAN : 35

- MACHINE [1]

1 1 0 0 0 0 0 
0 0 1 0 0 0 0 
0 0 0 1 0 1 1 
0 0 1 0 0 0 0 
0 1 1 1 0 0 1 
0 0 0 0 1 1 1 
0 1 1 0 1 0 0 
1 0 1 0 1 1 0 
1 0 1 1 0 0 0 
0 1 0 0 1 0 0 
1 0 0 1 1 0 1 
0 1 0 1 1 1 1 
0 0 0 1 0 1 0 
1 0 0 0 0 0 0 
1 1 1 0 0 1 1 

JOBS [7] - [0, 9, 3, 6, 19, 4, 16]
TOOL SWITCHES : 5
MAKESPAN : 35

- MACHINE [2]

0 0 1 0 1 0 
1 0 1 1 0 1 
1 1 1 0 0 1 
0 1 0 1 1 1 
0 1 0 0 0 1 
1 1 1 0 1 0 
0 0 0 0 0 0 
0 0 0 1 0 1 
0 0 0 0 1 0 
1 1 1 0 1 1 
0 0 0 0 0 0 
1 0 0 1 0 0 
0 0 1 1 0 0 
0 0 1 0 1 1 
0 0 0 1 0 0 

JOBS [6] - [12, 17, 5, 11, 13, 2]
TOOL SWITCHES : 0
MAKESPAN : 32

# -------------------------- #

--- TOTAL TOOL SWITCHES : 16
--- HIGHEST MAKESPAN : 35
--- TOTAL FLOWTIME : 366
--- RUNNING TIME : 2.69247

# -------------------------- #
RUN : 1 - instancias_txt/SSP-NPM-I/ins114_m=3_j=20_t=15_var=14.txt

- MACHINE [0]

0 1 1 0 
1 1 0 0 
1 0 0 1 
0 1 0 1 
1 0 1 1 
0 0 0 0 
1 0 0 0 
0 0 0 0 
0 1 0 1 
1 0 0 0 
0 0 1 1 
1 0 1 0 
0 1 1 1 
0 0 0 1 
0 0 1 0 

JOBS [4] - [17, 2, 19, 4]
TOOL SWITCHES : 8
MAKESPAN : 33

- MACHINE [1]

1 1 0 1 0 1 1 
0 0 0 0 0 1 0 
1 1 1 0 0 0 0 
0 0 0 0 0 0 0 
0 0 0 0 0 0 0 
0 0 1 1 0 1 1 
0 0 1 0 1 0 1 
0 0 0 1 0 1 0 
1 0 1 0 0 0 0 
1 1 0 0 1 0 1 
1 0 0 0 1 1 1 
1 0 0 0 0 0 0 
0 0 1 1 1 0 1 
0 1 0 1 1 0 0 
0 1 1 1 1 1 1 

JOBS [7] - [8, 11, 15, 9, 3, 12, 5]
TOOL SWITCHES : 3
MAKESPAN : 30

- MACHINE [2]

0 0 0 0 0 0 1 0 1 
0 0 0 0 0 0 0 0 0 
0 1 0 0 1 0 0 0 0 
1 1 1 1 1 0 0 0 1 
1 0 0 0 0 0 1 1 0 
1 0 1 0 0 0 0 1 0 
0 0 0 0 0 0 0 1 0 
1 0 1 1 1 1 1 1 0 
0 0 1 0 1 0 1 0 1 
1 1 0 0 0 1 0 0 1 
0 1 0 1 1 1 1 1 0 
0 1 0 1 0 1 0 0 1 
1 0 1 0 0 0 0 0 1 
0 0 1 1 1 1 1 0 0 
1 1 0 0 0 1 0 1 0 

JOBS [9] - [6, 18, 13, 14, 16, 7, 1, 0, 10]
TOOL SWITCHES : 1
MAKESPAN : 33

# -------------------------- #

--- TOTAL TOOL SWITCHES : 12
--- HIGHEST MAKESPAN : 33
--- TOTAL FLOWTIME : 342
--- RUNNING TIME : 3.41287

# -------------------------- #
RUN : 1 - instancias_txt/SSP-NPM-I/ins115_m=3_j=20_t=15_var=15.txt

- MACHINE [0]

1 1 0 1 1 
0 0 1 1 1 
0 0 0 1 0 
1 1 1 0 0 
0 0 0 0 0 
1 1 0 0 0 
0 0 1 0 0 
0 1 0 1 1 
0 1 1 0 0 
0 0 0 0 0 
0 0 0 1 1 
1 0 0 1 1 
0 1 1 1 1 
1 0 0 0 0 
0 0 0 0 0 

JOBS [5] - [7, 16, 14, 10, 3]
TOOL SWITCHES : 6
MAKESPAN : 28

- MACHINE [1]

1 1 1 1 0 0 0 
0 1 0 0 0 0 0 
1 1 1 0 0 1 0 
0 0 0 1 0 0 1 
0 1 1 0 1 0 1 
0 0 0 0 1 0 1 
1 0 1 1 0 1 0 
1 1 0 1 0 0 0 
0 0 1 0 0 1 1 
1 1 0 0 0 0 0 
0 0 0 1 1 1 1 
1 1 1 0 1 0 0 
0 0 0 0 0 0 0 
0 0 0 1 1 0 1 
0 0 0 0 0 1 0 

JOBS [7] - [4, 9, 17, 18, 13, 19, 6]
TOOL SWITCHES : 4
MAKESPAN : 28

- MACHINE [2]

1 1 0 0 0 0 1 1 
1 0 1 1 0 1 1 0 
1 1 0 0 1 1 1 1 
0 0 0 0 0 0 0 0 
0 1 0 0 1 1 1 0 
0 0 1 1 0 0 0 0 
0 0 0 1 0 1 0 1 
0 0 1 0 1 1 0 1 
1 0 0 0 0 0 0 0 
1 0 1 1 0 0 0 1 
1 1 0 1 1 1 1 1 
0 1 0 1 1 0 0 0 
0 0 0 0 1 0 0 0 
0 1 0 0 0 1 1 1 
1 0 1 0 0 0 1 0 

JOBS [8] - [5, 12, 0, 8, 2, 11, 15, 1]
TOOL SWITCHES : 1
MAKESPAN : 28

# -------------------------- #

--- TOTAL TOOL SWITCHES : 11
--- HIGHEST MAKESPAN : 28
--- TOTAL FLOWTIME : 300
--- RUNNING TIME : 3.13486

# -------------------------- #
RUN : 1 - instancias_txt/SSP-NPM-I/ins116_m=3_j=20_t=15_var=16.txt

- MACHINE [0]

0 0 0 0 0 
0 0 0 1 1 
1 0 0 0 0 
0 0 0 0 0 
0 1 1 1 0 
0 0 1 0 1 
0 1 1 0 0 
1 0 0 0 1 
1 1 1 1 1 
1 0 0 0 0 
1 1 1 1 1 
0 0 1 1 0 
0 1 0 1 1 
0 0 0 0 0 
0 0 0 0 0 

JOBS [5] - [1, 14, 0, 3, 7]
TOOL SWITCHES : 5
MAKESPAN : 31

- MACHINE [1]

0 0 1 1 1 1 1 1 
1 0 1 1 1 1 0 0 
0 0 0 0 0 1 1 0 
0 0 1 1 1 0 0 0 
0 0 0 0 0 0 0 1 
1 1 1 1 0 0 1 1 
0 1 0 1 1 0 1 0 
1 1 0 0 0 0 0 0 
0 0 1 0 0 1 1 0 
1 1 1 0 0 1 0 1 
0 0 0 0 1 0 0 0 
0 0 0 0 0 0 0 0 
0 0 0 0 0 1 0 1 
1 1 0 1 0 0 1 0 
0 0 0 1 1 0 0 1 

JOBS [8] - [17, 16, 2, 13, 5, 15, 11, 8]
TOOL SWITCHES : 4
MAKESPAN : 32

- MACHINE [2]

0 1 1 1 1 0 0 
0 0 0 0 0 0 0 
0 0 1 0 0 1 1 
1 1 0 1 0 1 1 
1 0 1 0 0 1 0 
0 1 0 1 1 0 0 
0 1 0 0 1 0 0 
0 0 1 1 0 0 0 
0 0 0 1 0 0 0 
1 0 0 0 1 1 0 
0 0 0 0 0 0 0 
1 1 1 0 1 1 1 
1 1 1 0 0 0 0 
0 0 0 1 0 1 1 
1 0 0 0 1 0 1 

JOBS [7] - [12, 9, 4, 19, 6, 10, 18]
TOOL SWITCHES : 0
MAKESPAN : 31

# -------------------------- #

--- TOTAL TOOL SWITCHES : 9
--- HIGHEST MAKESPAN : 32
--- TOTAL FLOWTIME : 328
--- RUNNING TIME : 2.98118

# -------------------------- #
RUN : 1 - instancias_txt/SSP-NPM-I/ins117_m=3_j=20_t=15_var=17.txt

- MACHINE [0]

0 0 0 1 1 
0 1 0 0 0 
0 0 0 0 1 
0 0 0 0 0 
1 1 0 1 0 
1 0 1 0 0 
0 1 1 0 0 
0 0 1 0 0 
1 0 0 0 0 
0 1 1 0 1 
0 0 0 1 0 
1 0 0 0 0 
1 1 0 1 1 
1 0 0 0 1 
0 0 1 1 1 

JOBS [5] - [11, 7, 18, 6, 12]
TOOL SWITCHES : 8
MAKESPAN : 28

- MACHINE [1]

0 0 1 0 1 1 
1 1 1 0 0 0 
0 1 0 0 1 0 
0 0 0 0 1 0 
0 1 0 0 0 1 
1 0 1 0 0 0 
0 0 0 1 1 0 
1 0 1 1 0 0 
1 1 1 0 0 0 
1 1 0 1 0 0 
0 0 0 0 1 1 
0 1 0 0 0 0 
0 0 1 0 1 1 
1 1 1 1 0 1 
0 0 0 1 0 0 

JOBS [6] - [13, 10, 9, 3, 1, 2]
TOOL SWITCHES : 5
MAKESPAN : 28

- MACHINE [2]

0 1 1 0 0 1 0 0 0 
0 1 0 1 1 0 0 0 0 
0 0 0 0 1 0 1 1 1 
0 0 0 0 0 1 1 0 0 
1 1 0 0 1 0 1 0 1 
1 1 0 0 0 0 0 1 1 
1 0 1 0 0 1 0 0 0 
1 0 1 0 1 1 0 0 0 
1 0 0 0 1 0 0 1 1 
0 0 0 1 0 0 0 0 0 
1 0 0 0 0 0 1 1 0 
0 1 1 1 0 1 1 1 1 
0 1 0 1 0 0 0 1 0 
0 0 0 1 1 1 1 0 1 
0 1 1 1 1 0 1 0 0 

JOBS [9] - [17, 5, 8, 0, 4, 15, 14, 19, 16]
TOOL SWITCHES : 2
MAKESPAN : 28

# -------------------------- #

--- TOTAL TOOL SWITCHES : 15
--- HIGHEST MAKESPAN : 28
--- TOTAL FLOWTIME : 282
--- RUNNING TIME : 3.34551

# -------------------------- #
RUN : 1 - instancias_txt/SSP-NPM-I/ins118_m=3_j=20_t=15_var=18.txt

- MACHINE [0]

0 0 0 0 0 1 
0 1 1 0 1 0 
1 0 0 0 0 0 
0 0 0 0 0 0 
0 0 0 0 0 0 
0 1 0 0 0 0 
1 1 1 1 1 0 
1 1 1 1 1 0 
1 1 0 1 0 0 
0 0 0 0 1 0 
0 0 0 0 0 1 
0 0 1 1 1 1 
0 0 0 0 1 1 
0 1 1 1 0 1 
1 0 0 1 0 0 

JOBS [6] - [10, 13, 6, 9, 17, 11]
TOOL SWITCHES : 6
MAKESPAN : 40

- MACHINE [1]

0 0 0 0 1 0 1 
0 0 1 0 1 1 0 
1 0 0 1 1 0 0 
0 0 1 0 1 0 0 
0 1 1 0 0 1 0 
1 1 1 0 0 0 0 
0 0 0 1 1 1 1 
1 1 0 1 0 0 0 
0 0 0 0 1 1 1 
0 0 1 1 1 1 1 
1 1 0 0 0 0 0 
0 0 0 0 0 0 0 
0 1 0 1 0 0 0 
1 1 1 1 0 0 0 
1 1 0 1 0 1 1 

JOBS [7] - [7, 5, 18, 15, 8, 3, 2]
TOOL SWITCHES : 4
MAKESPAN : 39

- MACHINE [2]

1 0 1 0 1 1 0 
0 1 0 0 0 0 1 
0 0 1 1 1 0 0 
1 0 1 0 1 0 1 
0 0 1 1 0 1 1 
0 0 1 0 0 1 1 
1 0 0 0 1 0 0 
1 0 1 1 0 0 1 
1 0 1 1 0 0 0 
0 1 0 1 0 1 1 
0 1 0 1 0 1 0 
0 0 0 0 0 0 0 
0 1 0 0 1 0 0 
0 0 0 0 0 0 0 
0 1 0 0 0 0 1 

JOBS [7] - [0, 19, 16, 4, 14, 12, 1]
TOOL SWITCHES : 0
MAKESPAN : 40

# -------------------------- #

--- TOTAL TOOL SWITCHES : 10
--- HIGHEST MAKESPAN : 40
--- TOTAL FLOWTIME : 376
--- RUNNING TIME : 2.97275

# -------------------------- #
RUN : 1 - instancias_txt/SSP-NPM-I/ins119_m=3_j=20_t=15_var=19.txt

- MACHINE [0]

1 0 0 0 0 0 
0 0 0 0 0 0 
1 1 1 0 1 0 
1 1 0 1 1 1 
1 0 0 1 1 0 
0 0 0 1 0 1 
0 0 0 0 0 0 
1 0 1 1 1 1 
0 0 0 0 1 1 
1 1 1 1 0 0 
0 1 1 1 1 0 
0 1 1 0 0 1 
1 1 0 0 0 0 
0 0 0 0 0 1 
0 0 0 0 0 1 

JOBS [6] - [4, 19, 3, 2, 9, 0]
TOOL SWITCHES : 8
MAKESPAN : 36

- MACHINE [1]

1 1 1 1 0 1 1 1 
0 1 1 1 1 1 0 1 
1 1 0 0 0 0 0 0 
0 0 0 1 1 1 1 0 
0 0 0 0 0 1 1 1 
1 0 0 1 0 0 0 0 
1 1 1 0 0 0 0 0 
0 0 0 0 1 0 0 1 
1 1 0 0 0 1 1 0 
0 0 0 0 0 0 0 1 
0 0 0 0 0 0 0 0 
0 0 0 1 1 0 0 0 
0 0 1 0 1 0 1 0 
1 0 1 1 0 0 0 0 
1 0 1 1 1 1 1 0 

JOBS [8] - [18, 16, 15, 11, 14, 10, 12, 7]
TOOL SWITCHES : 4
MAKESPAN : 36

- MACHINE [2]

1 1 0 1 1 0 
0 1 1 0 1 0 
1 1 0 0 1 0 
0 0 0 1 0 0 
0 1 1 1 0 1 
1 0 0 1 0 1 
0 1 0 0 0 0 
1 0 0 0 1 0 
0 0 0 0 0 0 
1 1 0 0 0 1 
1 0 1 0 0 1 
0 0 1 0 1 1 
0 0 1 1 0 1 
0 0 1 0 0 0 
1 1 1 1 1 0 

JOBS [6] - [5, 1, 13, 6, 8, 17]
TOOL SWITCHES : 1
MAKESPAN : 35

# -------------------------- #

--- TOTAL TOOL SWITCHES : 13
--- HIGHEST MAKESPAN : 36
--- TOTAL FLOWTIME : 368
--- RUNNING TIME : 3.23353

# -------------------------- #
RUN : 1 - instancias_txt/SSP-NPM-I/ins120_m=3_j=20_t=15_var=20.txt

- MACHINE [0]

0 0 0 0 
1 1 1 1 
1 1 1 1 
0 0 1 0 
1 0 0 0 
1 1 0 1 
0 0 0 0 
1 0 1 1 
0 1 1 1 
0 0 0 0 
1 0 0 0 
0 1 0 0 
1 1 1 0 
0 0 0 1 
0 0 0 0 

JOBS [4] - [15, 5, 7, 19]
TOOL SWITCHES : 4
MAKESPAN : 28

- MACHINE [1]

0 0 1 0 1 1 1 
0 0 0 0 1 0 1 
1 1 0 1 1 0 0 
0 0 0 0 0 0 0 
0 1 1 0 0 0 0 
0 0 1 1 1 1 0 
0 0 0 0 1 0 0 
1 1 1 1 0 1 1 
1 0 1 0 0 1 1 
1 0 0 1 0 1 1 
0 0 0 0 1 1 0 
1 1 1 1 0 0 0 
1 1 0 0 0 0 0 
1 1 0 1 0 0 0 
0 1 1 0 0 1 0 

JOBS [7] - [12, 10, 9, 11, 2, 17, 6]
TOOL SWITCHES : 4
MAKESPAN : 30

- MACHINE [2]

0 0 1 0 0 0 1 1 1 
0 0 0 0 0 0 0 1 1 
1 1 1 1 0 0 0 1 0 
1 1 0 0 0 0 0 0 0 
0 1 0 1 0 1 0 1 1 
0 0 1 0 1 1 0 1 0 
1 0 0 0 1 1 1 0 1 
0 1 1 1 0 0 0 0 0 
0 0 1 1 0 1 1 0 1 
0 1 0 1 0 0 1 0 0 
0 0 0 1 1 0 1 1 0 
1 0 0 0 0 0 0 0 0 
1 0 0 1 1 0 1 0 0 
0 0 0 0 0 0 1 0 1 
1 0 1 0 1 1 0 0 0 

JOBS [9] - [4, 18, 0, 16, 3, 1, 14, 8, 13]
TOOL SWITCHES : 2
MAKESPAN : 31

# -------------------------- #

--- TOTAL TOOL SWITCHES : 10
--- HIGHEST MAKESPAN : 31
--- TOTAL FLOWTIME : 318
--- RUNNING TIME : 3.15074

# -------------------------- #


avg : 32.5
