RUN : 1 - instancias_txt/SSP-NPM-I/ins101_m=3_j=20_t=15_var=1.txt

- MACHINE [0]

0 1 1 1 0 1 1 
0 0 1 0 0 0 1 
1 0 0 1 1 1 1 
1 1 0 0 0 0 0 
0 1 1 1 1 1 0 
0 0 0 0 1 1 1 
0 0 0 0 0 0 0 
1 1 1 1 1 0 1 
1 1 1 1 0 0 0 
0 0 0 0 0 1 1 
0 0 0 0 0 0 0 
1 0 0 0 0 0 0 
0 1 0 0 0 0 0 
0 0 0 0 1 0 0 
0 0 1 0 1 0 0 

JOBS [7] - [15, 0, 3, 7, 18, 19, 10]
TOOL SWITCHES : 7
MAKESPAN : 32

- MACHINE [1]

0 0 0 0 0 0 
0 1 0 0 0 0 
0 0 0 0 0 0 
0 1 1 0 0 0 
1 1 1 0 1 0 
0 0 1 1 0 1 
0 0 0 1 1 1 
0 0 1 0 1 0 
1 0 0 1 1 0 
0 1 1 0 1 0 
1 0 0 0 0 0 
0 1 0 0 0 1 
1 0 0 1 0 1 
1 0 0 1 0 1 
1 1 1 0 1 1 

JOBS [6] - [9, 13, 1, 8, 2, 17]
TOOL SWITCHES : 3
MAKESPAN : 33

- MACHINE [2]

0 1 0 1 1 1 0 
0 0 1 0 0 1 0 
0 0 1 1 0 0 1 
0 1 1 0 0 0 1 
1 0 0 1 0 0 0 
0 0 1 0 1 0 0 
0 1 0 0 1 0 1 
1 0 1 0 0 1 0 
1 0 0 0 0 1 0 
0 0 0 0 1 0 1 
0 0 1 1 1 1 0 
1 0 0 0 1 0 0 
1 1 0 0 0 0 1 
0 1 1 1 0 1 0 
0 0 0 0 0 0 0 

JOBS [7] - [6, 4, 5, 16, 12, 11, 14]
TOOL SWITCHES : 1
MAKESPAN : 31

# -------------------------- #

--- TOTAL TOOL SWITCHES : 11
--- HIGHEST MAKESPAN : 33
--- TOTAL FLOWTIME : 330
--- RUNNING TIME : 2.63268

# -------------------------- #
RUN : 1 - instancias_txt/SSP-NPM-I/ins102_m=3_j=20_t=15_var=2.txt

- MACHINE [0]

1 0 0 0 0 
1 0 0 0 0 
1 1 1 1 1 
1 1 0 0 0 
0 0 0 1 1 
0 0 1 0 0 
1 0 1 1 1 
1 0 0 0 0 
0 1 1 1 0 
0 0 0 0 1 
0 0 1 1 1 
1 1 0 0 0 
0 0 0 0 0 
0 0 1 1 0 
0 1 0 0 1 

JOBS [5] - [15, 1, 5, 2, 7]
TOOL SWITCHES : 7
MAKESPAN : 26

- MACHINE [1]

0 1 1 0 0 1 0 
0 0 0 0 1 1 1 
0 0 0 1 1 0 1 
1 0 1 1 0 0 0 
0 1 1 1 0 0 0 
1 0 0 0 0 1 0 
1 1 1 1 0 0 0 
0 1 1 0 0 0 1 
1 0 1 0 1 0 0 
0 1 0 1 1 0 1 
0 0 0 0 0 0 0 
1 1 0 0 0 1 0 
0 0 0 0 0 1 1 
1 0 0 1 1 1 0 
0 0 0 0 0 0 0 

JOBS [7] - [0, 11, 14, 4, 13, 9, 3]
TOOL SWITCHES : 4
MAKESPAN : 26

- MACHINE [2]

1 1 1 1 0 1 0 1 
1 0 0 0 1 1 1 0 
0 0 0 0 0 0 0 0 
0 0 0 0 0 0 0 0 
1 0 1 0 0 0 1 1 
0 1 1 0 1 0 0 0 
0 1 0 0 0 1 1 1 
1 0 0 0 0 1 0 0 
0 1 0 0 1 0 1 1 
0 1 0 1 0 0 1 0 
0 1 0 1 1 0 0 1 
1 1 1 0 1 1 0 0 
0 0 1 1 0 1 0 1 
1 0 0 1 0 0 0 0 
1 0 0 0 0 0 1 0 

JOBS [8] - [16, 17, 18, 10, 8, 19, 6, 12]
TOOL SWITCHES : 0
MAKESPAN : 23

# -------------------------- #

--- TOTAL TOOL SWITCHES : 11
--- HIGHEST MAKESPAN : 26
--- TOTAL FLOWTIME : 263
--- RUNNING TIME : 3.20635

# -------------------------- #
RUN : 1 - instancias_txt/SSP-NPM-I/ins103_m=3_j=20_t=15_var=3.txt

- MACHINE [0]

0 1 0 1 0 1 0 
1 0 0 1 1 1 0 
0 0 0 0 0 0 0 
1 1 0 0 0 0 0 
0 1 1 1 0 0 0 
0 1 1 0 0 0 0 
0 0 1 1 1 1 0 
0 0 0 0 0 1 1 
0 0 0 0 1 1 1 
0 1 0 0 0 0 1 
0 0 1 1 0 1 1 
1 1 1 1 1 1 1 
1 0 0 0 0 0 1 
0 0 0 1 1 0 1 
1 1 1 0 0 0 0 

JOBS [7] - [8, 9, 15, 6, 2, 18, 10]
TOOL SWITCHES : 11
MAKESPAN : 34

- MACHINE [1]

0 0 0 0 1 
0 0 1 0 0 
0 1 1 1 0 
1 1 0 0 0 
1 1 0 1 1 
1 0 1 0 0 
1 0 0 0 0 
1 0 1 1 0 
0 0 1 1 1 
0 1 0 1 0 
1 0 0 0 0 
1 1 0 0 1 
0 0 1 1 1 
0 0 0 0 0 
0 1 0 1 1 

JOBS [5] - [11, 5, 12, 16, 1]
TOOL SWITCHES : 4
MAKESPAN : 36

- MACHINE [2]

1 0 1 0 0 1 0 0 
0 0 1 1 1 0 0 1 
0 0 1 0 1 1 0 1 
1 1 1 0 0 0 0 0 
0 1 0 1 0 0 0 0 
0 0 0 0 0 1 0 0 
1 0 0 0 1 0 1 1 
0 1 0 1 0 1 0 1 
0 0 1 1 1 1 1 1 
0 0 1 1 0 0 1 0 
1 1 0 1 0 1 1 0 
0 0 0 0 0 0 0 0 
1 0 0 0 1 0 0 0 
1 0 0 1 1 0 1 1 
0 1 0 0 0 0 1 1 

JOBS [8] - [19, 3, 4, 13, 7, 0, 14, 17]
TOOL SWITCHES : 1
MAKESPAN : 37

# -------------------------- #

--- TOTAL TOOL SWITCHES : 16
--- HIGHEST MAKESPAN : 37
--- TOTAL FLOWTIME : 374
--- RUNNING TIME : 3.32343

# -------------------------- #
RUN : 1 - instancias_txt/SSP-NPM-I/ins104_m=3_j=20_t=15_var=4.txt

- MACHINE [0]

1 1 0 0 1 0 
0 0 1 1 0 0 
1 1 0 0 0 0 
0 0 0 0 0 1 
1 1 1 1 0 1 
0 1 0 1 0 0 
0 1 1 0 0 0 
0 1 0 1 1 0 
1 0 1 0 0 0 
0 0 0 0 0 1 
1 0 0 1 1 1 
0 0 0 0 1 1 
0 0 1 1 0 1 
0 1 1 0 0 0 
0 0 0 0 1 0 

JOBS [6] - [19, 0, 14, 13, 5, 10]
TOOL SWITCHES : 12
MAKESPAN : 33

- MACHINE [1]

0 1 0 1 1 0 
1 1 1 1 0 0 
0 1 0 0 1 1 
1 0 1 1 0 1 
0 0 0 0 0 0 
1 1 0 0 0 1 
0 0 0 0 0 0 
1 0 1 0 1 0 
0 1 0 0 0 1 
1 0 1 0 1 0 
1 0 1 1 0 1 
0 0 0 0 1 0 
0 0 0 0 0 0 
0 0 0 1 1 1 
0 0 1 1 0 0 

JOBS [6] - [11, 6, 16, 17, 2, 9]
TOOL SWITCHES : 3
MAKESPAN : 33

- MACHINE [2]

0 1 1 1 1 1 0 1 
1 0 1 0 0 1 0 1 
0 0 0 1 0 0 1 0 
1 0 0 0 1 0 0 0 
0 1 1 0 0 0 1 0 
1 1 0 1 0 1 1 0 
1 1 0 1 1 1 1 0 
0 0 0 0 0 0 0 0 
1 0 1 0 0 0 0 0 
0 1 1 1 1 0 1 1 
0 0 0 0 0 0 0 0 
0 1 0 1 1 1 1 0 
0 0 0 0 1 0 0 1 
1 0 1 0 0 0 1 1 
0 0 1 0 0 1 0 1 

JOBS [8] - [3, 4, 7, 8, 15, 1, 18, 12]
TOOL SWITCHES : 0
MAKESPAN : 33

# -------------------------- #

--- TOTAL TOOL SWITCHES : 15
--- HIGHEST MAKESPAN : 33
--- TOTAL FLOWTIME : 351
--- RUNNING TIME : 3.1287

# -------------------------- #
RUN : 1 - instancias_txt/SSP-NPM-I/ins105_m=3_j=20_t=15_var=5.txt

- MACHINE [0]

1 0 1 0 0 0 
0 0 1 0 0 1 
0 0 0 0 0 0 
1 1 0 0 0 0 
0 0 0 0 1 1 
1 0 0 0 0 0 
1 1 1 1 1 1 
0 0 1 1 0 1 
0 0 0 1 0 0 
1 1 0 0 1 0 
0 1 1 0 1 0 
0 1 1 1 0 0 
0 0 0 0 0 1 
0 1 0 1 1 1 
0 0 0 0 1 1 

JOBS [6] - [13, 11, 3, 16, 18, 2]
TOOL SWITCHES : 9
MAKESPAN : 37

- MACHINE [1]

0 1 1 1 1 0 0 
1 1 1 1 0 1 0 
0 0 1 0 0 0 1 
1 0 0 1 0 0 0 
0 0 0 0 0 1 1 
0 1 1 0 1 0 1 
1 0 1 0 0 0 0 
0 0 0 0 1 1 1 
0 0 0 1 0 1 0 
1 0 0 1 0 1 0 
0 1 1 0 1 0 1 
0 0 0 0 0 0 0 
1 0 0 1 1 1 1 
0 1 1 1 1 0 0 
0 1 0 0 0 0 0 

JOBS [7] - [12, 5, 4, 17, 14, 1, 10]
TOOL SWITCHES : 4
MAKESPAN : 37

- MACHINE [2]

1 1 0 0 1 0 1 
0 1 1 1 0 1 0 
0 1 0 0 1 1 0 
0 0 0 1 1 1 0 
1 0 1 0 1 0 1 
0 0 1 0 1 1 0 
0 0 1 1 0 0 1 
0 0 0 1 0 0 0 
0 1 1 0 0 0 0 
0 0 1 0 0 1 1 
1 1 0 0 0 1 0 
1 0 1 1 1 0 1 
0 0 0 0 0 0 0 
1 1 0 1 0 1 0 
1 0 0 1 0 0 1 

JOBS [7] - [15, 9, 6, 19, 0, 8, 7]
TOOL SWITCHES : 1
MAKESPAN : 37

# -------------------------- #

--- TOTAL TOOL SWITCHES : 14
--- HIGHEST MAKESPAN : 37
--- TOTAL FLOWTIME : 411
--- RUNNING TIME : 2.56392

# -------------------------- #
RUN : 1 - instancias_txt/SSP-NPM-I/ins106_m=3_j=20_t=15_var=6.txt

- MACHINE [0]

1 1 0 0 1 0 
1 1 0 0 1 1 
1 1 0 0 0 0 
0 0 1 1 0 1 
0 0 0 0 0 1 
1 1 1 0 0 0 
0 0 0 0 0 0 
0 0 0 1 1 0 
0 0 0 0 0 1 
1 1 1 0 0 0 
1 0 0 0 0 0 
0 1 1 0 1 1 
1 0 1 1 1 0 
0 0 0 1 1 0 
0 0 1 1 0 0 

JOBS [6] - [12, 2, 7, 3, 8, 14]
TOOL SWITCHES : 8
MAKESPAN : 34

- MACHINE [1]

0 0 0 0 1 
0 0 1 0 0 
0 1 1 0 1 
0 0 1 1 1 
1 0 0 0 0 
0 0 0 0 0 
1 1 0 1 0 
1 1 0 1 0 
0 0 0 0 0 
0 1 1 1 0 
1 0 0 1 1 
1 0 0 1 1 
1 1 1 0 0 
0 0 0 0 0 
1 1 1 0 1 

JOBS [5] - [19, 6, 17, 13, 0]
TOOL SWITCHES : 2
MAKESPAN : 32

- MACHINE [2]

0 1 0 0 0 1 1 1 0 
0 0 1 1 1 0 0 0 0 
0 0 0 1 0 0 0 0 1 
1 0 1 0 1 0 0 1 0 
0 1 0 0 1 1 0 1 0 
1 1 0 1 0 1 1 1 0 
0 0 0 0 0 1 1 0 1 
0 0 0 0 0 0 0 0 0 
0 0 0 1 0 1 1 1 0 
0 0 1 1 1 0 0 0 1 
0 1 1 0 1 0 0 0 0 
1 0 0 1 0 1 0 1 0 
1 1 1 0 0 0 1 1 1 
1 0 1 1 0 1 0 0 1 
0 1 1 0 0 0 0 0 0 

JOBS [9] - [16, 9, 4, 10, 11, 18, 15, 1, 5]
TOOL SWITCHES : 1
MAKESPAN : 34

# -------------------------- #

--- TOTAL TOOL SWITCHES : 11
--- HIGHEST MAKESPAN : 34
--- TOTAL FLOWTIME : 350
--- RUNNING TIME : 3.29857

# -------------------------- #
RUN : 1 - instancias_txt/SSP-NPM-I/ins107_m=3_j=20_t=15_var=7.txt

- MACHINE [0]

0 0 0 0 0 1 
1 0 0 1 1 1 
1 1 0 0 0 0 
0 1 1 0 1 0 
0 0 1 1 0 1 
0 1 0 1 1 1 
0 0 0 1 1 1 
1 1 1 1 0 0 
1 1 1 1 1 0 
0 0 1 0 0 0 
0 1 1 0 1 1 
1 0 0 0 0 0 
0 0 0 0 0 0 
0 0 0 0 0 0 
0 0 0 0 1 1 

JOBS [6] - [1, 9, 5, 15, 12, 10]
TOOL SWITCHES : 9
MAKESPAN : 38

- MACHINE [1]

1 1 0 0 0 0 
1 1 0 0 0 0 
0 1 1 1 0 1 
0 1 0 1 0 0 
1 0 0 1 0 1 
0 0 1 0 0 1 
1 0 1 0 0 0 
1 0 0 1 0 0 
0 0 0 0 0 0 
0 0 1 0 1 1 
0 0 0 0 0 0 
1 0 1 1 1 0 
0 1 0 1 1 0 
0 0 0 0 1 1 
0 0 1 1 1 0 

JOBS [6] - [18, 19, 2, 0, 17, 11]
TOOL SWITCHES : 3
MAKESPAN : 38

- MACHINE [2]

0 1 0 1 1 0 0 1 
0 1 0 1 0 1 1 0 
1 1 0 1 0 0 1 0 
1 0 0 1 0 0 1 0 
0 0 0 0 1 1 0 0 
0 0 1 1 0 0 0 1 
0 0 1 0 1 0 0 1 
0 1 0 0 0 1 0 0 
1 0 0 0 1 0 0 0 
1 0 0 0 1 0 0 0 
0 1 1 0 1 0 1 1 
1 1 0 0 0 0 0 1 
1 0 1 0 0 1 1 1 
0 0 0 0 0 1 1 0 
1 0 1 1 0 0 0 0 

JOBS [8] - [7, 8, 14, 13, 3, 6, 16, 4]
TOOL SWITCHES : 2
MAKESPAN : 38

# -------------------------- #

--- TOTAL TOOL SWITCHES : 14
--- HIGHEST MAKESPAN : 38
--- TOTAL FLOWTIME : 422
--- RUNNING TIME : 3.26244

# -------------------------- #
RUN : 1 - instancias_txt/SSP-NPM-I/ins108_m=3_j=20_t=15_var=8.txt

- MACHINE [0]

1 1 0 0 0 0 
0 0 1 0 1 0 
0 0 0 0 1 1 
1 1 1 1 0 0 
0 0 0 1 0 1 
0 0 0 1 1 1 
1 1 1 1 1 0 
0 0 0 0 0 0 
1 0 0 0 0 1 
1 0 1 0 0 0 
1 0 0 0 0 0 
0 0 1 1 1 1 
0 0 0 0 0 0 
0 1 1 0 0 0 
0 1 1 0 1 0 

JOBS [6] - [18, 12, 3, 15, 4, 0]
TOOL SWITCHES : 7
MAKESPAN : 25

- MACHINE [1]

0 1 0 0 0 
0 1 0 0 0 
0 1 0 1 0 
1 0 1 0 1 
0 0 0 1 0 
1 1 0 1 0 
0 0 1 0 0 
0 0 0 1 1 
1 0 0 1 1 
0 0 1 0 1 
0 0 0 0 0 
1 0 0 0 1 
1 1 1 1 1 
0 0 0 0 0 
0 0 1 1 0 

JOBS [5] - [5, 16, 1, 2, 19]
TOOL SWITCHES : 3
MAKESPAN : 26

- MACHINE [2]

0 1 0 0 1 1 1 1 0 
0 0 0 1 0 0 1 0 0 
1 1 0 0 0 1 0 1 1 
0 0 1 1 0 0 0 0 1 
1 0 0 0 1 0 1 0 1 
0 0 0 0 1 1 0 1 0 
0 0 0 0 0 0 0 0 0 
0 0 1 0 1 0 0 0 1 
1 1 0 1 0 0 0 0 0 
1 1 1 0 1 0 0 0 0 
1 0 1 1 0 1 1 1 1 
0 1 0 0 1 1 1 1 0 
0 0 1 1 0 1 1 0 1 
0 0 1 1 0 0 0 1 0 
0 1 0 1 1 0 1 0 0 

JOBS [9] - [17, 13, 8, 7, 11, 6, 14, 10, 9]
TOOL SWITCHES : 1
MAKESPAN : 26

# -------------------------- #

--- TOTAL TOOL SWITCHES : 11
--- HIGHEST MAKESPAN : 26
--- TOTAL FLOWTIME : 287
--- RUNNING TIME : 3.10319

# -------------------------- #
RUN : 1 - instancias_txt/SSP-NPM-I/ins109_m=3_j=20_t=15_var=9.txt

- MACHINE [0]

0 1 0 0 1 
0 1 1 0 1 
1 0 1 0 0 
0 1 1 1 0 
1 1 0 1 1 
0 0 1 1 1 
0 0 0 0 0 
0 0 0 0 0 
1 1 1 1 0 
0 0 0 1 0 
1 1 0 1 0 
1 0 0 0 0 
1 0 0 0 0 
0 0 0 0 1 
0 0 0 0 0 

JOBS [5] - [1, 16, 7, 9, 2]
TOOL SWITCHES : 6
MAKESPAN : 27

- MACHINE [1]

1 0 1 0 1 0 0 0 
1 0 0 1 0 0 0 0 
1 1 0 1 0 1 0 0 
0 1 0 1 1 0 0 0 
0 0 0 0 0 0 0 0 
0 0 1 1 0 1 1 0 
0 0 1 0 1 0 1 0 
0 0 0 0 1 1 0 1 
0 0 0 0 0 1 1 1 
0 1 1 0 0 0 0 1 
0 0 0 0 0 0 0 1 
1 1 1 1 0 1 0 1 
1 1 0 0 0 0 0 0 
1 1 1 1 1 0 1 1 
1 1 0 1 1 0 1 1 

JOBS [8] - [13, 17, 19, 15, 0, 12, 5, 11]
TOOL SWITCHES : 4
MAKESPAN : 28

- MACHINE [2]

0 0 1 0 0 1 1 
1 1 1 0 0 1 0 
0 0 0 0 1 1 1 
0 0 0 0 0 0 0 
0 1 1 1 0 1 1 
0 0 1 1 0 0 0 
0 1 0 1 1 1 0 
1 0 0 0 1 0 0 
0 0 0 0 1 0 0 
1 1 0 0 0 1 0 
0 0 0 1 0 0 1 
0 0 0 0 1 0 0 
0 1 1 0 0 0 0 
1 1 0 0 0 0 1 
1 0 1 1 1 1 1 

JOBS [7] - [3, 18, 10, 6, 4, 8, 14]
TOOL SWITCHES : 1
MAKESPAN : 28

# -------------------------- #

--- TOTAL TOOL SWITCHES : 11
--- HIGHEST MAKESPAN : 28
--- TOTAL FLOWTIME : 305
--- RUNNING TIME : 2.97027

# -------------------------- #
RUN : 1 - instancias_txt/SSP-NPM-I/ins110_m=3_j=20_t=15_var=10.txt

- MACHINE [0]

0 1 0 0 0 
1 1 1 1 0 
1 1 1 1 1 
1 0 0 0 0 
0 0 1 0 0 
0 0 0 0 0 
1 0 0 0 0 
0 1 1 1 1 
0 1 0 1 1 
0 0 1 1 1 
0 0 0 0 0 
0 1 0 0 0 
0 0 0 0 0 
1 0 1 1 0 
0 0 0 0 1 

JOBS [5] - [3, 15, 5, 8, 0]
TOOL SWITCHES : 5
MAKESPAN : 27

- MACHINE [1]

1 0 0 0 1 1 
0 0 0 0 0 0 
0 0 1 1 0 0 
1 1 0 0 0 0 
1 1 1 0 1 0 
0 0 1 1 1 0 
1 1 0 1 0 1 
0 1 0 1 0 1 
0 0 1 1 1 0 
0 0 0 0 1 1 
0 1 1 0 0 1 
0 0 0 0 0 0 
0 0 0 1 1 0 
1 0 0 0 0 0 
1 1 1 1 1 1 

JOBS [6] - [19, 14, 13, 11, 9, 10]
TOOL SWITCHES : 3
MAKESPAN : 27

- MACHINE [2]

0 0 1 1 0 0 1 0 0 
0 1 0 1 0 0 1 1 1 
0 1 0 0 0 1 0 0 1 
0 0 1 1 1 0 1 1 0 
0 0 0 0 0 0 0 0 0 
1 0 1 0 0 1 1 0 1 
0 1 1 0 1 1 0 0 0 
0 0 0 0 0 0 1 1 0 
1 1 1 1 0 0 1 1 1 
0 0 0 0 1 1 0 0 0 
0 0 1 0 0 1 0 0 0 
1 1 0 0 1 1 1 0 1 
1 1 0 0 0 0 0 1 0 
1 1 0 1 0 0 0 0 0 
1 0 0 1 1 0 0 0 0 

JOBS [9] - [12, 6, 16, 1, 2, 7, 4, 18, 17]
TOOL SWITCHES : 1
MAKESPAN : 28

# -------------------------- #

--- TOTAL TOOL SWITCHES : 9
--- HIGHEST MAKESPAN : 28
--- TOTAL FLOWTIME : 277
--- RUNNING TIME : 4.13569

# -------------------------- #
RUN : 1 - instancias_txt/SSP-NPM-I/ins111_m=3_j=20_t=15_var=11.txt

- MACHINE [0]

0 0 0 0 
0 0 1 0 
0 0 1 0 
1 0 0 0 
0 0 0 0 
0 1 1 0 
0 0 0 0 
1 1 1 0 
1 1 0 1 
1 0 1 0 
0 1 0 0 
1 1 0 0 
0 1 1 1 
0 0 0 0 
0 0 0 1 

JOBS [4] - [1, 6, 11, 17]
TOOL SWITCHES : 4
MAKESPAN : 25

- MACHINE [1]

0 0 0 1 1 0 1 
1 0 0 1 0 1 1 
0 0 0 0 1 0 0 
0 0 0 0 1 1 1 
1 1 1 1 1 0 0 
0 1 0 0 0 1 0 
1 0 0 0 0 0 0 
1 0 1 0 0 0 1 
1 0 1 1 1 0 0 
0 1 0 1 1 1 1 
0 1 0 0 0 0 0 
1 1 1 1 0 0 0 
0 0 0 0 0 1 1 
0 1 1 0 0 0 0 
0 1 1 1 1 1 0 

JOBS [7] - [19, 4, 14, 10, 2, 13, 15]
TOOL SWITCHES : 5
MAKESPAN : 32

- MACHINE [2]

0 0 1 0 0 0 1 1 1 
0 1 0 1 0 1 1 0 0 
0 1 0 0 0 1 0 0 1 
0 0 0 0 0 0 0 0 0 
0 0 0 1 1 0 1 0 1 
1 1 1 1 0 0 0 1 0 
0 1 1 1 1 1 0 1 1 
0 0 0 0 0 0 0 0 0 
1 0 1 0 1 0 0 0 0 
1 0 0 1 0 1 1 1 0 
1 1 0 0 1 1 0 0 1 
1 1 0 0 0 1 0 1 0 
0 1 1 1 0 1 1 1 1 
1 0 1 1 1 0 0 0 0 
0 0 0 0 1 0 1 0 0 

JOBS [9] - [8, 16, 7, 9, 18, 12, 3, 5, 0]
TOOL SWITCHES : 0
MAKESPAN : 28

# -------------------------- #

--- TOTAL TOOL SWITCHES : 9
--- HIGHEST MAKESPAN : 32
--- TOTAL FLOWTIME : 287
--- RUNNING TIME : 3.36648

# -------------------------- #
RUN : 1 - instancias_txt/SSP-NPM-I/ins112_m=3_j=20_t=15_var=12.txt

- MACHINE [0]

0 0 1 1 1 0 
0 0 1 1 0 0 
0 0 0 1 0 0 
0 0 0 0 0 1 
0 0 0 1 1 0 
1 1 0 1 1 1 
1 1 1 0 0 0 
0 1 1 0 0 0 
0 0 0 0 0 0 
0 0 0 0 1 1 
1 0 1 0 0 1 
0 0 1 1 1 0 
1 1 0 0 0 0 
0 0 0 0 0 1 
1 1 0 0 1 1 

JOBS [6] - [16, 2, 5, 0, 4, 19]
TOOL SWITCHES : 8
MAKESPAN : 35

- MACHINE [1]

0 0 0 1 0 0 
0 1 1 1 1 0 
1 0 0 1 0 0 
0 0 1 0 1 0 
0 0 0 0 1 1 
1 0 1 0 0 0 
0 0 0 0 1 1 
1 1 0 0 0 1 
0 0 0 1 0 1 
1 1 0 1 0 1 
1 1 0 0 0 0 
1 1 1 0 1 1 
0 1 1 0 0 1 
0 1 1 1 1 0 
1 0 1 0 0 0 

JOBS [6] - [15, 9, 10, 3, 7, 14]
TOOL SWITCHES : 5
MAKESPAN : 35

- MACHINE [2]

0 1 0 0 1 1 1 1 
1 0 0 1 0 0 0 0 
0 0 0 1 0 1 1 1 
0 1 1 1 0 1 0 1 
1 1 0 0 0 1 0 0 
0 0 1 0 1 0 0 0 
1 0 1 1 0 0 0 1 
0 0 0 0 0 0 0 0 
1 0 0 1 1 0 1 0 
0 0 1 0 0 1 1 0 
1 1 0 1 0 0 1 1 
0 0 0 0 0 0 0 0 
0 1 0 0 1 1 1 0 
0 0 1 0 0 0 0 0 
1 0 1 1 1 0 0 1 

JOBS [8] - [18, 17, 8, 1, 13, 12, 11, 6]
TOOL SWITCHES : 0
MAKESPAN : 34

# -------------------------- #

--- TOTAL TOOL SWITCHES : 13
--- HIGHEST MAKESPAN : 35
--- TOTAL FLOWTIME : 408
--- RUNNING TIME : 2.84967

# -------------------------- #
RUN : 1 - instancias_txt/SSP-NPM-I/ins113_m=3_j=20_t=15_var=13.txt

- MACHINE [0]

1 1 0 0 0 0 0 
1 1 1 1 0 0 0 
1 0 1 0 1 0 0 
0 1 0 0 0 0 1 
0 0 0 1 0 0 0 
0 0 0 0 0 0 0 
0 1 1 0 1 0 0 
0 0 1 0 0 1 0 
1 0 0 0 1 1 1 
0 0 1 1 1 1 1 
1 0 0 1 1 1 1 
0 0 0 0 1 1 0 
0 0 0 0 0 1 1 
0 1 1 1 1 0 0 
1 1 0 0 0 0 0 

JOBS [7] - [10, 8, 15, 18, 7, 14, 1]
TOOL SWITCHES : 11
MAKESPAN : 35

- MACHINE [1]

0 0 0 0 0 1 1 
0 0 0 0 1 0 0 
1 1 1 0 0 0 0 
0 0 0 0 1 0 0 
0 1 1 0 1 0 1 
1 1 0 1 0 0 0 
0 0 0 1 1 0 1 
1 0 0 1 1 1 0 
0 0 1 0 1 1 0 
0 0 0 1 0 0 1 
0 1 1 1 0 1 0 
1 1 1 1 0 0 1 
1 0 1 0 0 0 0 
0 0 0 0 0 1 0 
1 1 0 0 1 1 1 

JOBS [7] - [4, 16, 6, 19, 3, 0, 9]
TOOL SWITCHES : 5
MAKESPAN : 35

- MACHINE [2]

1 0 1 0 0 0 
1 1 0 0 1 1 
1 1 0 1 0 1 
0 1 1 1 1 0 
0 1 0 1 0 0 
1 0 1 1 0 1 
0 0 0 0 0 0 
0 1 0 0 1 0 
0 0 1 0 0 0 
1 1 1 1 0 1 
0 0 0 0 0 0 
0 0 0 0 1 1 
1 0 0 0 1 0 
1 1 1 0 0 0 
0 0 0 0 1 0 

JOBS [6] - [5, 2, 13, 17, 11, 12]
TOOL SWITCHES : 0
MAKESPAN : 32

# -------------------------- #

--- TOTAL TOOL SWITCHES : 16
--- HIGHEST MAKESPAN : 35
--- TOTAL FLOWTIME : 360
--- RUNNING TIME : 2.92084

# -------------------------- #
RUN : 1 - instancias_txt/SSP-NPM-I/ins114_m=3_j=20_t=15_var=14.txt

- MACHINE [0]

0 0 0 0 0 
0 0 0 1 0 
1 0 1 1 0 
1 1 1 0 0 
1 0 0 1 1 
0 0 0 0 1 
0 0 0 1 1 
0 1 0 0 1 
1 0 0 0 0 
0 0 1 1 0 
1 1 1 0 1 
0 1 1 1 0 
1 0 0 0 0 
1 1 0 0 0 
0 0 1 0 1 

JOBS [5] - [4, 14, 18, 17, 0]
TOOL SWITCHES : 9
MAKESPAN : 32

- MACHINE [1]

1 1 1 1 0 1 0 
1 0 0 0 0 1 0 
0 1 0 0 0 0 1 
0 0 0 0 0 1 0 
0 0 0 0 0 0 0 
1 0 1 1 0 0 1 
0 0 0 1 1 0 1 
1 0 1 0 0 0 0 
0 0 0 0 0 1 1 
0 1 0 1 1 0 0 
1 0 0 1 1 0 0 
0 0 0 0 0 0 0 
0 0 1 1 1 1 1 
0 1 1 0 1 0 0 
1 1 1 1 1 0 1 

JOBS [7] - [12, 11, 9, 5, 3, 2, 15]
TOOL SWITCHES : 3
MAKESPAN : 33

- MACHINE [2]

1 0 1 1 0 0 0 1 
0 0 0 0 0 0 0 0 
0 0 0 0 0 0 1 1 
0 1 1 0 1 0 1 0 
1 0 0 1 1 0 0 0 
0 1 0 0 1 0 0 0 
0 0 0 0 0 0 0 0 
0 1 0 1 1 1 1 0 
0 1 1 1 0 0 1 1 
0 0 1 0 1 1 0 1 
1 0 0 1 0 1 1 1 
1 0 1 0 0 1 0 1 
1 1 1 0 1 0 0 0 
0 1 0 1 0 1 1 0 
1 0 0 0 1 1 0 0 

JOBS [8] - [19, 13, 10, 1, 6, 7, 16, 8]
TOOL SWITCHES : 0
MAKESPAN : 33

# -------------------------- #

--- TOTAL TOOL SWITCHES : 12
--- HIGHEST MAKESPAN : 33
--- TOTAL FLOWTIME : 350
--- RUNNING TIME : 3.58586

# -------------------------- #
RUN : 1 - instancias_txt/SSP-NPM-I/ins115_m=3_j=20_t=15_var=15.txt

- MACHINE [0]

1 0 1 1 1 
0 1 0 1 1 
0 0 0 0 1 
1 1 1 0 0 
0 0 0 0 0 
1 0 1 0 0 
0 1 0 0 0 
0 0 1 1 1 
0 1 1 0 0 
0 0 0 0 0 
0 0 0 1 1 
1 0 0 1 1 
0 1 1 1 1 
1 0 0 0 0 
0 0 0 0 0 

JOBS [5] - [7, 14, 16, 3, 10]
TOOL SWITCHES : 6
MAKESPAN : 28

- MACHINE [1]

1 1 0 1 0 1 0 
1 0 0 0 0 0 0 
1 1 1 1 0 0 0 
0 0 0 0 0 1 1 
1 1 0 0 1 0 1 
0 0 0 0 1 0 1 
0 1 1 1 0 1 0 
1 0 0 1 0 1 0 
0 1 1 0 0 0 1 
1 0 0 1 0 0 0 
0 0 1 0 1 1 1 
1 1 0 1 1 0 0 
0 0 0 0 0 0 0 
0 0 0 0 1 1 1 
0 0 1 0 0 0 0 

JOBS [7] - [9, 17, 19, 4, 13, 18, 6]
TOOL SWITCHES : 4
MAKESPAN : 28

- MACHINE [2]

1 0 1 1 1 0 0 0 
0 1 1 0 1 1 1 0 
1 0 1 1 1 1 0 1 
0 0 0 0 0 0 0 0 
1 0 0 0 1 1 0 1 
0 1 0 0 0 0 1 0 
0 0 0 1 0 1 1 0 
0 1 0 1 0 1 0 1 
0 0 1 0 0 0 0 0 
0 1 1 1 0 0 1 0 
1 0 1 1 1 1 1 1 
1 0 0 0 0 0 1 1 
0 0 0 0 0 0 0 1 
1 0 0 1 1 1 0 0 
0 1 1 0 1 0 0 0 

JOBS [8] - [12, 0, 5, 1, 15, 11, 8, 2]
TOOL SWITCHES : 1
MAKESPAN : 28

# -------------------------- #

--- TOTAL TOOL SWITCHES : 11
--- HIGHEST MAKESPAN : 28
--- TOTAL FLOWTIME : 302
--- RUNNING TIME : 2.98673

# -------------------------- #
RUN : 1 - instancias_txt/SSP-NPM-I/ins116_m=3_j=20_t=15_var=16.txt

- MACHINE [0]

0 0 0 0 0 
1 0 1 0 0 
0 1 0 0 0 
0 0 0 0 0 
1 0 0 1 1 
0 0 1 1 0 
0 0 0 1 1 
0 1 1 0 0 
1 1 1 1 1 
0 1 0 0 0 
1 1 1 1 1 
1 0 0 1 0 
1 0 1 0 1 
0 0 0 0 0 
0 0 0 0 0 

JOBS [5] - [3, 1, 7, 0, 14]
TOOL SWITCHES : 6
MAKESPAN : 33

- MACHINE [1]

1 0 0 1 1 1 1 1 
1 1 0 1 0 1 1 0 
1 0 0 0 1 0 0 0 
0 0 0 1 0 1 1 0 
0 0 0 0 0 0 0 0 
0 1 1 1 1 0 1 1 
0 0 1 1 1 1 0 1 
0 1 1 0 0 0 0 0 
1 0 0 0 1 0 1 0 
1 1 1 0 0 0 1 1 
0 0 0 0 0 1 0 0 
0 0 0 0 0 0 0 1 
1 0 0 0 0 0 0 0 
0 1 1 1 1 0 0 0 
0 0 0 1 0 1 0 1 

JOBS [8] - [15, 17, 16, 13, 11, 5, 2, 6]
TOOL SWITCHES : 4
MAKESPAN : 32

- MACHINE [2]

1 1 0 1 1 0 0 
0 0 0 0 0 0 0 
1 0 0 0 0 1 1 
0 1 1 1 0 1 1 
1 0 1 0 1 1 0 
0 1 0 1 1 0 0 
0 0 0 1 0 0 0 
1 1 0 0 0 0 0 
0 1 0 0 0 0 0 
0 0 1 0 1 1 0 
0 0 0 0 0 0 0 
1 0 1 1 0 1 1 
1 0 1 1 1 0 0 
0 1 0 0 0 1 1 
0 0 1 0 1 0 1 

JOBS [7] - [4, 19, 12, 9, 8, 10, 18]
TOOL SWITCHES : 0
MAKESPAN : 33

# -------------------------- #

--- TOTAL TOOL SWITCHES : 10
--- HIGHEST MAKESPAN : 33
--- TOTAL FLOWTIME : 362
--- RUNNING TIME : 3.13377

# -------------------------- #
RUN : 1 - instancias_txt/SSP-NPM-I/ins117_m=3_j=20_t=15_var=17.txt

- MACHINE [0]

1 1 0 0 0 
0 0 0 0 1 
1 0 0 0 0 
0 0 0 0 0 
0 1 1 0 1 
0 0 1 1 0 
0 0 0 1 1 
0 0 0 1 0 
0 0 1 0 0 
1 0 0 1 1 
0 1 0 0 0 
0 0 1 0 0 
1 1 1 0 1 
1 0 1 0 0 
1 1 0 1 0 

JOBS [5] - [12, 6, 11, 18, 7]
TOOL SWITCHES : 8
MAKESPAN : 28

- MACHINE [1]

1 0 0 1 0 1 
1 1 1 0 0 0 
0 0 1 1 0 0 
0 0 0 1 0 0 
0 0 1 0 0 1 
1 1 0 0 0 0 
0 0 0 1 1 0 
1 1 0 0 1 0 
1 1 1 0 0 0 
0 1 1 0 1 0 
0 0 0 1 0 1 
0 0 1 0 0 0 
1 0 0 1 0 1 
1 1 1 0 1 1 
0 0 0 0 1 0 

JOBS [6] - [9, 13, 10, 1, 3, 2]
TOOL SWITCHES : 5
MAKESPAN : 28

- MACHINE [2]

0 0 1 1 0 0 1 0 0 
1 1 1 0 0 0 0 0 0 
0 1 0 0 1 0 0 1 1 
0 0 0 1 1 0 0 0 0 
0 1 1 0 1 1 0 1 0 
0 0 1 0 0 1 0 1 1 
0 0 0 1 0 1 1 0 0 
0 1 0 1 0 1 1 0 0 
0 1 0 0 0 1 0 1 1 
1 0 0 0 0 0 0 0 0 
0 0 0 0 1 1 0 0 1 
1 0 1 1 1 0 1 1 1 
1 0 1 0 0 0 0 0 1 
1 1 0 1 1 0 0 1 0 
1 1 1 0 1 0 1 0 0 

JOBS [9] - [0, 4, 5, 15, 14, 17, 8, 16, 19]
TOOL SWITCHES : 2
MAKESPAN : 28

# -------------------------- #

--- TOTAL TOOL SWITCHES : 15
--- HIGHEST MAKESPAN : 28
--- TOTAL FLOWTIME : 301
--- RUNNING TIME : 3.38429

# -------------------------- #
RUN : 1 - instancias_txt/SSP-NPM-I/ins118_m=3_j=20_t=15_var=18.txt

- MACHINE [0]

0 0 0 0 1 0 
0 1 1 1 0 0 
0 0 0 0 1 1 
0 0 1 1 1 0 
0 0 1 1 1 0 
0 1 1 1 1 0 
1 1 0 0 0 1 
1 1 0 1 1 1 
1 1 0 0 1 1 
0 0 1 1 0 0 
0 0 0 0 0 0 
1 0 0 0 0 0 
0 0 0 0 0 0 
1 1 1 0 0 0 
1 0 0 1 0 1 

JOBS [6] - [9, 13, 18, 1, 16, 10]
TOOL SWITCHES : 10
MAKESPAN : 40

- MACHINE [1]

0 0 0 0 1 1 0 
1 1 0 0 0 0 0 
0 0 1 1 0 0 0 
0 0 0 0 0 0 0 
0 1 0 0 1 0 1 
0 0 0 1 1 0 1 
1 1 1 0 0 0 0 
1 0 1 1 0 0 1 
0 1 0 0 0 0 0 
0 1 1 0 1 0 0 
0 0 0 1 1 1 1 
1 0 0 0 0 1 0 
0 0 1 0 0 1 1 
1 0 1 1 0 1 1 
0 1 1 1 0 0 1 

JOBS [7] - [6, 3, 15, 7, 12, 11, 5]
TOOL SWITCHES : 4
MAKESPAN : 39

- MACHINE [2]

0 1 0 0 1 1 1 
0 0 1 1 0 0 1 
1 0 0 0 1 0 1 
0 1 0 0 1 0 1 
1 0 0 0 0 0 0 
0 0 0 0 0 0 0 
0 1 1 0 1 1 1 
1 1 1 0 0 0 0 
1 1 0 0 0 1 1 
1 0 1 1 0 1 1 
1 0 0 1 0 0 0 
0 0 1 0 0 0 0 
0 0 1 1 1 0 0 
0 0 0 0 0 0 0 
0 0 0 1 0 1 0 

JOBS [7] - [4, 0, 17, 19, 14, 2, 8]
TOOL SWITCHES : 0
MAKESPAN : 40

# -------------------------- #

--- TOTAL TOOL SWITCHES : 14
--- HIGHEST MAKESPAN : 40
--- TOTAL FLOWTIME : 436
--- RUNNING TIME : 2.75673

# -------------------------- #
RUN : 1 - instancias_txt/SSP-NPM-I/ins119_m=3_j=20_t=15_var=19.txt

- MACHINE [0]

1 0 0 0 0 0 
0 0 0 0 0 0 
1 1 1 1 0 0 
1 1 0 1 1 1 
1 0 0 1 1 0 
0 0 0 0 1 1 
0 0 0 0 0 0 
1 0 1 1 1 1 
0 0 0 1 0 1 
1 1 1 0 1 0 
0 1 1 1 1 0 
0 1 1 0 0 1 
1 1 0 0 0 0 
0 0 0 0 0 1 
0 0 0 0 0 1 

JOBS [6] - [4, 19, 3, 9, 2, 0]
TOOL SWITCHES : 8
MAKESPAN : 36

- MACHINE [1]

1 1 1 0 1 1 1 1 
0 1 1 1 1 1 1 0 
1 0 1 0 0 0 0 0 
0 1 0 1 1 0 0 1 
0 0 0 0 1 0 1 1 
1 1 0 0 0 0 0 0 
1 0 1 0 0 1 0 0 
0 0 0 1 0 0 1 0 
1 0 1 0 1 0 0 1 
0 0 0 0 0 0 1 0 
0 0 0 0 0 0 0 0 
0 1 0 1 0 0 0 0 
0 0 0 1 0 1 0 1 
1 1 0 0 0 1 0 0 
1 1 0 1 1 1 0 1 

JOBS [8] - [18, 11, 16, 14, 10, 15, 7, 12]
TOOL SWITCHES : 4
MAKESPAN : 36

- MACHINE [2]

1 0 0 1 1 1 
0 1 0 1 1 0 
1 0 0 1 1 0 
0 0 0 0 0 1 
0 1 1 1 0 1 
1 0 1 0 0 1 
0 0 0 1 0 0 
1 0 0 0 1 0 
0 0 0 0 0 0 
1 0 1 1 0 0 
1 1 1 0 0 0 
0 1 1 0 1 0 
0 1 1 0 0 1 
0 1 0 0 0 0 
1 1 0 1 1 1 

JOBS [6] - [5, 13, 17, 1, 8, 6]
TOOL SWITCHES : 1
MAKESPAN : 35

# -------------------------- #

--- TOTAL TOOL SWITCHES : 13
--- HIGHEST MAKESPAN : 36
--- TOTAL FLOWTIME : 361
--- RUNNING TIME : 3.16396

# -------------------------- #
RUN : 1 - instancias_txt/SSP-NPM-I/ins120_m=3_j=20_t=15_var=20.txt

- MACHINE [0]

0 0 0 0 
1 1 1 1 
1 1 1 1 
0 0 1 0 
1 0 0 0 
1 1 0 1 
0 0 0 0 
1 1 1 0 
0 1 1 1 
0 0 0 0 
1 0 0 0 
0 0 0 1 
1 0 1 1 
0 1 0 0 
0 0 0 0 

JOBS [4] - [15, 19, 7, 5]
TOOL SWITCHES : 4
MAKESPAN : 28

- MACHINE [1]

0 0 0 1 1 1 1 
0 0 0 0 1 1 0 
1 1 1 0 0 1 0 
0 0 0 0 0 0 0 
1 0 0 1 0 0 0 
0 0 1 1 0 1 1 
0 0 0 0 0 1 0 
1 1 1 1 1 0 1 
0 1 0 1 1 0 1 
0 1 1 0 1 0 1 
0 0 0 0 0 1 1 
1 1 1 1 0 0 0 
1 1 0 0 0 0 0 
1 1 1 0 0 0 0 
1 0 0 1 0 0 1 

JOBS [7] - [10, 12, 11, 9, 6, 2, 17]
TOOL SWITCHES : 4
MAKESPAN : 30

- MACHINE [2]

0 0 1 1 0 1 1 0 0 
0 0 0 1 0 0 1 0 0 
1 1 1 1 1 0 0 0 0 
1 1 0 0 0 0 0 0 0 
0 1 0 1 1 0 1 1 0 
0 0 1 1 0 0 0 1 1 
1 0 0 0 0 1 1 1 1 
0 1 1 0 1 0 0 0 0 
0 0 1 0 1 1 1 1 0 
0 1 0 0 1 1 0 0 0 
0 0 0 1 1 1 0 0 1 
1 0 0 0 0 0 0 0 0 
1 0 0 0 1 1 0 0 1 
0 0 0 0 0 1 1 0 0 
1 0 1 0 0 0 0 1 1 

JOBS [9] - [4, 18, 0, 8, 16, 14, 13, 1, 3]
TOOL SWITCHES : 2
MAKESPAN : 31

# -------------------------- #

--- TOTAL TOOL SWITCHES : 10
--- HIGHEST MAKESPAN : 31
--- TOTAL FLOWTIME : 320
--- RUNNING TIME : 3.13634

# -------------------------- #


avg : 32.55
