RUN : 1 - instancias_txt/SSP-NPM-I/ins101_m=3_j=20_t=15_var=1.txt

- MACHINE [0]

0 1 1 1 1 1 0 0 
0 1 0 1 0 0 0 0 
1 1 1 0 1 0 0 1 
0 0 0 0 0 1 0 1 
1 0 1 1 1 1 1 0 
1 1 1 0 0 0 0 0 
0 0 0 0 0 0 0 0 
1 1 0 1 1 1 1 1 
0 0 0 1 1 1 1 1 
0 1 1 0 0 0 0 0 
0 0 0 0 0 0 0 0 
0 0 0 0 0 0 1 1 
0 0 0 0 0 1 1 0 
1 0 0 0 0 0 0 0 
1 0 0 1 0 0 0 0 

JOBS [8] - [18, 10, 19, 3, 7, 0, 6, 15]
TOOL SWITCHES : 7
MAKESPAN : 33

- MACHINE [1]

0 0 0 0 0 0 
0 1 0 0 0 0 
0 0 0 0 0 0 
1 1 0 0 0 0 
1 1 1 0 1 0 
1 0 0 1 0 1 
0 0 1 1 0 1 
1 0 1 0 0 0 
0 0 1 0 1 1 
1 1 1 0 0 0 
0 0 0 0 1 0 
0 1 0 1 0 0 
0 0 0 1 1 1 
0 0 0 1 1 1 
1 1 1 1 1 0 

JOBS [6] - [1, 13, 2, 17, 9, 8]
TOOL SWITCHES : 3
MAKESPAN : 33

- MACHINE [2]

1 1 1 0 0 1 
1 0 0 0 1 0 
0 0 0 1 1 1 
0 1 0 1 1 0 
0 0 0 0 0 1 
0 0 1 0 1 0 
0 1 1 1 0 0 
1 0 0 0 1 0 
1 0 0 0 0 0 
0 0 1 1 0 0 
1 0 1 0 1 1 
0 0 1 0 0 0 
0 1 0 1 0 0 
1 1 0 0 1 1 
0 0 0 0 0 0 

JOBS [6] - [11, 4, 12, 14, 5, 16]
TOOL SWITCHES : 1
MAKESPAN : 30

# -------------------------- #

--- TOTAL TOOL SWITCHES : 11
--- HIGHEST MAKESPAN : 33
--- TOTAL FLOWTIME : 365
--- RUNNING TIME : 2.95029

# -------------------------- #
RUN : 1 - instancias_txt/SSP-NPM-I/ins102_m=3_j=20_t=15_var=2.txt

- MACHINE [0]

1 0 0 0 
1 0 1 0 
0 1 0 1 
0 1 0 0 
1 0 1 1 
0 0 0 0 
0 0 1 1 
1 0 0 0 
0 1 1 0 
0 0 1 1 
0 0 0 1 
1 1 0 0 
0 0 0 0 
1 0 0 0 
1 1 1 1 

JOBS [4] - [16, 1, 6, 7]
TOOL SWITCHES : 6
MAKESPAN : 24

- MACHINE [1]

0 0 0 1 1 0 
0 0 0 0 1 1 
1 1 1 0 0 1 
1 0 0 0 0 0 
1 0 1 1 0 0 
0 1 0 0 1 0 
1 1 1 1 0 0 
0 0 0 1 0 0 
0 1 1 0 0 1 
1 0 0 1 0 1 
0 1 1 0 0 0 
0 0 0 1 1 0 
0 0 0 0 1 0 
1 1 1 0 1 1 
0 0 0 0 0 0 

JOBS [6] - [4, 5, 2, 11, 9, 13]
TOOL SWITCHES : 4
MAKESPAN : 25

- MACHINE [2]

1 0 0 1 1 1 1 1 1 0 
1 1 0 0 0 0 0 0 1 1 
1 1 0 0 0 0 0 0 0 0 
1 0 1 1 0 0 0 0 0 0 
0 0 0 1 1 0 0 1 0 0 
0 0 1 0 0 1 0 1 0 1 
1 0 1 1 1 1 0 0 1 0 
1 1 0 1 0 0 0 0 1 0 
0 0 1 1 1 1 0 0 0 1 
0 1 0 0 0 1 1 0 0 0 
0 0 0 0 1 1 1 0 0 1 
1 0 1 0 0 1 0 1 1 1 
0 1 0 0 1 0 1 1 1 0 
0 0 1 0 0 0 1 0 0 0 
0 0 0 0 0 0 0 0 0 0 

JOBS [10] - [15, 3, 0, 14, 12, 17, 10, 18, 19, 8]
TOOL SWITCHES : 1
MAKESPAN : 25

# -------------------------- #

--- TOTAL TOOL SWITCHES : 11
--- HIGHEST MAKESPAN : 25
--- TOTAL FLOWTIME : 290
--- RUNNING TIME : 4.04375

# -------------------------- #
RUN : 1 - instancias_txt/SSP-NPM-I/ins103_m=3_j=20_t=15_var=3.txt

- MACHINE [0]

1 1 0 1 0 0 
1 1 0 0 0 1 
0 0 0 0 1 0 
0 0 0 1 1 1 
0 1 1 1 1 0 
0 0 1 1 0 0 
1 1 1 0 0 0 
1 0 0 0 0 0 
1 0 0 0 0 0 
0 0 0 1 1 0 
1 1 1 0 0 0 
1 1 1 1 1 1 
0 0 0 0 0 1 
0 1 0 0 0 0 
0 0 1 1 1 1 

JOBS [6] - [18, 6, 15, 9, 5, 8]
TOOL SWITCHES : 9
MAKESPAN : 35

- MACHINE [1]

1 1 0 0 0 0 0 
0 0 0 1 1 0 1 
0 0 0 0 1 0 0 
1 0 1 0 0 0 0 
0 1 1 0 0 0 1 
0 0 1 0 1 0 0 
1 0 1 1 0 0 0 
0 0 1 0 1 1 1 
0 1 0 1 1 1 1 
0 0 0 0 0 1 1 
1 0 1 0 0 1 1 
0 1 1 1 0 1 0 
1 1 0 0 1 1 0 
1 0 0 1 0 1 1 
0 1 0 0 0 0 0 

JOBS [7] - [19, 1, 11, 2, 12, 10, 13]
TOOL SWITCHES : 5
MAKESPAN : 36

- MACHINE [2]

1 0 1 0 0 0 0 
0 1 1 0 0 0 1 
1 1 1 0 0 1 1 
0 0 1 1 0 0 0 
0 0 0 1 0 1 0 
1 0 0 0 0 0 0 
0 1 0 0 1 0 1 
1 1 0 1 0 1 0 
1 1 1 0 1 1 1 
0 0 1 0 1 1 0 
1 0 0 1 1 0 0 
0 0 0 0 0 0 0 
0 0 0 0 0 1 1 
0 1 0 0 1 0 1 
0 1 0 1 1 1 0 

JOBS [7] - [0, 17, 4, 3, 14, 16, 7]
TOOL SWITCHES : 1
MAKESPAN : 36

# -------------------------- #

--- TOTAL TOOL SWITCHES : 15
--- HIGHEST MAKESPAN : 36
--- TOTAL FLOWTIME : 354
--- RUNNING TIME : 2.98252

# -------------------------- #
RUN : 1 - instancias_txt/SSP-NPM-I/ins104_m=3_j=20_t=15_var=4.txt

- MACHINE [0]

1 0 0 1 0 0 
0 1 0 0 1 0 
1 0 1 1 0 0 
0 0 1 0 0 1 
1 1 0 1 1 1 
1 0 1 0 1 0 
1 1 0 0 0 0 
1 0 0 0 1 0 
0 1 1 1 0 0 
0 0 0 0 0 1 
0 0 1 1 1 1 
0 0 0 0 0 1 
0 1 0 0 1 1 
1 1 1 0 0 0 
0 0 0 0 0 0 

JOBS [6] - [0, 14, 9, 19, 13, 10]
TOOL SWITCHES : 12
MAKESPAN : 33

- MACHINE [1]

1 0 0 1 1 1 
1 1 1 1 0 0 
1 0 0 0 1 0 
0 1 1 1 0 0 
0 0 0 0 0 0 
1 0 1 0 0 0 
0 0 0 0 0 0 
0 1 1 0 1 1 
1 0 0 0 0 0 
0 1 1 0 1 0 
0 1 1 1 0 1 
0 0 0 0 1 1 
0 0 0 0 0 0 
0 0 0 1 1 0 
0 1 0 1 0 1 

JOBS [6] - [6, 16, 11, 17, 2, 5]
TOOL SWITCHES : 2
MAKESPAN : 33

- MACHINE [2]

0 1 1 1 1 0 1 1 
1 1 0 0 1 0 0 1 
0 0 0 0 0 1 1 0 
1 0 1 0 0 0 0 0 
0 0 0 1 1 1 0 0 
1 1 0 1 0 1 1 0 
1 1 1 1 0 1 1 0 
0 0 0 0 0 0 0 0 
1 0 0 0 1 0 0 0 
0 0 1 1 1 1 1 1 
0 0 0 0 0 0 0 0 
0 1 1 1 0 1 1 0 
0 0 1 0 0 0 0 1 
1 0 0 0 1 1 0 1 
0 1 0 0 1 0 0 1 

JOBS [8] - [3, 1, 15, 4, 7, 18, 8, 12]
TOOL SWITCHES : 0
MAKESPAN : 33

# -------------------------- #

--- TOTAL TOOL SWITCHES : 14
--- HIGHEST MAKESPAN : 33
--- TOTAL FLOWTIME : 352
--- RUNNING TIME : 3.00997

# -------------------------- #
RUN : 1 - instancias_txt/SSP-NPM-I/ins105_m=3_j=20_t=15_var=5.txt

- MACHINE [0]

0 1 0 0 1 0 
0 0 0 0 1 1 
0 0 0 0 0 0 
0 1 1 0 0 0 
1 0 0 0 0 1 
0 1 0 0 0 0 
1 1 1 1 1 1 
0 0 0 1 1 1 
0 0 0 1 0 0 
1 1 1 0 0 0 
1 0 1 0 1 0 
0 0 1 1 1 0 
0 0 0 0 0 1 
1 0 1 1 0 1 
1 0 0 0 0 1 

JOBS [6] - [18, 13, 11, 16, 3, 2]
TOOL SWITCHES : 9
MAKESPAN : 37

- MACHINE [1]

1 0 0 1 0 1 1 
1 1 1 0 0 1 1 
0 0 0 0 1 1 0 
1 1 0 0 0 0 0 
0 0 1 0 1 0 0 
0 0 0 1 1 1 1 
0 1 0 0 0 1 0 
0 0 1 1 1 0 0 
1 0 1 0 0 0 0 
1 1 1 0 0 0 0 
0 0 0 1 1 1 1 
0 0 0 0 0 0 0 
1 1 1 1 1 0 0 
1 0 0 1 0 1 1 
0 0 0 0 0 0 1 

JOBS [7] - [17, 12, 1, 14, 10, 4, 5]
TOOL SWITCHES : 4
MAKESPAN : 37

- MACHINE [2]

0 1 1 1 1 0 0 
1 0 0 1 0 1 1 
0 1 0 1 0 0 1 
0 1 0 0 0 1 1 
1 1 1 0 1 0 0 
1 1 0 0 0 0 1 
1 0 0 0 1 1 0 
0 0 0 0 0 1 0 
1 0 0 1 0 0 0 
1 0 0 0 1 0 1 
0 0 1 1 0 0 1 
1 1 1 0 1 1 0 
0 0 0 0 0 0 0 
0 0 1 1 0 1 1 
0 0 1 0 1 1 0 

JOBS [7] - [6, 0, 15, 9, 7, 19, 8]
TOOL SWITCHES : 1
MAKESPAN : 37

# -------------------------- #

--- TOTAL TOOL SWITCHES : 14
--- HIGHEST MAKESPAN : 37
--- TOTAL FLOWTIME : 357
--- RUNNING TIME : 2.41202

# -------------------------- #
RUN : 1 - instancias_txt/SSP-NPM-I/ins106_m=3_j=20_t=15_var=6.txt

- MACHINE [0]

0 1 0 0 1 1 
1 1 0 0 1 1 
0 0 0 0 1 1 
1 0 1 1 0 0 
1 0 0 0 0 0 
0 0 0 1 1 1 
0 0 0 0 0 0 
0 1 1 0 0 0 
1 0 0 0 0 0 
0 0 0 1 1 1 
0 0 0 0 0 1 
1 1 0 1 1 0 
0 1 1 1 0 1 
0 1 1 0 0 0 
0 0 1 1 0 0 

JOBS [6] - [14, 8, 3, 7, 2, 12]
TOOL SWITCHES : 8
MAKESPAN : 34

- MACHINE [1]

0 0 0 1 0 
0 1 0 0 0 
0 1 1 1 0 
1 1 0 1 0 
0 0 0 0 1 
0 0 0 0 0 
1 0 1 0 1 
1 0 1 0 1 
0 0 0 0 0 
1 1 1 0 0 
1 0 0 1 1 
1 0 0 1 1 
0 1 1 0 1 
0 0 0 0 0 
0 1 1 1 1 

JOBS [5] - [13, 17, 6, 0, 19]
TOOL SWITCHES : 2
MAKESPAN : 32

- MACHINE [2]

1 0 1 0 0 0 1 0 1 
0 1 0 1 1 0 0 0 0 
0 0 0 0 1 0 0 1 0 
0 1 0 1 0 1 1 0 0 
1 0 0 1 0 0 1 0 1 
1 0 1 0 1 1 1 0 1 
0 0 1 0 0 0 0 1 1 
0 0 0 0 0 0 0 0 0 
0 0 1 0 1 0 1 0 1 
0 1 0 1 1 0 0 1 0 
1 1 0 1 0 0 0 0 0 
0 0 0 0 1 1 1 0 1 
1 1 1 0 0 1 1 1 0 
0 1 0 0 1 1 0 1 1 
1 1 0 0 0 0 0 0 0 

JOBS [9] - [9, 4, 15, 11, 10, 16, 1, 5, 18]
TOOL SWITCHES : 1
MAKESPAN : 34

# -------------------------- #

--- TOTAL TOOL SWITCHES : 11
--- HIGHEST MAKESPAN : 34
--- TOTAL FLOWTIME : 374
--- RUNNING TIME : 3.49669

# -------------------------- #
RUN : 1 - instancias_txt/SSP-NPM-I/ins107_m=3_j=20_t=15_var=7.txt

- MACHINE [0]

0 1 0 0 0 0 0 
1 1 0 0 1 1 1 
1 1 1 0 0 0 0 
0 0 1 1 0 0 1 
0 0 0 1 1 1 0 
0 0 1 0 0 1 1 
0 0 0 0 0 1 1 
1 1 1 1 1 1 0 
1 0 1 1 0 1 1 
0 0 0 1 0 0 0 
0 1 1 1 0 0 1 
1 1 0 0 0 0 0 
0 0 0 0 1 0 0 
0 0 0 0 1 0 0 
0 0 0 0 0 0 1 

JOBS [7] - [1, 8, 9, 5, 6, 15, 12]
TOOL SWITCHES : 10
MAKESPAN : 37

- MACHINE [1]

0 0 0 0 1 1 
0 0 0 0 1 0 
0 1 1 1 0 0 
0 0 0 1 0 0 
0 1 0 1 1 0 
0 1 1 0 0 1 
0 0 1 0 1 1 
0 0 0 1 1 0 
0 0 0 0 0 0 
1 1 1 0 0 0 
0 0 0 0 0 1 
1 0 1 1 1 1 
1 0 0 1 0 1 
1 1 0 0 0 0 
1 0 1 1 0 0 

JOBS [6] - [17, 11, 2, 0, 18, 4]
TOOL SWITCHES : 4
MAKESPAN : 36

- MACHINE [2]

1 1 1 1 0 0 0 
1 1 0 1 0 1 0 
1 0 0 1 1 1 0 
1 0 0 1 1 1 0 
0 1 1 0 0 0 0 
0 1 0 1 0 0 1 
0 1 1 0 0 0 1 
0 0 0 0 0 0 0 
0 0 1 0 1 0 0 
0 0 1 0 1 0 0 
0 1 1 0 0 1 1 
0 0 0 0 1 0 0 
1 0 0 0 1 1 1 
0 0 0 0 0 1 0 
0 1 0 1 1 0 1 

JOBS [7] - [19, 10, 3, 13, 7, 16, 14]
TOOL SWITCHES : 1
MAKESPAN : 38

# -------------------------- #

--- TOTAL TOOL SWITCHES : 15
--- HIGHEST MAKESPAN : 38
--- TOTAL FLOWTIME : 401
--- RUNNING TIME : 3.15405

# -------------------------- #
RUN : 1 - instancias_txt/SSP-NPM-I/ins108_m=3_j=20_t=15_var=8.txt

- MACHINE [0]

1 1 1 0 
1 0 0 1 
1 0 0 0 
0 1 1 1 
0 0 0 0 
1 0 0 0 
0 1 1 1 
0 0 0 0 
0 1 0 0 
0 1 0 1 
0 1 0 0 
0 0 0 1 
1 0 0 0 
0 0 1 1 
0 0 1 1 

JOBS [4] - [16, 18, 12, 3]
TOOL SWITCHES : 6
MAKESPAN : 24

- MACHINE [1]

0 0 0 0 0 0 0 
0 0 0 0 0 0 1 
0 1 0 1 0 0 1 
1 0 1 0 1 1 0 
1 1 0 1 0 0 0 
1 1 1 1 0 0 1 
1 0 0 0 1 0 1 
0 0 0 1 0 1 0 
0 1 1 1 0 1 0 
0 0 0 0 1 1 0 
0 0 0 0 0 0 0 
1 1 1 0 0 1 1 
0 0 1 1 1 1 0 
0 0 0 0 0 0 0 
0 0 0 1 1 0 1 

JOBS [7] - [15, 0, 5, 2, 1, 19, 4]
TOOL SWITCHES : 2
MAKESPAN : 26

- MACHINE [2]

0 0 1 1 1 1 0 0 1 
1 0 0 1 0 0 0 0 0 
0 0 0 0 1 1 1 1 1 
1 1 0 0 0 0 1 0 0 
0 0 1 1 0 0 1 1 0 
0 0 1 0 0 1 0 0 1 
0 0 0 0 0 0 0 0 0 
0 1 1 0 0 0 1 0 0 
1 0 0 0 1 0 0 1 0 
0 1 1 0 1 0 0 1 0 
1 1 0 1 0 1 1 1 1 
0 0 1 1 1 1 0 0 1 
1 1 0 1 0 0 1 0 1 
1 1 0 0 0 1 0 0 0 
1 0 1 1 1 0 0 0 0 

JOBS [9] - [7, 8, 11, 14, 13, 10, 9, 17, 6]
TOOL SWITCHES : 1
MAKESPAN : 26

# -------------------------- #

--- TOTAL TOOL SWITCHES : 9
--- HIGHEST MAKESPAN : 26
--- TOTAL FLOWTIME : 267
--- RUNNING TIME : 3.39775

# -------------------------- #
RUN : 1 - instancias_txt/SSP-NPM-I/ins109_m=3_j=20_t=15_var=9.txt

- MACHINE [0]

1 1 0 0 0 
1 1 1 0 0 
0 0 1 0 1 
0 1 1 1 0 
1 1 0 1 1 
1 0 1 1 0 
0 0 0 0 0 
0 0 0 0 0 
0 1 1 1 1 
0 0 0 1 0 
0 1 0 1 1 
0 0 0 0 1 
0 0 0 0 1 
1 0 0 0 0 
0 0 0 0 0 

JOBS [5] - [2, 16, 7, 9, 1]
TOOL SWITCHES : 5
MAKESPAN : 25

- MACHINE [1]

1 0 0 0 1 1 0 0 
1 1 0 0 0 0 0 0 
1 1 1 1 0 0 0 0 
0 1 1 0 0 1 0 0 
0 0 0 0 0 0 0 0 
0 1 0 1 1 0 1 0 
0 0 0 0 1 1 1 0 
0 0 0 1 0 1 0 1 
0 0 0 1 0 0 1 1 
0 0 1 0 1 0 0 1 
0 0 0 0 0 0 0 1 
1 1 1 1 1 0 0 1 
1 0 1 0 0 0 0 0 
1 1 1 0 1 1 1 1 
1 1 1 0 0 1 1 1 

JOBS [8] - [13, 15, 17, 12, 19, 0, 5, 11]
TOOL SWITCHES : 4
MAKESPAN : 28

- MACHINE [2]

0 0 1 1 0 1 0 
1 1 0 1 0 1 0 
0 0 1 0 1 1 0 
0 0 0 0 0 0 0 
1 0 1 1 0 1 1 
0 0 0 1 0 0 1 
1 0 0 0 1 1 1 
0 1 0 0 1 0 0 
0 0 0 0 1 0 0 
1 1 0 0 0 1 0 
0 0 1 0 0 0 1 
0 0 0 0 1 0 0 
1 0 0 1 0 0 0 
1 1 1 0 0 0 0 
0 1 1 1 1 1 1 

JOBS [7] - [18, 3, 14, 10, 4, 8, 6]
TOOL SWITCHES : 1
MAKESPAN : 28

# -------------------------- #

--- TOTAL TOOL SWITCHES : 10
--- HIGHEST MAKESPAN : 28
--- TOTAL FLOWTIME : 297
--- RUNNING TIME : 3.01592

# -------------------------- #
RUN : 1 - instancias_txt/SSP-NPM-I/ins110_m=3_j=20_t=15_var=10.txt

- MACHINE [0]

1 0 0 0 0 
1 1 0 1 1 
1 1 1 1 1 
0 0 0 0 1 
0 0 0 1 0 
0 0 0 0 0 
0 0 0 0 1 
1 1 1 1 0 
1 1 1 0 0 
0 1 1 1 0 
0 0 0 0 0 
1 0 0 0 0 
0 0 0 0 0 
0 1 0 1 1 
0 0 1 0 0 

JOBS [5] - [15, 8, 0, 5, 3]
TOOL SWITCHES : 5
MAKESPAN : 27

- MACHINE [1]

0 0 1 1 0 1 
0 0 0 0 0 0 
1 1 0 0 0 0 
0 0 0 0 1 1 
1 0 1 0 1 1 
1 1 1 0 0 0 
0 1 0 1 1 1 
0 1 0 1 1 0 
1 1 1 0 0 0 
0 0 1 1 0 0 
1 0 0 1 1 0 
0 0 0 0 0 0 
0 1 1 0 0 0 
0 0 0 0 0 1 
1 1 1 1 1 1 

JOBS [6] - [13, 11, 9, 10, 14, 19]
TOOL SWITCHES : 3
MAKESPAN : 27

- MACHINE [2]

0 1 0 0 1 0 1 0 0 
1 1 0 0 1 0 0 1 1 
1 0 1 0 0 0 0 1 0 
0 1 0 1 1 0 1 0 1 
0 0 0 0 0 0 0 0 0 
1 0 1 0 1 1 1 0 0 
0 0 1 1 0 0 1 1 0 
0 0 0 0 1 0 0 0 1 
1 1 0 0 1 1 1 1 1 
0 0 1 1 0 0 0 0 0 
0 0 1 0 0 0 1 0 0 
1 0 1 1 1 1 0 1 0 
0 0 0 0 0 1 0 1 1 
0 1 0 0 0 1 0 1 0 
0 1 0 1 0 1 0 0 0 

JOBS [9] - [17, 1, 7, 2, 4, 12, 16, 6, 18]
TOOL SWITCHES : 1
MAKESPAN : 28

# -------------------------- #

--- TOTAL TOOL SWITCHES : 9
--- HIGHEST MAKESPAN : 28
--- TOTAL FLOWTIME : 280
--- RUNNING TIME : 3.41153

# -------------------------- #
RUN : 1 - instancias_txt/SSP-NPM-I/ins111_m=3_j=20_t=15_var=11.txt

- MACHINE [0]

0 1 1 0 1 
1 0 0 0 0 
1 0 1 0 1 
0 0 0 0 1 
0 0 1 0 1 
1 1 0 0 0 
0 1 1 0 0 
1 0 0 0 0 
0 0 0 1 1 
1 1 0 0 1 
0 0 1 0 0 
0 1 0 0 0 
1 1 1 1 0 
0 0 0 0 0 
0 0 0 1 1 

JOBS [5] - [11, 5, 0, 17, 2]
TOOL SWITCHES : 7
MAKESPAN : 29

- MACHINE [1]

1 0 0 0 0 0 
1 1 0 0 0 1 
0 0 0 0 0 0 
0 0 0 0 0 1 
1 1 1 1 0 0 
0 0 0 1 1 1 
0 1 0 0 0 0 
0 1 1 0 1 0 
1 1 1 0 1 0 
1 0 0 1 0 1 
0 0 0 1 1 0 
1 1 1 1 1 0 
0 0 0 0 1 1 
0 0 1 1 0 0 
1 0 1 1 0 1 

JOBS [6] - [10, 19, 14, 4, 6, 13]
TOOL SWITCHES : 4
MAKESPAN : 31

- MACHINE [2]

0 0 0 0 0 0 1 1 1 
1 1 0 0 0 1 1 0 1 
1 1 0 0 0 0 0 0 0 
0 0 0 1 0 0 1 0 0 
0 0 1 0 0 1 0 0 1 
0 1 0 0 1 1 0 1 0 
1 1 1 0 0 1 0 1 0 
0 0 0 1 0 0 1 0 0 
0 0 1 1 1 0 0 1 0 
1 0 0 1 1 1 1 0 1 
1 1 1 0 1 0 0 0 0 
1 1 0 1 1 0 0 0 0 
1 1 0 0 0 1 1 1 1 
0 0 1 0 1 1 0 1 0 
0 0 1 0 0 0 0 0 1 

JOBS [9] - [12, 16, 18, 1, 8, 9, 15, 7, 3]
TOOL SWITCHES : 2
MAKESPAN : 31

# -------------------------- #

--- TOTAL TOOL SWITCHES : 13
--- HIGHEST MAKESPAN : 31
--- TOTAL FLOWTIME : 301
--- RUNNING TIME : 3.80189

# -------------------------- #
RUN : 1 - instancias_txt/SSP-NPM-I/ins112_m=3_j=20_t=15_var=12.txt

- MACHINE [0]

1 0 0 0 1 1 
1 0 0 0 0 1 
0 0 0 0 0 1 
0 0 0 1 0 0 
0 0 0 0 1 1 
0 1 1 1 1 1 
1 1 1 0 0 0 
1 1 0 0 0 0 
0 0 0 0 0 0 
0 0 0 1 1 0 
1 0 1 1 0 0 
1 0 0 0 1 1 
0 1 1 0 0 0 
0 0 0 1 0 0 
0 1 1 1 1 0 

JOBS [6] - [5, 2, 16, 19, 4, 0]
TOOL SWITCHES : 9
MAKESPAN : 37

- MACHINE [1]

1 0 0 0 0 0 
1 0 1 1 0 0 
1 0 0 0 0 1 
0 0 0 1 1 0 
0 1 0 1 0 0 
0 0 0 0 1 1 
0 1 0 1 1 0 
0 1 1 0 0 1 
1 1 0 0 0 0 
1 1 1 0 1 1 
0 0 1 0 0 1 
0 1 1 1 0 1 
0 1 1 0 0 0 
1 0 1 1 1 0 
0 0 0 0 1 1 

JOBS [6] - [3, 14, 9, 7, 8, 15]
TOOL SWITCHES : 5
MAKESPAN : 35

- MACHINE [2]

1 1 0 0 1 1 1 0 
0 0 1 1 0 0 0 1 
0 1 1 0 1 1 0 0 
0 0 1 1 1 1 1 0 
0 0 0 0 1 0 1 1 
1 0 0 1 0 0 0 0 
0 0 1 0 0 1 0 1 
0 0 0 0 0 0 0 0 
1 1 1 0 0 0 0 1 
0 1 0 0 1 0 0 0 
0 1 1 0 0 1 1 1 
0 0 0 1 0 0 0 0 
1 1 0 1 1 0 1 0 
0 0 0 1 0 0 0 0 
1 0 1 1 0 1 0 1 

JOBS [8] - [13, 11, 1, 10, 12, 6, 17, 18]
TOOL SWITCHES : 1
MAKESPAN : 37

# -------------------------- #

--- TOTAL TOOL SWITCHES : 15
--- HIGHEST MAKESPAN : 37
--- TOTAL FLOWTIME : 356
--- RUNNING TIME : 3.37717

# -------------------------- #
RUN : 1 - instancias_txt/SSP-NPM-I/ins113_m=3_j=20_t=15_var=13.txt

- MACHINE [0]

1 1 0 0 0 0 0 
1 1 1 1 0 0 0 
0 1 1 0 1 0 0 
1 0 0 0 0 1 0 
0 0 0 1 0 0 0 
0 0 0 0 0 0 0 
1 0 1 0 1 0 0 
0 0 1 0 0 0 1 
0 1 0 0 1 1 1 
0 0 1 1 1 1 1 
0 1 0 1 1 1 1 
0 0 0 0 1 0 1 
0 0 0 0 0 1 1 
1 0 1 1 1 0 0 
1 1 0 0 0 0 0 

JOBS [7] - [8, 10, 15, 18, 7, 1, 14]
TOOL SWITCHES : 11
MAKESPAN : 35

- MACHINE [1]

0 0 0 0 1 1 0 
0 0 0 0 0 0 1 
1 1 1 0 0 0 0 
0 0 0 0 0 0 1 
1 1 0 0 1 0 1 
1 0 1 1 0 0 0 
0 0 0 1 1 0 1 
0 0 1 1 0 1 1 
0 1 0 0 0 1 1 
0 0 0 1 1 0 0 
1 1 0 1 0 1 0 
1 1 1 1 1 0 0 
0 1 1 0 0 0 0 
0 0 0 0 0 1 0 
1 0 1 0 1 1 1 

JOBS [7] - [16, 6, 4, 19, 9, 0, 3]
TOOL SWITCHES : 5
MAKESPAN : 35

- MACHINE [2]

0 0 1 0 0 1 
1 1 1 1 0 0 
0 1 1 1 1 0 
1 1 0 0 1 1 
0 1 0 0 1 0 
0 0 1 1 1 1 
0 0 0 0 0 0 
1 1 0 0 0 0 
0 0 0 0 0 1 
0 1 1 1 1 1 
0 0 0 0 0 0 
1 0 0 1 0 0 
1 0 1 0 0 0 
0 1 1 0 0 1 
1 0 0 0 0 0 

JOBS [6] - [11, 2, 5, 12, 17, 13]
TOOL SWITCHES : 0
MAKESPAN : 32

# -------------------------- #

--- TOTAL TOOL SWITCHES : 16
--- HIGHEST MAKESPAN : 35
--- TOTAL FLOWTIME : 374
--- RUNNING TIME : 2.75668

# -------------------------- #
RUN : 1 - instancias_txt/SSP-NPM-I/ins114_m=3_j=20_t=15_var=14.txt

- MACHINE [0]

0 1 0 0 
1 0 0 0 
1 0 1 0 
0 0 1 0 
1 1 0 1 
0 0 0 1 
1 0 0 1 
0 0 0 1 
0 0 0 0 
1 0 1 0 
0 1 1 1 
1 1 1 0 
0 1 0 0 
0 0 0 0 
0 1 1 1 

JOBS [4] - [17, 19, 18, 0]
TOOL SWITCHES : 8
MAKESPAN : 31

- MACHINE [1]

1 1 0 1 0 1 1 
1 1 0 0 0 0 0 
0 0 0 0 1 0 1 
1 0 0 0 0 0 0 
0 0 0 0 0 0 0 
0 1 0 1 1 1 0 
0 0 1 0 1 1 0 
0 1 0 1 0 0 0 
1 0 0 0 1 0 0 
0 0 1 0 0 1 1 
0 1 1 0 0 1 0 
0 0 0 0 0 0 0 
1 0 1 1 1 1 0 
0 0 1 1 0 0 1 
0 1 1 1 1 1 1 

JOBS [7] - [2, 12, 3, 9, 15, 5, 11]
TOOL SWITCHES : 3
MAKESPAN : 33

- MACHINE [2]

0 1 0 0 0 0 1 1 0 
0 0 0 0 0 0 0 0 0 
0 0 1 0 0 1 0 1 0 
1 1 1 1 0 1 0 0 1 
0 0 0 0 0 1 1 0 1 
0 0 0 1 0 0 0 0 1 
0 0 0 0 0 0 0 0 0 
1 0 1 1 1 0 1 0 1 
0 1 1 1 0 1 1 1 0 
0 1 0 0 1 0 0 1 1 
1 0 1 0 1 1 1 1 0 
1 1 0 0 1 0 0 1 0 
0 1 0 1 0 1 0 0 1 
1 0 1 1 1 1 1 0 0 
0 0 0 0 1 0 0 0 1 

JOBS [9] - [14, 10, 16, 13, 7, 4, 1, 8, 6]
TOOL SWITCHES : 0
MAKESPAN : 33

# -------------------------- #

--- TOTAL TOOL SWITCHES : 11
--- HIGHEST MAKESPAN : 33
--- TOTAL FLOWTIME : 379
--- RUNNING TIME : 3.66369

# -------------------------- #
RUN : 1 - instancias_txt/SSP-NPM-I/ins115_m=3_j=20_t=15_var=15.txt

- MACHINE [0]

1 1 1 0 1 
1 1 0 1 0 
1 0 0 0 0 
0 0 1 1 1 
0 0 0 0 0 
0 0 1 0 1 
0 0 0 1 0 
1 1 1 0 0 
0 0 1 1 0 
0 0 0 0 0 
1 1 0 0 0 
1 1 0 0 1 
1 1 1 1 0 
0 0 0 0 1 
0 0 0 0 0 

JOBS [5] - [10, 3, 16, 14, 7]
TOOL SWITCHES : 6
MAKESPAN : 28

- MACHINE [1]

1 1 1 0 1 0 0 
1 0 0 0 0 0 0 
1 1 0 0 1 1 0 
0 0 1 1 0 0 0 
1 0 0 1 1 0 1 
0 0 0 1 0 0 1 
0 1 1 0 1 1 0 
1 1 1 0 0 0 0 
0 0 0 1 1 1 0 
1 1 0 0 0 0 0 
0 0 1 1 0 1 1 
1 1 0 0 1 0 1 
0 0 0 0 0 0 0 
0 0 1 1 0 0 1 
0 0 0 0 0 1 0 

JOBS [7] - [9, 4, 18, 6, 17, 19, 13]
TOOL SWITCHES : 4
MAKESPAN : 28

- MACHINE [2]

0 1 0 1 0 1 0 1 
1 1 1 0 1 0 0 1 
0 1 0 1 1 1 1 1 
0 0 0 0 0 0 0 0 
0 1 0 0 1 1 1 0 
1 0 1 0 0 0 0 0 
0 0 1 1 1 0 0 0 
1 0 0 1 1 0 1 0 
0 0 0 0 0 0 0 1 
1 0 1 1 0 0 0 1 
0 1 1 1 1 1 1 1 
0 0 1 0 0 1 1 0 
0 0 0 0 0 0 1 0 
0 1 0 1 1 1 0 0 
1 1 0 0 0 0 0 1 

JOBS [8] - [0, 15, 8, 1, 11, 12, 2, 5]
TOOL SWITCHES : 1
MAKESPAN : 28

# -------------------------- #

--- TOTAL TOOL SWITCHES : 11
--- HIGHEST MAKESPAN : 28
--- TOTAL FLOWTIME : 296
--- RUNNING TIME : 3.17015

# -------------------------- #
RUN : 1 - instancias_txt/SSP-NPM-I/ins116_m=3_j=20_t=15_var=16.txt

- MACHINE [0]

0 0 0 0 0 
0 0 1 0 1 
0 0 0 1 0 
0 0 0 0 0 
1 1 1 0 0 
1 0 0 0 1 
1 1 0 0 0 
0 0 0 1 1 
1 1 1 1 1 
0 0 0 1 0 
1 1 1 1 1 
1 0 1 0 0 
0 1 1 0 1 
0 0 0 0 0 
0 0 0 0 0 

JOBS [5] - [0, 14, 3, 1, 7]
TOOL SWITCHES : 5
MAKESPAN : 31

- MACHINE [1]

1 1 1 1 0 0 1 1 
1 1 1 0 1 0 0 1 
1 0 0 1 0 0 0 0 
0 1 1 0 0 0 0 1 
0 0 0 0 0 0 0 0 
0 1 1 1 1 1 1 0 
0 1 0 1 0 1 1 1 
0 0 0 0 1 1 0 0 
1 0 1 1 0 0 0 0 
1 0 1 0 1 1 1 0 
0 0 0 0 0 0 0 1 
0 0 0 0 0 0 1 0 
1 0 0 0 0 0 0 0 
0 1 0 1 1 1 0 0 
0 1 0 0 0 0 1 1 

JOBS [8] - [15, 13, 2, 11, 17, 16, 6, 5]
TOOL SWITCHES : 4
MAKESPAN : 32

- MACHINE [2]

1 0 0 0 1 1 1 
0 0 0 0 0 0 0 
0 1 0 1 0 0 1 
1 1 1 1 0 1 0 
0 1 1 0 1 0 1 
1 0 0 0 1 1 0 
1 0 0 0 0 0 0 
0 0 0 0 0 1 1 
0 0 0 0 0 1 0 
0 1 1 0 1 0 0 
0 0 0 0 0 0 0 
1 1 1 1 0 0 1 
1 0 1 0 1 0 1 
0 1 0 1 0 1 0 
0 0 1 1 1 0 0 

JOBS [7] - [9, 10, 12, 18, 8, 19, 4]
TOOL SWITCHES : 0
MAKESPAN : 33

# -------------------------- #

--- TOTAL TOOL SWITCHES : 9
--- HIGHEST MAKESPAN : 33
--- TOTAL FLOWTIME : 331
--- RUNNING TIME : 3.66469

# -------------------------- #
RUN : 1 - instancias_txt/SSP-NPM-I/ins117_m=3_j=20_t=15_var=17.txt

- MACHINE [0]

1 0 0 0 0 
0 0 1 0 0 
1 0 0 0 0 
1 0 0 0 0 
0 1 1 0 0 
0 1 0 1 0 
1 0 1 1 1 
0 0 0 1 1 
0 1 0 0 0 
0 0 1 1 1 
1 0 0 0 0 
0 1 0 0 0 
1 1 1 0 0 
0 1 0 0 1 
0 0 0 1 1 

JOBS [5] - [1, 11, 7, 18, 3]
TOOL SWITCHES : 8
MAKESPAN : 29

- MACHINE [1]

0 0 1 1 0 0 
1 0 0 1 1 1 
1 1 1 0 0 0 
0 0 0 0 0 0 
1 1 0 0 0 0 
0 1 0 1 1 0 
0 0 0 0 0 0 
0 0 0 1 1 0 
1 1 0 1 1 0 
1 0 1 0 1 1 
0 0 0 0 0 0 
1 1 0 0 0 1 
0 0 1 1 0 1 
1 1 1 1 1 1 
0 0 1 0 0 1 

JOBS [6] - [10, 16, 12, 9, 13, 0]
TOOL SWITCHES : 2
MAKESPAN : 29

- MACHINE [2]

0 0 1 0 0 1 1 1 1 
0 1 0 0 0 1 0 0 0 
0 1 0 1 1 0 0 0 0 
0 0 1 1 0 0 0 0 0 
1 1 0 1 0 1 1 0 1 
1 0 0 0 1 1 0 0 0 
1 0 1 0 0 0 0 1 0 
1 1 1 0 0 0 0 1 0 
1 1 0 0 1 0 0 0 0 
0 0 0 0 0 0 0 0 0 
1 0 0 1 1 0 1 0 1 
0 0 1 1 1 1 0 1 0 
0 0 0 0 1 1 1 0 1 
0 1 1 1 0 0 1 0 0 
0 1 0 1 0 1 0 1 1 

JOBS [9] - [17, 4, 15, 14, 19, 5, 2, 8, 6]
TOOL SWITCHES : 1
MAKESPAN : 29

# -------------------------- #

--- TOTAL TOOL SWITCHES : 11
--- HIGHEST MAKESPAN : 29
--- TOTAL FLOWTIME : 298
--- RUNNING TIME : 3.37049

# -------------------------- #
RUN : 1 - instancias_txt/SSP-NPM-I/ins118_m=3_j=20_t=15_var=18.txt

- MACHINE [0]

0 1 0 0 0 0 
1 0 1 0 1 0 
0 1 0 1 0 0 
1 1 0 0 0 0 
1 1 0 0 0 0 
1 1 1 0 0 0 
0 0 1 1 1 1 
1 1 1 1 1 1 
0 1 1 1 0 1 
1 0 0 0 0 0 
0 0 0 0 0 0 
0 0 0 0 1 1 
0 0 0 0 0 0 
0 0 1 0 1 1 
1 0 0 1 0 1 

JOBS [6] - [1, 16, 13, 10, 6, 9]
TOOL SWITCHES : 8
MAKESPAN : 37

- MACHINE [1]

1 0 0 1 0 1 0 
0 1 0 0 0 0 0 
1 0 1 0 0 0 1 
1 1 0 0 0 0 0 
0 1 0 1 1 0 0 
0 1 0 1 1 0 1 
1 0 1 0 0 0 0 
0 0 1 0 1 0 1 
0 0 0 0 0 0 0 
0 1 1 1 0 0 0 
0 0 0 1 1 1 1 
0 0 0 0 0 1 0 
1 0 1 0 1 1 0 
0 1 1 0 1 1 1 
0 0 1 0 1 0 1 

JOBS [7] - [14, 18, 15, 12, 5, 11, 7]
TOOL SWITCHES : 4
MAKESPAN : 39

- MACHINE [2]

0 0 0 0 1 1 1 
0 1 1 1 0 1 0 
1 0 0 0 0 1 0 
0 0 0 0 0 1 1 
1 0 1 0 0 0 0 
0 0 0 0 0 0 0 
0 1 1 0 1 1 1 
1 1 0 0 0 0 1 
1 0 1 0 1 1 1 
1 1 1 1 1 1 0 
1 0 0 1 0 0 0 
0 1 0 0 0 0 0 
0 1 0 1 0 0 0 
0 0 0 0 0 0 0 
0 0 1 1 1 0 0 

JOBS [7] - [4, 17, 3, 19, 2, 8, 0]
TOOL SWITCHES : 0
MAKESPAN : 39

# -------------------------- #

--- TOTAL TOOL SWITCHES : 12
--- HIGHEST MAKESPAN : 39
--- TOTAL FLOWTIME : 457
--- RUNNING TIME : 2.68892

# -------------------------- #
RUN : 1 - instancias_txt/SSP-NPM-I/ins119_m=3_j=20_t=15_var=19.txt

- MACHINE [0]

1 1 0 0 0 0 
0 1 0 0 0 0 
1 0 0 1 1 1 
1 0 1 1 1 0 
1 1 1 1 0 0 
0 0 1 0 0 0 
0 0 0 0 0 0 
1 1 1 1 0 1 
0 0 0 1 0 0 
1 1 1 0 1 1 
0 0 1 1 1 1 
0 0 0 0 1 1 
1 0 0 0 1 0 
0 0 0 0 0 0 
0 0 0 0 0 0 

JOBS [6] - [4, 7, 2, 9, 19, 3]
TOOL SWITCHES : 6
MAKESPAN : 36

- MACHINE [1]

1 1 1 1 1 0 1 1 
1 0 0 1 1 1 0 1 
1 1 0 0 0 0 0 0 
0 0 1 0 1 1 1 1 
0 0 1 0 0 0 1 1 
0 1 1 0 1 0 0 0 
1 1 0 1 0 0 0 0 
0 0 0 0 0 1 0 0 
1 1 0 0 0 0 1 1 
0 0 0 0 0 0 0 0 
0 0 0 0 0 0 0 0 
0 0 0 0 1 1 0 0 
0 0 1 1 0 1 1 0 
0 1 0 1 1 0 0 0 
0 1 1 1 1 1 1 1 

JOBS [8] - [16, 18, 6, 15, 11, 14, 12, 10]
TOOL SWITCHES : 3
MAKESPAN : 36

- MACHINE [2]

0 0 1 0 1 1 
0 1 0 0 1 1 
0 0 1 0 1 1 
0 0 0 1 0 0 
1 1 0 0 1 0 
1 0 1 1 0 0 
0 0 0 0 1 0 
0 0 1 1 0 1 
0 0 0 1 0 0 
1 0 1 0 1 0 
1 1 1 0 0 0 
1 1 0 1 0 1 
1 1 0 0 0 0 
0 1 0 1 0 0 
0 1 1 1 1 1 

JOBS [6] - [17, 13, 5, 0, 1, 8]
TOOL SWITCHES : 2
MAKESPAN : 36

# -------------------------- #

--- TOTAL TOOL SWITCHES : 11
--- HIGHEST MAKESPAN : 36
--- TOTAL FLOWTIME : 409
--- RUNNING TIME : 2.95219

# -------------------------- #
RUN : 1 - instancias_txt/SSP-NPM-I/ins120_m=3_j=20_t=15_var=20.txt

- MACHINE [0]

0 0 0 1 
1 1 1 0 
1 1 1 0 
0 0 1 0 
0 0 0 0 
1 1 0 0 
0 0 0 1 
0 1 1 0 
1 1 1 1 
0 0 0 1 
0 0 0 1 
1 0 0 0 
1 0 1 1 
0 1 0 1 
0 0 0 0 

JOBS [4] - [5, 19, 7, 14]
TOOL SWITCHES : 6
MAKESPAN : 31

- MACHINE [1]

0 0 0 0 1 1 1 
0 0 0 0 1 0 1 
1 1 1 0 0 0 1 
0 0 0 0 0 0 0 
1 0 0 1 0 0 0 
0 0 1 1 0 1 1 
0 0 0 1 0 0 1 
1 1 1 0 1 1 0 
0 1 0 1 1 1 0 
0 1 1 0 1 1 0 
0 0 0 0 0 1 1 
1 1 1 0 0 0 0 
1 1 0 0 0 0 0 
1 1 1 0 0 0 0 
1 0 0 1 0 1 0 

JOBS [7] - [10, 12, 11, 1, 6, 17, 2]
TOOL SWITCHES : 4
MAKESPAN : 31

- MACHINE [2]

0 0 1 0 1 0 1 1 0 
0 0 0 0 1 0 0 1 1 
0 1 1 1 1 1 0 0 1 
0 1 0 0 0 1 0 0 0 
0 1 0 1 1 0 1 1 1 
1 0 1 0 1 0 1 0 1 
1 0 0 0 0 1 0 1 0 
0 1 1 1 0 0 1 0 1 
0 0 1 1 0 0 1 1 0 
0 1 0 1 0 0 0 0 0 
1 0 0 1 1 0 0 0 1 
0 0 0 0 0 1 1 0 0 
1 0 0 1 0 1 0 0 1 
0 0 0 0 0 0 0 1 0 
1 0 1 0 0 1 1 0 0 

JOBS [9] - [3, 18, 0, 16, 8, 4, 9, 13, 15]
TOOL SWITCHES : 2
MAKESPAN : 31

# -------------------------- #

--- TOTAL TOOL SWITCHES : 12
--- HIGHEST MAKESPAN : 31
--- TOTAL FLOWTIME : 294
--- RUNNING TIME : 3.60228

# -------------------------- #


avg : 32.5
