RUN : 1 - instancias_txt/SSP-NPM-I/ins101_m=3_j=20_t=15_var=1.txt

- MACHINE [0]

0 1 1 1 1 1 0 
0 0 0 1 1 0 0 
1 0 1 0 1 1 1 
1 1 0 0 0 0 0 
0 1 1 1 0 1 1 
0 0 0 0 1 1 1 
0 0 0 0 0 0 0 
1 1 1 1 1 0 1 
1 1 1 1 0 0 0 
0 0 0 0 1 1 0 
0 0 0 0 0 0 0 
1 0 0 0 0 0 0 
0 1 0 0 0 0 0 
0 0 0 0 0 0 1 
0 0 0 1 0 0 1 

JOBS [7] - [15, 0, 7, 3, 10, 19, 18]
TOOL SWITCHES : 7
MAKESPAN : 32

- MACHINE [1]

0 0 0 0 0 0 
0 1 0 0 0 0 
0 0 0 0 0 0 
0 1 1 0 0 0 
1 1 1 0 1 0 
0 0 1 1 0 1 
0 0 0 1 1 1 
0 0 1 0 1 0 
1 0 0 0 1 1 
0 1 1 0 1 0 
1 0 0 0 0 0 
0 1 0 1 0 0 
1 0 0 1 0 1 
1 0 0 1 0 1 
1 1 1 1 1 0 

JOBS [6] - [9, 13, 1, 17, 2, 8]
TOOL SWITCHES : 3
MAKESPAN : 33

- MACHINE [2]

1 0 1 1 0 1 0 
0 0 1 0 1 0 0 
0 0 0 0 1 1 1 
0 0 0 1 1 0 1 
0 1 0 0 0 1 0 
1 0 0 0 1 0 0 
1 0 0 1 0 0 1 
0 1 1 0 1 0 0 
0 1 1 0 0 0 0 
1 0 0 0 0 0 1 
1 0 1 0 1 1 0 
1 1 0 0 0 0 0 
0 1 0 1 0 0 1 
0 0 1 1 1 1 0 
0 0 0 0 0 0 0 

JOBS [7] - [12, 6, 11, 4, 5, 16, 14]
TOOL SWITCHES : 1
MAKESPAN : 31

# -------------------------- #

--- TOTAL TOOL SWITCHES : 11
--- HIGHEST MAKESPAN : 33
--- TOTAL FLOWTIME : 345
--- RUNNING TIME : 2.68921

# -------------------------- #
RUN : 1 - instancias_txt/SSP-NPM-I/ins102_m=3_j=20_t=15_var=2.txt

- MACHINE [0]

0 0 0 1 
0 1 0 1 
1 0 1 0 
0 0 1 0 
1 1 0 1 
0 0 0 0 
1 1 0 0 
0 0 0 1 
0 1 1 0 
1 1 0 0 
1 0 0 0 
0 0 1 1 
0 0 0 0 
0 0 0 1 
1 1 1 1 

JOBS [4] - [7, 6, 1, 16]
TOOL SWITCHES : 6
MAKESPAN : 24

- MACHINE [1]

0 0 0 0 1 1 
0 0 1 0 0 1 
1 1 1 1 0 0 
0 0 0 1 0 0 
1 0 0 1 1 0 
0 1 0 0 0 1 
1 1 0 1 1 0 
0 0 0 0 1 0 
1 1 1 0 0 0 
0 0 1 1 1 0 
1 1 0 0 0 0 
0 0 0 0 1 1 
0 0 0 0 0 1 
1 1 1 1 0 1 
0 0 0 0 0 0 

JOBS [6] - [2, 5, 13, 4, 11, 9]
TOOL SWITCHES : 4
MAKESPAN : 25

- MACHINE [2]

0 1 1 1 1 1 0 1 0 1 
1 1 0 0 0 1 0 0 1 0 
1 1 0 0 0 0 0 0 0 0 
0 1 0 0 0 0 1 0 0 1 
0 0 1 0 1 0 0 0 0 1 
0 0 0 0 1 0 1 1 1 0 
0 1 1 0 0 1 1 1 0 1 
1 1 0 0 0 1 0 0 0 1 
0 0 1 0 0 0 1 1 1 1 
1 0 0 1 0 0 0 1 0 0 
0 0 1 1 0 0 0 1 1 0 
0 1 0 0 1 1 1 1 1 0 
1 0 1 1 1 1 0 0 0 0 
0 0 0 1 0 0 1 0 0 0 
0 0 0 0 0 0 0 0 0 0 

JOBS [10] - [3, 15, 12, 10, 18, 19, 0, 17, 8, 14]
TOOL SWITCHES : 1
MAKESPAN : 25

# -------------------------- #

--- TOTAL TOOL SWITCHES : 11
--- HIGHEST MAKESPAN : 25
--- TOTAL FLOWTIME : 275
--- RUNNING TIME : 3.92114

# -------------------------- #
RUN : 1 - instancias_txt/SSP-NPM-I/ins103_m=3_j=20_t=15_var=3.txt

- MACHINE [0]

1 0 1 0 1 0 0 
0 0 1 1 1 0 1 
0 0 0 0 0 0 0 
1 0 0 0 0 0 0 
1 1 1 0 0 0 1 
1 1 0 0 0 0 0 
0 1 1 1 1 0 0 
0 0 0 0 1 1 1 
0 0 0 1 1 1 1 
1 0 0 0 0 1 1 
0 1 1 0 1 1 1 
1 1 1 1 1 1 0 
0 0 0 0 0 1 0 
0 0 1 1 0 1 1 
1 1 0 0 0 0 0 

JOBS [7] - [9, 15, 6, 2, 18, 10, 13]
TOOL SWITCHES : 11
MAKESPAN : 36

- MACHINE [1]

0 0 0 1 1 0 
1 0 1 0 0 0 
0 1 1 0 0 0 
1 1 0 0 1 1 
0 1 0 1 0 1 
0 0 1 0 0 1 
0 0 0 0 1 1 
0 0 1 0 0 1 
0 0 1 1 0 0 
0 1 0 0 0 0 
0 0 0 0 1 1 
1 1 0 1 0 1 
1 0 1 1 1 0 
0 0 0 0 1 0 
1 1 0 1 0 0 

JOBS [6] - [8, 5, 12, 1, 19, 11]
TOOL SWITCHES : 5
MAKESPAN : 36

- MACHINE [2]

0 0 0 1 1 0 0 
0 1 0 1 0 1 0 
0 1 0 1 1 1 1 
1 0 0 1 0 0 0 
1 0 0 0 0 0 1 
0 0 0 0 1 0 0 
0 1 1 0 0 1 0 
1 1 0 0 1 0 1 
0 1 1 1 1 1 1 
0 0 1 1 0 0 1 
1 0 1 0 1 0 0 
0 0 0 0 0 0 0 
0 0 0 0 0 1 1 
0 1 1 0 0 1 0 
1 1 1 0 0 0 1 

JOBS [7] - [3, 17, 14, 4, 0, 7, 16]
TOOL SWITCHES : 1
MAKESPAN : 36

# -------------------------- #

--- TOTAL TOOL SWITCHES : 17
--- HIGHEST MAKESPAN : 36
--- TOTAL FLOWTIME : 366
--- RUNNING TIME : 3.04356

# -------------------------- #
RUN : 1 - instancias_txt/SSP-NPM-I/ins104_m=3_j=20_t=15_var=4.txt

- MACHINE [0]

0 1 1 0 0 1 
1 0 0 1 0 0 
0 1 1 0 0 0 
0 0 0 0 1 0 
1 1 1 1 1 0 
0 1 0 1 0 0 
1 1 0 0 0 0 
0 1 0 1 0 1 
1 0 1 0 0 0 
0 0 0 0 1 0 
0 0 1 1 1 1 
0 0 0 0 1 1 
1 0 0 1 1 0 
1 1 0 0 0 0 
0 0 0 0 0 1 

JOBS [6] - [14, 0, 19, 13, 10, 5]
TOOL SWITCHES : 12
MAKESPAN : 33

- MACHINE [1]

1 1 0 0 0 1 
1 0 0 1 1 1 
1 1 1 0 0 0 
0 0 1 1 1 1 
0 0 0 0 0 0 
1 0 1 1 0 0 
0 0 0 0 0 0 
0 1 0 1 1 0 
1 0 1 0 0 0 
0 1 0 1 1 0 
0 0 1 1 1 1 
0 1 0 0 0 0 
0 0 0 0 0 0 
0 1 1 0 0 1 
0 0 0 0 1 1 

JOBS [6] - [6, 2, 9, 11, 16, 17]
TOOL SWITCHES : 2
MAKESPAN : 30

- MACHINE [2]

1 0 1 1 1 0 1 1 
1 0 0 1 0 1 1 0 
0 1 0 0 0 0 0 1 
0 0 1 0 0 1 0 0 
0 1 0 1 1 0 0 0 
0 1 0 0 1 1 1 1 
0 1 1 0 1 1 1 1 
0 0 0 0 0 0 0 0 
0 0 0 1 0 1 0 0 
1 1 1 1 1 0 0 1 
0 0 0 0 0 0 0 0 
0 1 1 0 1 0 1 1 
1 0 1 0 0 0 0 0 
1 1 0 1 0 1 0 0 
1 0 0 1 0 0 1 0 

JOBS [8] - [12, 18, 15, 7, 4, 3, 1, 8]
TOOL SWITCHES : 0
MAKESPAN : 33

# -------------------------- #

--- TOTAL TOOL SWITCHES : 14
--- HIGHEST MAKESPAN : 33
--- TOTAL FLOWTIME : 386
--- RUNNING TIME : 2.85252

# -------------------------- #
RUN : 1 - instancias_txt/SSP-NPM-I/ins105_m=3_j=20_t=15_var=5.txt

- MACHINE [0]

0 0 0 0 1 1 
1 0 0 0 1 0 
0 0 0 0 0 0 
0 0 0 1 0 1 
1 1 0 0 0 0 
0 0 0 0 0 1 
1 1 1 1 1 1 
1 0 1 0 1 0 
0 0 1 0 0 0 
0 1 0 1 0 1 
0 1 0 1 1 0 
0 0 1 1 1 0 
1 0 0 0 0 0 
1 1 1 1 0 0 
1 1 0 0 0 0 

JOBS [6] - [2, 18, 16, 11, 3, 13]
TOOL SWITCHES : 9
MAKESPAN : 37

- MACHINE [1]

1 0 0 1 1 0 1 
1 1 1 0 1 0 1 
0 0 0 0 1 1 0 
1 1 0 0 0 0 0 
0 0 1 0 0 1 0 
0 0 0 1 1 1 1 
0 1 0 0 1 0 0 
0 0 1 1 0 1 0 
1 0 1 0 0 0 0 
1 1 1 0 0 0 0 
0 0 0 1 1 1 1 
0 0 0 0 0 0 0 
1 1 1 1 0 1 0 
1 0 0 1 1 0 1 
0 0 0 0 0 0 1 

JOBS [7] - [17, 12, 1, 14, 4, 10, 5]
TOOL SWITCHES : 4
MAKESPAN : 37

- MACHINE [2]

1 0 1 1 1 0 0 
0 1 0 0 1 1 1 
1 0 0 0 1 0 1 
1 0 0 0 0 1 1 
1 1 1 1 0 0 0 
1 1 0 0 0 0 1 
0 1 1 0 0 1 0 
0 0 0 0 0 1 0 
0 1 0 0 1 0 0 
0 1 1 0 0 0 1 
0 0 0 1 1 0 1 
1 1 1 1 0 1 0 
0 0 0 0 0 0 0 
0 0 0 1 1 1 1 
0 0 1 1 0 1 0 

JOBS [7] - [0, 6, 7, 15, 9, 19, 8]
TOOL SWITCHES : 1
MAKESPAN : 37

# -------------------------- #

--- TOTAL TOOL SWITCHES : 14
--- HIGHEST MAKESPAN : 37
--- TOTAL FLOWTIME : 356
--- RUNNING TIME : 3.19975

# -------------------------- #
RUN : 1 - instancias_txt/SSP-NPM-I/ins106_m=3_j=20_t=15_var=6.txt

- MACHINE [0]

0 1 0 0 1 1 
1 1 0 0 1 1 
0 0 0 0 1 1 
1 0 1 1 0 0 
1 0 0 0 0 0 
0 0 0 1 1 1 
0 0 0 0 0 0 
0 1 1 0 0 0 
1 0 0 0 0 0 
0 0 0 1 1 1 
0 0 0 0 0 1 
1 1 0 1 1 0 
0 1 1 1 0 1 
0 1 1 0 0 0 
0 0 1 1 0 0 

JOBS [6] - [14, 8, 3, 7, 2, 12]
TOOL SWITCHES : 8
MAKESPAN : 34

- MACHINE [1]

1 0 0 0 0 
0 0 1 0 0 
1 1 1 0 0 
1 0 1 1 0 
0 0 0 0 1 
0 0 0 0 0 
0 1 0 1 1 
0 1 0 1 1 
0 0 0 0 0 
0 1 1 1 0 
1 0 0 1 1 
1 0 0 1 1 
0 1 1 0 1 
0 0 0 0 0 
1 1 1 0 1 

JOBS [5] - [0, 6, 17, 13, 19]
TOOL SWITCHES : 2
MAKESPAN : 32

- MACHINE [2]

1 1 0 0 1 0 1 0 0 
0 0 1 1 0 1 0 0 0 
0 0 1 0 0 0 0 1 0 
1 0 0 1 0 1 0 0 1 
1 0 0 1 1 0 1 0 0 
1 1 1 0 1 0 1 0 1 
0 1 0 0 1 0 0 1 0 
0 0 0 0 0 0 0 0 0 
1 1 1 0 1 0 0 0 0 
0 0 1 1 0 1 0 1 0 
0 0 0 1 0 1 1 0 0 
1 0 1 0 1 0 0 0 1 
1 1 0 0 0 1 1 1 1 
0 0 1 0 1 1 0 1 1 
0 0 0 0 0 1 1 0 0 

JOBS [9] - [1, 15, 10, 11, 18, 4, 9, 5, 16]
TOOL SWITCHES : 1
MAKESPAN : 34

# -------------------------- #

--- TOTAL TOOL SWITCHES : 11
--- HIGHEST MAKESPAN : 34
--- TOTAL FLOWTIME : 394
--- RUNNING TIME : 3.32581

# -------------------------- #
RUN : 1 - instancias_txt/SSP-NPM-I/ins107_m=3_j=20_t=15_var=7.txt

- MACHINE [0]

0 0 0 0 0 0 1 
1 1 1 0 0 0 0 
0 0 1 1 1 0 0 
0 0 0 1 1 1 0 
1 1 0 1 0 1 1 
0 1 0 0 1 0 0 
0 1 0 0 0 0 1 
1 1 1 1 1 1 0 
0 1 1 0 1 1 1 
0 0 0 0 0 1 1 
0 0 0 0 1 1 1 
0 0 1 1 0 0 0 
1 0 0 1 0 0 0 
1 0 0 0 0 0 0 
0 0 0 1 0 0 0 

JOBS [7] - [6, 15, 1, 0, 9, 5, 3]
TOOL SWITCHES : 11
MAKESPAN : 38

- MACHINE [1]

1 1 0 1 0 0 
0 1 0 1 0 0 
0 0 0 0 1 1 
0 0 0 0 0 0 
0 1 0 1 0 1 
1 1 0 0 1 1 
1 1 0 1 1 0 
0 0 0 1 0 0 
0 0 0 0 0 0 
0 0 1 0 1 1 
1 1 0 0 0 0 
1 0 1 1 1 0 
1 0 1 0 0 0 
0 0 1 0 0 1 
0 1 1 0 1 0 

JOBS [6] - [4, 10, 17, 18, 2, 11]
TOOL SWITCHES : 3
MAKESPAN : 38

- MACHINE [2]

0 0 1 1 1 0 0 
0 1 1 1 1 0 1 
0 0 1 1 1 1 1 
0 1 1 0 1 1 1 
0 0 0 0 0 0 0 
1 1 1 0 0 0 0 
1 1 0 0 0 0 0 
0 0 0 1 0 0 0 
0 1 0 0 0 1 0 
0 0 0 0 0 1 0 
1 1 0 1 0 0 1 
0 0 0 1 0 1 0 
1 0 0 0 1 1 1 
0 0 0 0 0 0 1 
1 1 1 0 0 1 0 

JOBS [7] - [14, 12, 13, 8, 19, 7, 16]
TOOL SWITCHES : 1
MAKESPAN : 38

# -------------------------- #

--- TOTAL TOOL SWITCHES : 15
--- HIGHEST MAKESPAN : 38
--- TOTAL FLOWTIME : 451
--- RUNNING TIME : 3.1841

# -------------------------- #
RUN : 1 - instancias_txt/SSP-NPM-I/ins108_m=3_j=20_t=15_var=8.txt

- MACHINE [0]

0 0 0 1 0 1 
0 1 1 0 0 0 
0 1 0 0 0 0 
1 0 1 1 1 1 
1 0 0 0 0 0 
1 1 0 0 0 0 
1 1 1 1 1 1 
0 0 0 0 0 0 
0 0 0 0 0 1 
0 0 1 0 1 1 
0 0 0 0 0 1 
1 1 1 0 0 0 
0 0 0 0 1 0 
0 0 1 1 0 0 
0 1 1 1 1 0 

JOBS [6] - [15, 4, 3, 12, 1, 18]
TOOL SWITCHES : 7
MAKESPAN : 25

- MACHINE [1]

1 0 0 0 1 1 
0 0 0 0 1 1 
1 0 1 1 0 1 
0 1 0 0 0 0 
0 0 1 1 1 0 
1 1 1 1 0 1 
0 0 0 0 0 0 
0 0 0 1 0 0 
0 1 1 1 0 0 
0 0 0 0 0 0 
1 0 0 0 1 0 
1 1 1 0 1 0 
1 1 0 1 1 1 
0 0 0 0 0 0 
0 0 0 1 1 0 

JOBS [6] - [6, 5, 0, 2, 14, 16]
TOOL SWITCHES : 2
MAKESPAN : 22

- MACHINE [2]

0 0 0 1 1 1 0 0 
0 0 0 0 0 0 0 1 
1 1 0 1 0 1 0 0 
0 1 1 0 0 0 1 1 
1 1 0 0 1 0 0 0 
0 0 0 0 1 1 0 0 
0 0 0 0 0 0 0 0 
0 1 1 0 1 0 1 0 
1 0 1 1 0 0 0 1 
1 0 1 1 1 0 1 0 
1 1 0 0 0 1 1 1 
0 0 1 1 1 1 0 0 
0 1 1 0 0 0 1 1 
0 0 0 0 0 1 1 1 
0 0 0 1 1 0 0 1 

JOBS [8] - [17, 9, 19, 13, 11, 10, 8, 7]
TOOL SWITCHES : 1
MAKESPAN : 26

# -------------------------- #

--- TOTAL TOOL SWITCHES : 10
--- HIGHEST MAKESPAN : 26
--- TOTAL FLOWTIME : 255
--- RUNNING TIME : 3.29328

# -------------------------- #
RUN : 1 - instancias_txt/SSP-NPM-I/ins109_m=3_j=20_t=15_var=9.txt

- MACHINE [0]

0 0 0 1 1 
0 1 0 1 1 
1 1 0 0 0 
0 1 1 1 0 
1 0 1 1 1 
0 1 1 0 1 
0 0 0 0 0 
0 0 0 0 0 
1 1 1 1 0 
0 0 1 0 0 
1 0 1 1 0 
1 0 0 0 0 
1 0 0 0 0 
0 0 0 0 1 
0 0 0 0 0 

JOBS [5] - [1, 7, 9, 16, 2]
TOOL SWITCHES : 5
MAKESPAN : 25

- MACHINE [1]

0 0 1 1 0 0 0 1 
0 0 0 0 0 0 1 1 
0 0 0 0 1 1 1 1 
0 0 0 1 0 1 1 0 
0 0 0 0 0 0 0 0 
1 0 1 0 1 0 1 0 
1 0 1 1 0 0 0 0 
0 1 0 1 1 0 0 0 
1 1 0 0 1 0 0 0 
0 1 1 0 0 1 0 0 
0 1 0 0 0 0 0 0 
0 1 1 0 1 1 1 1 
0 0 0 0 0 1 0 1 
1 1 1 1 0 1 1 1 
1 1 0 1 0 1 1 1 

JOBS [8] - [5, 11, 19, 0, 12, 17, 15, 13]
TOOL SWITCHES : 4
MAKESPAN : 28

- MACHINE [2]

1 1 1 0 0 0 0 
1 1 0 0 1 1 0 
0 1 1 0 0 0 1 
0 0 0 0 0 0 0 
1 1 1 1 1 0 0 
1 0 0 1 0 0 0 
0 1 0 1 1 0 1 
0 0 0 0 0 1 1 
0 0 0 0 0 0 1 
0 1 0 0 1 1 0 
0 0 1 1 0 0 0 
0 0 0 0 0 0 1 
1 0 0 0 1 0 0 
0 0 1 0 1 1 0 
1 1 1 1 0 1 1 

JOBS [7] - [10, 8, 14, 6, 18, 3, 4]
TOOL SWITCHES : 1
MAKESPAN : 28

# -------------------------- #

--- TOTAL TOOL SWITCHES : 10
--- HIGHEST MAKESPAN : 28
--- TOTAL FLOWTIME : 281
--- RUNNING TIME : 3.06173

# -------------------------- #
RUN : 1 - instancias_txt/SSP-NPM-I/ins110_m=3_j=20_t=15_var=10.txt

- MACHINE [0]

0 1 0 0 0 
1 1 1 0 1 
1 1 1 1 1 
1 0 0 0 0 
0 0 0 0 1 
0 0 0 0 0 
1 0 0 0 0 
0 1 1 1 1 
0 1 1 1 0 
0 0 1 1 1 
0 0 0 0 0 
0 1 0 0 0 
0 0 0 0 0 
1 0 1 0 1 
0 0 0 1 0 

JOBS [5] - [3, 15, 8, 0, 5]
TOOL SWITCHES : 5
MAKESPAN : 27

- MACHINE [1]

1 0 1 0 0 1 
0 0 0 0 0 0 
0 0 0 1 1 0 
1 1 0 0 0 0 
1 1 0 1 0 1 
0 0 0 1 1 1 
1 1 1 0 1 0 
0 1 1 0 1 0 
0 0 0 1 1 1 
0 0 1 0 0 1 
0 1 1 1 0 0 
0 0 0 0 0 0 
0 0 0 0 1 1 
1 0 0 0 0 0 
1 1 1 1 1 1 

JOBS [6] - [19, 14, 10, 13, 11, 9]
TOOL SWITCHES : 3
MAKESPAN : 27

- MACHINE [2]

1 0 0 0 0 1 0 1 0 
0 1 1 0 1 1 0 1 0 
0 1 0 1 1 0 0 0 0 
1 0 1 0 0 1 1 1 0 
0 0 0 0 0 0 0 0 0 
1 0 0 1 1 1 0 0 1 
1 1 0 1 0 0 1 0 0 
0 0 1 0 0 1 0 0 0 
1 1 1 0 1 1 0 1 1 
0 0 0 1 0 0 1 0 0 
1 0 0 1 0 0 0 0 0 
0 1 0 1 1 1 1 0 1 
0 1 1 0 0 0 0 0 1 
0 1 0 0 0 0 0 1 1 
0 0 0 0 0 0 1 1 1 

JOBS [9] - [16, 6, 18, 7, 17, 4, 2, 1, 12]
TOOL SWITCHES : 1
MAKESPAN : 28

# -------------------------- #

--- TOTAL TOOL SWITCHES : 9
--- HIGHEST MAKESPAN : 28
--- TOTAL FLOWTIME : 296
--- RUNNING TIME : 3.56331

# -------------------------- #
RUN : 1 - instancias_txt/SSP-NPM-I/ins111_m=3_j=20_t=15_var=11.txt

- MACHINE [0]

0 0 1 0 0 
1 0 0 0 0 
1 0 1 0 0 
0 0 1 1 0 
0 0 1 0 1 
1 0 0 0 0 
0 0 0 0 0 
1 0 0 1 1 
0 1 1 1 1 
1 0 1 1 0 
0 0 0 0 0 
0 0 0 1 1 
1 1 0 0 0 
0 0 0 0 1 
0 1 1 0 1 

JOBS [5] - [11, 17, 2, 1, 14]
TOOL SWITCHES : 7
MAKESPAN : 30

- MACHINE [1]

0 0 0 1 1 0 
0 1 0 1 1 1 
0 0 0 0 0 0 
0 0 0 0 1 1 
1 1 0 1 0 0 
1 0 1 0 0 1 
0 1 0 0 0 0 
0 1 1 0 1 0 
0 1 1 1 0 0 
1 0 0 1 1 1 
1 0 1 0 0 0 
1 1 1 1 0 0 
0 0 1 0 1 1 
1 0 0 0 0 0 
1 0 0 1 0 1 

JOBS [6] - [4, 19, 6, 10, 15, 13]
TOOL SWITCHES : 4
MAKESPAN : 31

- MACHINE [2]

0 0 0 0 0 1 1 1 1 
1 0 0 1 1 0 1 0 0 
0 0 0 1 1 0 0 1 0 
0 0 0 0 0 0 0 0 0 
1 0 1 0 0 0 1 1 0 
1 1 0 1 0 1 0 0 1 
1 0 1 1 1 1 0 1 1 
0 0 0 0 0 0 0 0 0 
0 1 1 0 0 1 0 0 0 
1 1 0 0 1 0 1 0 1 
0 1 1 1 1 0 0 1 0 
0 1 0 1 1 0 0 0 1 
1 0 0 1 1 1 1 1 1 
1 1 1 0 0 1 0 0 0 
0 0 1 0 0 0 1 0 0 

JOBS [9] - [9, 8, 18, 16, 12, 7, 3, 0, 5]
TOOL SWITCHES : 0
MAKESPAN : 28

# -------------------------- #

--- TOTAL TOOL SWITCHES : 11
--- HIGHEST MAKESPAN : 31
--- TOTAL FLOWTIME : 297
--- RUNNING TIME : 3.16782

# -------------------------- #
RUN : 1 - instancias_txt/SSP-NPM-I/ins112_m=3_j=20_t=15_var=12.txt

- MACHINE [0]

0 0 0 1 1 1 
0 0 0 0 1 1 
0 0 0 0 1 0 
0 1 1 0 0 0 
0 0 0 1 1 0 
1 1 1 1 1 0 
1 0 1 0 0 1 
0 0 0 0 0 1 
0 0 0 0 0 0 
0 1 1 1 0 0 
1 1 0 0 0 1 
0 0 0 1 1 1 
1 0 0 0 0 0 
0 1 1 0 0 0 
1 1 1 1 0 0 

JOBS [6] - [16, 19, 8, 4, 0, 5]
TOOL SWITCHES : 8
MAKESPAN : 35

- MACHINE [1]

0 0 0 0 0 1 
0 1 1 1 0 1 
0 0 0 0 1 1 
0 1 1 0 0 0 
1 1 0 0 0 0 
0 0 1 0 1 0 
1 1 0 0 0 0 
1 0 0 1 1 0 
1 0 0 0 0 1 
1 0 0 1 1 1 
0 0 0 1 1 0 
1 1 1 1 1 0 
1 0 1 1 0 0 
0 1 1 1 0 1 
0 0 1 0 1 0 

JOBS [6] - [14, 7, 10, 9, 15, 3]
TOOL SWITCHES : 5
MAKESPAN : 35

- MACHINE [2]

1 1 0 0 1 0 1 1 
0 0 1 0 0 1 0 0 
1 0 1 0 0 0 1 1 
0 0 1 0 1 0 1 1 
0 0 0 0 1 1 0 1 
0 1 0 1 0 0 0 0 
0 0 1 1 0 1 1 0 
0 0 0 1 0 0 0 0 
1 1 1 0 0 1 0 0 
1 0 0 0 0 0 0 1 
1 0 1 0 1 1 1 0 
0 0 0 0 0 0 0 0 
1 1 0 1 1 0 0 1 
0 0 0 0 0 0 0 0 
0 1 1 1 0 1 1 0 

JOBS [8] - [11, 13, 1, 2, 17, 18, 6, 12]
TOOL SWITCHES : 0
MAKESPAN : 35

# -------------------------- #

--- TOTAL TOOL SWITCHES : 13
--- HIGHEST MAKESPAN : 35
--- TOTAL FLOWTIME : 346
--- RUNNING TIME : 3.00919

# -------------------------- #
RUN : 1 - instancias_txt/SSP-NPM-I/ins113_m=3_j=20_t=15_var=13.txt

- MACHINE [0]

0 0 0 0 1 1 0 
0 0 0 1 1 1 1 
0 0 1 0 1 0 1 
1 0 0 0 0 1 0 
0 0 0 1 0 0 0 
0 0 0 0 0 0 0 
0 0 1 0 0 1 1 
0 1 0 0 0 0 1 
1 1 1 0 1 0 0 
1 1 1 1 0 0 1 
1 1 1 1 1 0 0 
0 1 1 0 0 0 0 
1 1 0 0 0 0 0 
0 0 1 1 0 1 1 
0 0 0 0 1 1 0 

JOBS [7] - [1, 14, 7, 18, 10, 8, 15]
TOOL SWITCHES : 11
MAKESPAN : 35

- MACHINE [1]

0 0 0 0 1 1 0 
0 0 0 0 0 0 1 
1 1 0 1 0 0 0 
0 0 0 0 0 0 1 
0 1 0 1 1 0 1 
1 0 1 1 0 0 0 
0 0 1 0 1 0 1 
1 0 1 0 0 1 1 
0 1 0 0 0 1 1 
0 0 1 0 1 0 0 
0 1 1 1 0 1 0 
1 1 1 1 1 0 0 
1 1 0 0 0 0 0 
0 0 0 0 0 1 0 
1 0 0 1 1 1 1 

JOBS [7] - [4, 6, 19, 16, 9, 0, 3]
TOOL SWITCHES : 5
MAKESPAN : 35

- MACHINE [2]

0 1 1 0 0 0 
0 0 1 1 1 1 
1 0 1 1 0 1 
1 1 0 1 1 0 
1 0 0 1 0 0 
1 1 1 0 0 1 
0 0 0 0 0 0 
0 0 0 1 1 0 
0 1 0 0 0 0 
1 1 1 1 0 1 
0 0 0 0 0 0 
0 0 0 0 1 1 
0 0 1 0 1 0 
0 1 1 1 0 0 
0 0 0 0 1 0 

JOBS [6] - [17, 13, 5, 2, 11, 12]
TOOL SWITCHES : 0
MAKESPAN : 32

# -------------------------- #

--- TOTAL TOOL SWITCHES : 16
--- HIGHEST MAKESPAN : 35
--- TOTAL FLOWTIME : 367
--- RUNNING TIME : 2.76015

# -------------------------- #
RUN : 1 - instancias_txt/SSP-NPM-I/ins114_m=3_j=20_t=15_var=14.txt

- MACHINE [0]

1 0 1 0 
0 0 1 1 
0 1 0 1 
0 1 1 0 
1 1 0 1 
0 0 0 0 
0 0 0 1 
0 0 0 0 
0 1 1 0 
0 0 0 1 
1 1 0 0 
1 0 0 1 
1 1 1 0 
0 1 0 0 
1 0 0 0 

JOBS [4] - [19, 4, 2, 17]
TOOL SWITCHES : 8
MAKESPAN : 33

- MACHINE [1]

1 1 1 0 0 1 1 
0 0 1 0 0 0 0 
0 1 0 0 1 0 1 
0 0 0 0 0 0 0 
0 0 0 0 0 0 0 
1 0 1 0 1 1 0 
0 0 0 0 1 1 0 
1 0 1 1 0 0 0 
0 0 0 0 1 0 1 
0 1 0 1 0 1 1 
0 0 1 1 0 1 1 
0 0 0 1 0 0 1 
1 0 0 0 1 1 0 
1 1 0 1 0 0 0 
1 1 1 1 1 1 0 

JOBS [7] - [9, 11, 12, 7, 15, 5, 8]
TOOL SWITCHES : 3
MAKESPAN : 33

- MACHINE [2]

1 1 0 0 0 0 0 0 0 
0 0 0 0 0 0 0 0 0 
0 0 0 0 1 0 1 0 0 
0 1 1 0 1 0 1 1 1 
1 0 0 0 0 1 0 1 0 
0 0 1 0 0 1 0 1 0 
0 0 0 1 0 1 0 0 0 
1 0 1 0 0 1 1 1 1 
1 1 1 0 0 0 1 0 0 
0 1 0 1 1 0 0 1 0 
1 0 0 1 1 1 1 0 1 
0 1 0 0 1 0 0 0 1 
0 1 1 1 0 0 0 1 0 
1 0 1 1 0 0 1 0 1 
0 0 0 1 1 1 0 1 0 

JOBS [9] - [1, 10, 13, 3, 18, 0, 16, 6, 14]
TOOL SWITCHES : 1
MAKESPAN : 33

# -------------------------- #

--- TOTAL TOOL SWITCHES : 12
--- HIGHEST MAKESPAN : 33
--- TOTAL FLOWTIME : 380
--- RUNNING TIME : 4.04717

# -------------------------- #
RUN : 1 - instancias_txt/SSP-NPM-I/ins115_m=3_j=20_t=15_var=15.txt

- MACHINE [0]

1 1 0 1 1 
1 1 1 0 0 
0 1 0 0 0 
0 0 1 1 1 
0 0 0 0 0 
0 0 0 1 1 
0 0 1 0 0 
1 1 0 0 1 
0 0 1 0 1 
0 0 0 0 0 
1 1 0 0 0 
1 1 0 1 0 
1 1 1 0 1 
0 0 0 1 0 
0 0 0 0 0 

JOBS [5] - [3, 10, 14, 7, 16]
TOOL SWITCHES : 6
MAKESPAN : 28

- MACHINE [1]

1 0 0 1 1 1 0 
0 0 0 1 0 0 0 
0 0 0 1 1 1 1 
1 1 0 0 0 0 0 
0 1 1 1 1 0 0 
0 1 1 0 0 0 0 
1 0 0 0 1 1 1 
1 0 0 1 0 1 0 
0 1 0 0 1 0 1 
0 0 0 1 0 1 0 
1 1 1 0 0 0 1 
0 0 1 1 1 1 0 
0 0 0 0 0 0 0 
1 1 1 0 0 0 0 
0 0 0 0 0 0 1 

JOBS [7] - [18, 6, 13, 9, 17, 4, 19]
TOOL SWITCHES : 4
MAKESPAN : 28

- MACHINE [2]

0 1 0 1 0 1 1 0 
0 0 1 1 1 1 0 1 
1 1 1 1 0 1 1 0 
0 0 0 0 0 0 0 0 
1 1 1 0 0 1 0 0 
0 0 0 0 1 0 0 1 
0 0 1 0 1 0 1 0 
1 0 1 0 0 0 1 1 
0 0 0 1 0 0 0 0 
0 0 0 1 1 0 1 1 
1 1 1 1 1 1 1 0 
1 1 0 0 1 0 0 0 
1 0 0 0 0 0 0 0 
0 1 1 0 0 1 1 0 
0 0 0 1 0 1 0 1 

JOBS [8] - [2, 12, 11, 5, 8, 15, 1, 0]
TOOL SWITCHES : 1
MAKESPAN : 28

# -------------------------- #

--- TOTAL TOOL SWITCHES : 11
--- HIGHEST MAKESPAN : 28
--- TOTAL FLOWTIME : 283
--- RUNNING TIME : 3.38211

# -------------------------- #
RUN : 1 - instancias_txt/SSP-NPM-I/ins116_m=3_j=20_t=15_var=16.txt

- MACHINE [0]

0 0 0 0 0 
0 0 1 1 0 
0 1 0 0 0 
0 0 0 0 0 
1 0 0 1 1 
1 0 1 0 0 
1 0 0 0 1 
0 1 1 0 0 
1 1 1 1 1 
0 1 0 0 0 
1 1 1 1 1 
1 0 0 1 0 
0 0 1 1 1 
0 0 0 0 0 
0 0 0 0 0 

JOBS [5] - [0, 1, 7, 3, 14]
TOOL SWITCHES : 6
MAKESPAN : 33

- MACHINE [1]

1 1 0 1 1 1 1 0 
0 1 0 1 1 0 1 1 
1 1 0 0 0 0 0 0 
0 0 0 1 1 0 1 0 
0 0 0 0 0 0 0 0 
1 0 1 1 0 1 1 1 
1 0 1 0 1 1 1 0 
0 0 1 0 0 0 0 1 
1 1 0 1 0 0 0 0 
0 1 1 1 0 1 0 1 
0 0 0 0 1 0 0 0 
0 0 0 0 0 1 0 0 
0 1 0 0 0 0 0 0 
1 0 1 0 0 0 1 1 
0 0 0 0 1 1 1 0 

JOBS [8] - [11, 15, 16, 2, 5, 6, 13, 17]
TOOL SWITCHES : 4
MAKESPAN : 32

- MACHINE [2]

1 1 1 0 1 0 0 
0 0 0 0 0 0 0 
0 1 0 0 0 1 1 
1 0 1 1 0 1 1 
0 1 0 1 1 0 1 
1 0 1 0 1 0 0 
0 0 1 0 0 0 0 
1 1 0 0 0 0 0 
1 0 0 0 0 0 0 
0 0 0 1 1 0 1 
0 0 0 0 0 0 0 
0 1 1 1 0 1 1 
0 1 1 1 1 0 0 
1 0 0 0 0 1 1 
0 0 0 1 1 1 0 

JOBS [7] - [19, 4, 9, 12, 8, 18, 10]
TOOL SWITCHES : 0
MAKESPAN : 33

# -------------------------- #

--- TOTAL TOOL SWITCHES : 10
--- HIGHEST MAKESPAN : 33
--- TOTAL FLOWTIME : 381
--- RUNNING TIME : 2.70487

# -------------------------- #
RUN : 1 - instancias_txt/SSP-NPM-I/ins117_m=3_j=20_t=15_var=17.txt

- MACHINE [0]

1 1 0 0 0 
0 0 0 0 1 
0 1 0 0 0 
0 0 0 0 0 
1 0 1 0 1 
0 0 1 1 0 
0 0 0 1 1 
0 0 0 1 0 
0 0 1 0 0 
0 1 0 1 1 
1 0 0 0 0 
0 0 1 0 0 
1 1 1 0 1 
0 1 1 0 0 
1 1 0 1 0 

JOBS [5] - [6, 12, 11, 18, 7]
TOOL SWITCHES : 8
MAKESPAN : 28

- MACHINE [1]

1 1 1 0 0 0 
0 0 1 0 1 1 
0 1 0 0 0 1 
0 1 0 0 0 0 
1 0 0 0 0 1 
0 0 1 0 1 0 
0 1 0 1 0 0 
0 0 1 1 1 0 
0 0 1 0 1 1 
0 0 0 1 1 1 
1 1 0 0 0 0 
0 0 0 0 0 1 
1 1 1 0 0 0 
1 0 1 1 1 1 
0 0 0 1 0 0 

JOBS [6] - [2, 1, 9, 3, 13, 10]
TOOL SWITCHES : 5
MAKESPAN : 28

- MACHINE [2]

0 1 0 1 0 1 0 0 0 
0 0 0 0 0 1 1 1 0 
0 0 1 0 1 0 0 1 1 
0 1 1 0 0 0 0 0 0 
1 0 1 0 0 1 0 1 1 
1 0 0 0 1 1 0 0 1 
1 1 0 1 0 0 0 0 0 
1 1 0 1 0 0 0 1 0 
1 0 0 0 1 0 0 1 1 
0 0 0 0 0 0 1 0 0 
1 0 1 0 1 0 0 0 0 
0 1 1 1 1 1 1 0 1 
0 0 0 0 1 1 1 0 0 
0 1 1 0 0 0 1 1 1 
0 0 1 1 0 1 1 1 0 

JOBS [9] - [17, 15, 14, 8, 19, 5, 0, 4, 16]
TOOL SWITCHES : 2
MAKESPAN : 28

# -------------------------- #

--- TOTAL TOOL SWITCHES : 15
--- HIGHEST MAKESPAN : 28
--- TOTAL FLOWTIME : 284
--- RUNNING TIME : 3.3856

# -------------------------- #
RUN : 1 - instancias_txt/SSP-NPM-I/ins118_m=3_j=20_t=15_var=18.txt

- MACHINE [0]

0 0 0 0 0 0 
0 1 1 1 1 1 
1 0 0 0 0 0 
0 1 1 0 0 0 
0 1 1 0 0 0 
0 1 1 1 0 0 
1 0 0 1 1 1 
1 1 0 1 1 1 
1 0 0 1 0 0 
0 1 1 0 1 0 
0 0 0 0 0 0 
0 0 0 0 1 1 
0 0 0 0 1 0 
0 0 1 1 0 1 
1 1 0 0 0 0 

JOBS [6] - [10, 1, 18, 13, 17, 6]
TOOL SWITCHES : 8
MAKESPAN : 40

- MACHINE [1]

0 0 0 0 0 1 1 
1 0 0 0 0 0 0 
0 0 1 0 1 0 0 
0 0 0 0 0 0 0 
1 0 0 1 0 0 1 
0 0 0 1 1 0 1 
1 1 1 0 0 0 0 
0 1 1 1 1 0 0 
1 1 0 0 0 0 0 
1 0 1 0 0 0 1 
0 0 0 1 1 1 1 
0 1 0 0 0 1 0 
0 0 1 1 0 1 0 
0 1 1 1 1 1 0 
1 1 1 1 1 0 0 

JOBS [7] - [3, 9, 15, 5, 7, 11, 12]
TOOL SWITCHES : 4
MAKESPAN : 40

- MACHINE [2]

1 1 0 0 1 1 1 
0 0 1 0 0 0 1 
0 0 0 1 1 1 1 
1 0 0 0 1 1 1 
0 0 0 1 0 1 0 
0 0 0 0 0 1 0 
1 1 0 0 1 0 1 
1 0 0 1 0 1 0 
1 1 0 1 0 1 1 
0 1 1 1 0 0 1 
0 0 1 1 0 0 0 
0 0 0 0 0 0 0 
0 0 1 0 1 0 0 
0 0 0 0 0 0 0 
0 1 1 0 0 0 0 

JOBS [7] - [0, 2, 19, 4, 14, 16, 8]
TOOL SWITCHES : 0
MAKESPAN : 39

# -------------------------- #

--- TOTAL TOOL SWITCHES : 12
--- HIGHEST MAKESPAN : 40
--- TOTAL FLOWTIME : 424
--- RUNNING TIME : 2.5683

# -------------------------- #
RUN : 1 - instancias_txt/SSP-NPM-I/ins119_m=3_j=20_t=15_var=19.txt

- MACHINE [0]

0 0 1 0 0 0 
0 0 0 0 0 0 
1 1 1 1 0 0 
0 1 1 1 1 1 
0 0 1 1 1 0 
0 0 0 0 1 1 
0 0 0 0 0 0 
1 0 1 1 1 1 
0 0 0 1 0 1 
1 1 1 0 1 0 
1 1 0 1 1 0 
1 1 0 0 0 1 
0 1 1 0 0 0 
0 0 0 0 0 1 
0 0 0 0 0 1 

JOBS [6] - [3, 19, 4, 9, 2, 0]
TOOL SWITCHES : 8
MAKESPAN : 36

- MACHINE [1]

1 1 1 1 1 0 1 1 
1 1 0 1 1 1 0 1 
0 1 1 0 0 0 0 0 
0 0 0 1 1 1 1 0 
0 0 0 1 0 0 1 1 
0 0 1 0 1 0 0 0 
1 1 1 0 0 0 0 0 
0 0 0 0 0 1 0 1 
0 1 1 1 0 0 1 0 
0 0 0 0 0 0 0 1 
0 0 0 0 0 0 0 0 
0 0 0 0 1 1 0 0 
1 0 0 0 0 1 1 0 
1 0 1 0 1 0 0 0 
1 0 1 1 1 1 1 0 

JOBS [8] - [15, 16, 18, 10, 11, 14, 12, 7]
TOOL SWITCHES : 4
MAKESPAN : 36

- MACHINE [2]

1 1 0 1 0 1 
0 1 0 1 1 0 
1 1 0 1 0 0 
0 0 0 0 0 1 
0 0 1 1 1 1 
1 0 1 0 0 1 
0 0 0 1 0 0 
1 1 0 0 0 0 
0 0 0 0 0 0 
1 0 1 1 0 0 
1 0 1 0 1 0 
0 1 1 0 1 0 
0 0 1 0 1 1 
0 0 0 0 1 0 
1 1 0 1 1 1 

JOBS [6] - [5, 8, 17, 1, 13, 6]
TOOL SWITCHES : 1
MAKESPAN : 35

# -------------------------- #

--- TOTAL TOOL SWITCHES : 13
--- HIGHEST MAKESPAN : 36
--- TOTAL FLOWTIME : 365
--- RUNNING TIME : 3.03747

# -------------------------- #
RUN : 1 - instancias_txt/SSP-NPM-I/ins120_m=3_j=20_t=15_var=20.txt

- MACHINE [0]

0 0 0 0 
1 1 1 1 
1 1 1 1 
0 0 0 1 
1 0 0 0 
1 1 1 0 
0 0 0 0 
1 1 0 1 
0 1 1 1 
0 0 0 0 
1 0 0 0 
0 0 1 0 
1 0 1 1 
0 1 0 0 
0 0 0 0 

JOBS [4] - [15, 19, 5, 7]
TOOL SWITCHES : 4
MAKESPAN : 28

- MACHINE [1]

0 1 0 0 1 1 1 
0 0 0 0 1 0 1 
1 0 1 1 0 0 1 
0 0 0 0 0 0 0 
1 1 0 0 0 0 0 
0 1 0 1 0 1 1 
0 0 0 0 0 0 1 
1 1 1 1 1 1 0 
0 1 1 0 1 1 0 
0 0 1 1 1 1 0 
0 0 0 0 0 1 1 
1 1 1 1 0 0 0 
1 0 1 0 0 0 0 
1 0 1 1 0 0 0 
1 1 0 0 0 1 0 

JOBS [7] - [10, 9, 12, 11, 6, 17, 2]
TOOL SWITCHES : 4
MAKESPAN : 30

- MACHINE [2]

1 1 0 1 0 0 0 1 0 
0 1 0 1 0 0 0 0 0 
0 0 1 1 1 0 1 1 0 
0 0 0 0 1 0 1 0 0 
0 1 1 1 1 0 0 0 1 
0 0 0 1 0 1 0 1 1 
1 1 0 0 0 1 1 0 1 
0 0 1 0 1 0 0 1 0 
1 1 1 0 0 0 0 1 1 
1 0 1 0 1 0 0 0 0 
1 0 1 1 0 1 0 0 0 
0 0 0 0 0 0 1 0 0 
1 0 1 0 0 1 1 0 0 
1 1 0 0 0 0 0 0 0 
0 0 0 0 0 1 1 1 1 

JOBS [9] - [14, 13, 16, 8, 18, 3, 4, 0, 1]
TOOL SWITCHES : 2
MAKESPAN : 31

# -------------------------- #

--- TOTAL TOOL SWITCHES : 10
--- HIGHEST MAKESPAN : 31
--- TOTAL FLOWTIME : 306
--- RUNNING TIME : 3.54207

# -------------------------- #


avg : 32.4
