RUN : 1 - instancias_txt/SSP-NPM-I/ins101_m=3_j=20_t=15_var=1.txt

- MACHINE [0]

1 1 0 1 1 1 0 
1 0 0 1 0 0 0 
1 1 1 0 1 0 1 
0 0 0 0 0 1 1 
0 1 1 1 1 1 0 
1 1 1 0 0 0 0 
0 0 0 0 0 0 0 
1 0 1 1 1 1 1 
0 0 0 1 1 1 1 
1 1 0 0 0 0 0 
0 0 0 0 0 0 0 
0 0 0 0 0 0 1 
0 0 0 0 0 1 0 
0 0 1 0 0 0 0 
0 0 1 1 0 0 0 

JOBS [7] - [10, 19, 18, 3, 7, 0, 15]
TOOL SWITCHES : 7
MAKESPAN : 32

- MACHINE [1]

0 0 0 0 0 0 
0 0 0 0 1 0 
0 0 0 0 0 0 
1 0 0 0 1 0 
1 1 1 0 1 0 
1 0 0 1 0 1 
0 0 1 1 0 1 
1 0 1 0 0 0 
0 1 1 1 0 0 
1 0 1 0 1 0 
0 1 0 0 0 0 
0 0 0 0 1 1 
0 1 0 1 0 1 
0 1 0 1 0 1 
1 1 1 0 1 1 

JOBS [6] - [1, 9, 2, 8, 13, 17]
TOOL SWITCHES : 3
MAKESPAN : 33

- MACHINE [2]

1 1 0 1 0 1 0 
0 0 0 0 1 1 0 
0 0 0 1 1 0 1 
0 1 0 0 1 0 1 
0 0 1 1 0 0 0 
1 0 0 0 1 0 0 
1 1 0 0 0 0 1 
0 0 1 0 1 1 0 
0 0 1 0 0 1 0 
1 0 0 0 0 0 1 
1 0 0 1 1 1 0 
1 0 1 0 0 0 0 
0 1 1 0 0 0 1 
0 1 0 1 1 1 0 
0 0 0 0 0 0 0 

JOBS [7] - [12, 4, 6, 16, 5, 11, 14]
TOOL SWITCHES : 1
MAKESPAN : 31

# -------------------------- #

--- TOTAL TOOL SWITCHES : 11
--- HIGHEST MAKESPAN : 33
--- TOTAL FLOWTIME : 322
--- RUNNING TIME : 2.79496

# -------------------------- #
RUN : 1 - instancias_txt/SSP-NPM-I/ins102_m=3_j=20_t=15_var=2.txt

- MACHINE [0]

1 0 0 0 
1 0 1 0 
0 1 0 1 
0 1 0 0 
1 0 1 1 
0 0 0 0 
0 0 1 1 
1 0 0 0 
0 1 1 0 
0 0 1 1 
0 0 0 1 
1 1 0 0 
0 0 0 0 
1 0 0 0 
1 1 1 1 

JOBS [4] - [16, 1, 6, 7]
TOOL SWITCHES : 6
MAKESPAN : 24

- MACHINE [1]

0 0 0 0 1 1 
0 0 1 0 0 1 
1 1 1 1 0 0 
0 0 0 1 0 0 
0 1 0 1 1 0 
1 0 0 0 0 1 
1 1 0 1 1 0 
0 0 0 0 1 0 
1 1 1 0 0 0 
0 0 1 1 1 0 
1 1 0 0 0 0 
0 0 0 0 1 1 
0 0 0 0 0 1 
1 1 1 1 0 1 
0 0 0 0 0 0 

JOBS [6] - [5, 2, 13, 4, 11, 9]
TOOL SWITCHES : 4
MAKESPAN : 25

- MACHINE [2]

1 1 1 1 0 0 1 0 1 1 
1 0 1 0 1 1 0 0 0 0 
1 0 0 0 0 1 0 0 0 0 
1 1 0 0 0 0 0 1 0 0 
0 1 0 1 0 0 0 0 1 0 
0 0 0 1 1 0 0 1 0 1 
1 1 1 0 0 0 0 1 1 1 
1 1 1 0 0 1 0 0 0 0 
0 1 0 0 1 0 0 1 1 1 
0 0 0 0 0 1 1 0 0 1 
0 0 0 0 1 0 1 0 1 1 
1 0 1 1 1 0 0 1 0 1 
0 0 1 1 0 1 1 0 1 0 
0 0 0 0 0 0 1 1 0 0 
0 0 0 0 0 0 0 0 0 0 

JOBS [10] - [15, 14, 19, 18, 8, 3, 10, 0, 12, 17]
TOOL SWITCHES : 1
MAKESPAN : 25

# -------------------------- #

--- TOTAL TOOL SWITCHES : 11
--- HIGHEST MAKESPAN : 25
--- TOTAL FLOWTIME : 256
--- RUNNING TIME : 3.90465

# -------------------------- #
RUN : 1 - instancias_txt/SSP-NPM-I/ins103_m=3_j=20_t=15_var=3.txt

- MACHINE [0]

1 1 0 0 0 1 
1 1 0 1 0 0 
0 0 0 0 1 0 
0 0 0 1 1 1 
0 1 1 0 1 1 
0 0 1 0 0 1 
1 1 1 0 0 0 
1 0 0 0 0 0 
1 0 0 0 0 0 
0 0 0 0 1 1 
1 1 1 0 0 0 
1 1 1 1 1 1 
0 0 0 1 0 0 
0 1 0 0 0 0 
0 0 1 1 1 1 

JOBS [6] - [18, 6, 15, 8, 5, 9]
TOOL SWITCHES : 9
MAKESPAN : 35

- MACHINE [1]

0 0 0 0 0 1 1 
1 1 0 1 0 0 0 
1 0 0 0 0 0 0 
0 0 0 0 1 1 0 
0 1 0 0 1 0 1 
1 0 0 0 1 0 0 
0 0 0 1 1 1 0 
1 1 1 0 1 0 0 
1 1 1 1 0 0 1 
0 1 1 0 0 0 0 
0 1 1 0 1 1 0 
0 0 1 1 1 0 1 
1 0 1 0 0 1 1 
0 1 1 1 0 1 0 
0 0 0 0 0 0 1 

JOBS [7] - [12, 13, 10, 2, 11, 19, 1]
TOOL SWITCHES : 5
MAKESPAN : 36

- MACHINE [2]

0 0 1 0 1 0 0 
0 1 0 0 1 0 1 
0 1 1 0 1 1 1 
1 0 0 0 1 0 0 
1 0 0 0 0 1 0 
0 0 1 0 0 0 0 
0 1 0 1 0 0 1 
1 1 1 0 0 1 0 
0 1 1 1 1 1 1 
0 0 0 1 1 1 0 
1 0 1 1 0 0 0 
0 0 0 0 0 0 0 
0 0 0 0 0 1 1 
0 1 0 1 0 0 1 
1 1 0 1 0 1 0 

JOBS [7] - [3, 17, 0, 14, 4, 16, 7]
TOOL SWITCHES : 1
MAKESPAN : 36

# -------------------------- #

--- TOTAL TOOL SWITCHES : 15
--- HIGHEST MAKESPAN : 36
--- TOTAL FLOWTIME : 367
--- RUNNING TIME : 2.95525

# -------------------------- #
RUN : 1 - instancias_txt/SSP-NPM-I/ins104_m=3_j=20_t=15_var=4.txt

- MACHINE [0]

0 0 1 1 1 0 
0 1 0 0 0 1 
0 0 0 1 1 0 
1 0 0 0 0 0 
1 1 0 1 1 1 
0 1 0 1 0 0 
0 0 0 1 0 1 
0 1 1 1 0 0 
0 0 0 0 1 1 
1 0 0 0 0 0 
1 1 1 0 1 0 
1 0 1 0 0 0 
1 1 0 0 0 1 
0 0 0 1 0 1 
0 0 1 0 0 0 

JOBS [6] - [10, 13, 5, 0, 19, 14]
TOOL SWITCHES : 11
MAKESPAN : 31

- MACHINE [1]

0 1 1 0 0 1 
0 1 0 1 1 1 
1 1 1 0 0 0 
1 0 0 1 1 1 
0 0 0 0 0 0 
1 1 0 0 1 0 
0 0 0 0 0 0 
0 0 1 1 1 0 
1 1 0 0 0 0 
0 0 1 1 1 0 
1 0 0 1 1 1 
0 0 1 0 0 0 
0 0 0 0 0 0 
1 0 1 0 0 1 
0 0 0 1 0 1 

JOBS [6] - [9, 6, 2, 16, 11, 17]
TOOL SWITCHES : 2
MAKESPAN : 30

- MACHINE [2]

1 1 1 0 1 1 0 1 
1 0 0 1 0 1 0 1 
0 0 1 0 0 0 1 0 
0 1 0 1 0 0 0 0 
1 0 0 0 1 0 1 0 
0 0 1 1 1 1 1 0 
0 1 1 1 1 1 1 0 
0 0 0 0 0 0 0 0 
1 0 0 1 0 0 0 0 
1 1 1 0 1 0 1 1 
0 0 0 0 0 0 0 0 
0 1 1 0 1 1 1 0 
0 1 0 0 0 0 0 1 
1 0 0 1 0 0 1 1 
1 0 0 0 0 1 0 1 

JOBS [8] - [7, 15, 8, 3, 4, 1, 18, 12]
TOOL SWITCHES : 0
MAKESPAN : 33

# -------------------------- #

--- TOTAL TOOL SWITCHES : 13
--- HIGHEST MAKESPAN : 33
--- TOTAL FLOWTIME : 366
--- RUNNING TIME : 2.76969

# -------------------------- #
RUN : 1 - instancias_txt/SSP-NPM-I/ins105_m=3_j=20_t=15_var=5.txt

- MACHINE [0]

1 0 0 1 0 0 
0 0 0 1 0 1 
0 0 0 0 0 0 
1 1 0 0 0 0 
0 0 0 0 1 1 
1 0 0 0 0 0 
1 1 1 1 1 1 
0 0 1 1 0 1 
0 0 1 0 0 0 
1 1 0 0 1 0 
0 1 0 1 1 0 
0 1 1 1 0 0 
0 0 0 0 0 1 
0 1 1 0 1 1 
0 0 0 0 1 1 

JOBS [6] - [13, 11, 16, 3, 18, 2]
TOOL SWITCHES : 9
MAKESPAN : 37

- MACHINE [1]

0 1 1 1 0 1 0 
0 1 0 1 1 1 1 
1 0 0 1 0 0 0 
0 0 0 0 1 1 0 
1 0 0 0 0 0 1 
1 1 1 1 0 0 0 
0 0 0 1 1 0 0 
1 0 1 0 0 0 1 
0 0 0 0 0 1 1 
0 0 0 0 1 1 1 
1 1 1 1 0 0 0 
0 0 0 0 0 0 0 
1 0 1 0 1 1 1 
0 1 1 1 0 1 0 
0 1 0 0 0 0 0 

JOBS [7] - [10, 5, 14, 4, 12, 17, 1]
TOOL SWITCHES : 4
MAKESPAN : 37

- MACHINE [2]

1 1 0 1 0 1 0 
0 0 1 0 1 1 1 
0 0 0 1 0 1 1 
0 0 1 1 0 0 1 
1 1 0 1 1 0 0 
0 0 0 1 1 0 1 
0 1 1 0 1 0 0 
0 0 1 0 0 0 0 
0 0 0 0 1 1 0 
0 1 0 0 1 0 1 
1 0 0 0 0 1 1 
1 1 1 1 1 0 0 
0 0 0 0 0 0 0 
1 0 1 0 0 1 1 
1 1 1 0 0 0 0 

JOBS [7] - [15, 7, 19, 0, 6, 9, 8]
TOOL SWITCHES : 1
MAKESPAN : 37

# -------------------------- #

--- TOTAL TOOL SWITCHES : 14
--- HIGHEST MAKESPAN : 37
--- TOTAL FLOWTIME : 390
--- RUNNING TIME : 3.01342

# -------------------------- #
RUN : 1 - instancias_txt/SSP-NPM-I/ins106_m=3_j=20_t=15_var=6.txt

- MACHINE [0]

1 1 0 0 0 1 
1 1 0 1 0 1 
1 1 0 0 0 0 
0 0 1 1 1 0 
0 0 0 1 0 0 
1 1 1 0 0 0 
0 0 0 0 0 0 
0 0 0 0 1 1 
0 0 0 1 0 0 
1 1 1 0 0 0 
1 0 0 0 0 0 
0 1 1 1 0 1 
1 0 1 0 1 1 
0 0 0 0 1 1 
0 0 1 0 1 0 

JOBS [6] - [12, 2, 7, 14, 3, 8]
TOOL SWITCHES : 8
MAKESPAN : 34

- MACHINE [1]

0 0 1 0 0 
0 0 0 0 1 
0 0 1 1 1 
1 0 1 0 1 
0 1 0 0 0 
0 0 0 0 0 
1 1 0 1 0 
1 1 0 1 0 
0 0 0 0 0 
1 0 0 1 1 
1 1 1 0 0 
1 1 1 0 0 
0 1 0 1 1 
0 0 0 0 0 
0 1 1 1 1 

JOBS [5] - [13, 19, 0, 6, 17]
TOOL SWITCHES : 2
MAKESPAN : 32

- MACHINE [2]

1 0 0 1 1 0 0 1 0 
0 0 1 0 0 1 0 0 1 
0 0 0 0 0 1 1 0 0 
0 1 1 0 1 0 0 0 1 
1 0 0 1 1 0 0 0 1 
1 1 0 1 1 1 0 1 0 
1 0 0 0 0 0 1 1 0 
0 0 0 0 0 0 0 0 0 
1 0 0 0 1 1 0 1 0 
0 0 1 0 0 1 1 0 1 
0 0 1 1 0 0 0 0 1 
1 1 0 0 1 1 0 0 0 
0 1 1 1 1 0 1 1 0 
1 1 1 0 0 1 1 0 0 
0 0 1 1 0 0 0 0 0 

JOBS [9] - [18, 16, 4, 9, 1, 10, 5, 15, 11]
TOOL SWITCHES : 1
MAKESPAN : 34

# -------------------------- #

--- TOTAL TOOL SWITCHES : 11
--- HIGHEST MAKESPAN : 34
--- TOTAL FLOWTIME : 323
--- RUNNING TIME : 3.63173

# -------------------------- #
RUN : 1 - instancias_txt/SSP-NPM-I/ins107_m=3_j=20_t=15_var=7.txt

- MACHINE [0]

0 0 0 1 0 0 
1 0 1 1 1 0 
1 1 0 0 0 0 
0 1 1 0 0 1 
0 0 0 1 1 1 
0 1 1 1 1 0 
0 0 1 1 1 0 
1 1 0 0 1 1 
1 1 1 0 1 1 
0 0 0 0 0 1 
0 1 1 1 0 1 
1 0 0 0 0 0 
0 0 0 0 0 0 
0 0 0 0 0 0 
0 0 1 1 0 0 

JOBS [6] - [1, 9, 12, 10, 15, 5]
TOOL SWITCHES : 9
MAKESPAN : 38

- MACHINE [1]

0 0 0 0 1 1 
0 0 0 0 1 1 
0 1 1 1 1 0 
0 0 0 1 1 0 
0 1 0 1 0 1 
0 1 1 0 0 0 
0 0 1 0 0 1 
0 0 0 1 0 1 
0 0 0 0 0 0 
1 1 1 0 0 0 
0 0 0 0 0 0 
1 0 1 1 0 1 
1 0 0 1 1 0 
1 1 0 0 0 0 
1 0 1 1 0 0 

JOBS [6] - [17, 11, 2, 0, 19, 18]
TOOL SWITCHES : 3
MAKESPAN : 38

- MACHINE [2]

0 1 0 1 1 1 0 0 
1 1 1 1 0 0 0 0 
0 1 1 1 0 0 0 1 
0 1 1 0 0 0 0 1 
1 0 0 0 1 0 0 0 
0 1 0 0 0 1 1 0 
0 0 0 0 1 1 1 0 
1 0 0 1 0 0 0 0 
0 0 0 0 1 0 0 1 
0 0 0 0 1 0 0 1 
0 0 1 1 1 1 1 0 
0 0 0 1 0 1 0 1 
1 0 1 0 0 1 1 1 
1 0 1 0 0 0 0 0 
0 1 0 0 0 0 1 1 

JOBS [8] - [6, 13, 16, 8, 3, 4, 14, 7]
TOOL SWITCHES : 2
MAKESPAN : 38

# -------------------------- #

--- TOTAL TOOL SWITCHES : 14
--- HIGHEST MAKESPAN : 38
--- TOTAL FLOWTIME : 387
--- RUNNING TIME : 3.40333

# -------------------------- #
RUN : 1 - instancias_txt/SSP-NPM-I/ins108_m=3_j=20_t=15_var=8.txt

- MACHINE [0]

1 0 1 0 0 
1 1 0 1 0 
1 1 0 0 0 
0 0 1 1 1 
0 0 0 0 1 
1 1 0 0 1 
0 1 1 1 1 
0 0 0 0 0 
0 0 0 0 0 
0 0 0 1 0 
0 0 0 0 0 
0 1 0 1 1 
1 0 0 0 0 
0 0 1 1 0 
0 1 1 1 0 

JOBS [5] - [16, 4, 12, 3, 15]
TOOL SWITCHES : 6
MAKESPAN : 26

- MACHINE [1]

1 0 1 0 0 0 1 
0 0 0 0 0 0 1 
0 0 1 0 1 1 0 
1 1 0 1 0 0 0 
0 0 0 0 1 1 1 
0 0 1 1 1 1 0 
1 1 0 0 0 0 0 
0 0 0 0 1 0 0 
1 0 0 1 1 1 0 
1 1 0 0 0 0 0 
1 0 1 0 0 0 1 
0 0 1 1 0 1 1 
0 1 1 1 1 0 1 
0 0 0 0 0 0 0 
0 1 0 0 1 0 1 

JOBS [7] - [18, 1, 6, 5, 2, 0, 14]
TOOL SWITCHES : 4
MAKESPAN : 25

- MACHINE [2]

1 0 0 1 0 0 1 0 
0 0 1 0 0 0 0 0 
1 1 0 1 1 0 0 0 
0 0 1 0 1 1 0 1 
0 1 0 0 1 0 1 0 
1 0 0 0 0 0 1 0 
0 0 0 0 0 0 0 0 
0 0 0 0 1 1 1 1 
0 1 1 1 0 1 0 0 
0 1 0 1 0 1 1 1 
1 1 1 0 1 0 0 1 
1 0 0 1 0 1 1 0 
0 0 1 0 1 1 0 1 
1 0 1 0 0 0 0 1 
0 0 1 1 0 0 1 0 

JOBS [8] - [10, 17, 7, 13, 9, 19, 11, 8]
TOOL SWITCHES : 1
MAKESPAN : 26

# -------------------------- #

--- TOTAL TOOL SWITCHES : 11
--- HIGHEST MAKESPAN : 26
--- TOTAL FLOWTIME : 302
--- RUNNING TIME : 3.46296

# -------------------------- #
RUN : 1 - instancias_txt/SSP-NPM-I/ins109_m=3_j=20_t=15_var=9.txt

- MACHINE [0]

0 0 0 1 1 
0 1 0 1 1 
1 1 0 0 0 
0 1 1 1 0 
1 0 1 1 1 
0 1 1 0 1 
0 0 0 0 0 
0 0 0 0 0 
1 1 1 1 0 
0 0 1 0 0 
1 0 1 1 0 
1 0 0 0 0 
1 0 0 0 0 
0 0 0 0 1 
0 0 0 0 0 

JOBS [5] - [1, 7, 9, 16, 2]
TOOL SWITCHES : 5
MAKESPAN : 25

- MACHINE [1]

0 1 1 0 0 0 0 1 
0 0 0 0 0 1 0 1 
0 0 0 0 1 1 1 1 
0 1 0 0 0 1 1 0 
0 0 0 0 0 0 0 0 
1 0 1 0 1 1 0 0 
1 1 1 0 0 0 0 0 
0 1 0 1 1 0 0 0 
1 0 0 1 1 0 0 0 
0 0 1 1 0 0 1 0 
0 0 0 1 0 0 0 0 
0 0 1 1 1 1 1 1 
0 0 0 0 0 0 1 1 
1 1 1 1 0 1 1 1 
1 1 0 1 0 1 1 1 

JOBS [8] - [5, 0, 19, 11, 12, 15, 17, 13]
TOOL SWITCHES : 4
MAKESPAN : 28

- MACHINE [2]

0 1 0 1 0 0 1 
1 1 1 0 0 0 1 
0 0 0 1 0 1 1 
0 0 0 0 0 0 0 
1 1 0 1 1 0 1 
0 1 0 0 1 0 0 
1 0 0 0 1 1 1 
0 0 1 0 0 1 0 
0 0 0 0 0 1 0 
1 0 1 0 0 0 1 
0 0 0 1 1 0 0 
0 0 0 0 0 1 0 
1 1 0 0 0 0 0 
1 0 1 1 0 0 0 
0 1 1 1 1 1 1 

JOBS [7] - [18, 10, 3, 14, 6, 4, 8]
TOOL SWITCHES : 1
MAKESPAN : 28

# -------------------------- #

--- TOTAL TOOL SWITCHES : 10
--- HIGHEST MAKESPAN : 28
--- TOTAL FLOWTIME : 273
--- RUNNING TIME : 3.05512

# -------------------------- #
RUN : 1 - instancias_txt/SSP-NPM-I/ins110_m=3_j=20_t=15_var=10.txt

- MACHINE [0]

1 0 0 0 0 
1 1 1 0 1 
1 1 1 1 1 
0 0 0 0 1 
0 1 0 0 0 
0 0 0 0 0 
0 0 0 0 1 
1 1 1 1 0 
1 0 1 1 0 
0 1 1 1 0 
0 0 0 0 0 
1 0 0 0 0 
0 0 0 0 0 
0 1 1 0 1 
0 0 0 1 0 

JOBS [5] - [15, 5, 8, 0, 3]
TOOL SWITCHES : 5
MAKESPAN : 27

- MACHINE [1]

0 1 1 0 1 0 
0 0 0 0 0 0 
1 0 0 0 0 1 
0 0 0 1 1 0 
0 1 0 1 1 1 
1 1 0 0 0 1 
1 0 1 1 1 0 
1 0 1 1 0 0 
1 1 0 0 0 1 
0 1 1 0 0 0 
0 0 1 1 0 1 
0 0 0 0 0 0 
1 1 0 0 0 0 
0 0 0 0 1 0 
1 1 1 1 1 1 

JOBS [6] - [11, 9, 10, 14, 19, 13]
TOOL SWITCHES : 3
MAKESPAN : 27

- MACHINE [2]

1 0 0 0 0 1 0 0 1 
1 1 0 0 1 0 1 0 1 
0 1 0 0 1 0 0 1 0 
1 0 0 1 0 1 1 0 1 
0 0 0 0 0 0 0 0 0 
0 1 1 0 0 1 0 1 1 
0 0 0 1 1 1 0 1 0 
0 0 0 0 0 0 1 0 1 
1 1 1 0 1 1 1 0 1 
0 0 0 1 0 0 0 1 0 
0 0 0 0 0 1 0 1 0 
0 1 1 1 1 0 0 1 1 
0 0 1 0 1 0 1 0 0 
1 0 1 0 1 0 0 0 0 
1 0 1 1 0 0 0 0 0 

JOBS [9] - [1, 17, 12, 2, 6, 16, 18, 7, 4]
TOOL SWITCHES : 1
MAKESPAN : 28

# -------------------------- #

--- TOTAL TOOL SWITCHES : 9
--- HIGHEST MAKESPAN : 28
--- TOTAL FLOWTIME : 293
--- RUNNING TIME : 3.52983

# -------------------------- #
RUN : 1 - instancias_txt/SSP-NPM-I/ins111_m=3_j=20_t=15_var=11.txt

- MACHINE [0]

0 0 0 0 0 
1 1 0 0 0 
1 1 0 0 0 
0 0 1 0 0 
0 0 0 0 0 
0 1 0 1 0 
1 0 0 0 0 
0 1 1 1 0 
0 0 1 1 1 
1 1 1 0 0 
1 0 0 1 0 
1 0 1 1 0 
1 1 0 1 1 
0 0 0 0 0 
0 0 0 0 1 

JOBS [5] - [12, 11, 1, 6, 17]
TOOL SWITCHES : 6
MAKESPAN : 30

- MACHINE [1]

0 0 0 1 1 1 0 
1 0 0 1 1 0 1 
0 0 0 0 0 1 0 
1 0 0 1 0 1 0 
0 1 1 0 1 1 1 
1 1 0 0 0 0 0 
0 0 0 0 0 0 1 
0 0 1 1 0 0 1 
0 0 1 0 1 1 1 
1 1 0 1 1 1 0 
0 1 0 0 0 0 0 
0 1 1 0 1 0 1 
1 0 0 1 0 0 0 
0 1 1 0 0 0 0 
1 1 1 0 1 1 0 

JOBS [7] - [13, 4, 14, 15, 10, 2, 19]
TOOL SWITCHES : 5
MAKESPAN : 32

- MACHINE [2]

0 0 1 1 0 0 1 1 
1 0 0 0 1 0 1 0 
0 0 0 0 1 0 0 1 
0 0 0 0 0 0 0 0 
1 0 0 0 0 1 1 1 
1 1 1 1 1 0 0 0 
1 0 1 1 1 1 0 1 
0 0 0 0 0 0 0 0 
0 1 1 0 0 1 0 0 
1 1 0 1 0 0 1 0 
0 1 0 0 1 1 0 1 
0 1 0 1 1 0 0 0 
1 0 1 1 1 0 1 1 
1 1 1 0 0 1 0 0 
0 0 0 0 0 1 1 0 

JOBS [8] - [9, 8, 7, 5, 16, 18, 3, 0]
TOOL SWITCHES : 0
MAKESPAN : 27

# -------------------------- #

--- TOTAL TOOL SWITCHES : 11
--- HIGHEST MAKESPAN : 32
--- TOTAL FLOWTIME : 312
--- RUNNING TIME : 3.19864

# -------------------------- #
RUN : 1 - instancias_txt/SSP-NPM-I/ins112_m=3_j=20_t=15_var=12.txt

- MACHINE [0]

1 1 1 1 0 0 
1 1 0 1 0 0 
1 1 0 0 0 0 
0 0 0 0 0 0 
0 1 1 0 0 0 
0 1 1 0 1 1 
0 0 0 1 1 1 
0 0 0 1 1 0 
1 0 0 0 0 0 
1 0 1 0 0 0 
0 0 0 1 0 1 
0 1 1 1 0 0 
0 0 0 0 1 1 
1 0 0 0 0 0 
0 0 1 0 1 1 

JOBS [6] - [3, 0, 4, 5, 2, 16]
TOOL SWITCHES : 8
MAKESPAN : 37

- MACHINE [1]

0 0 0 0 0 
0 1 0 1 1 
0 0 1 0 0 
0 0 0 1 0 
1 1 0 0 0 
0 0 1 1 0 
1 1 0 0 0 
1 0 1 0 1 
1 1 0 0 0 
1 0 1 0 1 
0 1 1 0 1 
1 0 1 1 1 
1 0 0 1 1 
0 0 0 1 1 
0 1 1 1 0 

JOBS [5] - [14, 18, 15, 10, 9]
TOOL SWITCHES : 4
MAKESPAN : 37

- MACHINE [2]

1 1 1 1 0 0 0 0 1 
0 0 0 0 0 0 1 1 0 
0 1 1 1 0 0 1 0 0 
0 0 1 1 1 1 1 1 1 
0 0 1 0 0 0 0 1 1 
1 0 0 0 1 1 0 0 0 
0 0 0 1 0 1 1 1 0 
0 0 0 0 0 0 0 0 0 
1 1 0 0 0 0 1 0 0 
0 1 1 0 1 1 0 0 0 
0 1 0 1 1 0 1 0 1 
0 0 0 0 0 0 0 1 0 
1 1 1 0 0 0 0 0 1 
0 0 0 0 1 1 0 1 0 
1 0 0 1 1 1 1 0 0 

JOBS [9] - [13, 11, 12, 6, 19, 8, 1, 7, 17]
TOOL SWITCHES : 1
MAKESPAN : 37

# -------------------------- #

--- TOTAL TOOL SWITCHES : 13
--- HIGHEST MAKESPAN : 37
--- TOTAL FLOWTIME : 376
--- RUNNING TIME : 3.14066

# -------------------------- #
RUN : 1 - instancias_txt/SSP-NPM-I/ins113_m=3_j=20_t=15_var=13.txt

- MACHINE [0]

1 1 0 0 0 0 0 
1 1 1 1 0 0 0 
1 0 1 0 0 0 1 
0 1 0 0 1 0 0 
0 0 0 1 0 0 0 
0 0 0 0 0 0 0 
0 1 1 0 0 0 1 
0 0 1 0 0 1 0 
1 0 0 0 1 1 1 
0 0 1 1 1 1 1 
1 0 0 1 1 1 1 
0 0 0 0 0 1 1 
0 0 0 0 1 1 0 
0 1 1 1 0 0 1 
1 1 0 0 0 0 0 

JOBS [7] - [10, 8, 15, 18, 1, 14, 7]
TOOL SWITCHES : 11
MAKESPAN : 35

- MACHINE [1]

1 0 1 0 0 0 0 
0 0 0 0 0 0 1 
0 0 0 1 1 1 0 
0 0 0 0 0 0 1 
0 0 1 1 1 0 1 
0 1 0 0 1 1 0 
0 1 1 0 0 0 1 
1 1 0 0 0 1 1 
1 0 0 1 0 0 1 
0 1 1 0 0 0 0 
1 1 0 1 1 0 0 
0 1 1 1 1 1 0 
0 0 0 1 0 1 0 
1 0 0 0 0 0 0 
1 0 1 0 1 1 1 

JOBS [7] - [0, 19, 9, 6, 16, 4, 3]
TOOL SWITCHES : 5
MAKESPAN : 35

- MACHINE [2]

0 0 1 0 0 1 
1 1 0 1 0 1 
1 1 0 0 1 1 
1 0 1 1 1 0 
1 0 0 0 1 0 
0 1 1 0 1 1 
0 0 0 0 0 0 
1 0 0 1 0 0 
0 0 1 0 0 0 
1 1 1 0 1 1 
0 0 0 0 0 0 
0 1 0 1 0 0 
0 0 0 1 0 1 
1 0 1 0 0 1 
0 0 0 1 0 0 

JOBS [6] - [2, 12, 13, 11, 17, 5]
TOOL SWITCHES : 0
MAKESPAN : 32

# -------------------------- #

--- TOTAL TOOL SWITCHES : 16
--- HIGHEST MAKESPAN : 35
--- TOTAL FLOWTIME : 363
--- RUNNING TIME : 2.96933

# -------------------------- #
RUN : 1 - instancias_txt/SSP-NPM-I/ins114_m=3_j=20_t=15_var=14.txt

- MACHINE [0]

0 0 1 0 
0 1 0 0 
1 1 0 0 
1 0 0 0 
0 1 1 1 
0 0 0 1 
0 1 0 1 
0 0 0 1 
0 0 0 0 
1 1 0 0 
1 0 1 1 
1 1 1 0 
0 0 1 0 
0 0 0 0 
1 0 1 1 

JOBS [4] - [18, 17, 19, 0]
TOOL SWITCHES : 7
MAKESPAN : 29

- MACHINE [1]

1 1 1 0 0 1 1 
0 0 1 0 0 0 1 
0 0 0 0 1 1 0 
0 0 0 0 0 0 1 
0 0 0 0 0 0 0 
1 1 1 0 1 0 0 
1 0 0 1 1 0 0 
0 1 1 0 0 0 0 
0 0 0 0 1 0 1 
1 0 0 1 0 1 0 
1 0 1 1 0 0 0 
0 0 0 0 0 0 0 
1 1 0 1 1 0 1 
0 1 0 1 0 1 0 
1 1 1 1 1 1 0 

JOBS [7] - [5, 9, 12, 3, 15, 11, 2]
TOOL SWITCHES : 3
MAKESPAN : 33

- MACHINE [2]

0 1 0 0 0 0 0 1 1 
0 0 0 0 0 0 0 0 0 
0 0 0 1 1 0 0 0 1 
1 0 1 1 1 1 0 1 0 
0 1 1 1 0 0 0 0 0 
1 0 1 0 0 0 0 0 0 
0 0 0 0 0 0 0 0 0 
1 1 1 0 1 1 1 0 0 
1 1 0 1 1 0 0 1 1 
0 0 1 0 0 0 1 1 1 
0 1 0 1 1 1 1 0 1 
0 0 0 0 0 1 1 1 1 
1 0 1 1 0 0 0 1 0 
1 1 0 1 1 1 1 0 0 
0 0 1 0 0 0 1 0 0 

JOBS [9] - [13, 1, 6, 4, 16, 14, 7, 10, 8]
TOOL SWITCHES : 0
MAKESPAN : 33

# -------------------------- #

--- TOTAL TOOL SWITCHES : 10
--- HIGHEST MAKESPAN : 33
--- TOTAL FLOWTIME : 312
--- RUNNING TIME : 3.51564

# -------------------------- #
RUN : 1 - instancias_txt/SSP-NPM-I/ins115_m=3_j=20_t=15_var=15.txt

- MACHINE [0]

1 1 0 1 1 
0 0 1 1 1 
0 0 0 0 1 
1 1 1 0 0 
0 0 0 0 0 
1 1 0 0 0 
0 0 1 0 0 
0 1 0 1 1 
0 1 1 0 0 
0 0 0 0 0 
0 0 0 1 1 
1 0 0 1 1 
0 1 1 1 1 
1 0 0 0 0 
0 0 0 0 0 

JOBS [5] - [7, 16, 14, 3, 10]
TOOL SWITCHES : 6
MAKESPAN : 28

- MACHINE [1]

1 0 0 1 0 0 1 
1 1 0 0 0 0 0 
1 0 1 1 0 0 0 
0 0 0 0 0 1 1 
1 0 0 1 1 1 0 
0 1 0 0 1 1 0 
0 0 1 1 0 0 1 
1 1 0 0 0 0 1 
0 0 1 1 0 1 0 
1 1 0 0 0 0 0 
0 0 1 0 1 1 1 
1 0 0 1 1 0 0 
0 0 0 0 0 0 0 
0 0 0 0 1 1 1 
0 1 1 0 0 0 0 

JOBS [7] - [9, 0, 19, 17, 13, 6, 18]
TOOL SWITCHES : 4
MAKESPAN : 28

- MACHINE [2]

0 1 1 0 0 1 1 1 
0 1 0 1 1 0 0 1 
1 1 1 1 0 1 1 1 
0 0 0 0 0 0 0 0 
1 0 0 1 0 1 0 1 
0 0 0 0 1 0 0 0 
0 0 1 1 1 0 1 0 
1 0 1 1 0 0 1 0 
0 1 0 0 0 0 0 0 
0 1 1 0 1 0 1 0 
1 1 0 1 1 1 1 1 
1 0 1 0 1 1 0 0 
1 0 0 0 0 0 0 0 
0 0 0 1 0 1 1 1 
0 1 0 0 0 0 0 1 

JOBS [8] - [2, 5, 4, 11, 8, 12, 1, 15]
TOOL SWITCHES : 1
MAKESPAN : 27

# -------------------------- #

--- TOTAL TOOL SWITCHES : 11
--- HIGHEST MAKESPAN : 28
--- TOTAL FLOWTIME : 291
--- RUNNING TIME : 3.18185

# -------------------------- #
RUN : 1 - instancias_txt/SSP-NPM-I/ins116_m=3_j=20_t=15_var=16.txt

- MACHINE [0]

0 0 0 0 0 
0 0 1 0 1 
0 0 0 1 0 
0 0 0 0 0 
1 1 1 0 0 
0 1 0 0 1 
1 1 0 0 0 
0 0 0 1 1 
1 1 1 1 1 
0 0 0 1 0 
1 1 1 1 1 
0 1 1 0 0 
1 0 1 0 1 
0 0 0 0 0 
0 0 0 0 0 

JOBS [5] - [14, 0, 3, 1, 7]
TOOL SWITCHES : 5
MAKESPAN : 31

- MACHINE [1]

1 1 0 0 1 1 1 1 
1 0 1 0 1 1 1 0 
1 1 0 0 0 0 0 0 
0 0 0 0 1 1 1 0 
0 0 0 0 0 0 0 1 
0 1 1 1 1 0 1 1 
0 1 0 1 1 1 0 0 
0 0 1 1 0 0 0 0 
1 1 0 0 0 0 1 0 
1 0 1 1 0 0 1 1 
0 0 0 0 0 1 0 0 
0 0 0 0 0 0 0 0 
1 0 0 0 0 0 0 1 
0 1 1 1 1 0 0 0 
0 0 0 0 1 1 0 1 

JOBS [8] - [15, 11, 17, 16, 13, 5, 2, 8]
TOOL SWITCHES : 4
MAKESPAN : 32

- MACHINE [2]

0 0 0 1 1 1 1 
0 0 0 0 0 0 0 
0 1 1 0 1 0 0 
1 1 1 0 0 1 1 
1 0 1 0 1 0 0 
0 0 0 1 0 1 1 
0 0 0 1 0 1 0 
0 0 0 0 1 0 1 
0 0 0 0 0 0 1 
1 0 1 1 0 0 0 
0 0 0 0 0 0 0 
1 1 1 1 1 1 0 
1 0 0 0 1 1 0 
0 1 1 0 0 0 1 
1 1 0 1 0 0 0 

JOBS [7] - [12, 18, 10, 6, 4, 9, 19]
TOOL SWITCHES : 0
MAKESPAN : 31

# -------------------------- #

--- TOTAL TOOL SWITCHES : 9
--- HIGHEST MAKESPAN : 32
--- TOTAL FLOWTIME : 317
--- RUNNING TIME : 3.24207

# -------------------------- #
RUN : 1 - instancias_txt/SSP-NPM-I/ins117_m=3_j=20_t=15_var=17.txt

- MACHINE [0]

0 1 0 1 0 
0 0 1 0 0 
0 1 0 0 0 
0 0 0 0 0 
1 0 1 1 0 
1 0 0 0 1 
0 0 1 0 1 
0 0 0 0 1 
1 0 0 0 0 
0 1 1 0 1 
0 0 0 1 0 
1 0 0 0 0 
1 1 1 1 0 
1 1 0 0 0 
0 1 0 1 1 

JOBS [5] - [11, 12, 7, 6, 18]
TOOL SWITCHES : 8
MAKESPAN : 28

- MACHINE [1]

1 0 1 0 0 1 
0 1 0 1 0 1 
0 1 1 0 0 0 
0 0 1 0 0 0 
1 1 0 0 0 0 
0 0 0 1 0 1 
0 0 1 0 1 0 
0 0 0 1 1 1 
0 1 0 1 0 1 
0 1 0 1 1 0 
1 0 1 0 0 0 
0 1 0 0 0 0 
1 0 1 0 0 1 
1 1 0 1 1 1 
0 0 0 0 1 0 

JOBS [6] - [2, 10, 1, 13, 3, 9]
TOOL SWITCHES : 5
MAKESPAN : 28

- MACHINE [2]

0 0 0 1 0 1 1 0 0 
0 1 1 0 0 1 0 0 0 
1 1 0 0 1 0 0 1 0 
0 0 0 0 0 0 1 1 0 
1 1 0 0 0 1 0 1 1 
1 0 0 0 1 1 0 0 1 
0 0 0 1 0 0 1 0 1 
0 1 0 1 0 0 1 0 1 
1 1 0 0 1 0 0 0 1 
0 0 1 0 0 0 0 0 0 
0 0 0 0 1 0 0 1 1 
1 0 1 1 1 1 1 1 0 
0 0 1 0 1 1 0 0 0 
1 1 1 0 0 0 1 1 0 
0 1 1 1 0 1 0 1 0 

JOBS [9] - [16, 4, 0, 8, 19, 5, 15, 14, 17]
TOOL SWITCHES : 2
MAKESPAN : 28

# -------------------------- #

--- TOTAL TOOL SWITCHES : 15
--- HIGHEST MAKESPAN : 28
--- TOTAL FLOWTIME : 317
--- RUNNING TIME : 3.07178

# -------------------------- #
RUN : 1 - instancias_txt/SSP-NPM-I/ins118_m=3_j=20_t=15_var=18.txt

- MACHINE [0]

1 0 0 0 0 0 
0 1 1 1 0 0 
0 0 0 0 1 0 
0 0 0 0 0 0 
0 0 0 0 0 0 
0 0 1 0 0 0 
0 1 1 1 1 1 
0 1 1 1 1 1 
0 0 1 0 1 1 
0 1 0 0 0 0 
1 0 0 0 0 0 
1 1 0 1 0 1 
1 1 0 0 0 0 
1 0 1 1 0 1 
0 0 0 0 1 1 

JOBS [6] - [11, 17, 13, 6, 10, 9]
TOOL SWITCHES : 6
MAKESPAN : 40

- MACHINE [1]

0 1 0 0 1 0 0 
1 0 1 0 0 0 0 
0 0 0 1 0 0 1 
1 0 0 0 0 0 0 
1 0 1 0 1 1 0 
1 0 0 0 1 1 1 
0 1 1 1 0 0 0 
0 0 0 1 0 1 1 
0 1 1 0 0 0 0 
1 1 1 1 1 0 0 
0 0 0 0 1 1 1 
0 0 0 0 0 0 0 
0 0 0 1 0 1 0 
1 0 0 1 0 1 1 
0 1 1 1 0 1 1 

JOBS [7] - [18, 2, 3, 15, 12, 5, 7]
TOOL SWITCHES : 4
MAKESPAN : 40

- MACHINE [2]

1 0 0 1 1 0 1 
0 1 1 1 0 0 0 
0 0 0 1 1 1 1 
1 0 1 1 1 0 1 
0 0 1 0 0 1 1 
0 0 1 0 0 0 1 
1 0 0 1 1 0 0 
1 0 1 0 0 1 1 
1 0 0 1 0 1 1 
0 1 1 1 0 1 0 
0 1 0 0 0 1 0 
0 0 0 0 0 0 0 
0 1 0 0 1 0 0 
0 0 0 0 0 0 0 
0 1 1 0 0 0 0 

JOBS [7] - [0, 19, 1, 8, 14, 4, 16]
TOOL SWITCHES : 0
MAKESPAN : 40

# -------------------------- #

--- TOTAL TOOL SWITCHES : 10
--- HIGHEST MAKESPAN : 40
--- TOTAL FLOWTIME : 454
--- RUNNING TIME : 2.72664

# -------------------------- #
RUN : 1 - instancias_txt/SSP-NPM-I/ins119_m=3_j=20_t=15_var=19.txt

- MACHINE [0]

0 0 0 1 1 1 
0 0 0 0 1 1 
1 1 1 1 0 1 
0 1 1 1 0 0 
0 0 1 1 1 1 
0 0 0 0 0 0 
0 0 0 0 0 1 
1 0 1 1 1 0 
0 0 1 0 0 0 
1 1 0 1 1 1 
1 1 1 0 0 0 
1 1 0 0 0 0 
0 1 0 1 0 0 
0 0 0 0 0 0 
0 0 0 0 0 1 

JOBS [6] - [3, 19, 9, 4, 7, 1]
TOOL SWITCHES : 7
MAKESPAN : 36

- MACHINE [1]

1 1 1 1 0 1 1 
0 1 1 1 1 0 0 
1 0 1 0 0 1 0 
0 0 0 1 1 0 1 
0 0 0 0 0 0 1 
1 0 0 1 0 1 0 
1 1 1 0 0 0 0 
0 0 0 0 1 1 0 
1 0 1 0 0 0 1 
0 0 0 0 0 1 0 
0 0 0 0 0 1 0 
0 0 0 1 1 0 0 
0 1 0 0 1 0 1 
1 1 0 1 0 0 0 
1 1 0 1 1 1 1 

JOBS [7] - [18, 15, 16, 11, 14, 5, 12]
TOOL SWITCHES : 5
MAKESPAN : 35

- MACHINE [2]

0 1 1 0 0 0 1 
0 1 0 0 1 0 1 
0 0 0 0 0 0 1 
0 1 1 1 0 1 0 
1 1 1 0 1 1 0 
1 0 1 1 0 1 0 
0 0 0 0 0 0 0 
0 0 0 1 0 1 1 
0 1 0 1 0 0 0 
1 0 0 0 0 1 0 
1 0 0 0 1 1 0 
1 0 0 1 1 0 1 
1 0 1 0 1 0 0 
0 0 0 1 1 0 0 
0 1 1 1 1 0 1 

JOBS [7] - [17, 10, 6, 0, 13, 2, 8]
TOOL SWITCHES : 1
MAKESPAN : 36

# -------------------------- #

--- TOTAL TOOL SWITCHES : 13
--- HIGHEST MAKESPAN : 36
--- TOTAL FLOWTIME : 362
--- RUNNING TIME : 3.16063

# -------------------------- #
RUN : 1 - instancias_txt/SSP-NPM-I/ins120_m=3_j=20_t=15_var=20.txt

- MACHINE [0]

0 0 0 0 
1 1 1 1 
1 1 1 1 
0 0 0 1 
0 0 1 0 
1 1 1 0 
0 0 0 0 
1 0 1 1 
1 1 0 1 
0 0 0 0 
0 0 1 0 
0 1 0 0 
0 1 1 1 
1 0 0 0 
0 0 0 0 

JOBS [4] - [19, 5, 15, 7]
TOOL SWITCHES : 5
MAKESPAN : 30

- MACHINE [1]

0 0 0 1 1 1 1 
0 0 0 1 0 1 0 
1 1 1 0 0 1 0 
0 0 0 0 0 0 0 
0 1 0 0 1 0 0 
0 0 1 0 1 1 1 
0 0 0 0 0 1 0 
1 1 1 1 1 0 1 
1 0 0 1 1 0 1 
1 0 1 1 0 0 1 
0 0 0 0 0 1 1 
1 1 1 0 1 0 0 
1 1 0 0 0 0 0 
1 1 1 0 0 0 0 
0 1 0 0 1 0 1 

JOBS [7] - [12, 10, 11, 6, 9, 2, 17]
TOOL SWITCHES : 4
MAKESPAN : 30

- MACHINE [2]

1 1 0 1 0 0 0 0 1 
0 1 0 1 0 0 0 0 0 
1 1 0 0 1 0 1 1 0 
0 0 0 0 1 0 1 0 0 
0 1 0 1 0 1 1 1 0 
1 1 1 0 0 1 0 0 0 
0 0 1 1 1 1 0 0 1 
1 0 0 0 0 0 1 1 0 
1 0 0 1 0 1 0 1 1 
0 0 0 0 0 0 1 1 1 
0 1 1 0 0 0 0 1 1 
0 0 0 0 1 0 0 0 0 
0 0 1 0 1 0 0 1 1 
0 0 0 1 0 0 0 0 1 
1 0 1 0 1 1 0 0 0 

JOBS [9] - [0, 8, 3, 13, 4, 1, 18, 16, 14]
TOOL SWITCHES : 2
MAKESPAN : 31

# -------------------------- #

--- TOTAL TOOL SWITCHES : 11
--- HIGHEST MAKESPAN : 31
--- TOTAL FLOWTIME : 299
--- RUNNING TIME : 3.21105

# -------------------------- #


avg : 32.5
