RUN : 1 - instancias_txt/SSP-NPM-I/ins101_m=3_j=20_t=15_var=1.txt

- MACHINE [0]

1 1 0 1 0 1 1 
0 0 0 1 0 0 1 
0 1 1 0 1 1 1 
1 0 1 0 0 0 0 
1 1 0 1 1 1 0 
0 0 0 0 1 1 1 
0 0 0 0 0 0 0 
1 1 1 1 1 0 1 
1 1 1 1 0 0 0 
0 0 0 0 0 1 1 
0 0 0 0 0 0 0 
0 0 1 0 0 0 0 
1 0 0 0 0 0 0 
0 0 0 0 1 0 0 
0 0 0 1 1 0 0 

JOBS [7] - [0, 7, 15, 3, 18, 19, 10]
TOOL SWITCHES : 7
MAKESPAN : 32

- MACHINE [1]

0 0 0 0 0 0 
0 0 0 0 0 1 
0 0 0 0 0 0 
0 0 0 0 1 1 
1 0 0 1 1 1 
0 1 1 0 1 0 
0 1 1 1 0 0 
0 0 0 1 1 0 
1 1 0 1 0 0 
0 0 0 1 1 1 
1 0 0 0 0 0 
0 0 1 0 0 1 
1 1 1 0 0 0 
1 1 1 0 0 0 
1 0 1 1 1 1 

JOBS [6] - [9, 8, 17, 2, 1, 13]
TOOL SWITCHES : 3
MAKESPAN : 33

- MACHINE [2]

1 0 0 1 1 0 1 
0 0 1 1 0 0 0 
0 0 1 0 1 1 0 
0 0 1 0 0 1 1 
0 1 0 0 1 0 0 
1 0 1 0 0 0 0 
1 0 0 0 0 1 1 
0 1 1 1 0 0 0 
0 1 0 1 0 0 0 
1 0 0 0 0 1 0 
1 0 1 1 1 0 0 
1 1 0 0 0 0 0 
0 1 0 0 0 1 1 
0 0 1 1 1 0 1 
0 0 0 0 0 0 0 

JOBS [7] - [12, 6, 5, 11, 16, 14, 4]
TOOL SWITCHES : 1
MAKESPAN : 31

# -------------------------- #

--- TOTAL TOOL SWITCHES : 11
--- HIGHEST MAKESPAN : 33
--- TOTAL FLOWTIME : 335
--- RUNNING TIME : 2.73848

# -------------------------- #
RUN : 1 - instancias_txt/SSP-NPM-I/ins102_m=3_j=20_t=15_var=2.txt

- MACHINE [0]

0 0 0 0 1 
0 0 0 0 1 
1 1 1 1 1 
0 0 0 1 1 
1 1 0 0 0 
0 0 1 0 0 
1 1 1 0 1 
0 0 0 0 1 
0 1 1 1 0 
1 0 0 0 0 
1 1 1 0 0 
0 0 0 1 1 
0 0 0 0 0 
0 1 1 0 0 
1 0 0 1 0 

JOBS [5] - [7, 2, 5, 1, 15]
TOOL SWITCHES : 7
MAKESPAN : 26

- MACHINE [1]

1 0 0 0 1 0 1 
1 1 0 0 0 1 0 
0 1 0 1 0 1 0 
0 0 1 1 0 0 1 
0 0 0 1 1 0 1 
1 0 1 0 0 0 0 
0 0 1 1 1 0 1 
0 1 0 0 1 0 1 
0 0 1 0 0 1 1 
0 1 0 1 1 1 0 
0 0 0 0 0 0 0 
1 0 1 0 1 0 0 
1 1 0 0 0 0 0 
1 0 1 1 0 1 0 
0 0 0 0 0 0 0 

JOBS [7] - [9, 3, 0, 4, 11, 13, 14]
TOOL SWITCHES : 4
MAKESPAN : 26

- MACHINE [2]

1 1 0 1 1 1 0 1 
0 1 1 1 0 0 1 0 
0 0 0 0 0 0 0 0 
0 0 0 0 0 0 0 0 
1 1 0 0 0 0 1 1 
1 0 1 0 0 1 0 0 
0 0 0 1 0 1 1 1 
0 1 0 1 0 0 0 0 
0 0 1 0 0 1 1 1 
0 0 0 0 1 1 1 0 
0 0 1 0 1 1 0 1 
1 1 1 1 0 1 0 0 
1 0 0 1 1 0 0 1 
0 1 0 0 1 0 0 0 
0 1 0 0 0 0 1 0 

JOBS [8] - [18, 16, 8, 19, 10, 17, 6, 12]
TOOL SWITCHES : 0
MAKESPAN : 23

# -------------------------- #

--- TOTAL TOOL SWITCHES : 11
--- HIGHEST MAKESPAN : 26
--- TOTAL FLOWTIME : 273
--- RUNNING TIME : 3.09213

# -------------------------- #
RUN : 1 - instancias_txt/SSP-NPM-I/ins103_m=3_j=20_t=15_var=3.txt

- MACHINE [0]

1 0 1 1 0 0 0 
0 0 1 1 1 1 0 
0 0 0 0 0 0 0 
1 0 0 0 0 0 0 
1 1 1 0 0 1 0 
1 1 0 0 0 0 0 
0 1 1 1 1 0 0 
0 0 0 1 0 1 1 
0 0 0 1 1 1 1 
1 0 0 0 0 1 1 
0 1 1 1 0 1 1 
1 1 1 1 1 0 1 
0 0 0 0 0 0 1 
0 0 1 0 1 1 1 
1 1 0 0 0 0 0 

JOBS [7] - [9, 15, 6, 18, 2, 13, 10]
TOOL SWITCHES : 11
MAKESPAN : 36

- MACHINE [1]

0 1 0 1 0 0 
0 0 0 0 1 1 
0 0 1 0 0 1 
1 1 1 0 1 0 
1 0 1 1 0 0 
1 0 0 0 0 1 
1 1 0 0 0 0 
1 0 0 0 0 1 
0 0 0 1 0 1 
0 0 1 0 0 0 
1 1 0 0 0 0 
1 0 1 1 1 0 
0 1 0 1 1 1 
0 1 0 0 0 0 
0 0 1 1 1 0 

JOBS [6] - [11, 19, 5, 1, 8, 12]
TOOL SWITCHES : 5
MAKESPAN : 36

- MACHINE [2]

1 0 0 0 1 0 0 
0 0 1 0 1 1 0 
1 0 1 1 1 1 0 
0 0 0 0 1 0 1 
0 0 0 1 0 0 1 
1 0 0 0 0 0 0 
0 1 1 0 0 1 0 
1 0 0 1 0 1 1 
1 1 1 1 1 1 0 
0 1 0 1 1 0 0 
1 1 0 0 0 0 1 
0 0 0 0 0 0 0 
0 0 1 1 0 0 0 
0 1 1 0 0 1 0 
0 1 0 1 0 1 1 

JOBS [7] - [0, 14, 7, 16, 4, 17, 3]
TOOL SWITCHES : 1
MAKESPAN : 36

# -------------------------- #

--- TOTAL TOOL SWITCHES : 17
--- HIGHEST MAKESPAN : 36
--- TOTAL FLOWTIME : 416
--- RUNNING TIME : 3.08323

# -------------------------- #
RUN : 1 - instancias_txt/SSP-NPM-I/ins104_m=3_j=20_t=15_var=4.txt

- MACHINE [0]

1 1 0 0 1 0 
0 0 1 0 0 1 
1 1 0 0 0 0 
0 0 0 1 0 0 
1 1 1 1 0 1 
1 0 0 0 0 1 
1 0 1 0 0 0 
1 0 0 0 1 1 
0 1 1 0 0 0 
0 0 0 1 0 0 
0 1 0 1 1 1 
0 0 0 1 1 0 
0 0 1 1 0 1 
1 0 1 0 0 0 
0 0 0 0 1 0 

JOBS [6] - [0, 19, 14, 10, 5, 13]
TOOL SWITCHES : 12
MAKESPAN : 33

- MACHINE [1]

0 0 1 1 0 1 
1 1 1 0 0 1 
0 0 0 1 1 1 
1 1 1 0 1 0 
0 0 0 0 0 0 
0 1 0 0 1 1 
0 0 0 0 0 0 
1 1 0 1 0 0 
0 0 0 0 1 1 
1 1 0 1 0 0 
1 1 1 0 1 0 
0 0 0 1 0 0 
0 0 0 0 0 0 
0 0 1 1 1 0 
1 0 1 0 0 0 

JOBS [6] - [16, 11, 17, 2, 9, 6]
TOOL SWITCHES : 2
MAKESPAN : 30

- MACHINE [2]

0 1 1 1 1 0 1 1 
1 0 0 0 1 0 1 1 
0 1 0 0 0 1 0 0 
1 0 0 1 0 0 0 0 
0 0 1 0 1 1 0 0 
1 1 1 0 0 1 1 0 
1 1 1 1 0 1 1 0 
0 0 0 0 0 0 0 0 
1 0 0 0 1 0 0 0 
0 1 1 1 1 1 0 1 
0 0 0 0 0 0 0 0 
0 1 1 1 0 1 1 0 
0 0 0 1 0 0 0 1 
1 0 0 0 1 1 0 1 
0 0 0 0 1 0 1 1 

JOBS [8] - [3, 8, 4, 15, 7, 18, 1, 12]
TOOL SWITCHES : 0
MAKESPAN : 33

# -------------------------- #

--- TOTAL TOOL SWITCHES : 14
--- HIGHEST MAKESPAN : 33
--- TOTAL FLOWTIME : 319
--- RUNNING TIME : 3.27954

# -------------------------- #
RUN : 1 - instancias_txt/SSP-NPM-I/ins105_m=3_j=20_t=15_var=5.txt

- MACHINE [0]

0 1 0 1 0 0 
0 0 0 1 0 1 
0 0 0 0 0 0 
0 1 1 0 0 0 
1 0 0 0 0 1 
0 1 0 0 0 0 
1 1 1 1 1 1 
0 0 0 1 1 1 
0 0 0 0 1 0 
1 1 1 0 0 0 
1 0 1 1 0 0 
0 0 1 1 1 0 
0 0 0 0 0 1 
1 0 1 0 1 1 
1 0 0 0 0 1 

JOBS [6] - [18, 13, 11, 3, 16, 2]
TOOL SWITCHES : 9
MAKESPAN : 37

- MACHINE [1]

0 0 1 1 0 1 1 
1 0 0 1 1 1 1 
0 1 0 1 0 0 0 
0 0 0 0 1 1 0 
1 1 0 0 0 0 0 
0 1 1 1 0 0 1 
0 0 0 1 1 0 0 
1 1 1 0 0 0 0 
1 0 0 0 0 1 0 
1 0 0 0 1 1 0 
0 1 1 1 0 0 1 
0 0 0 0 0 0 0 
1 1 1 0 1 1 0 
0 0 1 1 0 1 1 
0 0 0 0 0 0 1 

JOBS [7] - [1, 10, 14, 4, 12, 17, 5]
TOOL SWITCHES : 4
MAKESPAN : 37

- MACHINE [2]

1 0 1 1 1 0 0 
0 1 0 0 1 1 1 
1 0 0 0 1 1 0 
1 0 0 0 0 1 1 
1 1 1 1 0 0 0 
1 1 0 0 0 1 0 
0 1 1 0 0 0 1 
0 0 0 0 0 0 1 
0 1 0 0 1 0 0 
0 1 1 0 0 1 0 
0 0 0 1 1 1 0 
1 1 1 1 0 0 1 
0 0 0 0 0 0 0 
0 0 0 1 1 1 1 
0 0 1 1 0 0 1 

JOBS [7] - [0, 6, 7, 15, 9, 8, 19]
TOOL SWITCHES : 1
MAKESPAN : 37

# -------------------------- #

--- TOTAL TOOL SWITCHES : 14
--- HIGHEST MAKESPAN : 37
--- TOTAL FLOWTIME : 360
--- RUNNING TIME : 2.62143

# -------------------------- #
RUN : 1 - instancias_txt/SSP-NPM-I/ins106_m=3_j=20_t=15_var=6.txt

- MACHINE [0]

0 1 0 0 1 1 
1 1 0 0 1 1 
0 0 0 0 1 1 
1 0 1 1 0 0 
1 0 0 0 0 0 
0 0 0 1 1 1 
0 0 0 0 0 0 
0 1 1 0 0 0 
1 0 0 0 0 0 
0 0 0 1 1 1 
0 0 0 0 0 1 
1 1 0 1 1 0 
0 1 1 1 0 1 
0 1 1 0 0 0 
0 0 1 1 0 0 

JOBS [6] - [14, 8, 3, 7, 2, 12]
TOOL SWITCHES : 8
MAKESPAN : 34

- MACHINE [1]

1 0 0 0 0 0 
0 1 1 0 0 1 
1 1 0 0 0 1 
1 1 1 1 1 0 
0 0 0 0 0 0 
0 0 0 0 1 1 
0 0 0 1 0 0 
0 0 0 1 0 0 
0 0 0 0 0 1 
0 1 1 1 0 1 
1 0 1 1 0 0 
1 0 0 1 1 1 
0 1 1 0 1 0 
0 0 1 0 1 1 
1 1 1 0 0 0 

JOBS [6] - [0, 17, 4, 13, 16, 10]
TOOL SWITCHES : 4
MAKESPAN : 34

- MACHINE [2]

0 0 0 1 1 0 1 1 
1 0 0 0 0 0 0 0 
0 1 0 0 0 1 0 0 
1 0 0 0 0 0 0 1 
1 0 1 1 0 0 1 1 
0 0 0 1 1 0 1 1 
0 1 1 0 1 1 1 0 
0 1 1 0 0 0 0 0 
0 0 0 0 1 0 1 1 
1 1 0 0 0 1 0 0 
1 0 1 1 0 0 0 0 
0 0 1 0 0 0 1 1 
0 1 1 1 1 1 0 1 
0 0 0 0 0 1 1 0 
0 1 1 1 0 0 0 0 

JOBS [8] - [11, 6, 19, 9, 15, 5, 18, 1]
TOOL SWITCHES : 2
MAKESPAN : 34

# -------------------------- #

--- TOTAL TOOL SWITCHES : 14
--- HIGHEST MAKESPAN : 34
--- TOTAL FLOWTIME : 390
--- RUNNING TIME : 2.84763

# -------------------------- #
RUN : 1 - instancias_txt/SSP-NPM-I/ins107_m=3_j=20_t=15_var=7.txt

- MACHINE [0]

1 0 0 0 0 0 0 
1 1 0 0 1 1 1 
1 1 1 0 0 0 0 
0 0 1 1 0 0 1 
0 0 0 1 1 1 0 
0 0 1 0 0 1 1 
0 0 0 0 0 1 1 
1 1 1 1 1 1 0 
0 1 1 1 0 1 1 
0 0 0 1 0 0 0 
1 0 1 1 0 0 1 
1 1 0 0 0 0 0 
0 0 0 0 1 0 0 
0 0 0 0 1 0 0 
0 0 0 0 0 0 1 

JOBS [7] - [8, 1, 9, 5, 6, 15, 12]
TOOL SWITCHES : 10
MAKESPAN : 37

- MACHINE [1]

0 0 0 0 1 1 
0 0 0 0 1 1 
0 1 1 1 0 1 
0 1 0 0 0 1 
0 1 1 0 1 0 
0 0 1 1 0 0 
0 0 0 1 1 0 
0 1 0 0 1 0 
0 0 0 0 0 0 
1 0 1 1 0 0 
0 0 0 0 0 0 
1 1 0 1 1 0 
1 1 0 0 0 1 
1 0 1 0 0 0 
1 1 0 1 0 0 

JOBS [6] - [17, 0, 11, 2, 18, 19]
TOOL SWITCHES : 3
MAKESPAN : 38

- MACHINE [2]

0 1 0 1 0 1 1 
0 1 1 0 0 1 0 
1 1 1 0 0 0 0 
1 1 1 0 0 0 0 
0 0 0 0 0 1 1 
0 1 0 1 1 1 0 
0 0 0 1 1 1 1 
0 0 0 0 0 0 0 
1 0 0 0 0 0 1 
1 0 0 0 0 0 1 
0 0 1 1 1 1 1 
1 0 0 1 0 0 0 
1 0 1 1 1 0 0 
0 0 1 0 0 0 0 
1 1 0 0 1 1 0 

JOBS [7] - [7, 13, 16, 4, 14, 10, 3]
TOOL SWITCHES : 1
MAKESPAN : 36

# -------------------------- #

--- TOTAL TOOL SWITCHES : 14
--- HIGHEST MAKESPAN : 38
--- TOTAL FLOWTIME : 357
--- RUNNING TIME : 3.67839

# -------------------------- #
RUN : 1 - instancias_txt/SSP-NPM-I/ins108_m=3_j=20_t=15_var=8.txt

- MACHINE [0]

1 0 0 0 1 
0 1 0 1 1 
0 0 0 1 1 
1 1 1 0 0 
0 0 0 0 0 
0 0 0 1 1 
1 1 1 1 0 
0 0 0 0 0 
0 0 0 0 0 
0 1 1 0 0 
0 0 0 0 0 
0 1 0 1 0 
0 0 1 0 1 
1 1 0 0 0 
1 1 1 1 0 

JOBS [5] - [12, 3, 1, 4, 16]
TOOL SWITCHES : 5
MAKESPAN : 25

- MACHINE [1]

1 1 0 0 0 0 0 
0 0 0 0 0 0 0 
0 1 1 0 1 0 0 
1 0 0 1 0 1 1 
0 0 1 1 1 0 0 
0 1 1 1 1 1 0 
1 0 0 1 0 0 0 
0 0 0 0 1 0 1 
1 0 1 0 1 1 1 
1 0 0 0 0 0 1 
1 1 0 0 0 0 0 
0 1 1 1 0 1 1 
0 1 0 0 1 1 1 
0 0 0 0 0 0 0 
0 0 0 0 1 0 0 

JOBS [7] - [18, 6, 0, 15, 2, 5, 19]
TOOL SWITCHES : 3
MAKESPAN : 26

- MACHINE [2]

1 1 0 1 0 1 0 0 
0 1 1 0 0 0 0 0 
1 0 0 1 1 0 0 1 
0 0 1 0 0 0 1 1 
0 1 0 0 1 1 0 1 
0 0 0 1 0 1 0 0 
0 0 0 0 0 0 0 0 
0 0 0 0 0 1 1 1 
1 0 1 0 1 0 0 0 
1 0 0 0 1 1 1 0 
0 1 1 1 1 0 1 1 
1 1 0 1 0 1 0 0 
0 1 1 0 0 0 1 1 
0 0 1 1 0 0 1 0 
1 1 1 0 0 1 0 0 

JOBS [8] - [13, 14, 7, 10, 17, 11, 8, 9]
TOOL SWITCHES : 1
MAKESPAN : 23

# -------------------------- #

--- TOTAL TOOL SWITCHES : 9
--- HIGHEST MAKESPAN : 26
--- TOTAL FLOWTIME : 245
--- RUNNING TIME : 3.27048

# -------------------------- #
RUN : 1 - instancias_txt/SSP-NPM-I/ins109_m=3_j=20_t=15_var=9.txt

- MACHINE [0]

0 0 1 1 0 
0 1 1 1 0 
1 1 0 0 0 
0 1 1 0 1 
1 0 1 1 1 
0 1 0 1 1 
0 0 0 0 0 
0 0 0 0 0 
1 1 1 0 1 
0 0 0 0 1 
1 0 1 0 1 
1 0 0 0 0 
1 0 0 0 0 
0 0 0 1 0 
0 0 0 0 0 

JOBS [5] - [1, 7, 16, 2, 9]
TOOL SWITCHES : 6
MAKESPAN : 27

- MACHINE [1]

0 0 0 1 1 0 1 0 
0 0 0 0 0 1 1 0 
0 1 0 0 0 1 1 1 
0 0 0 0 1 1 0 1 
0 0 0 0 0 0 0 0 
0 1 1 1 0 1 0 0 
0 0 1 1 1 0 0 0 
1 1 0 0 1 0 0 0 
1 1 1 0 0 0 0 0 
1 0 0 1 0 0 0 1 
1 0 0 0 0 0 0 0 
1 1 0 1 0 1 1 1 
0 0 0 0 0 0 1 1 
1 0 1 1 1 1 1 1 
1 0 1 0 1 1 1 1 

JOBS [8] - [11, 12, 5, 19, 0, 15, 13, 17]
TOOL SWITCHES : 4
MAKESPAN : 28

- MACHINE [2]

0 0 1 1 1 0 0 
1 0 1 0 1 0 1 
0 0 1 1 0 1 0 
0 0 0 0 0 0 0 
1 1 1 1 1 0 0 
0 1 0 0 1 0 0 
1 1 1 0 0 1 0 
0 0 0 0 0 1 1 
0 0 0 0 0 1 0 
1 0 1 0 0 0 1 
0 1 0 1 0 0 0 
0 0 0 0 0 1 0 
1 0 0 0 1 0 0 
1 0 0 1 0 0 1 
0 1 1 1 1 1 1 

JOBS [7] - [18, 6, 8, 14, 10, 4, 3]
TOOL SWITCHES : 1
MAKESPAN : 28

# -------------------------- #

--- TOTAL TOOL SWITCHES : 11
--- HIGHEST MAKESPAN : 28
--- TOTAL FLOWTIME : 261
--- RUNNING TIME : 3.5294

# -------------------------- #
RUN : 1 - instancias_txt/SSP-NPM-I/ins110_m=3_j=20_t=15_var=10.txt

- MACHINE [0]

0 0 0 0 1 
1 1 1 0 1 
1 1 1 1 1 
1 0 0 0 0 
0 1 0 0 0 
0 0 0 0 0 
1 0 0 0 0 
0 1 1 1 1 
0 0 1 1 1 
0 1 1 1 0 
0 0 0 0 0 
0 0 0 0 1 
0 0 0 0 0 
1 1 1 0 0 
0 0 0 1 0 

JOBS [5] - [3, 5, 8, 0, 15]
TOOL SWITCHES : 5
MAKESPAN : 27

- MACHINE [1]

1 0 0 1 0 1 
0 0 0 0 0 0 
0 1 1 0 0 0 
0 0 0 1 1 0 
1 0 1 1 1 0 
1 1 1 0 0 0 
0 1 0 1 1 1 
0 1 0 0 1 1 
1 1 1 0 0 0 
1 0 0 0 0 1 
0 0 1 0 1 1 
0 0 0 0 0 0 
1 1 0 0 0 0 
0 0 0 1 0 0 
1 1 1 1 1 1 

JOBS [6] - [9, 11, 13, 19, 14, 10]
TOOL SWITCHES : 3
MAKESPAN : 27

- MACHINE [2]

0 1 0 1 0 1 0 0 0 
1 0 0 1 1 1 0 1 0 
1 0 0 0 0 0 0 1 1 
0 1 0 1 1 1 1 0 0 
0 0 0 0 0 0 0 0 0 
1 1 1 1 0 0 0 0 1 
0 1 0 0 0 0 1 1 1 
0 0 0 1 1 0 0 0 0 
1 1 1 1 1 1 0 1 0 
0 0 0 0 0 0 1 0 1 
0 1 0 0 0 0 0 0 1 
1 0 1 1 0 0 1 1 1 
0 0 1 0 1 0 0 1 0 
0 0 1 0 0 1 0 1 0 
0 0 1 0 0 1 1 0 0 

JOBS [9] - [17, 16, 12, 4, 18, 1, 2, 6, 7]
TOOL SWITCHES : 1
MAKESPAN : 28

# -------------------------- #

--- TOTAL TOOL SWITCHES : 9
--- HIGHEST MAKESPAN : 28
--- TOTAL FLOWTIME : 292
--- RUNNING TIME : 3.60236

# -------------------------- #
RUN : 1 - instancias_txt/SSP-NPM-I/ins111_m=3_j=20_t=15_var=11.txt

- MACHINE [0]

0 0 1 0 0 
0 0 0 0 1 
0 0 1 0 1 
0 1 1 0 0 
1 0 1 0 0 
0 0 0 0 1 
0 0 0 0 0 
1 1 0 0 1 
1 1 1 1 0 
0 1 1 0 1 
0 0 0 0 0 
1 1 0 0 0 
0 0 0 1 1 
1 0 0 0 0 
1 0 1 1 0 

JOBS [5] - [14, 1, 2, 17, 11]
TOOL SWITCHES : 7
MAKESPAN : 30

- MACHINE [1]

0 0 0 1 0 1 
0 0 1 1 1 1 
0 0 0 0 0 0 
0 0 1 1 0 0 
1 0 0 0 1 1 
1 1 1 0 0 0 
0 0 0 0 1 0 
0 1 0 1 1 0 
0 1 0 0 1 1 
1 0 1 1 0 1 
1 1 0 0 0 0 
1 1 0 0 1 1 
0 1 1 1 0 0 
1 0 0 0 0 0 
1 0 1 0 0 1 

JOBS [6] - [4, 6, 13, 15, 19, 10]
TOOL SWITCHES : 4
MAKESPAN : 31

- MACHINE [2]

0 1 0 0 0 0 1 1 1 
1 0 1 0 1 0 1 0 0 
1 0 1 0 0 0 0 0 1 
0 0 0 0 0 0 0 0 0 
0 0 0 1 1 0 1 0 1 
0 1 1 0 1 1 0 1 0 
1 1 1 1 1 0 0 1 1 
0 0 0 0 0 0 0 0 0 
0 1 0 1 0 1 0 0 0 
1 0 0 0 1 1 1 1 0 
1 0 1 1 0 1 0 0 1 
1 0 1 0 0 1 0 1 0 
1 1 1 0 1 0 1 1 1 
0 1 0 1 1 1 0 0 0 
0 0 0 1 0 0 1 0 0 

JOBS [9] - [12, 7, 16, 18, 9, 8, 3, 5, 0]
TOOL SWITCHES : 0
MAKESPAN : 28

# -------------------------- #

--- TOTAL TOOL SWITCHES : 11
--- HIGHEST MAKESPAN : 31
--- TOTAL FLOWTIME : 305
--- RUNNING TIME : 3.10751

# -------------------------- #
RUN : 1 - instancias_txt/SSP-NPM-I/ins112_m=3_j=20_t=15_var=12.txt

- MACHINE [0]

1 1 1 0 0 0 
1 1 0 0 0 0 
0 1 0 0 0 0 
0 0 0 1 1 0 
0 1 1 0 0 0 
0 1 1 1 1 1 
1 0 0 0 1 1 
1 0 0 0 0 0 
0 0 0 0 0 0 
0 0 1 1 1 0 
1 0 0 1 0 1 
1 1 1 0 0 0 
0 0 0 0 0 1 
0 0 0 1 1 0 
0 0 1 1 1 1 

JOBS [6] - [5, 0, 4, 19, 8, 16]
TOOL SWITCHES : 8
MAKESPAN : 35

- MACHINE [1]

0 0 1 0 0 0 
1 0 1 1 0 1 
0 0 1 0 1 0 
1 0 0 1 0 0 
1 1 0 0 0 0 
0 0 0 1 1 0 
1 1 0 0 0 0 
0 1 0 0 1 1 
0 1 1 0 0 0 
0 1 1 0 1 1 
0 0 0 0 1 1 
1 1 0 1 1 1 
0 1 0 1 0 1 
1 0 1 1 0 1 
0 0 0 1 1 0 

JOBS [6] - [7, 14, 3, 10, 15, 9]
TOOL SWITCHES : 5
MAKESPAN : 35

- MACHINE [2]

0 1 1 1 1 1 0 0 
1 0 0 0 0 0 0 1 
0 1 0 1 0 1 0 1 
0 0 0 1 1 1 0 1 
1 0 0 1 1 0 0 0 
0 0 1 0 0 0 1 0 
1 0 0 0 0 1 1 1 
0 0 0 0 0 0 1 0 
1 1 1 0 0 0 0 1 
0 1 0 1 0 0 0 0 
1 1 0 0 1 1 0 1 
0 0 0 0 0 0 0 0 
0 1 1 1 1 0 1 0 
0 0 0 0 0 0 0 0 
1 0 1 0 0 1 1 1 

JOBS [8] - [18, 11, 13, 12, 17, 6, 2, 1]
TOOL SWITCHES : 0
MAKESPAN : 35

# -------------------------- #

--- TOTAL TOOL SWITCHES : 13
--- HIGHEST MAKESPAN : 35
--- TOTAL FLOWTIME : 381
--- RUNNING TIME : 3.00518

# -------------------------- #
RUN : 1 - instancias_txt/SSP-NPM-I/ins113_m=3_j=20_t=15_var=13.txt

- MACHINE [0]

1 1 0 0 0 0 0 
1 1 1 1 0 0 0 
1 0 1 0 0 0 1 
0 1 0 0 1 0 0 
0 0 0 1 0 0 0 
0 0 0 0 0 0 0 
0 1 1 0 0 0 1 
0 0 1 0 0 1 0 
1 0 0 0 1 1 1 
0 0 1 1 1 1 1 
1 0 0 1 1 1 1 
0 0 0 0 0 1 1 
0 0 0 0 1 1 0 
0 1 1 1 0 0 1 
1 1 0 0 0 0 0 

JOBS [7] - [10, 8, 15, 18, 1, 14, 7]
TOOL SWITCHES : 11
MAKESPAN : 35

- MACHINE [1]

0 0 1 0 0 1 0 
1 0 0 0 0 0 0 
0 0 0 1 1 0 1 
1 0 0 0 0 0 0 
1 0 1 1 0 0 1 
0 1 0 1 1 0 0 
1 1 1 0 0 0 0 
1 1 0 0 1 1 0 
1 0 0 0 0 1 1 
0 1 1 0 0 0 0 
0 1 0 1 0 1 1 
0 1 1 1 1 0 1 
0 0 0 0 1 0 1 
0 0 0 0 0 1 0 
1 0 1 1 1 1 0 

JOBS [7] - [3, 19, 9, 16, 4, 0, 6]
TOOL SWITCHES : 5
MAKESPAN : 35

- MACHINE [2]

0 0 0 1 1 0 
0 1 1 1 0 1 
1 1 1 1 0 0 
1 0 1 0 1 1 
1 0 1 0 0 0 
1 1 0 1 1 0 
0 0 0 0 0 0 
0 0 1 0 0 1 
0 0 0 0 1 0 
1 1 1 1 1 0 
0 0 0 0 0 0 
0 1 0 0 0 1 
0 0 0 1 0 1 
0 0 1 1 1 0 
0 0 0 0 0 1 

JOBS [6] - [17, 12, 2, 5, 13, 11]
TOOL SWITCHES : 0
MAKESPAN : 32

# -------------------------- #

--- TOTAL TOOL SWITCHES : 16
--- HIGHEST MAKESPAN : 35
--- TOTAL FLOWTIME : 372
--- RUNNING TIME : 2.64798

# -------------------------- #
RUN : 1 - instancias_txt/SSP-NPM-I/ins114_m=3_j=20_t=15_var=14.txt

- MACHINE [0]

1 0 1 0 
1 0 0 1 
0 1 0 1 
1 1 0 0 
0 1 1 1 
0 0 0 0 
0 0 0 1 
0 0 0 0 
1 1 0 0 
0 0 0 1 
0 1 1 0 
0 0 1 1 
1 1 1 0 
0 1 0 0 
0 0 1 0 

JOBS [4] - [2, 4, 19, 17]
TOOL SWITCHES : 8
MAKESPAN : 33

- MACHINE [1]

0 1 0 1 1 1 1 
0 0 0 0 0 0 1 
0 1 1 1 0 0 0 
0 0 0 0 0 0 0 
0 0 0 0 0 0 0 
0 0 1 0 1 1 1 
1 0 1 0 0 1 0 
0 0 0 0 1 0 1 
0 1 1 0 0 0 0 
1 1 0 1 0 1 0 
1 1 0 0 0 1 1 
0 1 0 0 0 0 0 
1 0 1 0 1 1 0 
1 0 0 1 1 0 0 
1 0 1 1 1 1 1 

JOBS [7] - [3, 8, 15, 11, 9, 5, 12]
TOOL SWITCHES : 3
MAKESPAN : 30

- MACHINE [2]

0 0 0 0 0 0 1 1 0 
0 0 0 0 0 0 0 0 0 
0 0 0 0 1 1 0 0 0 
1 1 0 1 1 1 0 1 0 
0 0 0 1 0 0 1 0 1 
0 1 0 1 0 0 0 0 1 
0 0 0 0 0 0 0 0 1 
1 1 1 1 1 0 1 0 1 
0 1 0 0 1 0 1 1 0 
0 0 1 1 0 1 0 1 0 
1 0 1 0 1 1 1 0 1 
1 0 1 0 0 1 0 1 0 
0 1 0 1 0 0 0 1 0 
1 1 1 0 1 0 1 0 0 
0 0 1 1 0 1 0 0 1 

JOBS [9] - [14, 13, 7, 6, 16, 18, 1, 10, 0]
TOOL SWITCHES : 1
MAKESPAN : 33

# -------------------------- #

--- TOTAL TOOL SWITCHES : 12
--- HIGHEST MAKESPAN : 33
--- TOTAL FLOWTIME : 309
--- RUNNING TIME : 3.35536

# -------------------------- #
RUN : 1 - instancias_txt/SSP-NPM-I/ins115_m=3_j=20_t=15_var=15.txt

- MACHINE [0]

1 0 1 1 1 
0 1 0 1 1 
0 0 0 1 0 
1 1 1 0 0 
0 0 0 0 0 
1 0 1 0 0 
0 1 0 0 0 
0 0 1 1 1 
0 1 1 0 0 
0 0 0 0 0 
0 0 0 1 1 
1 0 0 1 1 
0 1 1 1 1 
1 0 0 0 0 
0 0 0 0 0 

JOBS [5] - [7, 14, 16, 10, 3]
TOOL SWITCHES : 6
MAKESPAN : 28

- MACHINE [1]

1 0 1 0 1 1 0 
0 0 0 0 1 0 0 
0 0 1 0 1 1 1 
1 1 0 0 0 0 0 
0 1 1 1 1 0 0 
0 1 0 1 0 0 0 
1 0 1 0 0 1 1 
1 0 0 0 1 1 0 
0 1 1 0 0 0 1 
0 0 0 0 1 1 0 
1 1 0 1 0 0 1 
0 0 1 1 1 1 0 
0 0 0 0 0 0 0 
1 1 0 1 0 0 0 
0 0 0 0 0 0 1 

JOBS [7] - [18, 6, 17, 13, 9, 4, 19]
TOOL SWITCHES : 4
MAKESPAN : 28

- MACHINE [2]

0 1 0 0 1 1 0 1 
1 1 0 1 1 0 1 0 
0 1 1 0 1 1 1 1 
0 0 0 0 0 0 0 0 
0 0 1 0 1 0 1 1 
1 0 0 1 0 0 0 0 
1 0 0 0 0 1 1 0 
0 0 1 1 0 1 1 0 
0 1 0 0 0 0 0 0 
1 1 0 1 0 1 0 0 
1 1 1 0 1 1 1 1 
1 0 1 0 0 0 0 1 
0 0 1 0 0 0 0 0 
0 0 0 0 1 1 1 1 
0 1 0 1 1 0 0 0 

JOBS [8] - [8, 5, 2, 0, 15, 1, 11, 12]
TOOL SWITCHES : 1
MAKESPAN : 28

# -------------------------- #

--- TOTAL TOOL SWITCHES : 11
--- HIGHEST MAKESPAN : 28
--- TOTAL FLOWTIME : 281
--- RUNNING TIME : 3.68226

# -------------------------- #
RUN : 1 - instancias_txt/SSP-NPM-I/ins116_m=3_j=20_t=15_var=16.txt

- MACHINE [0]

0 0 0 0 0 
0 1 0 0 1 
0 0 0 1 0 
0 0 0 0 0 
1 1 1 0 0 
0 0 1 0 1 
1 0 1 0 0 
0 0 0 1 1 
1 1 1 1 1 
0 0 0 1 0 
1 1 1 1 1 
0 1 1 0 0 
1 1 0 0 1 
0 0 0 0 0 
0 0 0 0 0 

JOBS [5] - [14, 3, 0, 1, 7]
TOOL SWITCHES : 5
MAKESPAN : 31

- MACHINE [1]

1 1 1 1 1 0 0 1 
1 1 0 1 1 1 0 0 
0 0 0 0 1 0 0 1 
1 1 0 1 0 0 0 0 
0 0 1 0 0 0 0 0 
1 0 1 1 0 1 1 1 
1 1 0 0 0 0 1 1 
0 0 0 0 0 1 1 0 
0 0 0 1 1 0 0 1 
0 0 1 1 1 1 1 0 
0 1 0 0 0 0 0 0 
0 0 0 0 0 0 0 0 
0 0 1 0 1 0 0 0 
1 0 0 0 0 1 1 1 
1 1 1 0 0 0 0 0 

JOBS [8] - [13, 5, 8, 2, 15, 17, 16, 11]
TOOL SWITCHES : 4
MAKESPAN : 32

- MACHINE [2]

0 1 1 0 1 0 1 
0 0 0 0 0 0 0 
0 0 1 1 0 1 0 
1 1 0 1 1 1 0 
1 0 1 0 0 1 0 
0 1 0 0 1 0 1 
0 0 0 0 1 0 1 
0 1 1 0 0 0 0 
0 1 0 0 0 0 0 
1 0 0 0 0 1 1 
0 0 0 0 0 0 0 
1 0 1 1 1 1 1 
1 0 1 0 1 0 0 
0 1 0 1 0 1 0 
1 0 0 1 0 0 1 

JOBS [7] - [12, 19, 4, 18, 9, 10, 6]
TOOL SWITCHES : 0
MAKESPAN : 31

# -------------------------- #

--- TOTAL TOOL SWITCHES : 9
--- HIGHEST MAKESPAN : 32
--- TOTAL FLOWTIME : 353
--- RUNNING TIME : 3.0786

# -------------------------- #
RUN : 1 - instancias_txt/SSP-NPM-I/ins117_m=3_j=20_t=15_var=17.txt

- MACHINE [0]

0 0 1 0 1 
0 0 0 1 0 
0 0 0 0 1 
0 0 0 0 0 
1 0 1 1 0 
1 1 0 0 0 
0 1 0 1 0 
0 1 0 0 0 
1 0 0 0 0 
0 1 0 1 1 
0 0 1 0 0 
1 0 0 0 0 
1 0 1 1 1 
1 0 0 0 1 
0 1 1 0 1 

JOBS [5] - [11, 18, 6, 7, 12]
TOOL SWITCHES : 8
MAKESPAN : 28

- MACHINE [1]

1 0 0 0 1 1 
1 1 0 1 0 0 
0 0 0 1 0 1 
0 0 0 0 0 1 
0 0 0 1 1 0 
1 1 0 0 0 0 
0 0 1 0 0 1 
1 1 1 0 0 0 
1 1 0 1 0 0 
0 1 1 1 0 0 
0 0 0 0 1 1 
0 0 0 1 0 0 
1 0 0 0 1 1 
1 1 1 1 1 0 
0 0 1 0 0 0 

JOBS [6] - [9, 13, 3, 10, 2, 1]
TOOL SWITCHES : 5
MAKESPAN : 28

- MACHINE [2]

0 0 1 0 1 0 0 0 1 
1 1 1 0 0 0 0 0 0 
0 1 0 1 0 0 1 1 0 
0 0 0 0 0 0 1 0 1 
0 1 1 1 0 1 1 0 0 
0 0 1 1 0 1 0 1 0 
0 0 0 0 1 1 0 0 1 
0 1 0 0 1 1 0 0 1 
0 1 0 1 0 1 0 1 0 
1 0 0 0 0 0 0 0 0 
0 0 0 0 0 1 1 1 0 
1 0 1 1 1 0 1 1 1 
1 0 1 0 0 0 0 1 0 
1 1 0 1 0 0 1 0 1 
1 1 1 0 1 0 1 0 0 

JOBS [9] - [0, 4, 5, 16, 8, 17, 14, 19, 15]
TOOL SWITCHES : 2
MAKESPAN : 28

# -------------------------- #

--- TOTAL TOOL SWITCHES : 15
--- HIGHEST MAKESPAN : 28
--- TOTAL FLOWTIME : 294
--- RUNNING TIME : 3.08214

# -------------------------- #
RUN : 1 - instancias_txt/SSP-NPM-I/ins118_m=3_j=20_t=15_var=18.txt

- MACHINE [0]

1 0 0 1 1 
0 1 1 0 0 
1 0 0 0 0 
1 1 1 0 0 
1 1 1 1 0 
1 1 1 1 0 
0 0 0 0 0 
1 1 0 0 0 
1 0 0 0 0 
0 1 1 1 0 
0 0 0 1 1 
0 0 0 0 1 
0 0 0 0 1 
0 0 1 0 1 
0 1 0 0 0 

JOBS [5] - [16, 1, 18, 12, 11]
TOOL SWITCHES : 8
MAKESPAN : 38

- MACHINE [1]

0 0 0 0 0 0 0 0 
1 1 1 0 0 0 0 0 
0 0 0 1 0 1 1 0 
0 0 0 0 0 0 0 0 
0 1 0 0 0 0 0 1 
1 0 0 0 0 0 1 1 
1 1 1 1 1 1 0 0 
1 0 1 1 1 1 1 1 
1 1 0 1 1 0 0 0 
0 1 0 0 0 1 0 0 
0 0 0 0 0 0 1 1 
0 0 1 0 1 0 0 0 
0 0 0 0 0 1 0 1 
1 0 1 0 1 1 1 1 
0 1 0 1 1 1 1 1 

JOBS [8] - [13, 3, 6, 10, 9, 15, 7, 5]
TOOL SWITCHES : 3
MAKESPAN : 39

- MACHINE [2]

1 0 0 1 1 1 0 
0 0 1 1 0 0 1 
0 1 0 1 0 1 0 
0 0 0 1 1 1 0 
0 1 0 0 0 0 0 
0 0 0 0 0 0 0 
1 0 0 1 1 1 1 
0 1 0 0 1 0 1 
1 1 0 1 1 0 0 
1 1 1 1 0 0 1 
0 1 1 0 0 0 0 
0 0 0 0 0 0 1 
0 0 1 0 0 1 1 
0 0 0 0 0 0 0 
1 0 1 0 0 0 0 

JOBS [7] - [2, 4, 19, 8, 0, 14, 17]
TOOL SWITCHES : 0
MAKESPAN : 40

# -------------------------- #

--- TOTAL TOOL SWITCHES : 11
--- HIGHEST MAKESPAN : 40
--- TOTAL FLOWTIME : 437
--- RUNNING TIME : 2.71613

# -------------------------- #
RUN : 1 - instancias_txt/SSP-NPM-I/ins119_m=3_j=20_t=15_var=19.txt

- MACHINE [0]

1 1 0 0 0 0 
1 0 0 0 0 0 
0 1 1 1 1 0 
0 1 0 1 1 1 
1 1 0 0 1 0 
0 0 0 0 0 1 
0 0 0 0 0 0 
1 1 1 0 1 1 
0 0 0 0 1 1 
1 1 1 1 0 0 
0 0 1 1 1 0 
0 0 1 1 0 1 
0 1 0 1 0 0 
0 0 0 0 0 1 
0 0 0 0 0 1 

JOBS [6] - [7, 4, 3, 19, 9, 0]
TOOL SWITCHES : 8
MAKESPAN : 36

- MACHINE [1]

1 0 1 1 1 1 1 1 
1 1 1 0 1 1 0 0 
0 0 0 1 0 1 0 0 
0 1 1 0 1 0 1 1 
0 0 0 0 1 0 1 1 
0 0 1 1 0 0 0 1 
1 0 0 1 0 1 0 0 
0 1 0 0 0 0 0 0 
0 0 0 1 1 1 1 0 
0 0 0 0 0 0 0 0 
0 0 0 0 0 0 0 0 
0 1 1 0 0 0 0 0 
1 1 0 0 0 0 1 1 
1 0 1 1 0 0 0 0 
1 1 1 1 1 0 1 1 

JOBS [8] - [15, 14, 11, 18, 10, 16, 12, 6]
TOOL SWITCHES : 3
MAKESPAN : 36

- MACHINE [2]

1 1 0 0 0 1 
1 0 0 0 1 1 
1 1 0 0 0 1 
0 0 1 0 0 0 
0 0 1 1 1 1 
0 1 1 1 0 0 
0 0 0 0 0 1 
1 1 1 0 0 0 
0 0 0 0 0 0 
0 1 1 1 0 1 
0 1 1 1 1 0 
1 0 0 1 1 0 
0 0 0 1 1 0 
0 0 0 0 1 0 
1 1 0 0 1 1 

JOBS [6] - [8, 5, 2, 17, 13, 1]
TOOL SWITCHES : 1
MAKESPAN : 33

# -------------------------- #

--- TOTAL TOOL SWITCHES : 12
--- HIGHEST MAKESPAN : 36
--- TOTAL FLOWTIME : 363
--- RUNNING TIME : 2.93131

# -------------------------- #
RUN : 1 - instancias_txt/SSP-NPM-I/ins120_m=3_j=20_t=15_var=20.txt

- MACHINE [0]

0 0 0 0 
1 1 1 1 
1 1 1 1 
0 0 0 1 
1 0 0 0 
1 1 1 0 
0 0 0 0 
1 1 0 1 
0 1 1 1 
0 0 0 0 
1 0 0 0 
0 0 1 0 
1 0 1 1 
0 1 0 0 
0 0 0 0 

JOBS [4] - [15, 19, 5, 7]
TOOL SWITCHES : 4
MAKESPAN : 28

- MACHINE [1]

0 0 0 1 1 1 1 
0 0 0 0 1 0 1 
1 1 1 0 0 0 1 
0 0 0 0 0 0 0 
0 0 1 1 0 0 0 
1 0 0 1 0 1 1 
0 0 0 0 0 0 1 
1 1 1 1 1 1 0 
0 1 0 1 1 1 0 
1 1 0 0 1 1 0 
0 0 0 0 0 1 1 
1 1 1 1 0 0 0 
0 1 1 0 0 0 0 
1 1 1 0 0 0 0 
0 0 1 1 0 1 0 

JOBS [7] - [11, 12, 10, 9, 6, 17, 2]
TOOL SWITCHES : 4
MAKESPAN : 30

- MACHINE [2]

0 1 1 0 1 1 0 0 0 
0 0 1 0 1 0 0 0 0 
0 0 0 0 1 1 1 1 1 
0 0 0 0 0 0 1 1 0 
0 0 1 1 1 0 0 1 1 
1 0 0 1 1 1 0 0 0 
1 1 1 1 0 0 1 0 0 
0 0 0 0 0 1 0 1 1 
0 1 1 1 0 1 0 0 1 
0 1 0 0 0 0 0 1 1 
1 1 0 0 1 0 0 0 1 
0 0 0 0 0 0 1 0 0 
1 1 0 0 0 0 1 0 1 
0 1 1 0 0 0 0 0 0 
1 0 0 1 0 1 1 0 0 

JOBS [9] - [3, 14, 13, 1, 8, 0, 4, 18, 16]
TOOL SWITCHES : 2
MAKESPAN : 31

# -------------------------- #

--- TOTAL TOOL SWITCHES : 10
--- HIGHEST MAKESPAN : 31
--- TOTAL FLOWTIME : 303
--- RUNNING TIME : 3.68092

# -------------------------- #


avg : 32.4
