RUN : 1 - instancias_txt/SSP-NPM-I/ins101_m=3_j=20_t=15_var=1.txt

- MACHINE [0]

0 0 1 1 1 1 1 0 
0 0 0 1 0 0 1 0 
0 1 0 0 1 1 1 1 
0 1 1 0 0 0 0 0 
1 0 1 1 1 1 0 1 
0 0 0 0 0 1 1 1 
0 0 0 0 0 0 0 0 
1 1 1 1 1 0 1 1 
1 1 1 1 1 0 0 0 
0 0 0 0 0 1 1 0 
0 0 0 0 0 0 0 0 
1 1 0 0 0 0 0 0 
1 0 1 0 0 0 0 0 
0 0 0 0 0 0 0 1 
0 0 0 1 0 0 0 1 

JOBS [8] - [6, 15, 0, 3, 7, 19, 10, 18]
TOOL SWITCHES : 7
MAKESPAN : 33

- MACHINE [1]

0 0 0 0 0 0 
0 0 1 0 0 0 
0 0 0 0 0 0 
1 0 1 0 0 0 
1 1 1 1 0 0 
1 0 0 0 1 1 
0 1 0 0 1 1 
1 1 0 0 0 0 
0 1 0 1 0 1 
1 1 1 0 0 0 
0 0 0 1 0 0 
0 0 1 0 1 0 
0 0 0 1 1 1 
0 0 0 1 1 1 
1 1 1 1 1 0 

JOBS [6] - [1, 2, 13, 9, 17, 8]
TOOL SWITCHES : 3
MAKESPAN : 33

- MACHINE [2]

0 1 1 1 1 0 
1 0 0 0 1 0 
1 1 0 0 0 1 
1 0 1 0 0 1 
0 1 0 0 0 0 
1 0 0 1 0 0 
0 0 1 1 0 1 
1 0 0 0 1 0 
0 0 0 0 1 0 
0 0 0 1 0 1 
1 1 0 1 1 0 
0 0 0 1 0 0 
0 0 1 0 0 1 
1 1 1 0 1 0 
0 0 0 0 0 0 

JOBS [6] - [5, 16, 4, 12, 11, 14]
TOOL SWITCHES : 1
MAKESPAN : 30

# -------------------------- #

--- TOTAL TOOL SWITCHES : 11
--- HIGHEST MAKESPAN : 33
--- TOTAL FLOWTIME : 325
--- RUNNING TIME : 2.81684

# -------------------------- #
RUN : 1 - instancias_txt/SSP-NPM-I/ins102_m=3_j=20_t=15_var=2.txt

- MACHINE [0]

1 1 1 0 
0 0 1 0 
0 0 0 1 
0 0 0 1 
0 1 1 0 
0 0 0 0 
0 1 0 0 
0 1 1 0 
0 0 0 1 
1 1 0 0 
1 0 0 0 
0 1 1 1 
1 0 0 0 
1 0 1 0 
0 0 1 1 

JOBS [4] - [10, 11, 16, 1]
TOOL SWITCHES : 7
MAKESPAN : 26

- MACHINE [1]

0 0 0 0 0 1 
0 0 0 1 0 1 
1 1 0 1 1 0 
0 0 1 0 1 0 
1 0 0 0 1 0 
0 1 1 0 0 1 
1 1 1 0 1 0 
0 0 0 0 0 0 
1 1 1 1 0 0 
0 0 0 1 1 0 
1 1 0 0 0 0 
0 0 1 0 0 1 
0 0 0 0 0 1 
1 1 1 1 1 1 
0 0 0 0 0 0 

JOBS [6] - [2, 5, 0, 13, 4, 9]
TOOL SWITCHES : 3
MAKESPAN : 23

- MACHINE [2]

0 0 1 1 0 1 1 0 1 1 
1 0 0 1 1 0 0 1 0 1 
1 1 0 1 0 0 0 0 0 0 
0 0 0 1 0 0 0 0 1 0 
0 1 1 0 1 0 1 0 1 0 
0 0 1 0 0 1 0 1 0 0 
0 1 0 1 1 1 1 0 1 1 
1 0 0 1 0 0 0 0 1 1 
0 0 0 0 1 1 1 1 1 0 
1 1 0 0 1 1 0 0 0 0 
0 1 0 0 0 1 1 1 0 0 
0 0 1 1 0 1 0 1 0 1 
1 0 1 0 0 0 1 0 0 1 
0 0 0 0 0 0 0 0 0 0 
0 1 0 0 1 0 0 0 0 0 

JOBS [10] - [3, 7, 18, 15, 6, 17, 12, 8, 14, 19]
TOOL SWITCHES : 1
MAKESPAN : 26

# -------------------------- #

--- TOTAL TOOL SWITCHES : 11
--- HIGHEST MAKESPAN : 26
--- TOTAL FLOWTIME : 277
--- RUNNING TIME : 4.07493

# -------------------------- #
RUN : 1 - instancias_txt/SSP-NPM-I/ins103_m=3_j=20_t=15_var=3.txt

- MACHINE [0]

1 0 1 0 1 0 0 
0 0 1 1 1 1 0 
0 0 0 0 0 0 0 
1 0 0 0 0 0 0 
1 1 1 0 0 1 0 
1 1 0 0 0 0 0 
0 1 1 1 1 0 0 
0 0 0 0 1 1 1 
0 0 0 1 1 1 1 
1 0 0 0 0 1 1 
0 1 1 0 1 1 1 
1 1 1 1 1 0 1 
0 0 0 0 0 0 1 
0 0 1 1 0 1 1 
1 1 0 0 0 0 0 

JOBS [7] - [9, 15, 6, 2, 18, 13, 10]
TOOL SWITCHES : 11
MAKESPAN : 36

- MACHINE [1]

1 0 0 0 0 1 
0 0 0 1 1 0 
0 0 1 0 1 0 
1 1 1 1 0 0 
0 1 1 0 0 1 
0 1 0 0 1 0 
1 1 0 0 0 0 
0 1 0 0 1 0 
0 0 0 0 1 1 
0 0 1 0 0 0 
1 1 0 0 0 0 
0 1 1 1 0 1 
1 0 0 1 1 1 
1 0 0 0 0 0 
0 0 1 1 0 1 

JOBS [6] - [19, 11, 5, 8, 12, 1]
TOOL SWITCHES : 5
MAKESPAN : 36

- MACHINE [2]

0 0 0 0 1 1 0 
0 1 0 0 0 1 1 
0 1 1 0 1 1 1 
0 0 0 1 0 1 0 
0 0 1 1 0 0 0 
0 0 0 0 1 0 0 
1 1 0 0 0 0 1 
0 1 1 1 1 0 0 
1 1 1 0 1 1 1 
1 0 1 0 0 1 0 
1 0 0 1 1 0 0 
0 0 0 0 0 0 0 
0 0 1 0 0 0 1 
1 1 0 0 0 0 1 
1 1 1 1 0 0 0 

JOBS [7] - [14, 17, 16, 3, 0, 4, 7]
TOOL SWITCHES : 1
MAKESPAN : 36

# -------------------------- #

--- TOTAL TOOL SWITCHES : 17
--- HIGHEST MAKESPAN : 36
--- TOTAL FLOWTIME : 411
--- RUNNING TIME : 2.80207

# -------------------------- #
RUN : 1 - instancias_txt/SSP-NPM-I/ins104_m=3_j=20_t=15_var=4.txt

- MACHINE [0]

1 0 1 1 0 0 
0 1 0 0 0 1 
1 0 0 1 0 0 
0 0 0 0 1 0 
1 1 0 1 1 1 
1 1 0 0 0 0 
1 0 0 0 0 1 
1 1 1 0 0 0 
0 0 0 1 0 1 
0 0 0 0 1 0 
0 1 1 1 1 0 
0 0 1 0 1 0 
0 1 0 0 1 1 
1 0 0 0 0 1 
0 0 1 0 0 0 

JOBS [6] - [0, 13, 5, 19, 10, 14]
TOOL SWITCHES : 12
MAKESPAN : 33

- MACHINE [1]

0 0 1 1 1 0 
1 1 1 1 0 0 
0 0 1 0 1 1 
1 1 0 1 0 1 
0 0 0 0 0 0 
1 0 1 0 0 1 
0 0 0 0 0 0 
1 1 0 0 1 0 
0 0 1 0 0 1 
1 1 0 0 1 0 
1 1 0 1 0 1 
0 0 0 0 1 0 
0 0 0 0 0 0 
0 0 0 1 1 1 
0 1 0 1 0 0 

JOBS [6] - [11, 16, 6, 17, 2, 9]
TOOL SWITCHES : 3
MAKESPAN : 33

- MACHINE [2]

1 0 0 1 1 1 1 1 
0 0 1 1 1 0 0 1 
1 1 0 0 0 0 0 0 
0 0 1 0 0 1 0 0 
0 1 0 0 1 0 1 0 
1 1 1 1 0 0 1 0 
1 1 1 1 0 1 1 0 
0 0 0 0 0 0 0 0 
0 0 1 0 1 0 0 0 
1 1 0 0 1 1 1 1 
0 0 0 0 0 0 0 0 
1 1 0 1 0 1 1 0 
0 0 0 0 0 1 0 1 
0 1 1 0 1 0 0 1 
0 0 0 1 1 0 0 1 

JOBS [8] - [8, 18, 3, 1, 7, 15, 4, 12]
TOOL SWITCHES : 0
MAKESPAN : 33

# -------------------------- #

--- TOTAL TOOL SWITCHES : 15
--- HIGHEST MAKESPAN : 33
--- TOTAL FLOWTIME : 313
--- RUNNING TIME : 3.2431

# -------------------------- #
RUN : 1 - instancias_txt/SSP-NPM-I/ins105_m=3_j=20_t=15_var=5.txt

- MACHINE [0]

0 1 0 0 1 0 
0 0 0 0 1 1 
0 0 0 0 0 0 
0 1 1 0 0 0 
1 0 0 0 0 1 
0 1 0 0 0 0 
1 1 1 1 1 1 
0 0 0 1 1 1 
0 0 0 1 0 0 
1 1 1 0 0 0 
1 0 1 0 1 0 
0 0 1 1 1 0 
0 0 0 0 0 1 
1 0 1 1 0 1 
1 0 0 0 0 1 

JOBS [6] - [18, 13, 11, 16, 3, 2]
TOOL SWITCHES : 9
MAKESPAN : 37

- MACHINE [1]

0 0 1 0 1 1 1 
1 1 1 0 1 1 0 
0 0 0 1 0 1 0 
0 1 1 0 0 0 0 
1 0 0 1 0 0 0 
0 0 0 1 1 1 1 
0 1 0 0 0 1 0 
1 0 0 1 0 0 1 
1 0 1 0 0 0 0 
1 1 1 0 0 0 0 
0 0 0 1 1 1 1 
0 0 0 0 0 0 0 
1 1 1 1 0 0 1 
0 0 1 0 1 1 1 
0 0 0 0 1 0 0 

JOBS [7] - [1, 12, 17, 10, 5, 4, 14]
TOOL SWITCHES : 4
MAKESPAN : 37

- MACHINE [2]

0 0 1 1 0 1 1 
1 1 0 1 1 0 0 
0 0 1 1 1 0 0 
0 1 1 0 1 0 0 
1 0 1 0 0 1 1 
1 0 1 0 1 0 0 
1 1 0 0 0 1 0 
0 1 0 0 0 0 0 
1 0 0 1 0 0 0 
1 0 0 0 1 1 0 
0 0 0 1 1 0 1 
1 1 1 0 0 1 1 
0 0 0 0 0 0 0 
0 1 0 1 1 0 1 
0 1 0 0 0 1 1 

JOBS [7] - [6, 19, 0, 9, 8, 7, 15]
TOOL SWITCHES : 1
MAKESPAN : 37

# -------------------------- #

--- TOTAL TOOL SWITCHES : 14
--- HIGHEST MAKESPAN : 37
--- TOTAL FLOWTIME : 402
--- RUNNING TIME : 2.64709

# -------------------------- #
RUN : 1 - instancias_txt/SSP-NPM-I/ins106_m=3_j=20_t=15_var=6.txt

- MACHINE [0]

0 1 0 0 1 1 
1 1 0 0 1 1 
0 0 0 0 1 1 
1 0 1 1 0 0 
1 0 0 0 0 0 
0 0 0 1 1 1 
0 0 0 0 0 0 
0 1 1 0 0 0 
1 0 0 0 0 0 
0 0 0 1 1 1 
0 0 0 0 0 1 
1 1 0 1 1 0 
0 1 1 1 0 1 
0 1 1 0 0 0 
0 0 1 1 0 0 

JOBS [6] - [14, 8, 3, 7, 2, 12]
TOOL SWITCHES : 8
MAKESPAN : 34

- MACHINE [1]

1 0 0 0 0 
0 1 0 0 0 
1 1 0 1 0 
1 1 0 0 1 
0 0 1 0 0 
0 0 0 0 0 
0 0 1 1 1 
0 0 1 1 1 
0 0 0 0 0 
0 1 0 1 1 
1 0 1 0 1 
1 0 1 0 1 
0 1 1 1 0 
0 0 0 0 0 
1 1 1 1 0 

JOBS [5] - [0, 17, 19, 6, 13]
TOOL SWITCHES : 2
MAKESPAN : 32

- MACHINE [2]

0 1 0 0 0 0 1 1 1 
0 0 1 1 1 0 0 0 0 
0 0 0 0 1 1 0 0 0 
1 0 1 1 0 0 0 0 1 
0 1 0 1 0 0 0 1 1 
1 1 0 0 1 0 1 1 1 
0 0 0 0 0 1 1 1 0 
0 0 0 0 0 0 0 0 0 
0 0 0 0 1 0 1 1 1 
0 0 1 1 1 1 0 0 0 
0 1 1 1 0 0 0 0 0 
1 0 0 0 1 0 0 1 1 
1 1 1 0 0 1 1 0 1 
1 0 1 0 1 1 0 1 0 
0 1 1 0 0 0 0 0 0 

JOBS [9] - [16, 9, 4, 11, 10, 5, 15, 18, 1]
TOOL SWITCHES : 1
MAKESPAN : 34

# -------------------------- #

--- TOTAL TOOL SWITCHES : 11
--- HIGHEST MAKESPAN : 34
--- TOTAL FLOWTIME : 390
--- RUNNING TIME : 3.29902

# -------------------------- #
RUN : 1 - instancias_txt/SSP-NPM-I/ins107_m=3_j=20_t=15_var=7.txt

- MACHINE [0]

0 1 0 0 0 0 0 
0 1 1 0 0 1 1 
1 1 1 1 0 0 0 
1 0 0 1 1 0 1 
1 0 0 0 1 1 0 
0 0 0 1 0 1 1 
0 0 0 0 0 1 1 
1 1 1 1 1 1 0 
0 0 1 1 1 1 1 
0 0 0 0 1 0 0 
0 1 0 1 1 0 1 
1 1 1 0 0 0 0 
1 0 0 0 0 0 0 
0 0 0 0 0 0 0 
1 0 0 0 0 0 1 

JOBS [7] - [0, 8, 1, 9, 5, 15, 12]
TOOL SWITCHES : 11
MAKESPAN : 39

- MACHINE [1]

1 0 0 0 0 1 
0 0 0 0 0 1 
0 0 1 1 0 0 
0 0 0 0 0 0 
0 0 0 1 0 1 
1 0 1 1 1 1 
1 0 1 0 1 1 
0 0 0 0 0 0 
0 0 0 0 0 0 
0 1 1 1 0 0 
1 0 0 0 1 1 
1 1 1 0 0 0 
1 1 0 0 1 0 
0 1 0 1 0 0 
0 1 1 0 1 1 

JOBS [6] - [4, 17, 2, 11, 14, 10]
TOOL SWITCHES : 2
MAKESPAN : 39

- MACHINE [2]

0 1 0 1 0 1 1 
0 1 1 1 1 0 1 
1 1 1 0 0 0 1 
1 1 1 0 0 0 1 
0 0 0 1 1 1 0 
0 1 0 0 0 0 0 
0 0 0 1 0 1 0 
0 0 0 1 1 0 0 
1 0 0 0 0 1 0 
1 0 0 0 0 1 0 
0 0 1 0 0 1 0 
1 0 0 1 0 0 0 
1 0 1 0 1 0 1 
0 0 1 0 1 0 0 
1 1 0 0 0 0 0 

JOBS [7] - [7, 13, 16, 18, 6, 3, 19]
TOOL SWITCHES : 2
MAKESPAN : 38

# -------------------------- #

--- TOTAL TOOL SWITCHES : 15
--- HIGHEST MAKESPAN : 39
--- TOTAL FLOWTIME : 391
--- RUNNING TIME : 3.64516

# -------------------------- #
RUN : 1 - instancias_txt/SSP-NPM-I/ins108_m=3_j=20_t=15_var=8.txt

- MACHINE [0]

0 0 0 0 1 1 
1 0 1 0 0 0 
1 0 0 0 0 0 
0 1 1 1 1 1 
0 1 0 0 0 0 
1 1 0 0 0 0 
1 1 1 1 1 1 
0 0 0 0 0 0 
0 0 0 0 0 1 
0 0 1 1 0 1 
0 0 0 0 0 1 
1 1 1 0 0 0 
0 0 0 1 0 0 
0 0 1 0 1 0 
1 0 1 1 1 0 

JOBS [6] - [4, 15, 3, 1, 12, 18]
TOOL SWITCHES : 7
MAKESPAN : 25

- MACHINE [1]

0 0 1 0 0 
0 0 1 0 0 
1 1 1 0 0 
0 0 0 1 1 
1 1 0 0 0 
1 1 1 1 0 
0 0 0 0 0 
1 0 0 0 1 
1 1 0 1 1 
0 0 0 0 1 
0 0 0 0 0 
0 1 0 1 1 
1 0 1 1 1 
0 0 0 0 0 
1 0 0 0 0 

JOBS [5] - [2, 0, 16, 5, 19]
TOOL SWITCHES : 2
MAKESPAN : 23

- MACHINE [2]

1 1 0 1 0 1 0 0 1 
1 0 1 0 0 0 0 0 0 
0 0 0 1 1 1 1 0 1 
0 0 1 0 0 0 1 1 0 
1 1 0 0 1 0 1 0 0 
0 1 0 1 0 0 0 0 1 
0 0 0 0 0 0 0 0 0 
0 1 0 0 0 0 1 1 0 
0 0 1 0 1 1 0 0 0 
0 1 0 0 1 1 0 1 0 
1 0 1 1 1 0 1 1 1 
1 1 0 1 0 1 0 0 1 
1 0 1 1 0 0 1 1 0 
0 0 1 0 0 0 0 1 1 
1 1 1 0 0 1 0 0 0 

JOBS [9] - [14, 11, 7, 6, 17, 13, 9, 8, 10]
TOOL SWITCHES : 1
MAKESPAN : 26

# -------------------------- #

--- TOTAL TOOL SWITCHES : 10
--- HIGHEST MAKESPAN : 26
--- TOTAL FLOWTIME : 258
--- RUNNING TIME : 3.44708

# -------------------------- #
RUN : 1 - instancias_txt/SSP-NPM-I/ins109_m=3_j=20_t=15_var=9.txt

- MACHINE [0]

0 0 0 1 1 
0 1 0 1 1 
1 1 0 0 0 
0 1 1 1 0 
1 0 1 1 1 
0 1 1 0 1 
0 0 0 0 0 
0 0 0 0 0 
1 1 1 1 0 
0 0 1 0 0 
1 0 1 1 0 
1 0 0 0 0 
1 0 0 0 0 
0 0 0 0 1 
0 0 0 0 0 

JOBS [5] - [1, 7, 9, 16, 2]
TOOL SWITCHES : 5
MAKESPAN : 25

- MACHINE [1]

0 1 0 1 0 1 0 0 
1 1 0 0 0 0 0 0 
1 1 1 0 1 0 0 0 
1 0 1 1 0 0 0 0 
0 0 0 0 0 0 0 0 
1 0 0 0 1 1 1 0 
0 0 0 1 0 1 1 0 
0 0 0 1 1 0 0 1 
0 0 0 0 1 0 1 1 
0 0 1 0 0 1 0 1 
0 0 0 0 0 0 0 1 
1 1 1 0 1 1 0 1 
0 1 1 0 0 0 0 0 
1 1 1 1 0 1 1 1 
1 1 1 1 0 0 1 1 

JOBS [8] - [15, 13, 17, 0, 12, 19, 5, 11]
TOOL SWITCHES : 4
MAKESPAN : 28

- MACHINE [2]

0 1 0 1 1 0 0 
1 1 1 0 1 0 0 
0 0 0 1 1 1 0 
0 0 0 0 0 0 0 
1 1 0 1 1 0 1 
0 1 0 0 0 0 1 
1 0 0 0 1 1 1 
0 0 1 0 0 1 0 
0 0 0 0 0 1 0 
1 0 1 0 1 0 0 
0 0 0 1 0 0 1 
0 0 0 0 0 1 0 
1 1 0 0 0 0 0 
1 0 1 1 0 0 0 
0 1 1 1 1 1 1 

JOBS [7] - [18, 10, 3, 14, 8, 4, 6]
TOOL SWITCHES : 1
MAKESPAN : 28

# -------------------------- #

--- TOTAL TOOL SWITCHES : 10
--- HIGHEST MAKESPAN : 28
--- TOTAL FLOWTIME : 292
--- RUNNING TIME : 3.26609

# -------------------------- #
RUN : 1 - instancias_txt/SSP-NPM-I/ins110_m=3_j=20_t=15_var=10.txt

- MACHINE [0]

0 1 0 0 0 
1 1 1 0 1 
1 1 1 1 1 
1 0 0 0 0 
0 0 1 0 0 
0 0 0 0 0 
1 0 0 0 0 
0 1 1 1 1 
0 1 0 1 1 
0 0 1 1 1 
0 0 0 0 0 
0 1 0 0 0 
0 0 0 0 0 
1 0 1 0 1 
0 0 0 1 0 

JOBS [5] - [3, 15, 5, 0, 8]
TOOL SWITCHES : 5
MAKESPAN : 27

- MACHINE [1]

0 1 1 0 1 0 
0 0 0 0 0 0 
0 0 0 1 0 1 
1 1 0 0 0 0 
1 1 0 1 1 0 
0 0 0 1 1 1 
1 1 1 0 0 1 
1 0 1 0 0 1 
0 0 0 1 1 1 
0 0 1 0 1 0 
1 0 1 1 0 0 
0 0 0 0 0 0 
0 0 0 0 1 1 
0 1 0 0 0 0 
1 1 1 1 1 1 

JOBS [6] - [14, 19, 10, 13, 9, 11]
TOOL SWITCHES : 3
MAKESPAN : 27

- MACHINE [2]

0 0 0 1 1 0 0 1 0 
0 1 1 1 1 0 0 0 1 
0 0 1 0 0 0 1 0 1 
1 1 0 1 1 0 0 1 0 
0 0 0 0 0 0 0 0 0 
0 0 1 1 0 1 1 1 0 
1 0 0 0 0 0 1 1 1 
0 1 0 1 0 0 0 0 0 
0 1 1 1 1 1 0 1 1 
1 0 0 0 0 0 1 0 0 
0 0 0 0 0 0 1 1 0 
1 0 1 1 0 1 1 0 1 
0 1 0 0 0 1 0 0 1 
0 0 0 0 1 1 0 0 1 
1 0 0 0 1 1 0 0 0 

JOBS [9] - [2, 18, 17, 4, 1, 12, 7, 16, 6]
TOOL SWITCHES : 1
MAKESPAN : 28

# -------------------------- #

--- TOTAL TOOL SWITCHES : 9
--- HIGHEST MAKESPAN : 28
--- TOTAL FLOWTIME : 313
--- RUNNING TIME : 3.14041

# -------------------------- #
RUN : 1 - instancias_txt/SSP-NPM-I/ins111_m=3_j=20_t=15_var=11.txt

- MACHINE [0]

0 0 0 0 0 
1 1 0 0 0 
1 1 0 0 0 
0 0 0 1 0 
0 0 0 0 0 
0 1 1 0 0 
1 0 0 0 0 
0 1 1 1 0 
0 0 1 1 1 
1 1 0 1 0 
1 0 1 0 0 
1 0 1 1 0 
1 1 1 0 1 
0 0 0 0 0 
0 0 0 0 1 

JOBS [5] - [12, 11, 6, 1, 17]
TOOL SWITCHES : 6
MAKESPAN : 30

- MACHINE [1]

0 0 0 1 1 1 0 
0 0 1 1 0 1 1 
0 0 0 0 1 0 0 
0 0 0 0 1 1 1 
1 1 1 1 1 0 0 
1 0 0 0 0 0 1 
0 0 1 0 0 0 0 
0 1 1 0 0 1 0 
0 1 1 1 1 0 0 
1 0 0 1 1 1 1 
1 0 0 0 0 0 0 
1 1 1 1 0 0 0 
0 0 0 0 0 1 1 
1 1 0 0 0 0 0 
1 1 0 1 1 0 1 

JOBS [7] - [4, 14, 19, 10, 2, 15, 13]
TOOL SWITCHES : 5
MAKESPAN : 32

- MACHINE [2]

1 1 0 0 0 1 1 0 
0 0 1 0 1 1 0 0 
1 0 1 0 0 0 0 0 
0 0 0 0 0 0 0 0 
1 0 0 1 1 1 0 0 
0 1 1 0 1 0 1 1 
1 1 1 1 1 0 1 0 
0 0 0 0 0 0 0 0 
0 1 0 1 0 0 0 1 
0 0 0 0 1 1 1 1 
1 0 1 1 0 0 0 1 
0 0 1 0 0 0 1 1 
1 1 1 0 1 1 1 0 
0 1 0 1 1 0 0 1 
0 0 0 1 0 1 0 0 

JOBS [8] - [0, 7, 16, 18, 9, 3, 5, 8]
TOOL SWITCHES : 0
MAKESPAN : 27

# -------------------------- #

--- TOTAL TOOL SWITCHES : 11
--- HIGHEST MAKESPAN : 32
--- TOTAL FLOWTIME : 311
--- RUNNING TIME : 3.06934

# -------------------------- #
RUN : 1 - instancias_txt/SSP-NPM-I/ins112_m=3_j=20_t=15_var=12.txt

- MACHINE [0]

0 0 1 1 1 0 
0 0 1 1 0 0 
0 0 0 1 0 0 
0 0 0 0 0 1 
0 0 0 1 1 0 
1 1 0 1 1 1 
1 1 1 0 0 0 
0 1 1 0 0 0 
0 0 0 0 0 0 
0 0 0 0 1 1 
1 0 1 0 0 1 
0 0 1 1 1 0 
1 1 0 0 0 0 
0 0 0 0 0 1 
1 1 0 0 1 1 

JOBS [6] - [16, 2, 5, 0, 4, 19]
TOOL SWITCHES : 8
MAKESPAN : 35

- MACHINE [1]

0 0 0 1 0 0 
1 0 1 1 1 0 
0 1 0 1 0 0 
0 0 1 0 1 0 
0 0 0 0 1 1 
0 1 1 0 0 0 
0 0 0 0 1 1 
1 1 0 0 0 1 
0 0 0 1 0 1 
1 1 0 1 0 1 
1 1 0 0 0 0 
1 1 1 0 1 1 
1 0 1 0 0 1 
1 0 1 1 1 0 
0 1 1 0 0 0 

JOBS [6] - [9, 15, 10, 3, 7, 14]
TOOL SWITCHES : 5
MAKESPAN : 35

- MACHINE [2]

1 1 1 0 1 0 0 1 
0 0 0 1 0 0 1 0 
0 1 1 1 0 0 0 1 
1 1 0 1 0 1 0 1 
1 0 0 0 0 0 1 1 
0 0 0 0 1 1 0 0 
0 1 0 1 0 1 1 0 
0 0 0 0 0 0 0 0 
0 0 1 1 1 0 1 0 
0 0 1 0 0 1 0 1 
1 1 1 1 0 0 1 0 
0 0 0 0 0 0 0 0 
1 0 1 0 1 0 0 1 
0 0 0 0 0 1 0 0 
0 1 0 1 1 1 1 0 

JOBS [8] - [17, 6, 11, 1, 13, 8, 18, 12]
TOOL SWITCHES : 0
MAKESPAN : 34

# -------------------------- #

--- TOTAL TOOL SWITCHES : 13
--- HIGHEST MAKESPAN : 35
--- TOTAL FLOWTIME : 374
--- RUNNING TIME : 3.01939

# -------------------------- #
RUN : 1 - instancias_txt/SSP-NPM-I/ins113_m=3_j=20_t=15_var=13.txt

- MACHINE [0]

1 1 0 0 0 0 0 
1 1 1 1 0 0 0 
0 1 1 0 1 0 0 
1 0 0 0 0 0 1 
0 0 0 1 0 0 0 
0 0 0 0 0 0 0 
1 0 1 0 1 0 0 
0 0 1 0 0 1 0 
0 1 0 0 1 1 1 
0 0 1 1 1 1 1 
0 1 0 1 1 1 1 
0 0 0 0 1 1 0 
0 0 0 0 0 1 1 
1 0 1 1 1 0 0 
1 1 0 0 0 0 0 

JOBS [7] - [8, 10, 15, 18, 7, 14, 1]
TOOL SWITCHES : 11
MAKESPAN : 35

- MACHINE [1]

0 0 0 0 1 1 0 
0 0 0 0 0 0 1 
1 1 0 1 0 0 0 
0 0 0 0 0 0 1 
0 1 0 1 0 1 1 
1 0 1 1 0 0 0 
0 0 1 0 0 1 1 
1 0 1 0 1 0 1 
0 1 0 0 1 0 1 
0 0 1 0 0 1 0 
0 1 1 1 1 0 0 
1 1 1 1 0 1 0 
1 1 0 0 0 0 0 
0 0 0 0 1 0 0 
1 0 0 1 1 1 1 

JOBS [7] - [4, 6, 19, 16, 0, 9, 3]
TOOL SWITCHES : 5
MAKESPAN : 35

- MACHINE [2]

1 0 0 0 1 0 
1 1 1 1 0 0 
1 1 0 1 0 1 
0 0 1 1 1 1 
0 0 0 1 0 1 
1 1 0 0 1 1 
0 0 0 0 0 0 
0 0 1 1 0 0 
0 0 0 0 1 0 
1 1 0 1 1 1 
0 0 0 0 0 0 
0 1 1 0 0 0 
1 0 1 0 0 0 
1 0 0 1 1 0 
0 0 1 0 0 0 

JOBS [6] - [5, 12, 11, 2, 13, 17]
TOOL SWITCHES : 0
MAKESPAN : 32

# -------------------------- #

--- TOTAL TOOL SWITCHES : 16
--- HIGHEST MAKESPAN : 35
--- TOTAL FLOWTIME : 357
--- RUNNING TIME : 2.89284

# -------------------------- #
RUN : 1 - instancias_txt/SSP-NPM-I/ins114_m=3_j=20_t=15_var=14.txt

- MACHINE [0]

1 0 1 0 
1 0 0 1 
0 1 0 1 
1 1 0 0 
0 1 1 1 
0 0 0 0 
0 0 0 1 
0 0 0 0 
1 1 0 0 
0 0 0 1 
0 1 1 0 
0 0 1 1 
1 1 1 0 
0 1 0 0 
0 0 1 0 

JOBS [4] - [2, 4, 19, 17]
TOOL SWITCHES : 8
MAKESPAN : 33

- MACHINE [1]

0 1 1 0 1 1 1 
0 0 0 0 1 0 0 
0 1 0 1 0 1 0 
0 0 0 0 0 0 0 
0 0 0 0 0 0 0 
0 0 1 1 1 0 1 
1 0 1 1 0 0 0 
0 0 0 0 1 0 1 
0 1 0 1 0 0 0 
1 1 1 0 0 1 0 
1 1 1 0 1 0 0 
0 1 0 0 0 0 0 
1 0 1 1 0 0 1 
1 0 0 0 0 1 1 
1 0 1 1 1 1 1 

JOBS [7] - [3, 8, 5, 15, 12, 11, 9]
TOOL SWITCHES : 3
MAKESPAN : 30

- MACHINE [2]

0 0 0 0 1 0 1 0 0 
0 0 0 0 0 0 0 0 0 
1 1 0 0 0 0 0 0 0 
1 1 0 1 1 1 0 1 0 
0 0 0 0 0 0 1 1 1 
0 0 0 0 0 1 0 1 1 
0 0 0 0 0 0 0 0 1 
0 1 1 1 0 1 1 1 1 
0 1 0 0 1 1 1 0 0 
1 0 1 0 1 0 0 1 0 
1 1 1 1 0 0 1 0 1 
1 0 1 1 1 0 0 0 0 
0 0 0 0 1 1 0 1 0 
0 1 1 1 0 1 1 0 0 
1 0 1 0 0 0 0 1 1 

JOBS [9] - [18, 16, 7, 14, 10, 13, 1, 6, 0]
TOOL SWITCHES : 1
MAKESPAN : 33

# -------------------------- #

--- TOTAL TOOL SWITCHES : 12
--- HIGHEST MAKESPAN : 33
--- TOTAL FLOWTIME : 335
--- RUNNING TIME : 3.13839

# -------------------------- #
RUN : 1 - instancias_txt/SSP-NPM-I/ins115_m=3_j=20_t=15_var=15.txt

- MACHINE [0]

1 1 0 1 1 
1 1 1 0 0 
0 1 0 0 0 
0 0 1 1 1 
0 0 0 0 0 
0 0 0 1 1 
0 0 1 0 0 
1 1 0 0 1 
0 0 1 0 1 
0 0 0 0 0 
1 1 0 0 0 
1 1 0 1 0 
1 1 1 0 1 
0 0 0 1 0 
0 0 0 0 0 

JOBS [5] - [3, 10, 14, 7, 16]
TOOL SWITCHES : 6
MAKESPAN : 28

- MACHINE [1]

1 0 0 1 1 1 0 
0 0 0 0 1 0 0 
0 0 0 1 1 1 1 
1 1 0 0 0 0 0 
0 1 1 0 1 1 0 
0 1 1 0 0 0 0 
1 0 0 1 0 1 1 
1 0 0 1 1 0 0 
0 1 0 0 0 1 1 
0 0 0 1 1 0 0 
1 1 1 0 0 0 1 
0 0 1 1 1 1 0 
0 0 0 0 0 0 0 
1 1 1 0 0 0 0 
0 0 0 0 0 0 1 

JOBS [7] - [18, 6, 13, 4, 9, 17, 19]
TOOL SWITCHES : 4
MAKESPAN : 28

- MACHINE [2]

1 0 0 0 0 1 1 1 
1 0 1 1 1 0 1 0 
1 1 0 0 1 1 1 1 
0 0 0 0 0 0 0 0 
0 1 0 0 1 0 1 1 
0 0 1 1 0 0 0 0 
0 0 1 0 1 1 0 0 
0 1 0 1 1 1 0 0 
1 0 0 0 0 0 0 0 
1 0 1 1 0 1 0 0 
1 1 1 0 1 1 1 1 
0 1 1 0 0 0 0 1 
0 1 0 0 0 0 0 0 
0 0 0 0 1 1 1 1 
1 0 0 1 0 0 1 0 

JOBS [8] - [5, 2, 8, 0, 11, 1, 15, 12]
TOOL SWITCHES : 1
MAKESPAN : 28

# -------------------------- #

--- TOTAL TOOL SWITCHES : 11
--- HIGHEST MAKESPAN : 28
--- TOTAL FLOWTIME : 260
--- RUNNING TIME : 3.43796

# -------------------------- #
RUN : 1 - instancias_txt/SSP-NPM-I/ins116_m=3_j=20_t=15_var=16.txt

- MACHINE [0]

0 0 0 0 0 
1 1 0 0 0 
0 0 0 0 1 
0 0 0 0 0 
1 0 1 1 0 
0 1 1 0 0 
0 0 1 1 0 
0 1 0 0 1 
1 1 1 1 1 
0 0 0 0 1 
1 1 1 1 1 
1 0 1 0 0 
1 1 0 1 0 
0 0 0 0 0 
0 0 0 0 0 

JOBS [5] - [3, 7, 0, 14, 1]
TOOL SWITCHES : 6
MAKESPAN : 33

- MACHINE [1]

0 1 1 0 1 1 1 1 
0 1 1 1 0 0 1 1 
0 0 0 0 1 0 0 1 
0 1 1 0 0 0 1 0 
0 0 0 0 0 0 0 0 
1 1 0 1 1 1 1 0 
1 1 1 0 1 1 0 0 
1 0 0 1 0 0 0 0 
0 0 0 0 1 0 1 1 
1 0 0 1 0 1 1 1 
0 0 1 0 0 0 0 0 
0 0 0 0 0 1 0 0 
0 0 0 0 0 0 0 1 
1 1 0 1 1 0 0 0 
0 1 1 0 0 1 0 0 

JOBS [8] - [16, 13, 5, 17, 11, 6, 2, 15]
TOOL SWITCHES : 4
MAKESPAN : 32

- MACHINE [2]

1 0 0 1 1 1 0 
0 0 0 0 0 0 0 
0 0 1 0 1 0 1 
1 1 1 0 0 1 1 
0 1 0 1 1 0 1 
1 0 0 1 0 1 0 
0 0 0 0 0 1 0 
1 0 0 0 1 0 0 
1 0 0 0 0 0 0 
0 1 0 1 0 0 1 
0 0 0 0 0 0 0 
0 1 1 0 1 1 1 
0 1 0 1 1 1 0 
1 0 1 0 0 0 1 
0 1 1 1 0 0 0 

JOBS [7] - [19, 12, 18, 8, 4, 9, 10]
TOOL SWITCHES : 0
MAKESPAN : 33

# -------------------------- #

--- TOTAL TOOL SWITCHES : 10
--- HIGHEST MAKESPAN : 33
--- TOTAL FLOWTIME : 367
--- RUNNING TIME : 3.1335

# -------------------------- #
RUN : 1 - instancias_txt/SSP-NPM-I/ins117_m=3_j=20_t=15_var=17.txt

- MACHINE [0]

1 1 0 0 0 
0 0 1 0 0 
1 0 0 0 0 
0 0 0 0 0 
0 1 1 0 1 
0 0 0 1 1 
0 0 1 1 0 
0 0 0 1 0 
0 0 0 0 1 
1 0 1 1 0 
0 1 0 0 0 
0 0 0 0 1 
1 1 1 0 1 
1 0 0 0 1 
1 1 0 1 0 

JOBS [5] - [12, 6, 7, 18, 11]
TOOL SWITCHES : 8
MAKESPAN : 28

- MACHINE [1]

1 0 0 1 1 0 
1 1 1 0 0 0 
0 0 1 1 0 0 
0 0 0 1 0 0 
0 0 1 0 1 0 
1 1 0 0 0 0 
0 0 0 1 0 1 
1 1 0 0 0 1 
1 1 1 0 0 0 
0 1 1 0 0 1 
0 0 0 1 1 0 
0 0 1 0 0 0 
1 0 0 1 1 0 
1 1 1 0 1 1 
0 0 0 0 0 1 

JOBS [6] - [9, 13, 10, 1, 2, 3]
TOOL SWITCHES : 5
MAKESPAN : 28

- MACHINE [2]

1 1 1 0 0 0 0 0 0 
1 0 0 1 0 0 1 0 0 
0 0 0 0 1 1 1 0 1 
0 0 1 0 0 1 0 0 0 
1 0 0 0 1 1 1 1 0 
1 0 0 0 1 0 0 1 1 
0 1 1 0 0 0 0 1 0 
0 1 1 0 0 0 1 1 0 
0 0 0 0 1 0 1 1 1 
0 0 0 1 0 0 0 0 0 
0 0 0 0 0 1 0 1 1 
1 1 1 1 1 1 0 0 1 
1 0 0 1 0 0 0 0 1 
0 0 1 1 1 1 1 0 0 
1 1 0 1 0 1 1 0 0 

JOBS [9] - [5, 8, 15, 0, 16, 14, 4, 17, 19]
TOOL SWITCHES : 2
MAKESPAN : 28

# -------------------------- #

--- TOTAL TOOL SWITCHES : 15
--- HIGHEST MAKESPAN : 28
--- TOTAL FLOWTIME : 271
--- RUNNING TIME : 3.4049

# -------------------------- #
RUN : 1 - instancias_txt/SSP-NPM-I/ins118_m=3_j=20_t=15_var=18.txt

- MACHINE [0]

0 1 1 0 0 
1 0 0 0 0 
0 0 1 0 1 
1 0 1 0 0 
1 1 1 0 0 
1 1 1 0 0 
0 0 0 1 1 
1 0 1 1 1 
0 0 1 1 1 
1 1 0 0 0 
0 1 0 0 0 
0 0 0 1 0 
0 0 0 0 0 
0 0 0 1 0 
1 0 0 1 1 

JOBS [5] - [1, 12, 16, 9, 10]
TOOL SWITCHES : 8
MAKESPAN : 40

- MACHINE [1]

0 0 0 1 0 0 1 1 
0 0 0 0 1 1 1 0 
1 1 0 1 0 0 1 0 
0 0 0 1 1 0 1 1 
0 0 1 0 1 0 0 0 
0 1 1 0 1 1 0 0 
1 0 0 1 0 1 1 1 
1 1 1 0 0 1 0 1 
0 0 0 0 0 1 1 1 
1 0 0 0 1 0 1 0 
0 1 1 0 0 0 0 0 
0 0 0 0 0 0 0 0 
1 0 1 1 0 0 0 0 
1 1 1 0 1 1 0 0 
1 1 1 0 0 0 0 0 

JOBS [8] - [15, 7, 5, 14, 18, 13, 8, 0]
TOOL SWITCHES : 4
MAKESPAN : 38

- MACHINE [2]

0 0 0 1 1 0 0 
1 1 1 0 0 0 1 
0 0 0 0 0 1 0 
0 0 0 0 0 0 0 
0 0 1 0 0 1 0 
0 0 0 0 0 0 0 
1 1 1 1 0 0 0 
1 1 0 0 0 1 0 
0 0 1 1 0 1 0 
0 1 1 1 0 1 1 
0 0 0 0 1 1 1 
1 1 0 0 1 0 0 
0 1 0 0 1 0 1 
1 0 0 0 1 0 0 
0 0 1 1 0 0 1 

JOBS [7] - [6, 17, 3, 2, 11, 4, 19]
TOOL SWITCHES : 0
MAKESPAN : 41

# -------------------------- #

--- TOTAL TOOL SWITCHES : 12
--- HIGHEST MAKESPAN : 41
--- TOTAL FLOWTIME : 426
--- RUNNING TIME : 2.96542

# -------------------------- #
RUN : 1 - instancias_txt/SSP-NPM-I/ins119_m=3_j=20_t=15_var=19.txt

- MACHINE [0]

1 1 1 1 0 0 
1 1 1 0 0 0 
1 1 0 1 1 1 
0 0 0 1 1 1 
1 0 1 1 0 1 
0 0 0 0 0 0 
1 1 0 0 0 0 
0 0 1 1 0 1 
0 1 0 0 0 1 
1 0 1 1 1 0 
0 0 0 0 1 1 
0 0 0 0 1 0 
0 0 0 1 1 0 
0 0 0 0 0 0 
1 0 0 0 0 0 

JOBS [6] - [1, 16, 7, 4, 19, 9]
TOOL SWITCHES : 8
MAKESPAN : 35

- MACHINE [1]

1 1 1 1 1 0 1 
0 1 0 1 1 1 0 
1 0 1 0 0 0 0 
0 0 0 1 1 1 1 
0 0 0 1 0 0 1 
1 0 1 0 1 0 1 
0 1 1 0 0 0 0 
1 0 0 0 0 1 0 
0 0 1 1 0 0 0 
1 0 0 0 0 0 0 
1 0 0 0 0 0 0 
0 0 0 0 1 1 0 
0 1 0 0 0 1 1 
0 1 1 0 1 0 0 
1 1 1 1 1 1 1 

JOBS [7] - [5, 15, 18, 10, 11, 14, 6]
TOOL SWITCHES : 5
MAKESPAN : 37

- MACHINE [2]

0 1 0 0 1 0 0 
1 1 0 0 0 0 0 
0 1 0 0 0 0 1 
0 0 0 1 1 1 0 
1 0 1 0 1 1 0 
0 0 1 1 0 1 0 
0 0 0 0 0 0 0 
0 1 0 1 0 1 1 
0 0 0 1 1 0 0 
0 0 1 0 0 1 1 
1 0 1 0 0 1 1 
1 1 1 1 0 0 1 
1 0 1 0 1 0 0 
1 0 0 1 0 0 0 
1 1 0 1 1 0 0 

JOBS [7] - [13, 8, 17, 0, 12, 2, 3]
TOOL SWITCHES : 1
MAKESPAN : 37

# -------------------------- #

--- TOTAL TOOL SWITCHES : 14
--- HIGHEST MAKESPAN : 37
--- TOTAL FLOWTIME : 375
--- RUNNING TIME : 3.2283

# -------------------------- #
RUN : 1 - instancias_txt/SSP-NPM-I/ins120_m=3_j=20_t=15_var=20.txt

- MACHINE [0]

0 0 0 0 
1 1 1 1 
1 1 1 1 
0 1 0 0 
0 0 0 1 
1 0 1 1 
0 0 0 0 
0 1 1 1 
1 1 1 0 
0 0 0 0 
0 0 0 1 
1 0 0 0 
1 1 0 1 
0 0 1 0 
0 0 0 0 

JOBS [4] - [5, 7, 19, 15]
TOOL SWITCHES : 4
MAKESPAN : 28

- MACHINE [1]

1 1 1 0 0 0 0 
1 1 0 0 0 0 0 
0 1 0 1 0 1 1 
0 0 0 0 0 0 0 
0 0 0 0 1 1 0 
0 1 1 1 1 0 0 
0 1 0 0 1 0 0 
1 0 1 1 0 1 1 
1 0 1 0 1 0 1 
1 0 1 1 0 0 1 
0 1 1 0 0 0 0 
0 0 0 1 0 1 1 
0 0 0 0 0 1 1 
0 0 0 1 0 1 1 
0 0 1 0 1 1 0 

JOBS [7] - [6, 2, 17, 11, 1, 10, 12]
TOOL SWITCHES : 4
MAKESPAN : 31

- MACHINE [2]

0 0 1 1 0 1 1 0 1 
0 0 0 0 0 1 0 0 1 
1 1 1 0 1 0 0 0 1 
1 0 0 0 1 0 0 0 0 
1 1 0 0 0 1 1 0 1 
0 0 1 0 0 0 1 1 1 
0 0 0 1 1 1 0 1 0 
1 1 1 0 0 0 1 0 0 
0 1 1 1 0 1 1 0 0 
1 1 0 1 0 0 0 0 0 
0 1 0 1 0 0 0 1 1 
0 0 0 0 1 0 1 0 0 
0 1 0 1 1 0 0 1 0 
0 0 0 1 0 1 0 0 0 
0 0 1 0 1 0 1 1 0 

JOBS [9] - [18, 16, 0, 14, 4, 13, 9, 3, 8]
TOOL SWITCHES : 2
MAKESPAN : 29

# -------------------------- #

--- TOTAL TOOL SWITCHES : 10
--- HIGHEST MAKESPAN : 31
--- TOTAL FLOWTIME : 342
--- RUNNING TIME : 3.31851

# -------------------------- #


avg : 32.65
