RUN : 1 - instancias_txt/SSP-NPM-I/ins101_m=3_j=20_t=15_var=1.txt

- MACHINE [0]

1 1 0 1 1 1 0 
0 1 0 1 0 0 0 
1 1 1 0 0 1 1 
0 0 0 0 1 0 1 
1 0 1 1 1 1 0 
1 1 1 0 0 0 0 
0 0 0 0 0 0 0 
0 1 1 1 1 1 1 
0 0 0 1 1 1 1 
1 1 0 0 0 0 0 
0 0 0 0 0 0 0 
0 0 0 0 0 0 1 
0 0 0 0 1 0 0 
0 0 1 0 0 0 0 
0 0 1 1 0 0 0 

JOBS [7] - [19, 10, 18, 3, 0, 7, 15]
TOOL SWITCHES : 7
MAKESPAN : 32

- MACHINE [1]

0 0 0 0 0 0 
0 0 0 0 1 0 
0 0 0 0 0 0 
0 1 0 0 1 0 
1 1 1 0 1 0 
0 1 0 1 0 1 
0 0 1 1 0 1 
0 1 1 0 0 0 
1 0 1 1 0 0 
0 1 1 0 1 0 
1 0 0 0 0 0 
0 0 0 0 1 1 
1 0 0 1 0 1 
1 0 0 1 0 1 
1 1 1 0 1 1 

JOBS [6] - [9, 1, 2, 8, 13, 17]
TOOL SWITCHES : 3
MAKESPAN : 33

- MACHINE [2]

0 1 1 0 1 1 0 
0 0 1 1 0 0 0 
0 0 0 1 0 1 1 
0 0 0 1 1 0 1 
1 0 0 0 0 1 0 
0 1 0 1 0 0 0 
0 1 0 0 1 0 1 
1 0 1 1 0 0 0 
1 0 1 0 0 0 0 
0 1 0 0 0 0 1 
0 1 1 1 0 1 0 
1 1 0 0 0 0 0 
1 0 0 0 1 0 1 
0 0 1 1 1 1 0 
0 0 0 0 0 0 0 

JOBS [7] - [6, 12, 11, 5, 4, 16, 14]
TOOL SWITCHES : 1
MAKESPAN : 31

# -------------------------- #

--- TOTAL TOOL SWITCHES : 11
--- HIGHEST MAKESPAN : 33
--- TOTAL FLOWTIME : 341
--- RUNNING TIME : 2.7735

# -------------------------- #
RUN : 1 - instancias_txt/SSP-NPM-I/ins102_m=3_j=20_t=15_var=2.txt

- MACHINE [0]

1 0 0 0 
1 0 1 0 
0 1 0 1 
0 1 0 0 
1 0 1 1 
0 0 0 0 
0 0 1 1 
1 0 0 0 
0 1 1 0 
0 0 1 1 
0 0 0 1 
1 1 0 0 
0 0 0 0 
1 0 0 0 
1 1 1 1 

JOBS [4] - [16, 1, 6, 7]
TOOL SWITCHES : 6
MAKESPAN : 24

- MACHINE [1]

1 0 0 0 1 0 
0 0 0 0 1 1 
0 1 1 1 0 1 
0 1 0 0 0 0 
1 1 1 0 0 0 
0 0 0 1 1 0 
1 1 1 1 0 0 
1 0 0 0 0 0 
0 0 1 1 0 1 
1 1 0 0 0 1 
0 0 1 1 0 0 
1 0 0 0 1 0 
0 0 0 0 1 0 
0 1 1 1 1 1 
0 0 0 0 0 0 

JOBS [6] - [11, 4, 2, 5, 9, 13]
TOOL SWITCHES : 4
MAKESPAN : 25

- MACHINE [2]

1 1 1 0 0 1 1 1 1 0 
1 0 1 1 1 0 0 0 0 0 
1 0 0 0 1 0 0 0 0 0 
1 1 0 0 0 0 0 0 0 1 
0 1 0 0 0 1 0 0 1 0 
0 0 0 1 0 0 1 0 1 1 
1 1 1 0 0 1 1 0 0 1 
1 1 1 0 1 0 0 0 0 0 
0 1 0 1 0 1 1 0 0 1 
0 0 0 0 1 0 1 1 0 0 
0 0 0 1 0 1 1 1 0 0 
1 0 1 1 0 0 1 0 1 1 
0 0 1 0 1 1 0 1 1 0 
0 0 0 0 0 0 0 1 0 1 
0 0 0 0 0 0 0 0 0 0 

JOBS [10] - [15, 14, 19, 8, 3, 12, 17, 10, 18, 0]
TOOL SWITCHES : 1
MAKESPAN : 25

# -------------------------- #

--- TOTAL TOOL SWITCHES : 11
--- HIGHEST MAKESPAN : 25
--- TOTAL FLOWTIME : 263
--- RUNNING TIME : 3.86862

# -------------------------- #
RUN : 1 - instancias_txt/SSP-NPM-I/ins103_m=3_j=20_t=15_var=3.txt

- MACHINE [0]

0 0 1 1 0 1 1 
0 1 1 1 0 0 0 
0 0 0 0 0 0 0 
0 0 0 0 0 1 0 
0 0 0 1 1 1 1 
0 0 0 0 1 1 0 
0 1 1 1 1 0 0 
1 0 1 0 0 0 0 
1 1 1 0 0 0 1 
1 0 0 0 0 1 0 
1 0 1 1 1 0 0 
1 1 1 1 1 1 1 
1 0 0 0 0 0 1 
1 1 0 1 0 0 0 
0 0 0 0 1 1 1 

JOBS [7] - [10, 2, 18, 6, 15, 9, 1]
TOOL SWITCHES : 11
MAKESPAN : 36

- MACHINE [1]

1 0 0 0 0 
0 1 1 0 0 
1 1 0 0 1 
0 0 1 1 1 
0 0 0 1 1 
1 1 0 1 0 
0 0 0 1 0 
1 1 0 1 0 
1 1 0 0 0 
0 0 0 0 1 
1 0 0 1 0 
0 0 1 1 1 
0 1 1 0 0 
0 0 0 0 0 
0 0 1 0 1 

JOBS [5] - [0, 12, 8, 11, 5]
TOOL SWITCHES : 4
MAKESPAN : 35

- MACHINE [2]

0 1 0 0 1 0 0 0 
1 0 0 1 1 0 0 1 
0 0 1 1 1 0 0 1 
0 1 0 0 1 1 0 0 
1 0 1 0 0 1 0 0 
0 0 0 0 0 0 0 0 
0 1 0 1 0 0 1 1 
1 0 1 1 0 1 0 0 
1 0 1 1 1 0 1 1 
1 0 1 0 1 0 1 0 
1 1 0 0 0 1 1 0 
0 0 0 0 0 0 0 0 
0 1 1 0 0 0 0 1 
1 1 0 1 0 0 1 1 
0 0 1 1 0 1 1 0 

JOBS [8] - [13, 19, 16, 17, 4, 3, 14, 7]
TOOL SWITCHES : 0
MAKESPAN : 37

# -------------------------- #

--- TOTAL TOOL SWITCHES : 15
--- HIGHEST MAKESPAN : 37
--- TOTAL FLOWTIME : 375
--- RUNNING TIME : 3.46375

# -------------------------- #
RUN : 1 - instancias_txt/SSP-NPM-I/ins104_m=3_j=20_t=15_var=4.txt

- MACHINE [0]

0 1 1 1 0 0 
1 0 0 0 0 1 
0 1 1 0 0 0 
0 0 0 0 1 0 
1 1 1 0 1 1 
0 0 1 0 0 1 
1 0 1 0 0 0 
0 0 1 1 0 1 
1 1 0 0 0 0 
0 0 0 0 1 0 
0 1 0 1 1 1 
0 0 0 1 1 0 
1 0 0 0 1 1 
1 0 1 0 0 0 
0 0 0 1 0 0 

JOBS [6] - [14, 19, 0, 5, 10, 13]
TOOL SWITCHES : 12
MAKESPAN : 33

- MACHINE [1]

0 1 0 1 0 1 
1 1 1 0 0 1 
0 0 0 1 1 1 
1 1 1 0 1 0 
0 0 0 0 0 0 
0 0 1 0 1 1 
0 0 0 0 0 0 
1 0 1 1 0 0 
0 0 0 0 1 1 
1 0 1 1 0 0 
1 1 1 0 1 0 
0 0 0 1 0 0 
0 0 0 0 0 0 
0 1 0 1 1 0 
1 1 0 0 0 0 

JOBS [6] - [16, 17, 11, 2, 9, 6]
TOOL SWITCHES : 2
MAKESPAN : 30

- MACHINE [2]

1 1 0 1 0 1 1 1 
1 0 0 1 1 0 1 0 
0 1 1 0 0 0 0 0 
0 0 0 0 1 1 0 0 
1 0 1 0 0 0 0 1 
0 1 1 1 1 0 0 1 
0 1 1 1 1 1 0 1 
0 0 0 0 0 0 0 0 
1 0 0 0 1 0 0 0 
1 1 1 0 0 1 1 1 
0 0 0 0 0 0 0 0 
0 1 1 1 0 1 0 1 
0 0 0 0 0 1 1 0 
1 0 1 0 1 0 1 0 
1 0 0 1 0 0 1 0 

JOBS [8] - [7, 8, 18, 1, 3, 15, 12, 4]
TOOL SWITCHES : 0
MAKESPAN : 33

# -------------------------- #

--- TOTAL TOOL SWITCHES : 14
--- HIGHEST MAKESPAN : 33
--- TOTAL FLOWTIME : 339
--- RUNNING TIME : 2.88841

# -------------------------- #
RUN : 1 - instancias_txt/SSP-NPM-I/ins105_m=3_j=20_t=15_var=5.txt

- MACHINE [0]

0 1 0 0 1 0 
1 1 0 0 0 0 
0 0 0 0 0 0 
0 0 0 1 1 0 
1 0 0 0 0 1 
0 0 0 0 1 0 
1 1 1 1 1 1 
1 1 1 0 0 0 
0 0 1 0 0 0 
0 0 0 1 1 1 
0 1 0 1 0 1 
0 1 1 1 0 0 
1 0 0 0 0 0 
1 0 1 1 0 1 
1 0 0 0 0 1 

JOBS [6] - [2, 3, 16, 11, 13, 18]
TOOL SWITCHES : 9
MAKESPAN : 37

- MACHINE [1]

0 1 1 1 1 0 0 
0 1 1 0 1 1 1 
1 1 0 0 0 0 0 
0 0 0 0 1 1 0 
1 0 0 0 0 0 1 
1 1 1 1 0 0 0 
0 1 0 0 0 1 0 
1 0 0 1 0 0 1 
0 0 0 0 1 0 1 
0 0 0 0 1 1 1 
1 1 1 1 0 0 0 
0 0 0 0 0 0 0 
1 0 0 1 1 1 1 
0 1 1 1 1 0 0 
0 0 1 0 0 0 0 

JOBS [7] - [10, 4, 5, 14, 17, 12, 1]
TOOL SWITCHES : 4
MAKESPAN : 37

- MACHINE [2]

0 1 0 1 0 1 1 
1 0 1 0 1 1 0 
0 0 0 1 1 1 0 
0 0 1 1 1 0 0 
1 1 0 1 0 0 1 
1 0 0 1 1 0 0 
1 1 1 0 0 0 0 
0 0 1 0 0 0 0 
1 0 0 0 0 1 0 
1 1 0 0 1 0 0 
0 0 0 0 1 1 1 
1 1 1 1 0 0 1 
0 0 0 0 0 0 0 
0 0 1 0 1 1 1 
0 1 1 0 0 0 1 

JOBS [7] - [6, 7, 19, 0, 8, 9, 15]
TOOL SWITCHES : 1
MAKESPAN : 37

# -------------------------- #

--- TOTAL TOOL SWITCHES : 14
--- HIGHEST MAKESPAN : 37
--- TOTAL FLOWTIME : 400
--- RUNNING TIME : 2.90789

# -------------------------- #
RUN : 1 - instancias_txt/SSP-NPM-I/ins106_m=3_j=20_t=15_var=6.txt

- MACHINE [0]

1 0 0 0 1 1 
1 0 1 0 1 1 
0 0 0 0 1 1 
0 1 1 1 0 0 
0 0 1 0 0 0 
0 0 0 1 1 1 
0 0 0 0 0 0 
1 1 0 0 0 0 
0 0 1 0 0 0 
0 0 0 1 1 1 
0 0 0 0 0 1 
1 0 1 1 1 0 
1 1 0 1 0 1 
1 1 0 0 0 0 
0 1 0 1 0 0 

JOBS [6] - [8, 3, 14, 7, 2, 12]
TOOL SWITCHES : 8
MAKESPAN : 34

- MACHINE [1]

0 0 0 0 1 
0 1 0 0 0 
0 1 0 1 1 
1 1 0 0 1 
0 0 1 0 0 
0 0 0 0 0 
1 0 1 1 0 
1 0 1 1 0 
0 0 0 0 0 
1 1 0 1 0 
1 0 1 0 1 
1 0 1 0 1 
0 1 1 1 0 
0 0 0 0 0 
0 1 1 1 1 

JOBS [5] - [13, 17, 19, 6, 0]
TOOL SWITCHES : 2
MAKESPAN : 32

- MACHINE [2]

1 1 1 0 1 0 0 0 0 
0 0 0 1 0 1 0 0 1 
0 0 0 0 0 1 1 0 0 
0 1 0 1 0 0 0 1 1 
1 1 0 0 1 0 0 0 1 
1 1 1 0 1 1 0 1 0 
0 0 1 0 1 0 1 0 0 
0 0 0 0 0 0 0 0 0 
0 1 1 0 1 1 0 0 0 
0 0 0 1 0 1 1 0 1 
1 0 0 1 0 0 0 0 1 
0 1 0 0 1 1 0 1 0 
1 1 1 1 0 0 1 1 0 
0 0 0 1 1 1 1 1 0 
1 0 0 1 0 0 0 0 0 

JOBS [9] - [9, 1, 15, 4, 18, 10, 5, 16, 11]
TOOL SWITCHES : 1
MAKESPAN : 34

# -------------------------- #

--- TOTAL TOOL SWITCHES : 11
--- HIGHEST MAKESPAN : 34
--- TOTAL FLOWTIME : 343
--- RUNNING TIME : 3.71791

# -------------------------- #
RUN : 1 - instancias_txt/SSP-NPM-I/ins107_m=3_j=20_t=15_var=7.txt

- MACHINE [0]

1 1 0 0 0 0 0 
0 1 1 0 1 1 0 
0 1 1 1 0 0 0 
0 0 0 1 1 0 1 
0 0 0 0 0 1 1 
1 0 0 1 1 1 0 
1 0 0 0 1 1 0 
0 1 1 1 0 1 1 
0 0 1 1 1 1 1 
0 0 0 0 0 0 1 
1 1 0 1 1 0 1 
1 1 1 0 0 0 0 
1 0 0 0 0 0 0 
0 0 0 0 0 0 0 
0 0 0 0 1 0 0 

JOBS [7] - [4, 8, 1, 9, 12, 15, 5]
TOOL SWITCHES : 10
MAKESPAN : 38

- MACHINE [1]

0 0 0 0 1 1 
0 0 0 0 1 1 
1 0 1 1 1 0 
0 0 0 1 1 0 
0 0 1 1 0 1 
1 0 1 0 0 0 
1 0 0 0 0 1 
0 0 0 1 0 1 
0 0 0 0 0 0 
1 1 1 0 0 0 
0 0 0 0 0 0 
1 1 0 1 0 1 
0 1 0 1 1 0 
0 1 1 0 0 0 
1 1 0 1 0 0 

JOBS [6] - [2, 17, 11, 0, 19, 18]
TOOL SWITCHES : 3
MAKESPAN : 38

- MACHINE [2]

1 1 1 0 0 0 0 
1 0 1 0 1 0 1 
1 0 0 1 0 0 1 
1 0 0 1 0 0 1 
0 1 1 0 1 0 0 
1 0 1 0 0 1 0 
0 1 1 0 0 1 0 
0 0 0 0 1 0 0 
0 1 0 1 0 0 0 
0 1 0 1 0 0 0 
0 1 1 0 0 1 1 
0 0 0 1 0 0 0 
0 0 0 1 1 1 1 
0 0 0 0 1 0 1 
1 0 1 1 0 1 0 

JOBS [7] - [13, 3, 10, 7, 6, 14, 16]
TOOL SWITCHES : 2
MAKESPAN : 36

# -------------------------- #

--- TOTAL TOOL SWITCHES : 15
--- HIGHEST MAKESPAN : 38
--- TOTAL FLOWTIME : 386
--- RUNNING TIME : 3.63818

# -------------------------- #
RUN : 1 - instancias_txt/SSP-NPM-I/ins108_m=3_j=20_t=15_var=8.txt

- MACHINE [0]

1 0 1 0 0 
1 1 0 1 0 
1 1 0 0 0 
0 0 1 1 1 
0 0 0 0 1 
1 1 0 0 1 
0 1 1 1 1 
0 0 0 0 0 
0 0 0 0 0 
0 0 0 1 0 
0 0 0 0 0 
0 1 0 1 1 
1 0 0 0 0 
0 0 1 1 0 
0 1 1 1 0 

JOBS [5] - [16, 4, 12, 3, 15]
TOOL SWITCHES : 6
MAKESPAN : 26

- MACHINE [1]

0 1 0 0 0 0 
0 0 0 0 0 0 
0 0 0 1 0 1 
1 1 1 0 1 0 
0 0 0 1 0 1 
1 0 0 1 0 1 
0 1 0 0 1 0 
0 0 1 0 0 1 
1 1 1 1 0 1 
0 1 1 0 1 0 
0 1 0 0 0 0 
1 0 1 1 0 0 
1 0 1 0 1 1 
0 0 0 0 0 0 
0 0 0 0 1 1 

JOBS [6] - [5, 18, 19, 0, 1, 2]
TOOL SWITCHES : 3
MAKESPAN : 23

- MACHINE [2]

1 1 0 1 0 0 1 0 1 
0 1 1 0 0 0 0 0 0 
1 0 0 1 1 0 1 1 0 
0 0 1 0 1 1 0 0 0 
0 1 0 0 1 0 0 1 1 
1 0 0 0 0 0 1 0 1 
0 0 0 0 0 0 0 0 0 
0 0 0 0 1 1 0 0 1 
0 0 1 1 0 0 0 1 0 
0 0 0 1 0 1 0 1 1 
1 1 1 0 1 1 1 1 0 
1 1 0 1 0 0 1 0 1 
1 1 1 0 1 1 0 0 0 
0 0 1 0 0 1 1 0 0 
0 1 1 1 0 0 0 0 1 

JOBS [9] - [6, 14, 7, 13, 9, 8, 10, 17, 11]
TOOL SWITCHES : 1
MAKESPAN : 26

# -------------------------- #

--- TOTAL TOOL SWITCHES : 10
--- HIGHEST MAKESPAN : 26
--- TOTAL FLOWTIME : 283
--- RUNNING TIME : 3.41314

# -------------------------- #
RUN : 1 - instancias_txt/SSP-NPM-I/ins109_m=3_j=20_t=15_var=9.txt

- MACHINE [0]

0 0 0 1 1 
0 1 0 1 1 
1 1 0 0 0 
0 1 1 1 0 
1 0 1 1 1 
0 1 1 0 1 
0 0 0 0 0 
0 0 0 0 0 
1 1 1 1 0 
0 0 1 0 0 
1 0 1 1 0 
1 0 0 0 0 
1 0 0 0 0 
0 0 0 0 1 
0 0 0 0 0 

JOBS [5] - [1, 7, 9, 16, 2]
TOOL SWITCHES : 5
MAKESPAN : 25

- MACHINE [1]

1 0 0 0 0 1 1 0 
1 0 1 0 0 0 0 0 
1 1 1 1 0 0 0 0 
0 1 1 0 0 0 1 0 
0 0 0 0 0 0 0 0 
0 0 1 1 1 1 0 0 
0 0 0 0 1 1 1 0 
0 0 0 1 0 0 1 1 
0 0 0 1 1 0 0 1 
0 1 0 0 0 1 0 1 
0 0 0 0 0 0 0 1 
1 1 1 1 0 1 0 1 
1 1 0 0 0 0 0 0 
1 1 1 0 1 1 1 1 
1 1 1 0 1 0 1 1 

JOBS [8] - [13, 17, 15, 12, 5, 19, 0, 11]
TOOL SWITCHES : 4
MAKESPAN : 28

- MACHINE [2]

0 1 1 0 0 0 1 
1 1 1 0 1 0 0 
0 0 1 0 0 1 1 
0 0 0 0 0 0 0 
1 1 1 1 0 0 1 
0 1 0 1 0 0 0 
1 0 1 1 0 1 0 
0 0 0 0 1 1 0 
0 0 0 0 0 1 0 
1 0 1 0 1 0 0 
0 0 0 1 0 0 1 
0 0 0 0 0 1 0 
1 1 0 0 0 0 0 
1 0 0 0 1 0 1 
0 1 1 1 1 1 1 

JOBS [7] - [18, 10, 8, 6, 3, 4, 14]
TOOL SWITCHES : 1
MAKESPAN : 28

# -------------------------- #

--- TOTAL TOOL SWITCHES : 10
--- HIGHEST MAKESPAN : 28
--- TOTAL FLOWTIME : 296
--- RUNNING TIME : 3.32394

# -------------------------- #
RUN : 1 - instancias_txt/SSP-NPM-I/ins110_m=3_j=20_t=15_var=10.txt

- MACHINE [0]

1 0 0 0 0 
1 1 0 1 1 
1 1 1 1 1 
0 0 0 1 0 
0 0 0 0 1 
0 0 0 0 0 
0 0 0 1 0 
1 1 1 0 1 
1 1 1 0 0 
0 1 1 0 1 
0 0 0 0 0 
1 0 0 0 0 
0 0 0 0 0 
0 1 0 1 1 
0 0 1 0 0 

JOBS [5] - [15, 8, 0, 3, 5]
TOOL SWITCHES : 5
MAKESPAN : 27

- MACHINE [1]

1 1 0 0 1 0 
0 0 0 0 0 0 
0 0 1 0 0 1 
0 0 0 1 1 0 
0 1 0 1 1 1 
0 1 1 0 0 1 
1 0 1 1 1 0 
1 0 1 1 0 0 
0 1 1 0 0 1 
1 1 0 0 0 0 
1 0 0 1 0 1 
0 0 0 0 0 0 
0 1 1 0 0 0 
0 0 0 0 1 0 
1 1 1 1 1 1 

JOBS [6] - [10, 9, 11, 14, 19, 13]
TOOL SWITCHES : 3
MAKESPAN : 27

- MACHINE [2]

0 0 1 0 1 0 0 1 0 
0 1 1 1 1 1 0 0 0 
0 0 0 1 0 1 1 0 0 
1 1 1 0 1 0 0 1 0 
0 0 0 0 0 0 0 0 0 
0 0 0 1 1 0 1 1 1 
1 0 0 0 0 1 1 1 0 
0 1 0 0 1 0 0 0 0 
0 1 1 1 1 1 0 1 1 
1 0 0 0 0 0 1 0 0 
0 0 0 0 0 0 1 1 0 
1 0 0 1 1 1 1 0 1 
0 1 0 0 0 1 0 0 1 
0 0 1 0 0 1 0 0 1 
1 0 1 0 0 0 0 0 1 

JOBS [9] - [2, 18, 1, 17, 4, 6, 7, 16, 12]
TOOL SWITCHES : 1
MAKESPAN : 28

# -------------------------- #

--- TOTAL TOOL SWITCHES : 9
--- HIGHEST MAKESPAN : 28
--- TOTAL FLOWTIME : 293
--- RUNNING TIME : 3.27768

# -------------------------- #
RUN : 1 - instancias_txt/SSP-NPM-I/ins111_m=3_j=20_t=15_var=11.txt

- MACHINE [0]

0 0 0 1 
1 0 0 0 
1 0 0 1 
0 1 0 0 
0 0 0 1 
1 0 0 0 
0 0 0 1 
1 1 0 0 
0 1 1 0 
1 1 0 0 
0 0 0 1 
0 1 0 0 
1 0 1 1 
0 0 0 0 
0 0 1 0 

JOBS [4] - [11, 1, 17, 0]
TOOL SWITCHES : 7
MAKESPAN : 29

- MACHINE [1]

0 0 0 1 1 0 1 
1 0 0 1 0 1 1 
0 0 0 0 1 0 0 
0 0 0 0 1 1 1 
1 1 1 1 1 0 0 
0 1 0 0 0 1 0 
1 0 0 0 0 0 0 
1 0 1 0 0 0 1 
1 0 1 1 1 0 0 
0 1 0 1 1 1 1 
0 1 0 0 0 0 0 
1 1 1 1 0 0 0 
0 0 0 0 0 1 1 
0 1 1 0 0 0 0 
0 1 1 1 1 1 0 

JOBS [7] - [19, 4, 14, 10, 2, 13, 15]
TOOL SWITCHES : 5
MAKESPAN : 32

- MACHINE [2]

0 0 1 0 1 0 0 0 1 
1 1 0 0 1 1 0 0 0 
0 1 0 0 0 1 0 0 0 
0 0 0 0 0 0 0 0 0 
1 0 0 0 1 0 1 0 0 
1 1 1 1 0 0 0 1 1 
1 1 1 0 0 1 1 0 1 
0 0 0 0 0 0 0 1 0 
0 0 1 1 0 0 1 1 0 
1 0 0 1 1 1 0 0 1 
0 1 0 1 0 1 1 1 0 
0 1 0 1 0 1 0 1 1 
1 1 1 0 1 1 0 1 1 
1 0 1 1 0 0 1 0 0 
0 0 0 0 1 0 1 0 0 

JOBS [9] - [9, 16, 7, 8, 3, 12, 18, 6, 5]
TOOL SWITCHES : 1
MAKESPAN : 32

# -------------------------- #

--- TOTAL TOOL SWITCHES : 13
--- HIGHEST MAKESPAN : 32
--- TOTAL FLOWTIME : 298
--- RUNNING TIME : 3.36047

# -------------------------- #
RUN : 1 - instancias_txt/SSP-NPM-I/ins112_m=3_j=20_t=15_var=12.txt

- MACHINE [0]

0 1 1 1 1 
0 1 0 1 1 
0 0 0 1 1 
0 0 0 0 0 
0 0 1 1 0 
1 0 1 1 0 
1 1 0 0 0 
1 1 0 0 0 
0 0 0 0 1 
0 0 1 0 1 
0 1 0 0 0 
0 1 1 1 0 
1 0 0 0 0 
0 0 0 0 1 
1 0 1 0 0 

JOBS [5] - [2, 5, 4, 0, 3]
TOOL SWITCHES : 8
MAKESPAN : 34

- MACHINE [1]

0 0 0 0 0 0 
1 0 1 0 1 0 
0 0 0 0 0 1 
1 0 1 1 0 0 
1 1 0 0 0 0 
0 0 1 1 0 1 
1 1 0 1 0 0 
0 1 0 0 1 1 
0 1 0 0 0 0 
0 1 0 1 1 1 
0 0 0 0 1 1 
1 1 1 0 1 1 
0 1 1 0 1 0 
1 0 1 1 1 0 
0 0 1 1 0 1 

JOBS [6] - [7, 14, 10, 8, 9, 15]
TOOL SWITCHES : 4
MAKESPAN : 36

- MACHINE [2]

1 1 0 0 1 1 0 0 1 
0 0 1 0 0 0 0 1 0 
0 1 1 0 0 1 0 0 1 
0 1 1 0 1 1 1 0 0 
0 1 0 0 1 0 0 1 0 
1 0 0 1 0 0 1 0 0 
0 0 1 1 0 1 0 1 0 
0 0 0 0 0 0 0 0 0 
1 0 1 0 0 0 0 1 1 
0 1 0 0 0 0 1 0 1 
0 0 1 1 1 1 1 1 1 
0 0 0 0 0 0 0 0 0 
1 1 0 1 1 0 0 0 1 
0 0 0 0 0 0 1 0 0 
1 0 1 1 0 1 1 1 0 

JOBS [9] - [13, 12, 1, 16, 17, 6, 19, 18, 11]
TOOL SWITCHES : 0
MAKESPAN : 36

# -------------------------- #

--- TOTAL TOOL SWITCHES : 12
--- HIGHEST MAKESPAN : 36
--- TOTAL FLOWTIME : 375
--- RUNNING TIME : 3.4475

# -------------------------- #
RUN : 1 - instancias_txt/SSP-NPM-I/ins113_m=3_j=20_t=15_var=13.txt

- MACHINE [0]

0 1 0 1 0 0 0 
1 1 1 1 0 0 0 
1 1 0 1 0 0 1 
0 0 0 0 1 0 0 
0 0 1 0 0 0 0 
0 1 0 0 0 0 0 
1 0 0 0 0 0 1 
1 0 0 0 0 1 0 
0 0 0 1 1 1 1 
1 1 1 0 1 1 1 
0 0 1 1 1 1 1 
0 0 0 0 0 1 1 
0 1 0 0 1 1 0 
1 1 1 0 0 0 1 
0 0 0 1 0 0 0 

JOBS [7] - [15, 5, 18, 10, 1, 14, 7]
TOOL SWITCHES : 12
MAKESPAN : 37

- MACHINE [1]

0 1 1 0 0 0 0 
1 0 0 0 0 0 0 
0 0 0 1 1 1 0 
1 0 0 0 0 0 0 
1 0 1 1 1 0 0 
0 0 0 0 1 1 1 
1 0 1 0 0 0 1 
1 1 0 0 0 1 1 
1 1 0 1 0 0 0 
0 0 1 0 0 0 1 
0 1 0 1 1 0 1 
0 0 1 1 1 1 1 
0 0 0 1 0 1 0 
0 1 0 0 0 0 0 
1 1 1 0 1 1 0 

JOBS [7] - [3, 0, 9, 6, 16, 4, 19]
TOOL SWITCHES : 5
MAKESPAN : 35

- MACHINE [2]

0 0 1 0 0 1 
1 1 0 0 1 1 
1 1 0 1 0 0 
0 1 1 1 1 1 
0 1 0 1 0 0 
1 0 1 1 0 0 
0 0 0 0 0 1 
0 1 0 0 1 0 
0 0 1 0 0 0 
1 1 1 1 0 0 
0 0 0 0 0 0 
1 0 0 0 1 0 
0 0 0 0 1 0 
0 1 1 0 0 1 
0 0 0 0 1 1 

JOBS [6] - [12, 2, 13, 17, 11, 8]
TOOL SWITCHES : 1
MAKESPAN : 37

# -------------------------- #

--- TOTAL TOOL SWITCHES : 18
--- HIGHEST MAKESPAN : 37
--- TOTAL FLOWTIME : 389
--- RUNNING TIME : 3.08019

# -------------------------- #
RUN : 1 - instancias_txt/SSP-NPM-I/ins114_m=3_j=20_t=15_var=14.txt

- MACHINE [0]

0 0 1 0 
0 1 0 0 
1 1 0 0 
1 0 0 0 
1 1 1 1 
0 0 0 1 
0 1 0 1 
0 0 0 1 
1 0 0 0 
0 1 0 0 
1 0 1 1 
0 1 1 0 
1 0 1 0 
1 0 0 0 
0 0 1 1 

JOBS [4] - [4, 17, 19, 0]
TOOL SWITCHES : 9
MAKESPAN : 33

- MACHINE [1]

1 0 0 1 1 1 0 
0 0 0 0 1 1 0 
0 1 0 0 0 0 0 
0 0 0 0 0 1 1 
0 0 0 0 0 0 1 
1 1 0 1 1 0 1 
1 1 1 0 0 0 0 
0 0 0 1 1 0 1 
0 1 0 0 0 1 0 
1 0 1 0 0 0 1 
1 0 1 0 1 0 0 
0 0 0 0 0 0 0 
1 1 1 1 0 1 1 
0 0 1 1 0 0 0 
1 1 1 1 1 0 1 

JOBS [7] - [5, 15, 3, 9, 12, 2, 6]
TOOL SWITCHES : 4
MAKESPAN : 33

- MACHINE [2]

0 1 0 1 0 0 1 0 1 
0 0 0 0 0 0 0 0 0 
0 1 1 0 0 0 0 1 1 
0 0 1 1 1 1 0 1 0 
0 0 0 0 0 0 1 0 0 
0 0 0 0 1 0 0 0 0 
0 0 0 0 0 0 0 0 0 
1 0 0 0 1 1 1 1 0 
0 1 0 1 1 0 1 1 0 
1 1 1 1 0 0 0 0 1 
1 1 1 0 0 1 1 1 0 
1 1 1 1 0 1 0 0 0 
0 0 0 1 1 0 0 0 0 
1 0 0 0 1 1 1 1 1 
1 0 1 0 0 0 0 0 1 

JOBS [9] - [7, 8, 18, 10, 13, 14, 1, 16, 11]
TOOL SWITCHES : 0
MAKESPAN : 33

# -------------------------- #

--- TOTAL TOOL SWITCHES : 13
--- HIGHEST MAKESPAN : 33
--- TOTAL FLOWTIME : 325
--- RUNNING TIME : 3.53335

# -------------------------- #
RUN : 1 - instancias_txt/SSP-NPM-I/ins115_m=3_j=20_t=15_var=15.txt

- MACHINE [0]

1 0 1 1 1 
0 1 0 1 1 
0 0 0 1 0 
1 1 1 0 0 
0 0 0 0 0 
1 0 1 0 0 
0 1 0 0 0 
1 0 0 1 1 
1 1 0 0 0 
0 0 0 0 0 
0 0 0 1 1 
0 0 1 1 1 
1 1 0 1 1 
0 0 1 0 0 
0 0 0 0 0 

JOBS [5] - [16, 14, 7, 10, 3]
TOOL SWITCHES : 6
MAKESPAN : 28

- MACHINE [1]

0 1 1 0 1 1 0 
0 0 0 0 0 1 0 
0 0 1 0 1 1 1 
1 1 0 0 0 0 0 
1 0 1 1 0 1 0 
1 0 0 1 0 0 0 
0 1 1 0 1 0 1 
0 1 0 0 1 1 0 
1 0 1 0 0 0 1 
0 0 0 0 1 1 0 
1 1 0 1 0 0 1 
0 0 1 1 1 1 0 
0 0 0 0 0 0 0 
1 1 0 1 0 0 0 
0 0 0 0 0 0 1 

JOBS [7] - [6, 18, 17, 13, 4, 9, 19]
TOOL SWITCHES : 4
MAKESPAN : 28

- MACHINE [2]

0 0 0 1 0 1 1 1 
1 1 0 1 1 0 0 1 
1 0 1 1 0 1 1 1 
0 0 0 0 0 0 0 0 
1 0 1 0 0 0 1 1 
0 1 0 0 1 0 0 0 
1 1 0 0 0 1 0 0 
1 0 1 0 1 1 0 0 
0 0 0 1 0 0 0 0 
0 1 0 1 1 1 0 0 
1 1 1 1 0 1 1 1 
0 1 1 0 0 0 1 0 
0 0 1 0 0 0 0 0 
1 0 0 0 0 1 1 1 
0 0 0 1 1 0 0 1 

JOBS [8] - [11, 8, 2, 5, 0, 1, 12, 15]
TOOL SWITCHES : 1
MAKESPAN : 28

# -------------------------- #

--- TOTAL TOOL SWITCHES : 11
--- HIGHEST MAKESPAN : 28
--- TOTAL FLOWTIME : 296
--- RUNNING TIME : 3.5478

# -------------------------- #
RUN : 1 - instancias_txt/SSP-NPM-I/ins116_m=3_j=20_t=15_var=16.txt

- MACHINE [0]

0 0 0 0 0 
0 0 1 1 0 
0 0 0 0 1 
0 0 0 0 0 
1 1 1 0 0 
0 1 0 1 0 
1 1 0 0 0 
0 0 0 1 1 
1 1 1 1 1 
0 0 0 0 1 
1 1 1 1 1 
0 1 1 0 0 
1 0 1 1 0 
0 0 0 0 0 
0 0 0 0 0 

JOBS [5] - [14, 0, 3, 7, 1]
TOOL SWITCHES : 4
MAKESPAN : 29

- MACHINE [1]

1 1 1 1 1 0 0 1 
0 1 1 0 1 0 1 1 
0 0 0 1 1 0 0 0 
0 1 1 0 0 0 0 1 
1 0 0 0 0 0 0 0 
1 0 1 1 0 1 1 1 
0 1 1 1 0 1 0 0 
0 0 0 0 0 1 1 0 
0 0 0 1 1 0 0 1 
1 0 0 0 1 1 1 1 
0 1 0 0 0 0 0 0 
0 0 0 0 0 0 0 0 
1 0 0 0 1 0 0 0 
0 0 1 1 0 1 1 0 
1 1 1 0 0 0 0 0 

JOBS [8] - [8, 5, 13, 11, 15, 16, 17, 2]
TOOL SWITCHES : 4
MAKESPAN : 32

- MACHINE [2]

1 0 1 1 0 0 1 
0 0 0 0 0 0 0 
0 1 0 1 0 1 0 
0 1 1 0 1 1 1 
0 1 0 1 1 0 0 
1 0 1 0 0 0 1 
1 0 1 0 0 0 0 
0 0 0 1 0 0 1 
0 0 0 0 0 0 1 
1 1 0 0 1 0 0 
0 0 0 0 0 0 0 
1 1 1 1 1 1 0 
0 0 1 1 1 0 0 
0 1 0 0 0 1 1 
1 0 0 0 1 1 0 

JOBS [7] - [6, 10, 9, 4, 12, 18, 19]
TOOL SWITCHES : 0
MAKESPAN : 31

# -------------------------- #

--- TOTAL TOOL SWITCHES : 8
--- HIGHEST MAKESPAN : 32
--- TOTAL FLOWTIME : 328
--- RUNNING TIME : 3.49785

# -------------------------- #
RUN : 1 - instancias_txt/SSP-NPM-I/ins117_m=3_j=20_t=15_var=17.txt

- MACHINE [0]

1 1 0 0 0 
0 0 0 1 0 
1 0 0 0 0 
0 0 0 0 0 
0 1 0 1 1 
0 0 1 0 1 
0 0 1 1 0 
0 0 1 0 0 
0 0 0 0 1 
1 0 1 1 0 
0 1 0 0 0 
0 0 0 0 1 
1 1 0 1 1 
1 0 0 0 1 
1 1 1 0 0 

JOBS [5] - [12, 6, 18, 7, 11]
TOOL SWITCHES : 8
MAKESPAN : 28

- MACHINE [1]

1 0 1 1 0 0 
0 0 0 1 1 1 
1 0 0 0 1 0 
1 0 0 0 0 0 
0 0 1 0 1 0 
0 0 0 1 0 1 
1 1 0 0 0 0 
0 1 0 1 0 1 
0 0 0 1 1 1 
0 1 0 0 1 1 
1 0 1 0 0 0 
0 0 0 0 1 0 
1 0 1 1 0 0 
0 1 1 1 1 1 
0 1 0 0 0 0 

JOBS [6] - [1, 3, 2, 9, 10, 13]
TOOL SWITCHES : 5
MAKESPAN : 28

- MACHINE [2]

0 0 0 0 1 0 1 1 0 
0 1 0 0 1 0 0 0 1 
1 0 1 1 0 0 0 0 1 
1 0 0 0 0 0 0 1 0 
1 0 0 1 1 1 0 0 1 
0 0 1 1 1 1 0 0 0 
0 0 0 0 0 1 1 1 0 
0 0 0 0 0 1 1 1 1 
0 0 1 1 0 1 0 0 1 
0 1 0 0 0 0 0 0 0 
1 0 1 0 0 1 0 0 0 
1 1 1 1 1 0 1 1 0 
0 1 1 0 1 0 0 0 0 
1 1 0 1 0 0 0 1 1 
1 1 0 0 1 0 1 0 1 

JOBS [9] - [14, 0, 19, 16, 5, 17, 8, 15, 4]
TOOL SWITCHES : 2
MAKESPAN : 28

# -------------------------- #

--- TOTAL TOOL SWITCHES : 15
--- HIGHEST MAKESPAN : 28
--- TOTAL FLOWTIME : 310
--- RUNNING TIME : 3.22543

# -------------------------- #
RUN : 1 - instancias_txt/SSP-NPM-I/ins118_m=3_j=20_t=15_var=18.txt

- MACHINE [0]

1 0 0 0 0 0 
0 0 0 1 1 1 
1 1 0 0 0 0 
1 0 0 0 0 1 
1 0 0 0 0 1 
1 0 0 0 1 1 
0 1 1 1 1 0 
1 1 1 1 1 1 
1 1 1 0 1 0 
0 0 0 0 0 1 
0 0 0 0 0 0 
0 0 1 1 0 0 
0 0 0 0 0 0 
0 0 1 1 1 0 
0 1 1 0 0 1 

JOBS [6] - [16, 10, 9, 6, 13, 1]
TOOL SWITCHES : 9
MAKESPAN : 39

- MACHINE [1]

0 0 0 0 1 1 1 
0 0 0 1 0 0 0 
1 1 0 0 0 0 1 
0 0 0 1 0 0 1 
0 0 1 1 1 0 0 
0 1 1 1 1 0 0 
1 0 0 0 0 0 1 
1 1 1 0 0 0 0 
0 0 0 0 0 0 0 
1 0 0 1 1 0 0 
0 1 1 0 1 1 0 
0 0 0 0 0 1 0 
1 0 1 0 0 1 1 
1 1 1 1 0 1 0 
1 1 1 0 0 0 0 

JOBS [7] - [15, 7, 5, 18, 12, 11, 14]
TOOL SWITCHES : 4
MAKESPAN : 39

- MACHINE [2]

0 1 0 0 1 1 0 
1 0 0 1 1 0 1 
0 0 1 0 1 0 0 
0 1 0 0 1 0 0 
0 0 1 1 0 0 0 
0 0 0 0 0 0 0 
1 1 0 1 1 1 0 
1 1 1 0 0 0 0 
0 1 1 1 1 1 0 
1 0 1 1 1 1 1 
0 0 1 0 0 0 1 
1 0 0 0 0 0 0 
1 0 0 0 0 0 1 
0 0 0 0 0 0 0 
0 0 0 1 0 1 1 

JOBS [7] - [17, 0, 4, 3, 8, 2, 19]
TOOL SWITCHES : 0
MAKESPAN : 39

# -------------------------- #

--- TOTAL TOOL SWITCHES : 13
--- HIGHEST MAKESPAN : 39
--- TOTAL FLOWTIME : 404
--- RUNNING TIME : 2.7946

# -------------------------- #
RUN : 1 - instancias_txt/SSP-NPM-I/ins119_m=3_j=20_t=15_var=19.txt

- MACHINE [0]

1 1 0 0 0 0 
1 0 0 0 0 0 
0 1 1 1 1 0 
0 1 1 0 1 1 
1 1 0 0 1 0 
0 0 0 0 0 1 
0 0 0 0 0 0 
1 1 0 1 1 1 
0 0 0 0 1 1 
1 1 1 1 0 0 
0 0 1 1 1 0 
0 0 1 1 0 1 
0 1 1 0 0 0 
0 0 0 0 0 1 
0 0 0 0 0 1 

JOBS [6] - [7, 4, 19, 3, 9, 0]
TOOL SWITCHES : 8
MAKESPAN : 36

- MACHINE [1]

0 1 1 1 1 1 1 1 
1 1 0 1 1 1 0 0 
0 0 1 1 0 0 0 0 
1 1 0 0 0 1 1 1 
0 0 0 0 0 1 1 1 
0 1 1 0 0 0 0 1 
0 0 1 1 1 0 0 0 
1 0 0 0 0 0 0 0 
0 0 1 1 0 1 1 0 
0 0 0 0 0 0 0 0 
0 0 0 0 0 0 0 0 
1 1 0 0 0 0 0 0 
1 0 0 0 1 0 1 1 
0 1 1 0 1 0 0 0 
1 1 1 0 1 1 1 1 

JOBS [8] - [14, 11, 18, 16, 15, 10, 12, 6]
TOOL SWITCHES : 3
MAKESPAN : 36

- MACHINE [2]

1 0 1 0 0 1 
0 1 1 0 0 1 
1 0 1 0 0 1 
0 0 0 1 0 0 
0 1 0 1 1 1 
1 0 0 1 1 0 
0 0 0 0 0 1 
1 0 1 1 0 0 
0 0 0 0 0 0 
1 0 0 1 1 1 
1 1 0 1 1 0 
0 1 1 0 1 0 
0 1 0 0 1 0 
0 1 0 0 0 0 
1 1 1 0 0 1 

JOBS [6] - [5, 13, 8, 2, 17, 1]
TOOL SWITCHES : 1
MAKESPAN : 33

# -------------------------- #

--- TOTAL TOOL SWITCHES : 12
--- HIGHEST MAKESPAN : 36
--- TOTAL FLOWTIME : 360
--- RUNNING TIME : 3.02363

# -------------------------- #
RUN : 1 - instancias_txt/SSP-NPM-I/ins120_m=3_j=20_t=15_var=20.txt

- MACHINE [0]

0 0 0 0 
1 1 1 1 
1 1 1 1 
0 0 1 0 
0 0 0 1 
1 1 0 1 
0 0 0 0 
1 0 1 1 
1 1 1 0 
0 0 0 0 
0 0 0 1 
0 1 0 0 
0 1 1 1 
1 0 0 0 
0 0 0 0 

JOBS [4] - [19, 5, 7, 15]
TOOL SWITCHES : 4
MAKESPAN : 28

- MACHINE [1]

1 1 1 0 0 0 0 
0 1 1 0 0 0 0 
0 0 1 1 1 1 0 
0 0 0 0 0 0 0 
0 0 0 0 0 1 1 
1 0 1 1 0 0 1 
0 0 1 0 0 0 1 
1 1 0 1 1 1 0 
1 1 0 0 1 0 1 
1 1 0 1 1 0 0 
1 0 1 0 0 0 0 
0 0 0 1 1 1 0 
0 0 0 0 1 1 0 
0 0 0 1 1 1 0 
1 0 0 0 0 1 1 

JOBS [7] - [17, 6, 2, 11, 12, 10, 1]
TOOL SWITCHES : 4
MAKESPAN : 31

- MACHINE [2]

1 0 0 0 0 1 1 1 1 
0 0 0 0 0 1 0 1 0 
1 0 1 1 1 1 0 0 0 
0 0 1 1 0 0 0 0 0 
0 0 0 1 1 1 0 1 1 
1 1 0 0 0 1 0 0 1 
0 1 1 0 0 0 1 1 0 
1 0 0 1 1 0 0 0 1 
1 0 0 0 1 0 1 1 1 
0 0 0 1 1 0 1 0 0 
0 1 0 0 1 1 1 0 0 
0 0 1 0 0 0 0 0 1 
0 1 1 0 1 0 1 0 0 
0 0 0 0 0 0 1 1 0 
1 1 1 0 0 0 0 0 1 

JOBS [9] - [0, 3, 4, 18, 16, 8, 14, 13, 9]
TOOL SWITCHES : 2
MAKESPAN : 29

# -------------------------- #

--- TOTAL TOOL SWITCHES : 10
--- HIGHEST MAKESPAN : 31
--- TOTAL FLOWTIME : 317
--- RUNNING TIME : 2.95995

# -------------------------- #


avg : 32.55
