RUN : 1 - instancias_txt/SSP-NPM-I/ins141_m=3_j=20_t=20_var=1.txt

- MACHINE [0]

0 
0 
0 
1 
1 
1 
0 
0 
0 
0 
1 
0 
0 
0 
0 
0 
0 
1 
0 
1 

JOBS [1] - [16]
TOOL SWITCHES : 0
MAKESPAN : 1

- MACHINE [1]

0 1 1 
0 0 0 
0 0 0 
0 0 0 
0 0 0 
0 0 0 
0 1 0 
0 1 0 
0 0 0 
1 0 1 
1 0 0 
0 0 0 
0 0 1 
0 0 0 
1 1 1 
1 0 1 
0 0 0 
1 1 0 
0 1 1 
0 0 0 

JOBS [3] - [19, 2, 1]
TOOL SWITCHES : 0
MAKESPAN : 13

- MACHINE [2]

0 0 0 0 0 0 0 0 0 0 1 0 0 1 1 0 
0 1 1 1 0 0 0 0 1 0 0 1 0 0 1 0 
0 0 0 0 1 1 0 0 1 1 0 1 0 1 1 0 
0 0 0 0 0 0 0 0 0 0 0 0 0 0 1 1 
1 0 0 1 0 0 1 0 0 0 0 0 0 0 0 0 
0 0 0 0 0 0 1 1 1 1 0 0 1 0 0 0 
0 0 0 0 0 0 0 1 1 1 0 1 1 0 0 1 
0 1 0 1 1 1 0 0 0 0 0 0 0 0 0 0 
0 0 0 1 1 0 0 0 0 0 1 0 1 1 1 1 
1 1 0 0 0 0 0 0 0 0 1 0 1 0 0 0 
0 0 0 0 0 1 1 1 0 0 1 0 1 1 0 0 
1 0 1 0 1 1 0 0 1 1 0 0 0 0 0 0 
1 1 1 0 0 1 1 0 0 0 0 1 0 0 0 1 
0 1 0 0 1 0 1 1 1 0 1 0 1 1 0 0 
1 0 0 1 1 1 1 0 0 0 0 1 1 0 0 0 
1 0 1 1 1 0 0 0 0 0 0 0 0 0 0 0 
0 1 1 0 0 0 0 1 0 1 1 0 0 0 0 0 
0 0 0 0 0 0 0 0 0 0 0 0 0 0 1 0 
0 0 1 1 0 0 0 1 1 0 0 0 0 0 0 1 
0 0 0 0 0 0 0 0 0 0 0 1 0 1 0 0 

JOBS [16] - [11, 8, 12, 18, 9, 7, 15, 13, 5, 3, 17, 0, 10, 14, 4, 6]
TOOL SWITCHES : 7
MAKESPAN : 120

# -------------------------- #

--- TOTAL TOOL SWITCHES : 7
--- HIGHEST MAKESPAN : 120
--- TOTAL FLOWTIME : 1026
--- RUNNING TIME : 9.23243

# -------------------------- #
RUN : 1 - instancias_txt/SSP-NPM-I/ins142_m=3_j=20_t=20_var=2.txt

- MACHINE [0]

0 
0 
1 
0 
0 
0 
0 
1 
0 
1 
0 
0 
0 
0 
1 
1 
1 
0 
1 
0 

JOBS [1] - [11]
TOOL SWITCHES : 0
MAKESPAN : 9

- MACHINE [1]

0 0 0 
0 0 0 
1 1 0 
1 1 1 
0 1 1 
0 0 0 
1 1 0 
0 0 1 
0 0 0 
0 0 0 
0 0 0 
1 0 0 
1 0 0 
0 0 0 
0 0 0 
0 1 1 
0 0 1 
0 0 0 
0 0 0 
0 1 0 

JOBS [3] - [16, 4, 9]
TOOL SWITCHES : 0
MAKESPAN : 23

- MACHINE [2]

1 0 0 1 0 0 1 1 0 0 0 0 0 0 1 1 
0 1 1 1 1 0 0 0 0 0 0 0 0 0 0 0 
0 0 0 0 0 0 0 0 1 0 1 0 0 1 0 0 
1 0 0 1 0 0 0 0 0 0 0 0 0 0 0 0 
0 1 1 0 0 0 0 1 0 0 1 0 0 0 0 0 
1 0 0 0 1 1 0 1 0 1 1 0 1 0 0 0 
0 1 0 0 0 1 0 0 0 0 1 1 0 0 0 0 
1 1 1 1 1 0 0 0 0 1 0 0 1 1 1 1 
0 0 0 0 0 0 0 0 1 0 0 1 0 1 0 1 
0 0 0 0 1 0 0 1 0 0 0 0 1 0 0 0 
0 1 1 1 1 1 0 0 0 0 0 0 0 0 0 0 
0 0 0 0 0 0 0 0 0 0 0 1 0 0 1 0 
0 0 0 0 0 0 0 0 0 0 1 0 1 1 1 0 
0 0 1 1 0 1 1 0 1 1 0 1 0 1 0 0 
0 1 0 0 1 1 1 1 0 0 0 0 0 0 0 0 
0 0 0 0 0 0 0 0 0 0 0 0 0 0 0 0 
0 0 0 0 0 0 1 0 0 0 0 0 0 1 1 0 
0 0 0 0 1 0 0 0 1 1 1 0 1 0 1 1 
0 1 0 0 0 1 0 1 1 0 0 1 1 1 0 1 
1 0 1 0 0 0 1 1 0 1 0 0 0 0 0 0 

JOBS [16] - [8, 15, 10, 3, 1, 14, 7, 18, 17, 6, 13, 5, 12, 2, 19, 0]
TOOL SWITCHES : 6
MAKESPAN : 112

# -------------------------- #

--- TOTAL TOOL SWITCHES : 6
--- HIGHEST MAKESPAN : 112
--- TOTAL FLOWTIME : 974
--- RUNNING TIME : 10.2326

# -------------------------- #
RUN : 1 - instancias_txt/SSP-NPM-I/ins143_m=3_j=20_t=20_var=3.txt

- MACHINE [0]

0 
0 
0 
0 
1 
1 
0 
0 
1 
0 
0 
0 
1 
1 
0 
1 
0 
0 
0 
0 

JOBS [1] - [5]
TOOL SWITCHES : 0
MAKESPAN : 4

- MACHINE [1]

1 1 
1 1 
0 0 
1 0 
0 0 
0 1 
1 1 
1 0 
0 0 
0 0 
0 1 
0 0 
1 0 
0 0 
0 0 
0 0 
1 0 
0 0 
0 0 
0 1 

JOBS [2] - [7, 4]
TOOL SWITCHES : 0
MAKESPAN : 19

- MACHINE [2]

1 1 0 1 0 0 0 0 0 0 0 0 0 0 0 0 0 
1 0 1 0 1 0 0 0 0 0 0 0 0 0 0 0 0 
0 0 0 0 0 0 0 0 1 1 1 1 1 0 0 0 0 
1 0 1 1 0 0 0 0 0 0 1 0 0 0 0 1 1 
0 0 0 0 0 1 0 0 1 1 1 1 1 1 1 0 0 
1 0 1 1 0 1 0 1 1 0 0 1 0 0 0 0 0 
0 0 0 0 0 0 0 0 0 0 0 0 0 1 0 0 1 
1 0 0 0 1 0 0 0 0 1 0 0 1 0 1 0 0 
0 0 0 1 0 0 1 1 0 0 1 1 0 1 1 1 0 
0 1 0 0 1 0 0 0 1 0 0 0 0 0 0 0 0 
0 0 0 0 1 1 1 0 0 0 0 0 0 0 0 0 0 
0 0 1 0 0 0 1 1 0 1 0 0 0 0 0 0 1 
0 0 0 0 0 0 0 0 0 0 0 0 0 0 0 0 0 
0 0 0 0 1 1 0 0 0 0 0 1 0 0 0 1 0 
0 1 1 0 1 1 0 1 0 1 1 0 0 0 0 0 0 
0 0 0 1 0 0 1 0 0 1 0 0 1 0 0 1 1 
0 1 0 0 0 0 1 1 0 0 0 0 1 0 0 1 0 
0 0 0 0 0 0 0 0 0 0 0 1 0 0 1 1 1 
0 0 1 0 0 1 1 0 1 1 0 0 0 1 1 0 0 
1 1 0 0 0 0 0 1 0 0 1 0 1 1 1 0 0 

JOBS [17] - [9, 1, 8, 14, 12, 2, 3, 17, 6, 0, 18, 19, 13, 16, 11, 10, 15]
TOOL SWITCHES : 7
MAKESPAN : 123

# -------------------------- #

--- TOTAL TOOL SWITCHES : 7
--- HIGHEST MAKESPAN : 123
--- TOTAL FLOWTIME : 1018
--- RUNNING TIME : 9.97705

# -------------------------- #
RUN : 1 - instancias_txt/SSP-NPM-I/ins144_m=3_j=20_t=20_var=4.txt

- MACHINE [0]

1 
0 
0 
0 
0 
1 
1 
0 
0 
1 
0 
0 
1 
1 
0 
0 
0 
0 
0 
1 

JOBS [1] - [1]
TOOL SWITCHES : 0
MAKESPAN : 3

- MACHINE [1]

0 0 0 
1 1 0 
0 0 0 
0 1 0 
0 0 0 
0 0 0 
1 0 0 
0 0 1 
0 0 0 
0 0 0 
1 1 1 
0 0 0 
0 0 0 
1 0 1 
0 0 1 
1 1 0 
1 1 1 
0 0 0 
0 0 0 
0 0 0 

JOBS [3] - [14, 0, 15]
TOOL SWITCHES : 0
MAKESPAN : 18

- MACHINE [2]

0 0 0 0 1 0 0 0 0 1 1 0 1 1 1 0 
0 1 1 0 0 0 0 0 0 0 0 0 0 0 0 0 
0 0 0 1 1 1 1 0 1 0 0 1 0 0 1 0 
0 0 0 0 0 1 1 1 1 1 1 1 0 1 0 0 
1 1 0 0 0 0 0 0 0 0 0 0 0 0 0 0 
1 1 0 1 1 0 0 0 0 0 0 0 0 0 0 0 
0 0 0 0 0 0 0 0 0 0 0 1 1 0 1 1 
1 0 0 1 1 0 0 1 1 0 0 0 1 0 0 1 
1 1 1 1 0 0 0 1 1 0 0 0 0 1 1 1 
1 1 0 0 0 0 1 0 0 1 0 1 0 1 0 1 
1 0 0 0 0 0 1 0 0 0 0 0 0 1 0 1 
0 0 1 1 1 0 1 0 0 0 0 0 0 0 0 0 
0 0 0 0 0 0 0 0 0 0 1 1 0 0 0 1 
0 0 1 0 0 1 0 0 0 0 0 0 0 0 0 0 
0 1 0 0 0 1 1 0 0 1 1 1 1 0 0 0 
0 0 1 0 0 1 0 1 1 1 0 0 1 0 0 0 
0 0 0 0 0 0 0 0 0 0 0 0 0 0 1 0 
0 1 0 1 0 1 0 0 1 0 1 0 0 0 1 0 
0 0 1 0 0 0 1 1 0 1 1 0 0 0 0 0 
0 0 0 0 0 0 0 1 1 1 0 0 1 1 0 1 

JOBS [16] - [17, 12, 19, 10, 18, 3, 13, 8, 6, 9, 5, 16, 7, 2, 11, 4]
TOOL SWITCHES : 7
MAKESPAN : 93

# -------------------------- #

--- TOTAL TOOL SWITCHES : 7
--- HIGHEST MAKESPAN : 93
--- TOTAL FLOWTIME : 869
--- RUNNING TIME : 9.82824

# -------------------------- #
RUN : 1 - instancias_txt/SSP-NPM-I/ins145_m=3_j=20_t=20_var=5.txt

- MACHINE [0]

0 
0 
1 
1 
1 
1 
0 
0 
0 
0 
0 
1 
0 
0 
0 
1 
0 
0 
0 
0 

JOBS [1] - [17]
TOOL SWITCHES : 0
MAKESPAN : 1

- MACHINE [1]

0 1 
1 0 
0 1 
0 0 
1 0 
0 0 
0 0 
1 1 
0 1 
0 0 
0 1 
0 1 
1 0 
1 1 
0 0 
0 0 
0 0 
0 0 
0 0 
0 0 

JOBS [2] - [4, 0]
TOOL SWITCHES : 0
MAKESPAN : 10

- MACHINE [2]

0 0 0 0 0 0 0 0 0 0 0 1 1 1 1 0 0 
0 0 0 0 1 1 0 0 0 1 1 0 0 0 0 1 0 
0 1 0 0 1 0 0 0 1 0 0 0 1 0 1 0 0 
0 0 0 0 0 0 0 0 0 0 0 0 0 0 0 1 1 
0 0 0 0 0 1 1 1 1 1 0 0 1 0 0 0 0 
1 1 1 0 0 0 0 1 0 0 0 1 0 0 0 0 0 
0 0 0 0 0 0 0 0 0 0 0 0 0 0 1 1 1 
0 0 0 0 0 0 0 0 0 1 1 1 0 1 1 0 0 
0 1 0 0 0 1 0 0 0 0 1 0 0 0 1 0 0 
0 0 0 1 1 1 1 0 1 1 1 1 1 0 0 0 1 
1 0 1 1 0 0 1 1 0 1 0 0 0 0 0 1 1 
1 0 1 0 1 1 0 0 0 0 0 0 0 0 0 0 0 
1 0 1 1 1 1 0 0 0 0 0 0 0 0 0 0 0 
0 1 1 1 0 0 0 0 0 0 0 0 1 1 0 0 0 
0 0 0 0 0 0 0 0 0 0 0 0 0 1 0 0 1 
0 0 1 1 1 0 1 1 1 0 0 0 0 0 0 1 1 
0 1 1 0 0 0 0 0 1 1 1 0 0 0 0 0 0 
1 0 0 1 0 0 0 0 1 0 0 1 0 1 0 0 0 
1 1 0 0 1 1 1 0 0 0 0 1 1 0 0 1 0 
0 0 0 0 0 0 0 1 1 0 1 0 0 1 0 0 1 

JOBS [17] - [16, 6, 18, 14, 9, 3, 11, 13, 12, 8, 5, 7, 19, 2, 10, 15, 1]
TOOL SWITCHES : 8
MAKESPAN : 128

# -------------------------- #

--- TOTAL TOOL SWITCHES : 8
--- HIGHEST MAKESPAN : 128
--- TOTAL FLOWTIME : 1039
--- RUNNING TIME : 9.10534

# -------------------------- #
RUN : 1 - instancias_txt/SSP-NPM-I/ins146_m=3_j=20_t=20_var=6.txt

- MACHINE [0]

1 
1 
0 
0 
1 
1 
0 
0 
0 
0 
0 
0 
1 
0 
0 
1 
0 
0 
0 
0 

JOBS [1] - [17]
TOOL SWITCHES : 0
MAKESPAN : 10

- MACHINE [1]

0 0 0 
0 0 0 
0 0 0 
1 1 0 
1 1 1 
0 0 0 
1 0 0 
0 0 0 
0 0 0 
0 0 0 
0 1 1 
0 0 0 
1 0 1 
0 0 0 
0 0 1 
0 0 0 
1 1 0 
1 1 0 
1 0 1 
0 0 1 

JOBS [3] - [8, 6, 2]
TOOL SWITCHES : 0
MAKESPAN : 19

- MACHINE [2]

0 1 1 0 0 1 0 0 0 0 0 0 0 0 0 0 
0 0 0 0 0 0 0 0 0 0 0 0 0 1 1 0 
0 0 1 0 1 1 1 0 1 1 1 0 0 0 0 0 
1 1 0 0 1 0 0 0 0 0 0 0 0 0 1 1 
0 0 0 0 0 0 0 0 0 0 0 0 0 0 0 0 
0 0 1 1 1 1 1 1 1 0 1 0 1 1 1 0 
1 0 1 0 0 0 0 0 0 0 0 1 0 1 0 1 
0 0 0 0 0 0 0 0 0 0 1 1 0 0 0 1 
0 0 1 1 1 1 0 1 0 0 1 0 1 0 1 0 
1 0 0 0 0 0 1 1 0 0 0 0 0 0 0 0 
0 0 0 1 0 0 1 1 1 0 0 0 1 1 0 0 
0 0 0 0 0 0 1 0 0 0 0 1 0 1 0 0 
0 0 0 0 0 0 0 0 0 1 1 1 1 1 0 0 
0 1 0 0 1 0 1 0 0 0 0 0 0 0 0 0 
0 0 0 1 1 0 0 0 1 1 1 1 1 0 0 0 
0 0 0 0 0 0 0 1 1 1 0 0 0 0 0 1 
1 1 0 0 0 1 0 0 0 0 1 0 0 0 1 1 
1 1 1 0 0 0 0 0 0 0 0 0 0 0 0 0 
1 1 0 1 0 0 0 0 0 0 0 0 0 0 0 0 
0 0 1 0 0 1 1 1 1 1 0 0 1 1 1 0 

JOBS [16] - [19, 13, 16, 10, 15, 9, 18, 1, 7, 5, 12, 4, 14, 3, 0, 11]
TOOL SWITCHES : 6
MAKESPAN : 120

# -------------------------- #

--- TOTAL TOOL SWITCHES : 6
--- HIGHEST MAKESPAN : 120
--- TOTAL FLOWTIME : 1108
--- RUNNING TIME : 8.20831

# -------------------------- #
RUN : 1 - instancias_txt/SSP-NPM-I/ins147_m=3_j=20_t=20_var=7.txt

- MACHINE [0]

0 
0 
0 
0 
0 
0 
0 
0 
1 
1 
1 
0 
0 
0 
1 
1 
1 
0 
1 
0 

JOBS [1] - [15]
TOOL SWITCHES : 0
MAKESPAN : 4

- MACHINE [1]

1 0 1 0 
1 1 0 0 
0 0 0 0 
0 0 0 0 
0 0 0 0 
0 0 0 0 
0 0 0 0 
0 0 1 1 
0 0 1 0 
0 0 0 0 
0 0 0 0 
0 0 0 0 
0 0 0 0 
1 1 1 1 
1 0 0 1 
1 1 1 0 
0 1 0 1 
1 1 0 1 
0 1 0 1 
0 0 0 0 

JOBS [4] - [7, 17, 13, 9]
TOOL SWITCHES : 0
MAKESPAN : 23

- MACHINE [2]

0 1 1 0 0 0 0 0 0 0 0 0 1 0 1 
1 0 1 0 1 0 0 0 0 0 0 0 0 0 0 
0 0 0 1 0 1 0 1 0 1 0 0 0 0 0 
1 1 0 0 0 0 0 0 0 1 0 0 1 0 0 
0 0 0 0 0 0 0 1 1 1 0 0 1 0 0 
0 0 1 1 1 1 1 0 0 0 1 1 0 1 0 
1 0 0 0 0 0 0 1 0 0 0 0 0 0 1 
0 0 0 0 0 0 0 0 0 1 0 0 0 1 0 
0 0 0 0 0 0 0 0 0 0 0 0 0 1 0 
0 1 0 1 0 0 1 0 1 0 0 0 0 0 0 
0 0 0 0 1 0 0 0 1 1 0 1 0 0 1 
0 0 0 0 0 0 1 1 1 0 1 1 1 1 0 
1 0 0 1 1 1 0 0 0 0 0 0 0 0 0 
1 0 0 1 0 0 0 0 0 0 0 0 0 0 0 
1 1 1 0 0 0 1 0 0 0 0 0 0 0 0 
0 0 0 0 0 0 0 0 0 0 1 0 0 0 1 
1 0 0 0 1 0 0 1 1 0 1 1 0 0 1 
0 1 0 0 0 1 0 0 0 0 1 1 0 0 1 
0 0 1 1 0 1 1 0 0 0 0 0 1 0 0 
0 0 0 0 0 1 0 0 1 1 0 1 0 1 0 

JOBS [15] - [11, 5, 2, 6, 12, 19, 3, 16, 1, 10, 14, 8, 0, 4, 18]
TOOL SWITCHES : 7
MAKESPAN : 111

# -------------------------- #

--- TOTAL TOOL SWITCHES : 7
--- HIGHEST MAKESPAN : 111
--- TOTAL FLOWTIME : 878
--- RUNNING TIME : 8.74373

# -------------------------- #
RUN : 1 - instancias_txt/SSP-NPM-I/ins148_m=3_j=20_t=20_var=8.txt

- MACHINE [0]

0 
0 
1 
0 
0 
0 
0 
1 
1 
0 
0 
0 
0 
0 
0 
1 
0 
1 
1 
0 

JOBS [1] - [13]
TOOL SWITCHES : 0
MAKESPAN : 8

- MACHINE [1]

0 0 0 
0 0 0 
1 1 0 
0 0 0 
0 0 0 
0 0 0 
0 0 0 
0 0 0 
1 0 0 
0 0 1 
1 0 1 
0 0 0 
1 0 1 
0 1 1 
1 1 1 
0 1 1 
0 0 0 
0 1 0 
0 1 0 
0 0 0 

JOBS [3] - [18, 6, 7]
TOOL SWITCHES : 0
MAKESPAN : 16

- MACHINE [2]

0 0 0 0 0 0 0 0 0 1 0 0 1 1 1 1 
1 1 0 0 1 1 0 1 0 0 1 1 0 0 1 0 
0 0 1 1 0 0 0 0 0 0 0 0 0 0 0 0 
0 0 0 1 0 0 1 0 1 0 0 0 0 0 0 0 
1 0 0 1 0 0 1 0 0 0 1 0 1 1 0 1 
0 0 1 1 1 0 0 1 0 1 0 0 0 0 0 0 
0 1 0 1 0 1 1 0 0 0 0 1 1 1 0 0 
0 0 0 0 1 0 1 1 1 1 1 0 0 1 0 0 
0 1 0 0 0 1 0 1 0 0 0 0 0 0 0 0 
0 0 0 0 0 0 0 0 0 0 0 1 0 0 0 1 
0 1 0 1 1 0 0 0 1 0 1 0 0 0 1 0 
1 1 0 0 1 0 0 0 0 0 0 0 0 0 0 0 
1 0 1 0 0 0 0 0 0 0 0 0 0 0 0 0 
1 1 0 0 1 1 0 0 0 0 0 0 0 0 0 0 
0 0 1 0 0 0 1 1 0 1 0 1 0 1 0 0 
0 0 0 0 0 0 1 0 1 1 0 1 1 0 0 0 
1 0 1 0 0 1 0 1 0 1 0 0 1 0 0 0 
0 0 1 0 0 0 0 0 1 0 1 1 1 0 1 1 
0 0 0 0 0 0 0 0 0 0 1 0 0 0 0 1 
0 0 0 0 0 0 0 1 1 0 0 0 0 1 1 1 

JOBS [16] - [9, 5, 16, 15, 4, 8, 19, 12, 0, 14, 2, 17, 1, 10, 11, 3]
TOOL SWITCHES : 7
MAKESPAN : 122

# -------------------------- #

--- TOTAL TOOL SWITCHES : 7
--- HIGHEST MAKESPAN : 122
--- TOTAL FLOWTIME : 1110
--- RUNNING TIME : 9.48699

# -------------------------- #
RUN : 1 - instancias_txt/SSP-NPM-I/ins149_m=3_j=20_t=20_var=9.txt

- MACHINE [0]

0 
0 
1 
1 
0 
0 
0 
0 
1 
0 
0 
0 
0 
0 
1 
0 
1 
1 
0 
0 

JOBS [1] - [13]
TOOL SWITCHES : 0
MAKESPAN : 4

- MACHINE [1]

0 1 1 
1 0 1 
0 0 0 
0 1 0 
1 0 0 
0 0 0 
1 1 0 
0 0 0 
0 0 0 
0 0 0 
0 0 0 
1 0 0 
0 0 0 
1 1 1 
0 0 0 
0 0 0 
0 0 0 
1 0 1 
0 1 1 
0 1 1 

JOBS [3] - [11, 1, 2]
TOOL SWITCHES : 0
MAKESPAN : 16

- MACHINE [2]

1 0 1 1 1 0 0 0 0 0 0 0 0 0 0 0 
0 1 1 0 1 0 0 1 1 1 0 0 1 0 0 1 
0 0 0 0 0 0 0 0 0 0 1 1 1 0 0 1 
0 0 0 0 0 0 0 1 1 0 0 0 0 0 0 0 
0 0 1 0 0 1 0 0 0 0 0 0 1 0 1 1 
0 0 0 0 0 0 0 0 0 0 0 1 1 1 1 0 
0 0 0 0 0 0 0 0 0 1 1 1 0 1 0 0 
0 1 0 1 0 0 1 1 0 0 0 1 0 1 0 1 
0 0 0 0 0 1 1 1 0 0 0 0 0 0 0 0 
1 1 0 0 1 0 1 0 1 0 1 1 1 1 0 1 
0 1 1 1 0 1 0 0 0 0 0 0 1 0 0 0 
1 1 0 1 0 0 0 1 0 1 0 0 0 1 1 0 
0 0 0 0 0 0 0 0 1 1 0 0 0 0 0 0 
1 0 1 0 1 1 0 1 0 0 1 1 0 0 0 1 
0 0 0 0 1 1 1 0 1 0 1 0 1 0 1 1 
1 1 1 1 0 0 1 1 0 1 1 0 0 0 0 0 
0 0 0 1 1 0 1 0 0 0 0 0 0 0 0 0 
0 0 0 1 0 0 0 0 1 0 0 1 0 1 0 0 
0 0 0 0 0 0 1 0 1 0 0 0 0 0 1 0 
0 0 0 0 0 0 0 0 0 0 0 0 0 1 1 0 

JOBS [16] - [19, 10, 16, 17, 9, 4, 0, 5, 7, 15, 12, 8, 6, 18, 14, 3]
TOOL SWITCHES : 7
MAKESPAN : 107

# -------------------------- #

--- TOTAL TOOL SWITCHES : 7
--- HIGHEST MAKESPAN : 107
--- TOTAL FLOWTIME : 927
--- RUNNING TIME : 9.51915

# -------------------------- #
RUN : 1 - instancias_txt/SSP-NPM-I/ins150_m=3_j=20_t=20_var=10.txt

- MACHINE [0]

1 
1 
0 
1 
0 
0 
1 
0 
0 
1 
0 
0 
0 
0 
0 
0 
0 
0 
1 
1 

JOBS [1] - [9]
TOOL SWITCHES : 0
MAKESPAN : 7

- MACHINE [1]

1 0 1 0 
0 0 0 0 
0 0 1 0 
0 0 0 0 
0 0 0 0 
0 0 0 0 
0 0 0 0 
1 1 0 0 
0 0 0 0 
0 0 0 0 
0 1 0 1 
0 1 1 1 
0 0 0 0 
1 1 0 1 
1 1 1 0 
0 0 0 0 
1 0 1 0 
0 0 0 0 
0 0 0 1 
1 0 0 1 

JOBS [4] - [19, 15, 1, 14]
TOOL SWITCHES : 0
MAKESPAN : 15

- MACHINE [2]

0 0 0 0 0 0 0 0 0 1 0 0 0 0 0 
0 0 0 0 0 0 1 1 0 0 0 0 1 0 0 
1 1 1 0 0 1 0 0 1 0 0 0 0 0 0 
1 1 0 0 1 0 0 1 0 0 0 0 0 1 1 
1 0 0 0 1 1 0 1 0 0 0 0 0 0 0 
1 1 0 1 0 0 1 0 1 1 0 0 0 1 1 
0 1 0 1 0 1 0 1 0 0 1 0 1 0 0 
0 0 0 0 0 0 0 0 0 0 0 0 1 0 0 
0 0 0 1 1 0 0 0 0 1 1 0 0 0 1 
1 1 0 0 0 0 0 0 0 0 0 0 0 0 0 
0 0 1 0 1 1 1 0 1 0 1 1 0 0 0 
0 0 1 0 0 1 1 0 0 1 0 1 0 0 0 
0 0 0 1 0 1 1 0 1 1 0 1 0 1 0 
0 0 0 0 0 0 0 0 0 0 1 1 0 1 0 
1 1 0 0 0 0 0 0 0 0 0 0 0 0 0 
1 0 0 0 1 0 1 0 1 0 0 0 1 0 1 
0 0 0 0 0 0 0 0 1 1 0 1 0 1 0 
0 0 1 1 0 0 1 1 0 0 1 0 1 0 1 
0 0 1 1 1 0 0 0 0 0 0 0 0 0 0 
0 0 0 1 1 0 0 1 0 0 1 0 1 1 1 

JOBS [15] - [2, 10, 3, 7, 6, 8, 12, 16, 0, 17, 5, 4, 11, 18, 13]
TOOL SWITCHES : 7
MAKESPAN : 102

# -------------------------- #

--- TOTAL TOOL SWITCHES : 7
--- HIGHEST MAKESPAN : 102
--- TOTAL FLOWTIME : 859
--- RUNNING TIME : 8.62706

# -------------------------- #
RUN : 1 - instancias_txt/SSP-NPM-I/ins151_m=3_j=20_t=20_var=11.txt

- MACHINE [0]

0 
1 
0 
0 
0 
0 
0 
1 
0 
0 
0 
1 
0 
0 
0 
0 
1 
0 
1 
1 

JOBS [1] - [4]
TOOL SWITCHES : 0
MAKESPAN : 1

- MACHINE [1]

0 0 
0 1 
0 0 
0 0 
0 0 
1 0 
0 0 
1 1 
1 0 
0 0 
0 1 
0 1 
0 0 
1 0 
0 0 
1 0 
0 0 
0 0 
0 1 
0 0 

JOBS [2] - [13, 1]
TOOL SWITCHES : 0
MAKESPAN : 9

- MACHINE [2]

1 0 0 0 1 0 1 0 0 1 0 0 0 0 0 1 1 
1 1 1 1 0 0 0 0 0 0 0 0 0 0 0 0 0 
0 0 0 0 0 0 0 0 0 0 0 0 1 1 1 1 0 
0 0 0 0 0 0 0 1 1 0 0 1 0 0 1 1 1 
0 1 1 0 0 1 0 0 0 0 0 0 1 1 0 1 0 
0 0 0 0 0 0 0 0 0 0 0 0 0 0 0 0 0 
0 1 0 0 1 0 0 0 1 1 1 1 1 1 1 0 0 
1 0 1 0 1 0 1 1 0 0 1 0 1 1 0 0 1 
0 0 0 0 0 0 0 0 0 0 0 0 1 0 0 0 1 
1 0 0 0 1 1 0 0 0 1 1 1 1 0 0 0 0 
0 0 0 0 1 0 1 1 1 0 1 1 0 0 0 0 0 
0 0 0 0 0 0 0 0 0 0 0 0 0 0 0 1 1 
1 1 0 1 1 0 0 0 0 0 0 0 0 0 0 0 0 
0 0 0 1 0 0 1 1 0 0 0 0 0 0 1 1 0 
0 0 0 0 0 0 0 0 1 1 0 0 0 1 0 1 0 
0 0 0 0 0 1 1 1 1 0 1 0 0 0 0 0 0 
1 1 1 1 0 0 0 1 0 0 0 0 0 0 0 0 0 
0 0 1 0 0 1 0 0 0 0 1 1 0 1 0 0 1 
0 1 0 1 0 1 0 0 1 0 0 0 0 0 0 0 0 
0 1 0 1 0 1 0 1 0 1 0 1 0 0 1 0 0 

JOBS [17] - [18, 9, 11, 16, 7, 14, 6, 19, 12, 8, 2, 5, 3, 0, 17, 15, 10]
TOOL SWITCHES : 6
MAKESPAN : 121

# -------------------------- #

--- TOTAL TOOL SWITCHES : 6
--- HIGHEST MAKESPAN : 121
--- TOTAL FLOWTIME : 1059
--- RUNNING TIME : 8.56661

# -------------------------- #
RUN : 1 - instancias_txt/SSP-NPM-I/ins152_m=3_j=20_t=20_var=12.txt

- MACHINE [0]

0 
0 
0 
0 
1 
0 
0 
1 
1 
0 
0 
1 
0 
0 
0 
0 
0 
0 
1 
1 

JOBS [1] - [10]
TOOL SWITCHES : 0
MAKESPAN : 6

- MACHINE [1]

1 1 
0 0 
0 1 
0 0 
1 0 
1 0 
0 1 
0 0 
0 0 
0 0 
0 1 
0 0 
1 0 
0 0 
0 1 
0 1 
1 0 
0 0 
0 0 
0 0 

JOBS [2] - [12, 5]
TOOL SWITCHES : 0
MAKESPAN : 11

- MACHINE [2]

0 0 1 1 0 1 1 1 0 1 0 0 0 0 1 0 0 
1 1 0 1 0 1 1 0 0 0 0 1 0 1 0 1 1 
0 0 0 0 0 0 0 0 0 0 0 0 0 1 1 1 1 
1 0 1 1 1 1 0 0 1 0 0 0 0 1 0 0 1 
0 1 0 0 0 1 1 1 0 0 0 0 0 0 0 0 0 
0 0 1 0 0 0 0 0 0 0 0 0 0 0 0 0 0 
0 0 0 0 0 0 0 0 1 1 0 0 1 0 1 1 0 
0 0 0 1 0 0 1 1 0 0 0 0 0 0 0 0 0 
1 1 0 0 1 1 0 0 0 1 1 0 0 1 0 1 0 
1 1 1 1 0 1 0 0 0 0 1 0 1 0 0 0 0 
0 0 0 0 0 0 0 0 0 0 0 0 1 0 1 0 1 
0 0 0 0 0 0 0 0 0 0 1 1 1 0 0 0 0 
1 0 0 1 1 0 0 1 1 0 0 0 0 0 0 0 0 
1 1 0 0 0 0 1 0 1 1 0 1 0 0 0 0 0 
1 0 0 0 1 0 0 0 0 0 0 0 0 0 0 0 0 
0 0 1 0 0 0 1 1 0 0 1 1 0 0 1 0 1 
0 0 0 0 1 0 0 0 1 0 1 0 1 1 0 0 0 
0 0 1 0 1 0 0 0 0 0 0 1 1 0 0 1 1 
0 0 0 0 0 0 0 1 0 1 0 1 1 0 0 0 0 
0 0 0 0 0 0 0 0 1 0 1 0 0 1 1 1 1 

JOBS [17] - [2, 17, 1, 3, 0, 15, 19, 13, 8, 9, 18, 14, 4, 6, 11, 7, 16]
TOOL SWITCHES : 7
MAKESPAN : 118

# -------------------------- #

--- TOTAL TOOL SWITCHES : 7
--- HIGHEST MAKESPAN : 118
--- TOTAL FLOWTIME : 1054
--- RUNNING TIME : 7.08915

# -------------------------- #
RUN : 1 - instancias_txt/SSP-NPM-I/ins153_m=3_j=20_t=20_var=13.txt

- MACHINE [0]

1 
1 
0 
0 
0 
0 
0 
0 
0 
0 
0 
1 
1 
0 
1 
0 
0 
0 
0 
1 

JOBS [1] - [6]
TOOL SWITCHES : 0
MAKESPAN : 5

- MACHINE [1]

0 0 0 
0 0 0 
0 0 0 
0 0 0 
0 0 1 
0 0 0 
0 0 0 
0 0 1 
1 1 0 
1 1 0 
0 0 0 
1 1 1 
0 0 1 
0 0 0 
1 0 0 
1 0 1 
1 1 0 
0 1 1 
0 0 0 
0 1 0 

JOBS [3] - [0, 13, 18]
TOOL SWITCHES : 1
MAKESPAN : 19

- MACHINE [2]

0 0 0 0 1 0 1 0 0 0 0 0 0 1 1 0 
0 1 1 0 0 0 0 0 0 1 1 1 1 1 0 0 
0 0 0 0 0 1 1 0 0 0 1 1 1 0 0 0 
1 0 1 0 1 1 0 1 0 0 1 0 0 0 0 1 
0 1 1 1 1 0 0 0 0 0 0 0 0 0 0 0 
0 0 0 1 0 1 1 0 1 1 1 0 0 0 1 0 
1 0 1 0 0 0 0 0 0 0 0 0 0 1 1 0 
0 1 1 0 0 1 1 1 1 0 0 0 1 0 0 1 
0 0 0 0 1 1 0 1 0 0 1 0 1 0 1 0 
1 0 0 1 0 1 0 1 1 0 0 0 0 0 0 0 
1 1 1 1 1 0 1 0 0 0 0 0 0 0 0 0 
0 0 0 0 0 0 0 0 0 0 0 0 0 0 0 0 
0 0 0 0 0 0 0 0 0 0 1 1 1 0 0 0 
1 1 0 0 1 1 1 0 0 1 1 0 0 0 0 1 
0 0 0 0 0 0 0 0 0 0 0 0 0 0 0 0 
0 0 0 1 0 0 0 0 1 1 0 1 1 1 0 0 
0 0 0 0 0 0 0 0 0 0 0 0 1 1 1 1 
0 1 0 0 0 0 0 0 0 1 0 0 0 0 1 0 
0 0 0 0 0 0 0 1 1 1 0 1 0 0 0 1 
1 1 0 0 0 0 0 0 0 0 0 1 0 0 0 0 

JOBS [16] - [3, 7, 1, 17, 2, 12, 10, 4, 14, 11, 15, 19, 8, 5, 9, 16]
TOOL SWITCHES : 6
MAKESPAN : 119

# -------------------------- #

--- TOTAL TOOL SWITCHES : 7
--- HIGHEST MAKESPAN : 119
--- TOTAL FLOWTIME : 1049
--- RUNNING TIME : 7.0905

# -------------------------- #
RUN : 1 - instancias_txt/SSP-NPM-I/ins154_m=3_j=20_t=20_var=14.txt

- MACHINE [0]

0 
0 
1 
0 
0 
0 
0 
0 
0 
1 
0 
0 
1 
0 
1 
0 
1 
0 
1 
0 

JOBS [1] - [4]
TOOL SWITCHES : 0
MAKESPAN : 6

- MACHINE [1]

0 1 0 
0 0 0 
0 1 0 
0 0 0 
1 0 0 
0 0 0 
1 1 0 
0 0 0 
1 1 1 
0 0 1 
0 0 1 
1 0 0 
0 0 0 
0 0 0 
0 0 0 
0 0 1 
1 1 1 
0 0 0 
0 0 0 
0 1 1 

JOBS [3] - [14, 13, 7]
TOOL SWITCHES : 1
MAKESPAN : 27

- MACHINE [2]

0 0 0 0 0 1 0 1 0 0 0 0 0 0 0 0 
0 0 0 1 0 1 0 0 0 0 1 1 0 0 0 0 
0 1 0 0 0 0 0 1 0 0 0 0 0 1 1 0 
0 0 0 0 0 0 0 1 1 1 0 1 1 0 0 1 
0 0 0 0 1 1 1 0 0 1 1 1 0 0 0 1 
1 0 1 1 0 0 1 1 0 0 1 1 0 0 0 0 
0 0 0 1 0 0 1 0 1 0 0 0 0 0 0 0 
1 0 0 1 0 1 0 0 0 1 0 1 0 0 0 1 
0 0 1 0 0 1 1 0 0 0 0 0 0 0 0 0 
0 0 0 0 0 0 0 0 1 1 0 1 0 1 0 1 
0 1 0 0 0 1 0 0 1 0 0 0 0 1 1 0 
1 1 1 1 0 0 0 0 0 0 0 0 0 0 0 0 
0 0 1 1 1 0 0 0 1 0 0 0 1 1 1 1 
1 1 1 0 1 0 1 1 0 1 1 0 0 0 0 0 
0 1 0 0 1 0 0 0 0 0 0 0 0 0 0 0 
1 1 1 0 0 0 1 0 0 0 1 0 1 0 0 0 
0 0 0 0 0 0 0 0 0 0 0 0 0 0 0 0 
0 0 0 0 0 0 0 0 0 0 1 0 1 1 1 0 
0 0 0 0 0 0 0 0 0 0 0 1 1 1 0 0 
1 1 0 0 1 0 0 0 1 0 0 0 1 0 1 1 

JOBS [16] - [19, 15, 6, 8, 0, 2, 5, 9, 18, 12, 3, 1, 17, 10, 16, 11]
TOOL SWITCHES : 6
MAKESPAN : 109

# -------------------------- #

--- TOTAL TOOL SWITCHES : 7
--- HIGHEST MAKESPAN : 109
--- TOTAL FLOWTIME : 1011
--- RUNNING TIME : 7.31728

# -------------------------- #
RUN : 1 - instancias_txt/SSP-NPM-I/ins155_m=3_j=20_t=20_var=15.txt

- MACHINE [0]

0 
1 
0 
0 
0 
1 
0 
0 
0 
0 
0 
0 
1 
1 
0 
1 
0 
1 
0 
0 

JOBS [1] - [7]
TOOL SWITCHES : 0
MAKESPAN : 2

- MACHINE [1]

0 0 
0 0 
0 0 
0 0 
0 0 
0 1 
0 0 
1 1 
0 0 
0 0 
0 1 
0 0 
1 0 
0 0 
0 1 
0 1 
1 0 
1 1 
0 0 
1 1 

JOBS [2] - [16, 0]
TOOL SWITCHES : 0
MAKESPAN : 7

- MACHINE [2]

1 0 0 0 1 0 1 1 1 1 0 1 0 0 0 0 0 
0 1 0 0 1 0 0 1 1 0 0 0 0 0 1 0 0 
0 0 1 0 0 0 0 1 1 1 0 1 1 0 0 0 1 
1 1 0 1 1 1 1 1 0 1 0 0 0 1 1 0 0 
1 1 0 1 0 0 0 1 0 1 1 0 1 0 0 0 1 
1 0 0 0 1 1 0 0 1 0 0 0 0 0 0 0 0 
0 0 0 0 0 0 0 0 0 0 0 0 0 1 0 1 1 
0 0 0 0 0 0 0 0 0 0 0 0 1 0 0 0 0 
0 0 0 1 1 0 0 0 1 0 0 0 0 1 1 1 0 
1 1 1 1 0 1 0 0 0 0 1 0 0 0 0 0 1 
0 0 0 1 0 0 1 0 1 0 1 0 0 0 1 0 0 
0 0 0 0 0 0 0 0 0 0 0 0 0 0 1 1 1 
0 0 0 0 0 0 0 0 0 0 0 0 0 0 0 0 0 
1 1 1 1 0 0 0 0 0 0 0 0 0 0 0 0 0 
0 0 0 0 0 0 0 0 0 1 0 1 1 1 0 1 1 
1 0 1 0 0 0 0 0 0 0 1 1 1 1 0 0 0 
0 0 0 0 1 0 1 1 0 0 0 1 1 1 1 0 0 
0 1 1 0 0 1 0 0 0 1 0 1 0 1 0 1 0 
0 1 1 0 0 1 1 1 0 1 0 0 0 0 0 0 0 
0 0 0 0 0 0 1 0 0 0 1 0 1 0 1 0 0 

JOBS [17] - [14, 1, 12, 8, 3, 10, 4, 2, 9, 5, 17, 19, 18, 6, 11, 13, 15]
TOOL SWITCHES : 7
MAKESPAN : 116

# -------------------------- #

--- TOTAL TOOL SWITCHES : 7
--- HIGHEST MAKESPAN : 116
--- TOTAL FLOWTIME : 1031
--- RUNNING TIME : 9.14084

# -------------------------- #
RUN : 1 - instancias_txt/SSP-NPM-I/ins156_m=3_j=20_t=20_var=16.txt

- MACHINE [0]

0 
0 
0 
0 
0 
0 
1 
0 
0 
0 
1 
0 
1 
1 
1 
0 
1 
0 
1 
0 

JOBS [1] - [8]
TOOL SWITCHES : 0
MAKESPAN : 7

- MACHINE [1]

0 0 
1 0 
0 0 
0 1 
0 0 
1 0 
0 0 
0 0 
0 0 
0 0 
1 0 
0 0 
1 1 
1 0 
0 1 
0 0 
0 1 
0 1 
0 0 
0 1 

JOBS [2] - [19, 6]
TOOL SWITCHES : 0
MAKESPAN : 14

- MACHINE [2]

1 0 1 1 0 0 0 0 0 0 1 1 0 1 0 1 0 
0 1 0 0 0 1 0 1 1 1 1 1 0 1 1 0 0 
0 0 0 1 1 1 1 0 0 0 0 0 0 0 0 0 0 
0 0 0 0 0 0 0 0 0 0 0 0 0 1 0 1 1 
1 1 0 0 1 0 1 1 1 0 0 0 0 0 0 0 0 
0 0 0 0 0 0 1 1 1 0 0 1 0 0 0 1 0 
0 0 1 0 0 0 0 0 1 1 0 0 0 1 0 1 0 
0 0 0 0 0 0 0 0 0 1 0 0 0 1 0 0 0 
0 1 1 0 1 0 1 1 1 0 0 0 0 0 0 0 0 
0 0 0 0 0 0 1 0 0 0 0 1 1 0 1 0 1 
0 0 0 0 0 0 0 0 0 1 1 1 0 0 1 1 1 
0 0 1 1 0 1 0 1 1 0 1 1 1 0 0 0 1 
0 1 0 1 1 0 0 0 0 0 0 0 0 0 0 0 0 
0 0 0 0 0 0 0 0 0 0 0 0 0 0 0 0 0 
0 0 0 0 0 0 0 0 0 0 0 0 1 1 1 0 0 
1 1 0 0 1 1 0 0 0 0 0 0 0 0 0 1 1 
1 0 1 0 0 0 0 0 0 0 0 0 0 0 0 0 0 
1 0 0 0 0 1 0 0 0 0 1 0 0 0 1 1 0 
0 1 1 0 1 1 1 0 0 1 0 0 1 0 1 0 1 
1 0 0 1 0 0 0 0 0 0 0 0 1 0 0 0 0 

JOBS [17] - [11, 1, 5, 12, 9, 16, 10, 15, 0, 7, 4, 14, 13, 2, 17, 18, 3]
TOOL SWITCHES : 6
MAKESPAN : 103

# -------------------------- #

--- TOTAL TOOL SWITCHES : 6
--- HIGHEST MAKESPAN : 103
--- TOTAL FLOWTIME : 871
--- RUNNING TIME : 7.02537

# -------------------------- #
RUN : 1 - instancias_txt/SSP-NPM-I/ins157_m=3_j=20_t=20_var=17.txt

- MACHINE [0]

0 0 
0 0 
1 0 
0 0 
1 1 
1 1 
0 0 
1 1 
0 0 
1 1 
0 0 
0 0 
0 0 
0 0 
0 1 
0 0 
0 0 
1 1 
0 0 
0 0 

JOBS [2] - [14, 11]
TOOL SWITCHES : 0
MAKESPAN : 3

- MACHINE [1]

0 0 
0 0 
0 1 
1 0 
1 0 
0 1 
0 0 
0 1 
0 0 
0 1 
0 0 
1 0 
0 0 
1 0 
0 0 
1 1 
0 0 
0 0 
0 0 
0 1 

JOBS [2] - [0, 19]
TOOL SWITCHES : 0
MAKESPAN : 9

- MACHINE [2]

1 0 0 1 1 0 0 1 0 0 0 1 0 1 0 1 
0 0 0 0 0 0 1 1 1 0 0 0 0 0 0 0 
1 0 0 0 0 0 0 0 0 1 1 0 1 0 1 1 
0 0 0 1 1 1 1 0 0 1 0 1 0 0 0 0 
1 0 1 0 0 0 0 0 0 0 1 1 1 1 0 0 
0 0 0 0 0 0 0 0 1 0 0 0 1 1 0 1 
0 1 0 1 0 1 0 1 0 0 0 0 1 0 0 1 
0 0 0 0 0 0 0 0 0 0 1 0 0 1 0 0 
0 1 0 1 1 0 0 0 0 0 0 0 1 1 1 1 
0 0 0 0 0 1 0 0 0 0 0 0 0 0 0 0 
0 0 1 1 0 0 1 0 1 1 0 0 1 0 0 0 
0 0 0 0 0 0 0 0 0 0 0 0 0 0 0 0 
1 0 1 0 1 1 0 0 1 1 0 0 0 0 0 0 
0 1 1 1 0 1 1 1 0 0 1 0 0 0 1 0 
0 0 0 0 0 0 0 0 0 1 0 1 0 0 1 0 
0 1 1 0 1 0 0 0 0 0 0 1 1 1 0 0 
1 0 0 0 0 0 1 0 1 0 1 1 0 1 1 0 
0 0 0 0 1 0 0 1 1 0 0 0 0 0 1 1 
0 1 1 0 1 1 1 1 0 0 0 0 0 0 0 0 
1 1 1 1 0 0 0 0 0 0 0 0 0 0 0 0 

JOBS [16] - [13, 9, 5, 18, 2, 4, 10, 6, 1, 12, 17, 8, 3, 16, 15, 7]
TOOL SWITCHES : 7
MAKESPAN : 116

# -------------------------- #

--- TOTAL TOOL SWITCHES : 7
--- HIGHEST MAKESPAN : 116
--- TOTAL FLOWTIME : 957
--- RUNNING TIME : 7.36446

# -------------------------- #
RUN : 1 - instancias_txt/SSP-NPM-I/ins158_m=3_j=20_t=20_var=18.txt

- MACHINE [0]

1 
0 
0 
1 
0 
1 
0 
1 
0 
0 
1 
0 
0 
0 
1 
0 
0 
0 
0 
0 

JOBS [1] - [1]
TOOL SWITCHES : 0
MAKESPAN : 5

- MACHINE [1]

0 0 0 
0 1 0 
0 0 0 
0 0 0 
0 0 1 
0 0 0 
0 0 0 
1 1 0 
0 0 0 
0 1 1 
1 0 0 
0 0 1 
1 1 1 
1 0 0 
1 1 0 
1 1 1 
0 0 0 
0 0 0 
0 0 0 
0 0 0 

JOBS [3] - [10, 3, 17]
TOOL SWITCHES : 0
MAKESPAN : 18

- MACHINE [2]

0 0 1 1 0 0 1 0 0 1 1 1 1 1 0 0 
1 0 1 0 1 1 0 0 0 0 0 0 0 0 0 0 
0 0 0 0 0 0 0 0 1 1 0 0 0 1 0 0 
1 0 0 1 1 0 0 0 0 0 0 0 0 0 0 0 
0 0 1 0 0 0 0 0 0 0 0 0 0 0 0 0 
0 0 0 0 0 0 0 0 0 0 0 1 0 1 1 1 
0 1 0 0 0 1 1 1 1 0 0 0 0 0 0 0 
0 0 0 0 0 0 0 0 0 0 0 0 0 0 0 0 
1 0 0 0 1 1 0 1 1 0 0 1 0 0 1 1 
0 0 0 0 0 0 0 0 0 0 0 0 1 1 1 0 
1 1 0 0 0 0 1 1 0 1 1 0 0 0 0 0 
0 0 0 1 1 0 0 0 0 1 1 1 0 0 1 1 
0 0 1 0 1 0 1 0 0 0 0 0 0 1 0 0 
0 0 0 1 1 0 1 0 0 1 0 0 0 0 0 1 
0 0 0 0 0 0 0 0 1 0 1 0 0 0 0 0 
0 0 0 0 0 1 1 1 1 0 0 0 1 0 0 0 
0 1 0 1 0 1 0 1 0 0 0 0 0 0 0 0 
1 0 0 0 0 1 1 0 0 0 0 1 1 0 1 1 
1 1 0 1 0 1 0 1 0 1 1 0 0 1 1 1 
1 1 1 0 0 0 0 0 1 0 1 1 1 0 0 0 

JOBS [16] - [6, 19, 8, 11, 12, 4, 15, 0, 18, 2, 9, 14, 13, 7, 16, 5]
TOOL SWITCHES : 6
MAKESPAN : 104

# -------------------------- #

--- TOTAL TOOL SWITCHES : 6
--- HIGHEST MAKESPAN : 104
--- TOTAL FLOWTIME : 890
--- RUNNING TIME : 6.08599

# -------------------------- #
RUN : 1 - instancias_txt/SSP-NPM-I/ins159_m=3_j=20_t=20_var=19.txt

- MACHINE [0]

0 
0 
0 
1 
1 
0 
0 
0 
0 
0 
0 
1 
0 
0 
0 
1 
0 
1 
0 
0 

JOBS [1] - [17]
TOOL SWITCHES : 0
MAKESPAN : 5

- MACHINE [1]

0 0 
0 1 
0 1 
1 0 
0 0 
0 0 
0 1 
1 1 
0 0 
1 0 
0 0 
0 0 
1 1 
0 0 
0 0 
0 0 
1 0 
1 1 
0 0 
1 1 

JOBS [2] - [6, 12]
TOOL SWITCHES : 0
MAKESPAN : 8

- MACHINE [2]

1 1 0 0 1 0 0 0 0 1 0 0 1 1 1 1 1 
0 1 0 0 0 0 1 0 1 0 0 0 0 0 0 0 0 
0 0 0 0 1 1 0 1 0 0 1 1 1 0 0 0 0 
1 1 0 0 0 1 0 1 0 1 0 1 0 0 0 0 0 
1 0 0 0 0 0 1 0 0 0 1 0 0 0 0 0 1 
0 0 0 0 0 0 0 0 1 0 1 1 0 0 0 1 1 
1 1 0 0 0 0 0 0 0 0 0 0 0 0 0 0 0 
0 0 0 0 0 0 0 0 0 0 0 1 1 0 1 0 0 
0 1 1 1 0 0 1 0 1 0 0 1 0 0 1 0 0 
0 0 1 1 0 0 0 0 0 0 0 0 0 0 0 0 0 
0 0 0 0 0 0 0 0 0 0 0 0 1 1 0 1 0 
0 1 0 1 0 0 0 1 0 0 0 0 0 1 0 1 0 
0 0 1 0 0 1 0 1 1 0 0 1 0 0 0 1 0 
1 0 0 1 0 0 0 0 0 0 1 0 1 1 0 0 0 
0 0 1 1 1 1 1 0 1 1 0 0 0 1 0 1 1 
0 0 0 0 1 0 1 1 1 1 0 0 0 0 0 0 0 
0 0 1 1 1 1 1 1 0 0 1 0 1 0 1 0 0 
0 0 0 0 0 0 0 0 0 0 0 0 0 1 1 1 0 
0 0 0 0 0 0 0 0 0 1 1 0 0 0 1 0 1 
1 0 1 1 1 1 0 0 0 0 0 0 0 0 0 0 0 

JOBS [17] - [18, 16, 11, 3, 19, 7, 2, 15, 8, 1, 9, 4, 13, 5, 14, 0, 10]
TOOL SWITCHES : 7
MAKESPAN : 111

# -------------------------- #

--- TOTAL TOOL SWITCHES : 7
--- HIGHEST MAKESPAN : 111
--- TOTAL FLOWTIME : 1027
--- RUNNING TIME : 8.33931

# -------------------------- #
RUN : 1 - instancias_txt/SSP-NPM-I/ins160_m=3_j=20_t=20_var=20.txt

- MACHINE [0]

0 0 
1 0 
0 0 
0 0 
0 0 
0 1 
0 0 
0 0 
0 0 
0 0 
0 0 
0 0 
1 1 
0 1 
0 0 
0 0 
1 0 
1 1 
0 0 
1 1 

JOBS [2] - [18, 11]
TOOL SWITCHES : 0
MAKESPAN : 9

- MACHINE [1]

1 0 
0 0 
0 1 
0 0 
1 1 
1 1 
1 0 
0 1 
0 0 
1 0 
1 0 
0 0 
0 0 
0 0 
0 0 
0 0 
0 1 
0 0 
0 0 
1 1 

JOBS [2] - [8, 2]
TOOL SWITCHES : 0
MAKESPAN : 20

- MACHINE [2]

0 0 0 0 0 0 0 0 0 0 0 0 1 0 0 1 
0 0 0 0 0 0 1 1 1 1 1 1 1 0 1 0 
0 0 0 0 0 1 1 0 0 0 1 1 1 0 0 1 
1 0 0 0 1 0 0 0 0 1 1 0 1 1 0 0 
0 1 1 1 1 1 0 0 0 0 0 0 0 0 0 0 
0 0 0 0 0 0 0 0 0 0 0 0 0 0 0 0 
1 1 1 0 1 0 0 0 0 0 0 0 0 0 0 0 
0 0 1 1 0 1 1 1 0 1 1 0 0 0 1 1 
0 0 0 1 1 0 0 1 1 0 0 1 0 0 0 0 
1 0 0 0 0 1 0 0 0 0 0 0 0 1 0 1 
0 1 0 1 1 0 0 1 0 0 0 0 0 0 0 0 
0 0 0 0 0 0 0 1 1 0 1 0 0 0 1 0 
0 0 1 0 0 0 0 1 1 0 0 0 0 1 0 0 
0 0 0 0 1 1 1 0 0 0 0 0 0 0 0 0 
0 1 0 0 0 0 0 0 1 0 0 1 0 1 0 0 
0 0 0 0 0 1 0 0 0 1 1 0 0 0 1 1 
1 0 1 0 0 0 1 0 1 1 0 1 1 1 0 0 
0 0 0 0 0 0 0 0 0 1 0 0 0 0 1 0 
0 1 0 0 0 0 0 0 0 0 0 1 0 1 1 1 
1 0 1 1 0 0 0 0 0 0 0 0 0 0 0 0 

JOBS [16] - [1, 9, 6, 19, 0, 12, 13, 7, 3, 17, 16, 5, 14, 10, 4, 15]
TOOL SWITCHES : 6
MAKESPAN : 128

# -------------------------- #

--- TOTAL TOOL SWITCHES : 6
--- HIGHEST MAKESPAN : 128
--- TOTAL FLOWTIME : 1105
--- RUNNING TIME : 5.51872

# -------------------------- #


avg : 6.75
