RUN : 1 - instancias_txt/SSP-NPM-I/ins141_m=3_j=20_t=20_var=1.txt

- MACHINE [0]

0 
0 
0 
1 
1 
1 
0 
0 
0 
0 
1 
0 
0 
0 
0 
0 
0 
1 
0 
1 

JOBS [1] - [16]
TOOL SWITCHES : 0
MAKESPAN : 1

- MACHINE [1]

0 0 0 
0 0 0 
0 0 0 
0 0 0 
1 0 1 
1 0 0 
0 0 0 
0 0 0 
0 0 0 
0 1 1 
1 1 0 
0 0 1 
1 0 1 
1 0 0 
1 1 1 
0 1 1 
0 0 0 
0 1 0 
0 0 0 
0 0 0 

JOBS [3] - [15, 19, 11]
TOOL SWITCHES : 0
MAKESPAN : 19

- MACHINE [2]

1 0 0 1 0 0 0 0 0 0 1 0 1 1 0 0 
0 0 1 0 0 1 0 0 1 1 0 0 0 1 0 1 
0 0 1 1 0 1 1 1 0 0 0 1 0 1 0 0 
0 0 0 0 0 0 0 0 0 0 0 0 0 1 1 0 
0 0 0 0 0 0 0 0 0 0 0 0 0 0 0 1 
0 1 0 0 1 1 1 0 0 0 0 0 0 0 0 0 
0 1 1 0 1 1 1 0 0 0 0 0 1 0 1 0 
0 0 0 0 0 0 0 1 0 1 0 1 1 0 0 1 
1 1 0 1 0 0 0 0 0 0 0 1 0 1 1 1 
1 1 0 0 0 0 0 0 0 1 1 0 0 0 0 0 
1 1 0 1 1 0 0 1 0 0 0 0 0 0 0 0 
0 0 0 0 0 1 1 1 1 0 0 1 0 0 0 0 
0 0 1 0 0 0 0 1 1 1 1 0 0 0 1 0 
1 1 0 1 1 1 0 0 0 1 0 1 0 0 0 0 
0 1 1 0 0 0 0 1 0 0 1 1 1 0 0 1 
0 0 0 0 0 0 0 0 1 0 1 1 0 0 0 1 
1 0 0 0 1 0 1 0 1 1 0 0 0 0 0 0 
0 0 0 0 0 0 0 0 0 0 0 0 1 1 0 0 
0 0 0 0 1 1 0 0 1 0 1 0 1 0 1 1 
0 0 1 1 0 0 0 0 0 0 0 0 0 0 0 0 

JOBS [16] - [17, 10, 0, 14, 13, 5, 3, 7, 12, 8, 1, 9, 2, 4, 6, 18]
TOOL SWITCHES : 8
MAKESPAN : 114

# -------------------------- #

--- TOTAL TOOL SWITCHES : 8
--- HIGHEST MAKESPAN : 114
--- TOTAL FLOWTIME : 1025
--- RUNNING TIME : 3.44493

# -------------------------- #
RUN : 1 - instancias_txt/SSP-NPM-I/ins142_m=3_j=20_t=20_var=2.txt

- MACHINE [0]

0 
0 
1 
0 
0 
0 
0 
1 
0 
1 
0 
0 
0 
0 
1 
1 
1 
0 
1 
0 

JOBS [1] - [11]
TOOL SWITCHES : 0
MAKESPAN : 9

- MACHINE [1]

0 0 0 
0 0 0 
0 1 1 
1 1 1 
1 0 1 
0 0 0 
0 1 1 
1 0 0 
0 0 0 
0 0 0 
0 0 0 
0 1 0 
0 1 0 
0 0 0 
0 0 0 
1 0 1 
1 0 0 
0 0 0 
0 0 0 
0 0 1 

JOBS [3] - [9, 16, 4]
TOOL SWITCHES : 0
MAKESPAN : 23

- MACHINE [2]

0 0 1 1 0 1 0 1 0 0 0 1 0 1 0 0 
1 1 1 0 1 0 0 0 0 0 0 0 0 0 0 0 
0 0 0 0 0 0 0 0 0 1 1 0 0 0 1 0 
0 0 1 1 0 0 0 0 0 0 0 0 0 0 0 0 
1 1 0 0 0 0 0 1 0 1 0 0 0 0 0 0 
0 0 0 1 1 0 1 1 1 1 0 0 1 0 0 0 
1 0 0 0 0 0 0 0 1 1 0 0 0 0 0 1 
1 1 1 1 1 0 1 0 0 0 1 1 1 1 0 0 
0 0 0 0 0 0 0 0 0 0 1 1 0 0 1 1 
0 0 0 0 1 0 0 1 0 0 0 0 1 0 0 0 
1 1 1 0 1 0 0 0 1 0 0 0 0 0 0 0 
0 0 0 0 0 0 0 0 0 0 0 0 0 1 0 1 
0 0 0 0 0 0 0 0 0 1 1 0 1 1 0 0 
0 1 1 0 0 1 1 0 1 0 1 0 0 0 1 1 
1 0 0 0 1 1 0 1 1 0 0 0 0 0 0 0 
0 0 0 0 0 0 0 0 0 0 0 0 0 0 0 0 
0 0 0 0 0 1 0 0 0 0 1 0 0 1 0 0 
0 0 0 0 1 0 1 0 0 1 0 1 1 1 1 0 
1 0 0 0 0 0 0 1 1 0 1 1 1 0 1 1 
0 1 0 1 0 1 1 1 0 0 0 0 0 0 0 0 

JOBS [16] - [15, 10, 3, 8, 1, 7, 6, 18, 14, 13, 2, 0, 12, 19, 17, 5]
TOOL SWITCHES : 6
MAKESPAN : 112

# -------------------------- #

--- TOTAL TOOL SWITCHES : 6
--- HIGHEST MAKESPAN : 112
--- TOTAL FLOWTIME : 979
--- RUNNING TIME : 3.24988

# -------------------------- #
RUN : 1 - instancias_txt/SSP-NPM-I/ins143_m=3_j=20_t=20_var=3.txt

- MACHINE [0]

1 
0 
0 
0 
0 
0 
0 
0 
0 
1 
0 
0 
0 
0 
1 
0 
1 
0 
0 
1 

JOBS [1] - [1]
TOOL SWITCHES : 0
MAKESPAN : 8

- MACHINE [1]

0 0 0 
0 0 1 
1 0 0 
0 0 0 
1 1 0 
1 1 0 
0 0 0 
0 0 1 
0 0 0 
1 0 1 
0 1 1 
0 0 0 
0 0 0 
0 1 1 
0 1 1 
0 0 0 
0 0 0 
0 0 0 
1 1 0 
0 0 0 

JOBS [3] - [6, 2, 12]
TOOL SWITCHES : 0
MAKESPAN : 23

- MACHINE [2]

0 0 0 0 0 0 0 0 0 0 0 0 1 1 1 1 
0 0 0 0 0 1 0 0 0 0 0 0 1 1 1 0 
1 0 1 1 1 0 0 0 0 0 0 0 0 0 0 0 
0 1 0 1 0 1 0 0 1 0 0 0 0 1 1 1 
1 0 1 1 1 0 0 1 0 1 0 1 0 0 0 0 
0 0 1 0 0 1 1 0 0 0 0 1 1 0 1 1 
0 0 0 0 0 0 0 1 1 0 0 0 1 1 0 0 
1 0 0 0 1 0 0 0 0 1 0 0 0 1 1 0 
0 1 1 1 0 0 1 1 0 1 1 1 0 0 0 1 
0 0 0 0 0 0 0 0 0 0 0 0 0 0 0 0 
0 0 0 0 0 0 0 0 0 0 1 0 1 0 0 0 
0 0 0 0 1 1 1 0 1 0 1 0 0 0 0 0 
0 0 0 0 0 0 0 0 0 0 0 1 0 1 0 0 
0 1 1 0 0 0 0 0 0 0 0 1 0 0 0 0 
0 0 0 1 1 1 1 0 0 0 0 0 0 0 0 0 
1 1 0 0 1 0 0 0 1 0 1 1 0 0 0 1 
1 1 0 0 0 0 1 0 0 0 1 0 0 1 0 0 
0 1 1 0 0 0 0 0 1 1 0 0 0 0 0 0 
0 0 0 0 1 1 0 1 0 1 1 0 0 0 0 0 
1 0 0 1 0 0 1 1 0 1 0 0 1 0 1 0 

JOBS [16] - [13, 10, 19, 18, 0, 8, 17, 16, 15, 11, 3, 5, 4, 7, 9, 14]
TOOL SWITCHES : 7
MAKESPAN : 116

# -------------------------- #

--- TOTAL TOOL SWITCHES : 7
--- HIGHEST MAKESPAN : 116
--- TOTAL FLOWTIME : 1072
--- RUNNING TIME : 3.09797

# -------------------------- #
RUN : 1 - instancias_txt/SSP-NPM-I/ins144_m=3_j=20_t=20_var=4.txt

- MACHINE [0]

0 
1 
0 
0 
1 
1 
0 
0 
1 
1 
0 
0 
0 
0 
1 
0 
0 
1 
0 
0 

JOBS [1] - [12]
TOOL SWITCHES : 0
MAKESPAN : 8

- MACHINE [1]

0 0 1 
0 0 0 
1 0 1 
0 0 0 
0 1 0 
1 1 1 
0 0 0 
1 1 1 
1 1 0 
0 1 0 
0 1 0 
1 0 1 
0 0 0 
0 0 0 
0 0 0 
0 0 0 
0 0 0 
1 0 0 
0 0 0 
0 0 0 

JOBS [3] - [10, 17, 18]
TOOL SWITCHES : 0
MAKESPAN : 8

- MACHINE [2]

0 0 1 0 0 0 1 0 1 1 0 1 0 0 1 0 
1 1 0 0 1 0 0 0 0 0 0 0 0 0 0 0 
0 0 1 0 0 1 0 0 0 0 0 0 1 1 0 1 
0 0 0 0 1 1 1 1 1 0 0 1 1 1 0 1 
0 0 0 0 0 0 0 0 0 0 0 0 0 0 0 0 
0 0 0 0 0 0 0 0 0 0 0 0 0 0 1 0 
1 0 1 0 0 0 0 0 0 1 1 0 0 1 1 0 
0 0 0 1 0 0 0 1 0 1 1 0 0 0 0 1 
0 1 1 0 0 0 0 1 0 0 1 1 0 0 0 1 
0 0 0 0 0 1 0 0 1 0 1 1 0 1 1 0 
1 0 0 1 1 1 0 0 0 0 1 1 0 0 0 0 
0 1 0 0 0 1 0 0 0 0 0 0 0 0 0 0 
0 0 0 0 0 0 1 0 0 0 1 0 0 1 1 0 
1 1 0 1 0 0 0 0 0 0 0 0 1 0 1 0 
0 0 0 1 0 1 1 0 1 1 0 0 1 1 0 0 
1 1 0 0 1 0 0 1 1 1 0 0 1 0 0 1 
1 0 1 1 1 0 0 0 0 0 0 0 0 0 0 0 
0 0 1 0 0 0 1 0 0 0 0 0 1 0 0 1 
0 1 0 0 0 1 1 1 1 0 0 0 0 0 0 0 
0 0 0 0 0 0 0 1 1 1 1 1 0 0 1 1 

JOBS [16] - [14, 19, 11, 15, 0, 13, 5, 8, 9, 7, 4, 2, 3, 16, 1, 6]
TOOL SWITCHES : 8
MAKESPAN : 86

# -------------------------- #

--- TOTAL TOOL SWITCHES : 8
--- HIGHEST MAKESPAN : 86
--- TOTAL FLOWTIME : 723
--- RUNNING TIME : 3.3268

# -------------------------- #
RUN : 1 - instancias_txt/SSP-NPM-I/ins145_m=3_j=20_t=20_var=5.txt

- MACHINE [0]

1 
0 
0 
0 
0 
0 
0 
1 
0 
0 
0 
0 
0 
1 
1 
0 
0 
1 
0 
1 

JOBS [1] - [2]
TOOL SWITCHES : 0
MAKESPAN : 9

- MACHINE [1]

0 0 0 
0 1 0 
0 0 0 
0 1 1 
1 0 0 
0 0 0 
0 1 1 
0 0 0 
0 0 0 
1 0 1 
1 1 1 
0 0 0 
0 0 0 
0 0 0 
0 0 1 
1 1 1 
0 0 0 
0 0 0 
1 1 0 
0 0 1 

JOBS [3] - [11, 15, 1]
TOOL SWITCHES : 0
MAKESPAN : 6

- MACHINE [2]

0 0 0 0 0 0 0 1 1 0 0 1 0 0 0 1 
0 1 1 0 1 0 0 0 0 0 0 0 1 1 0 0 
0 0 0 0 1 0 1 1 1 1 0 1 0 0 1 0 
0 0 0 0 0 0 0 0 0 1 0 0 0 0 0 0 
0 1 1 0 0 0 0 1 0 1 1 0 0 1 1 0 
1 0 0 0 0 1 1 0 0 1 1 0 0 0 0 1 
0 0 0 0 0 0 0 0 0 0 0 1 0 0 0 0 
0 0 1 0 0 0 0 0 1 0 0 1 1 1 0 1 
0 1 0 0 0 0 1 0 1 0 0 1 1 0 0 0 
0 1 0 1 1 0 0 1 0 0 0 0 1 1 1 1 
1 0 0 1 0 1 0 0 1 0 1 0 0 1 0 0 
1 1 0 0 1 1 0 0 1 1 0 0 0 0 0 0 
1 1 1 1 1 1 0 0 0 0 0 0 0 0 0 0 
0 0 1 1 0 1 1 1 1 0 0 0 0 0 0 0 
0 0 0 0 0 0 0 0 0 0 0 0 0 0 0 0 
0 0 0 1 1 1 0 0 0 1 1 0 0 0 1 0 
0 0 0 0 0 1 1 0 0 0 0 0 1 1 1 0 
1 0 0 1 0 0 0 0 0 0 0 0 0 0 1 1 
1 1 0 0 1 0 1 1 0 0 0 0 0 0 0 1 
0 0 0 0 0 0 0 0 0 0 1 0 1 0 1 0 

JOBS [16] - [16, 3, 4, 14, 9, 18, 6, 19, 0, 17, 13, 10, 5, 8, 12, 7]
TOOL SWITCHES : 8
MAKESPAN : 123

# -------------------------- #

--- TOTAL TOOL SWITCHES : 8
--- HIGHEST MAKESPAN : 123
--- TOTAL FLOWTIME : 954
--- RUNNING TIME : 3.65159

# -------------------------- #
RUN : 1 - instancias_txt/SSP-NPM-I/ins146_m=3_j=20_t=20_var=6.txt

- MACHINE [0]

0 
0 
1 
0 
0 
1 
0 
0 
0 
1 
1 
1 
0 
1 
0 
0 
0 
0 
0 
1 

JOBS [1] - [18]
TOOL SWITCHES : 0
MAKESPAN : 10

- MACHINE [1]

1 0 
0 0 
0 1 
1 1 
0 0 
0 1 
0 0 
0 0 
0 1 
0 0 
0 0 
0 0 
0 0 
1 1 
0 1 
0 0 
1 0 
1 0 
1 0 
0 0 

JOBS [2] - [13, 15]
TOOL SWITCHES : 0
MAKESPAN : 12

- MACHINE [2]

0 0 0 0 0 0 1 0 1 1 0 0 0 0 0 0 0 
0 0 0 0 0 0 0 0 0 1 0 0 0 0 1 0 1 
0 0 0 0 0 1 1 0 1 0 1 0 0 0 0 1 0 
0 1 0 0 1 0 0 1 0 0 0 1 0 0 0 0 1 
0 0 0 1 1 0 0 1 0 1 0 0 0 0 0 0 0 
1 0 1 0 0 1 1 0 1 1 0 0 1 0 1 1 1 
0 1 0 0 1 0 0 0 1 0 0 1 0 1 1 0 0 
0 0 0 0 0 0 0 0 0 0 0 1 0 1 0 1 0 
1 0 1 0 0 0 1 0 1 0 0 0 1 0 0 1 1 
1 1 0 0 0 0 0 0 0 0 0 0 0 0 0 0 0 
1 0 1 1 0 1 0 1 0 0 0 0 1 0 1 0 0 
0 0 0 0 0 0 0 0 0 0 0 0 0 1 1 0 0 
0 0 0 1 1 0 0 0 0 1 1 0 1 1 1 1 0 
0 0 0 0 0 0 0 0 0 0 0 0 0 0 0 0 0 
0 0 1 1 0 1 0 0 0 0 1 0 1 1 0 1 0 
1 0 0 0 0 1 0 0 0 1 1 1 0 0 0 0 0 
0 1 0 0 1 0 1 1 0 0 0 1 0 0 0 1 1 
0 1 0 0 1 0 0 1 1 0 0 0 0 0 0 0 0 
0 1 1 1 1 0 0 0 0 0 0 0 0 0 0 0 0 
1 0 0 1 0 1 1 0 1 0 1 0 1 0 1 0 1 

JOBS [17] - [1, 19, 10, 2, 8, 7, 9, 6, 16, 17, 5, 11, 14, 4, 3, 12, 0]
TOOL SWITCHES : 7
MAKESPAN : 118

# -------------------------- #

--- TOTAL TOOL SWITCHES : 7
--- HIGHEST MAKESPAN : 118
--- TOTAL FLOWTIME : 1110
--- RUNNING TIME : 3.63758

# -------------------------- #
RUN : 1 - instancias_txt/SSP-NPM-I/ins147_m=3_j=20_t=20_var=7.txt

- MACHINE [0]

0 
0 
1 
0 
0 
1 
0 
0 
0 
1 
0 
0 
1 
1 
0 
0 
0 
0 
1 
0 

JOBS [1] - [6]
TOOL SWITCHES : 0
MAKESPAN : 1

- MACHINE [1]

0 0 
1 1 
0 0 
1 0 
0 0 
0 1 
1 0 
0 0 
0 0 
0 0 
0 1 
0 0 
1 1 
1 0 
1 0 
0 0 
1 1 
0 0 
0 0 
0 0 

JOBS [2] - [11, 12]
TOOL SWITCHES : 0
MAKESPAN : 6

- MACHINE [2]

0 0 1 0 1 1 0 1 0 0 0 0 0 1 0 0 1 
0 1 1 0 0 1 0 0 0 0 0 0 0 0 0 0 0 
0 0 0 0 0 0 0 0 0 0 0 1 0 0 1 1 0 
0 0 0 0 1 0 0 0 0 0 0 1 0 1 0 0 0 
0 0 0 0 0 0 0 0 0 0 1 1 0 1 0 1 0 
1 0 0 1 0 1 0 0 0 1 0 0 1 0 1 0 0 
0 0 0 0 0 0 0 0 0 0 0 0 0 0 0 1 1 
0 0 0 0 0 0 1 1 0 1 0 1 0 0 0 0 0 
0 0 0 0 0 0 0 1 1 1 0 0 0 0 0 0 0 
1 0 0 0 1 0 0 0 1 0 1 0 0 0 0 0 0 
0 0 0 0 0 0 0 0 1 0 1 1 1 0 0 0 1 
1 0 0 1 0 0 0 0 0 1 1 0 1 1 0 1 0 
0 0 0 0 0 0 0 0 0 0 0 0 0 0 1 0 0 
0 1 1 0 0 0 1 1 0 0 0 0 0 0 0 0 0 
1 0 1 0 1 1 1 0 1 0 0 0 0 0 0 0 0 
0 1 1 1 0 0 0 1 1 0 0 0 0 0 0 0 1 
0 1 0 1 0 0 1 0 1 0 1 0 1 0 0 1 1 
0 1 1 1 1 0 1 0 0 0 0 0 1 0 1 0 1 
1 1 0 0 0 1 1 0 1 0 0 0 0 1 1 0 0 
0 0 0 0 0 0 0 0 0 1 1 1 1 0 1 0 0 

JOBS [17] - [3, 17, 7, 14, 5, 2, 9, 13, 15, 4, 1, 10, 8, 0, 19, 16, 18]
TOOL SWITCHES : 7
MAKESPAN : 120

# -------------------------- #

--- TOTAL TOOL SWITCHES : 7
--- HIGHEST MAKESPAN : 120
--- TOTAL FLOWTIME : 1004
--- RUNNING TIME : 3.15235

# -------------------------- #
RUN : 1 - instancias_txt/SSP-NPM-I/ins148_m=3_j=20_t=20_var=8.txt

- MACHINE [0]

0 
1 
0 
0 
0 
1 
0 
1 
1 
0 
0 
0 
0 
0 
1 
0 
1 
0 
0 
1 

JOBS [1] - [12]
TOOL SWITCHES : 0
MAKESPAN : 6

- MACHINE [1]

0 0 0 0 
1 1 1 1 
0 0 0 0 
0 0 0 0 
0 0 0 1 
0 1 0 0 
1 0 1 0 
0 1 0 0 
1 0 1 0 
0 0 0 0 
0 1 1 0 
0 1 1 1 
0 0 0 1 
1 1 1 1 
0 0 0 0 
0 0 0 0 
1 0 0 1 
0 0 0 0 
0 0 0 0 
0 0 0 0 

JOBS [4] - [8, 4, 5, 9]
TOOL SWITCHES : 1
MAKESPAN : 16

- MACHINE [2]

0 0 0 0 1 0 0 1 1 0 0 0 0 1 1 
0 0 0 0 0 1 1 1 0 0 0 0 0 0 0 
0 1 1 1 0 0 0 0 0 1 0 1 0 0 0 
0 0 0 0 0 0 0 0 0 0 1 1 1 0 0 
0 0 0 0 1 1 0 0 1 0 0 1 1 1 0 
0 0 0 0 0 0 0 0 0 1 0 1 0 0 1 
0 0 0 0 0 0 1 0 1 0 0 1 1 1 0 
0 0 0 1 0 1 0 0 1 0 1 0 1 0 1 
0 1 0 1 0 0 0 0 0 0 0 0 0 0 0 
1 0 0 0 1 0 1 0 0 0 0 0 0 0 0 
1 1 0 0 0 1 0 1 0 0 1 1 0 0 0 
0 0 0 0 0 0 0 0 0 0 0 0 0 0 0 
1 1 0 0 0 0 0 0 0 1 0 0 0 0 0 
1 0 1 0 0 0 0 0 0 0 0 0 0 0 0 
1 1 1 0 0 0 1 0 1 1 0 0 1 0 1 
1 0 1 1 0 0 1 0 0 0 1 0 1 1 1 
0 0 0 0 0 0 0 0 0 1 0 0 0 1 1 
0 0 1 1 1 1 1 1 0 1 1 0 0 1 0 
0 0 1 1 1 1 0 0 0 0 0 0 0 0 0 
0 0 0 0 1 0 0 1 1 0 1 0 0 0 0 

JOBS [15] - [7, 18, 6, 13, 3, 2, 17, 11, 10, 16, 0, 15, 19, 1, 14]
TOOL SWITCHES : 6
MAKESPAN : 109

# -------------------------- #

--- TOTAL TOOL SWITCHES : 7
--- HIGHEST MAKESPAN : 109
--- TOTAL FLOWTIME : 865
--- RUNNING TIME : 2.52572

# -------------------------- #
RUN : 1 - instancias_txt/SSP-NPM-I/ins149_m=3_j=20_t=20_var=9.txt

- MACHINE [0]

0 
1 
0 
1 
0 
0 
0 
1 
1 
0 
0 
1 
0 
1 
0 
1 
0 
0 
0 
0 

JOBS [1] - [5]
TOOL SWITCHES : 0
MAKESPAN : 9

- MACHINE [1]

0 0 
0 0 
0 1 
0 1 
0 0 
0 0 
0 0 
1 0 
1 1 
1 0 
0 0 
0 0 
0 0 
0 0 
1 1 
1 0 
1 1 
0 1 
1 0 
0 0 

JOBS [2] - [0, 13]
TOOL SWITCHES : 0
MAKESPAN : 12

- MACHINE [2]

1 1 0 0 0 0 0 0 0 0 0 1 1 1 0 0 1 
1 0 1 0 0 1 0 1 0 1 1 0 0 1 1 0 1 
0 0 0 0 0 0 1 0 1 1 1 0 0 0 0 0 0 
0 1 1 0 0 0 0 0 0 0 0 0 0 0 0 0 0 
0 0 0 1 0 0 0 1 0 1 1 0 0 1 0 1 0 
0 0 0 1 1 0 0 0 1 1 0 0 0 0 0 0 0 
0 1 0 0 1 1 1 1 1 0 0 0 0 0 0 0 0 
0 0 0 0 1 0 0 0 1 0 1 1 0 0 1 0 0 
0 0 0 0 0 0 0 0 0 0 0 0 0 0 0 1 0 
0 0 1 0 1 0 1 0 1 1 1 0 1 0 1 0 1 
0 0 0 0 0 0 0 0 0 1 0 1 0 1 1 1 0 
0 0 0 1 1 1 0 1 0 0 0 1 1 0 1 0 0 
0 0 1 0 0 1 0 0 0 0 0 0 0 0 0 0 0 
1 1 0 0 0 0 1 1 1 0 1 0 1 1 0 1 1 
0 0 1 1 0 0 1 0 0 1 1 0 0 0 0 1 1 
0 0 0 0 0 1 1 0 0 0 0 1 1 1 1 0 0 
0 0 0 0 0 0 0 0 0 0 0 1 0 0 0 0 1 
1 0 1 0 1 0 0 1 1 0 0 1 0 0 0 0 0 
1 1 1 1 0 0 0 0 0 0 0 0 0 0 0 0 0 
1 1 0 1 1 0 0 0 0 0 0 0 0 0 0 0 0 

JOBS [17] - [2, 1, 7, 14, 18, 15, 12, 11, 8, 6, 3, 17, 19, 16, 10, 4, 9]
TOOL SWITCHES : 7
MAKESPAN : 104

# -------------------------- #

--- TOTAL TOOL SWITCHES : 7
--- HIGHEST MAKESPAN : 104
--- TOTAL FLOWTIME : 1043
--- RUNNING TIME : 3.34834

# -------------------------- #
RUN : 1 - instancias_txt/SSP-NPM-I/ins150_m=3_j=20_t=20_var=10.txt

- MACHINE [0]

0 
0 
1 
1 
1 
1 
0 
0 
0 
1 
0 
0 
0 
0 
1 
1 
0 
0 
0 
0 

JOBS [1] - [2]
TOOL SWITCHES : 0
MAKESPAN : 4

- MACHINE [1]

0 1 
0 1 
1 0 
1 1 
0 0 
1 0 
1 1 
0 0 
0 0 
1 1 
0 0 
0 0 
0 0 
0 0 
1 0 
0 0 
0 0 
0 0 
0 1 
0 1 

JOBS [2] - [10, 9]
TOOL SWITCHES : 0
MAKESPAN : 13

- MACHINE [2]

0 0 0 0 0 0 0 0 0 0 0 0 1 0 1 0 1 
0 1 1 0 0 0 0 0 1 0 0 0 0 0 0 0 0 
0 0 0 1 0 1 0 0 0 0 0 0 1 0 0 1 0 
0 0 1 0 1 0 0 0 0 1 1 0 0 0 0 0 0 
0 0 1 1 1 0 0 0 0 0 0 0 0 0 0 0 0 
1 1 0 0 0 0 0 0 0 1 1 0 0 0 1 1 0 
1 0 1 1 0 0 0 1 1 0 0 0 0 0 0 0 0 
0 0 0 0 0 0 0 0 1 0 0 1 0 0 0 0 1 
1 0 0 0 1 0 0 1 0 1 0 0 0 0 1 0 0 
0 0 0 0 0 0 0 0 0 0 0 0 0 0 0 0 0 
0 1 0 1 1 1 1 1 0 0 0 1 0 1 0 1 0 
0 1 0 1 0 1 1 0 0 0 0 1 1 1 1 0 0 
1 1 0 1 0 0 0 0 0 0 1 0 0 1 1 1 0 
0 0 0 0 0 0 1 1 0 0 1 1 0 1 0 0 1 
0 0 0 0 0 0 0 0 0 0 0 1 1 0 0 0 1 
0 1 0 0 1 0 0 0 1 1 0 0 0 0 0 1 0 
0 0 0 0 0 0 0 0 0 0 1 0 1 1 1 1 1 
1 1 1 0 0 1 0 1 1 1 0 0 0 0 0 0 0 
1 0 0 0 1 1 1 0 0 0 0 0 0 0 0 0 0 
1 0 1 0 1 0 1 1 1 1 1 0 0 0 0 0 1 

JOBS [17] - [7, 12, 16, 8, 6, 3, 14, 5, 11, 13, 18, 15, 1, 4, 17, 0, 19]
TOOL SWITCHES : 7
MAKESPAN : 121

# -------------------------- #

--- TOTAL TOOL SWITCHES : 7
--- HIGHEST MAKESPAN : 121
--- TOTAL FLOWTIME : 1075
--- RUNNING TIME : 3.58349

# -------------------------- #
RUN : 1 - instancias_txt/SSP-NPM-I/ins151_m=3_j=20_t=20_var=11.txt

- MACHINE [0]






















JOBS [0] - []
TOOL SWITCHES : 0
MAKESPAN : 0

- MACHINE [1]

0 0 
0 0 
0 0 
0 1 
0 0 
1 0 
0 1 
1 0 
1 0 
0 0 
0 1 
0 0 
0 0 
1 0 
0 1 
1 1 
0 0 
0 0 
0 1 
0 0 

JOBS [2] - [13, 12]
TOOL SWITCHES : 0
MAKESPAN : 10

- MACHINE [2]

0 1 0 1 1 0 0 1 0 0 0 0 1 0 1 0 0 0 
0 0 0 0 0 0 0 0 0 0 0 1 0 1 1 1 1 1 
1 1 1 0 0 1 0 0 0 0 0 0 0 0 0 0 0 0 
0 1 1 1 0 0 1 0 0 1 0 0 0 0 0 0 0 0 
1 1 0 0 0 1 0 0 0 0 1 1 0 0 0 1 0 0 
0 0 0 0 0 0 0 0 0 0 0 0 0 0 0 0 0 0 
1 0 1 0 1 1 0 0 1 1 0 0 1 0 0 1 0 0 
1 0 0 1 0 1 1 1 1 0 0 1 1 1 1 0 0 1 
0 0 0 1 0 1 0 0 0 0 0 0 0 0 0 0 0 0 
0 0 0 0 1 1 0 0 1 1 1 0 1 0 1 0 0 0 
0 0 0 0 0 0 1 1 1 1 0 0 1 1 0 0 0 0 
0 1 0 1 0 0 0 0 0 0 0 0 0 1 0 0 0 1 
0 0 0 0 0 0 0 0 0 0 0 0 1 0 1 1 1 0 
0 1 1 0 0 0 1 1 0 0 0 0 0 0 0 0 1 0 
1 1 0 0 1 0 0 0 0 0 0 0 0 0 0 0 0 0 
0 0 0 0 0 0 1 1 1 0 1 0 0 0 0 0 0 0 
0 0 0 0 0 0 1 0 0 0 0 1 0 0 1 1 1 1 
1 0 0 1 0 0 0 0 1 1 1 1 0 0 0 0 0 0 
0 0 0 0 0 0 0 0 0 0 1 0 0 1 0 1 1 1 
0 0 1 0 1 0 1 0 0 1 1 0 0 0 0 1 1 1 

JOBS [18] - [0, 15, 17, 10, 8, 3, 19, 6, 2, 5, 14, 11, 7, 1, 18, 9, 16, 4]
TOOL SWITCHES : 6
MAKESPAN : 136

# -------------------------- #

--- TOTAL TOOL SWITCHES : 6
--- HIGHEST MAKESPAN : 136
--- TOTAL FLOWTIME : 1274
--- RUNNING TIME : 3.20478

# -------------------------- #
RUN : 1 - instancias_txt/SSP-NPM-I/ins152_m=3_j=20_t=20_var=12.txt

- MACHINE [0]

1 1 
0 0 
1 1 
0 0 
0 0 
0 0 
1 1 
0 0 
0 0 
0 0 
1 1 
0 0 
0 0 
0 0 
1 0 
1 1 
0 0 
0 0 
0 0 
0 1 

JOBS [2] - [5, 11]
TOOL SWITCHES : 0
MAKESPAN : 15

- MACHINE [1]

0 0 0 
1 1 1 
1 1 1 
1 0 1 
0 0 0 
0 0 0 
0 1 0 
0 0 0 
0 1 1 
0 0 0 
1 0 0 
0 0 0 
0 0 0 
0 0 0 
0 0 0 
1 0 0 
0 0 1 
1 1 0 
0 0 0 
1 1 1 

JOBS [3] - [16, 7, 6]
TOOL SWITCHES : 0
MAKESPAN : 15

- MACHINE [2]

1 1 0 1 1 0 0 1 1 0 0 1 0 0 0 
0 1 0 1 1 1 0 0 0 0 1 0 0 1 0 
0 0 0 0 0 0 0 0 0 0 0 0 0 0 0 
0 0 0 1 1 0 0 0 1 1 0 0 1 1 0 
1 1 1 1 0 1 0 1 0 0 0 0 0 0 0 
0 0 0 0 0 0 0 1 1 0 0 0 0 0 0 
0 0 0 0 0 0 0 0 0 1 0 1 0 0 1 
1 1 1 0 1 0 0 0 0 0 0 0 0 0 0 
0 0 1 1 0 1 1 0 0 0 0 1 1 1 0 
0 0 0 1 1 1 1 0 1 0 0 0 0 1 1 
0 0 0 0 0 0 0 0 0 0 0 0 0 0 1 
0 0 1 0 0 0 1 0 0 0 1 0 0 0 1 
1 0 0 0 1 0 0 1 0 1 0 0 1 1 0 
0 1 0 0 0 1 0 0 0 1 1 1 0 1 0 
0 0 0 0 0 0 0 0 0 0 0 0 1 1 0 
1 1 0 0 0 0 1 0 1 0 1 0 0 0 0 
0 0 0 0 0 0 1 1 0 1 0 0 1 0 1 
0 0 0 0 0 0 0 0 1 0 1 0 1 0 1 
1 0 1 0 0 0 0 0 0 0 1 1 0 0 1 
0 0 1 0 0 0 1 0 0 1 0 0 0 0 0 

JOBS [15] - [13, 19, 10, 15, 3, 17, 18, 12, 1, 8, 14, 9, 0, 2, 4]
TOOL SWITCHES : 7
MAKESPAN : 104

# -------------------------- #

--- TOTAL TOOL SWITCHES : 7
--- HIGHEST MAKESPAN : 104
--- TOTAL FLOWTIME : 773
--- RUNNING TIME : 2.85145

# -------------------------- #
RUN : 1 - instancias_txt/SSP-NPM-I/ins153_m=3_j=20_t=20_var=13.txt

- MACHINE [0]

0 
0 
0 
1 
0 
0 
0 
1 
0 
0 
0 
0 
0 
1 
0 
0 
1 
0 
1 
0 

JOBS [1] - [16]
TOOL SWITCHES : 0
MAKESPAN : 10

- MACHINE [1]

0 0 0 
1 1 0 
0 0 0 
0 1 1 
1 1 0 
0 0 0 
0 1 1 
1 1 0 
0 0 0 
0 0 1 
1 1 1 
0 0 0 
0 0 0 
1 0 1 
0 0 0 
0 0 0 
0 0 0 
1 0 0 
0 0 0 
1 0 1 

JOBS [3] - [7, 1, 3]
TOOL SWITCHES : 0
MAKESPAN : 18

- MACHINE [2]

1 1 0 1 0 0 0 0 0 0 0 1 0 0 1 0 
1 1 0 0 1 0 0 0 1 1 0 0 0 1 0 0 
0 0 0 0 1 0 0 0 1 0 0 0 0 1 1 1 
0 0 0 0 0 0 0 0 0 0 0 1 1 1 0 1 
0 0 0 0 0 0 1 0 0 0 1 1 0 0 0 0 
0 0 0 1 0 0 0 1 0 1 1 0 0 1 1 1 
1 0 0 1 0 0 0 0 0 0 0 0 0 0 0 0 
0 0 0 0 1 0 1 1 0 0 0 0 1 0 1 1 
0 0 1 1 1 1 0 0 0 0 0 1 1 1 0 1 
0 0 1 0 0 1 0 1 0 0 1 0 1 0 0 1 
0 0 0 0 0 0 0 0 0 0 1 1 0 0 1 0 
0 1 1 0 0 1 1 0 0 0 0 0 0 0 0 0 
0 1 0 0 1 0 1 0 1 0 0 0 0 1 0 0 
0 0 0 0 0 0 0 0 0 1 0 1 0 1 1 1 
0 1 1 0 0 0 0 0 0 0 0 0 0 0 0 0 
1 0 1 0 1 0 1 1 1 1 1 0 0 0 0 0 
1 0 1 1 1 1 0 0 0 0 0 0 0 0 0 0 
0 0 0 1 0 1 1 0 0 1 0 0 0 0 0 0 
0 0 0 0 0 0 0 1 1 1 0 0 1 0 0 0 
0 1 0 0 0 1 0 0 1 0 0 0 0 0 0 0 

JOBS [16] - [5, 6, 0, 9, 8, 13, 18, 14, 19, 11, 17, 2, 4, 15, 10, 12]
TOOL SWITCHES : 7
MAKESPAN : 121

# -------------------------- #

--- TOTAL TOOL SWITCHES : 7
--- HIGHEST MAKESPAN : 121
--- TOTAL FLOWTIME : 1069
--- RUNNING TIME : 2.98254

# -------------------------- #
RUN : 1 - instancias_txt/SSP-NPM-I/ins154_m=3_j=20_t=20_var=14.txt

- MACHINE [0]

1 
0 
1 
0 
0 
0 
1 
0 
1 
0 
0 
0 
0 
0 
0 
0 
1 
0 
0 
1 

JOBS [1] - [13]
TOOL SWITCHES : 0
MAKESPAN : 4

- MACHINE [1]

0 1 0 
0 0 1 
0 1 0 
1 1 1 
1 0 1 
0 1 1 
0 0 0 
1 0 1 
0 0 0 
1 0 1 
0 0 0 
0 0 0 
0 0 0 
1 1 0 
0 0 0 
0 0 0 
0 0 0 
0 0 0 
0 0 1 
0 0 0 

JOBS [3] - [12, 9, 1]
TOOL SWITCHES : 0
MAKESPAN : 14

- MACHINE [2]

0 0 0 0 0 0 0 0 0 0 0 0 0 1 0 0 
0 0 0 0 0 0 0 0 0 0 1 0 1 1 0 0 
1 0 0 1 1 1 0 0 0 0 0 0 0 0 0 0 
0 0 1 0 0 0 0 0 1 1 0 0 0 0 0 0 
0 1 0 0 0 0 0 1 0 1 1 0 0 1 0 1 
0 0 0 0 0 0 0 0 0 0 1 1 1 0 1 1 
0 0 0 0 0 0 0 1 1 0 0 0 1 0 0 1 
0 0 0 0 0 0 0 0 0 1 0 1 1 1 0 0 
0 0 0 0 0 0 1 1 0 0 0 0 0 1 1 1 
1 0 0 0 1 0 1 0 1 1 0 0 0 0 0 0 
0 0 0 1 1 1 1 0 1 0 0 0 0 1 0 0 
0 0 0 0 0 1 0 1 0 0 0 1 1 0 1 0 
1 1 1 1 1 0 0 0 1 1 0 0 1 0 1 0 
0 1 0 0 0 1 0 0 0 0 1 1 0 0 1 1 
1 1 0 0 0 1 0 0 0 0 0 0 0 0 0 0 
0 0 1 0 0 1 1 0 0 0 1 1 0 0 1 1 
1 0 0 0 0 0 1 1 0 0 0 0 0 0 0 0 
0 0 1 1 1 0 0 0 0 0 1 0 0 0 0 0 
1 0 1 0 1 0 0 0 0 0 0 0 0 0 0 0 
0 1 1 1 0 1 1 0 1 1 0 1 0 0 0 0 

JOBS [16] - [4, 0, 17, 16, 10, 15, 7, 14, 18, 11, 3, 19, 8, 2, 6, 5]
TOOL SWITCHES : 7
MAKESPAN : 112

# -------------------------- #

--- TOTAL TOOL SWITCHES : 7
--- HIGHEST MAKESPAN : 112
--- TOTAL FLOWTIME : 882
--- RUNNING TIME : 3.47697

# -------------------------- #
RUN : 1 - instancias_txt/SSP-NPM-I/ins155_m=3_j=20_t=20_var=15.txt

- MACHINE [0]

1 
0 
0 
1 
0 
0 
0 
0 
0 
0 
1 
0 
0 
0 
0 
0 
1 
0 
1 
1 

JOBS [1] - [4]
TOOL SWITCHES : 0
MAKESPAN : 10

- MACHINE [1]

0 0 0 
0 0 1 
0 0 0 
0 0 0 
0 0 0 
0 1 1 
0 0 0 
1 1 0 
0 0 0 
0 0 0 
0 1 0 
0 0 0 
1 0 1 
0 0 1 
0 1 0 
0 1 1 
1 0 0 
1 1 1 
0 0 0 
1 1 0 

JOBS [3] - [16, 0, 7]
TOOL SWITCHES : 1
MAKESPAN : 11

- MACHINE [2]

0 0 0 0 1 1 1 1 1 1 0 0 0 0 0 0 
0 0 1 0 1 0 1 0 1 0 0 1 0 0 0 0 
1 0 0 0 1 0 0 1 1 1 0 0 0 1 0 1 
0 1 1 1 0 1 1 0 1 1 0 1 0 0 1 0 
0 0 1 1 0 1 0 0 1 1 1 0 0 1 0 1 
0 1 0 0 1 1 1 0 0 0 0 0 0 0 0 0 
0 0 0 0 0 0 0 0 0 0 0 0 1 1 1 0 
0 0 0 0 0 0 0 0 0 0 0 0 0 0 0 1 
0 0 0 1 1 0 1 0 0 0 0 1 1 0 1 0 
1 1 1 1 0 1 0 0 0 0 1 0 0 1 0 0 
0 0 0 1 1 0 0 0 0 0 1 1 0 0 0 0 
0 0 0 0 0 0 0 0 0 0 0 1 1 1 0 0 
0 0 0 0 0 0 0 0 0 0 0 0 0 0 0 0 
1 0 1 1 0 1 0 0 0 0 0 0 0 0 0 0 
0 0 0 0 0 0 0 1 0 1 0 0 1 1 1 1 
1 0 0 0 0 1 0 1 0 0 1 0 0 0 1 1 
0 0 0 0 0 0 1 1 1 0 0 1 0 0 1 1 
1 1 1 0 0 0 0 1 0 1 0 0 1 0 1 0 
1 1 1 0 0 0 0 0 1 1 0 0 0 0 0 0 
0 0 0 0 0 0 0 0 0 0 1 1 0 0 0 1 

JOBS [16] - [12, 10, 1, 8, 9, 14, 3, 19, 2, 5, 17, 11, 13, 15, 6, 18]
TOOL SWITCHES : 6
MAKESPAN : 105

# -------------------------- #

--- TOTAL TOOL SWITCHES : 7
--- HIGHEST MAKESPAN : 105
--- TOTAL FLOWTIME : 846
--- RUNNING TIME : 3.22404

# -------------------------- #
RUN : 1 - instancias_txt/SSP-NPM-I/ins156_m=3_j=20_t=20_var=16.txt

- MACHINE [0]

0 
0 
0 
1 
0 
0 
0 
0 
0 
0 
0 
0 
1 
0 
1 
0 
1 
1 
0 
1 

JOBS [1] - [6]
TOOL SWITCHES : 0
MAKESPAN : 4

- MACHINE [1]

0 0 0 
0 1 1 
0 0 0 
0 0 0 
0 0 0 
0 0 1 
1 1 0 
0 1 0 
0 0 0 
0 0 0 
1 1 1 
0 0 0 
1 0 1 
1 0 1 
1 0 0 
0 0 0 
1 0 0 
0 0 0 
1 1 0 
0 0 0 

JOBS [3] - [8, 7, 19]
TOOL SWITCHES : 0
MAKESPAN : 19

- MACHINE [2]

1 0 1 1 1 0 1 0 1 0 0 0 1 0 0 0 
1 0 0 1 1 1 0 1 0 1 1 0 0 1 0 0 
0 0 0 0 0 0 0 0 0 1 0 1 1 0 1 0 
1 1 1 0 0 0 0 0 0 0 0 0 0 0 0 0 
0 0 0 0 0 0 0 1 1 0 1 1 0 1 1 0 
0 0 1 0 1 0 0 1 0 0 0 0 0 1 1 0 
1 0 1 0 0 0 1 1 0 0 0 0 0 0 0 0 
1 0 0 0 0 0 0 0 0 0 0 0 0 0 0 0 
0 0 0 0 0 0 1 1 0 0 1 1 0 1 1 0 
0 1 0 0 1 1 0 0 0 0 0 0 0 0 1 1 
0 1 1 1 1 1 0 0 0 0 0 0 0 0 0 0 
0 1 0 1 1 0 1 1 0 1 0 0 1 1 0 1 
0 0 0 0 0 0 0 0 0 0 1 1 1 0 0 0 
0 0 0 0 0 0 0 0 0 0 0 0 0 0 0 0 
1 0 0 0 0 1 0 0 0 0 0 0 0 0 0 1 
0 1 1 0 0 0 0 0 1 1 1 1 0 0 0 0 
0 0 0 0 0 0 1 0 1 0 0 0 0 0 0 0 
0 0 1 1 0 1 0 0 1 1 0 0 0 0 0 0 
0 1 0 0 0 1 1 0 0 1 1 1 0 0 1 1 
0 0 0 0 0 0 0 0 1 0 0 0 1 0 0 1 

JOBS [16] - [2, 3, 18, 4, 14, 17, 5, 0, 11, 16, 1, 9, 12, 15, 10, 13]
TOOL SWITCHES : 6
MAKESPAN : 98

# -------------------------- #

--- TOTAL TOOL SWITCHES : 6
--- HIGHEST MAKESPAN : 98
--- TOTAL FLOWTIME : 957
--- RUNNING TIME : 3.26805

# -------------------------- #
RUN : 1 - instancias_txt/SSP-NPM-I/ins157_m=3_j=20_t=20_var=17.txt

- MACHINE [0]

0 
0 
0 
1 
0 
0 
1 
0 
0 
1 
0 
0 
1 
1 
0 
0 
0 
0 
1 
0 

JOBS [1] - [4]
TOOL SWITCHES : 0
MAKESPAN : 8

- MACHINE [1]

0 0 
0 0 
0 1 
1 1 
1 0 
0 0 
0 0 
0 0 
0 0 
0 0 
0 1 
1 0 
0 1 
1 0 
0 1 
1 0 
0 0 
0 0 
0 0 
0 0 

JOBS [2] - [0, 12]
TOOL SWITCHES : 0
MAKESPAN : 4

- MACHINE [2]

0 1 0 0 0 1 1 0 1 0 0 0 0 1 0 1 1 
0 0 0 0 0 0 0 0 0 0 0 1 1 1 0 0 0 
1 0 0 1 1 1 0 1 1 1 0 0 0 0 0 0 0 
0 1 0 0 0 0 0 0 0 0 0 0 1 0 0 1 1 
0 1 1 1 1 1 1 0 0 1 1 0 0 0 0 0 0 
1 0 1 1 0 0 1 0 1 1 0 1 0 0 0 0 0 
0 0 0 0 0 0 0 0 1 1 0 0 0 1 1 0 1 
1 0 1 1 1 0 1 0 0 0 0 0 0 0 0 0 0 
0 0 0 0 0 0 1 1 1 1 0 0 0 0 1 1 1 
1 0 1 1 0 0 0 0 0 0 0 0 0 0 0 0 0 
0 0 0 0 0 0 0 0 0 1 1 1 1 0 0 0 1 
0 0 0 0 0 0 0 0 0 0 0 0 0 0 0 0 0 
0 0 0 0 0 1 0 0 0 0 1 1 0 0 0 1 0 
0 0 0 0 1 0 0 1 0 0 1 0 1 1 1 0 1 
0 1 1 0 0 0 0 1 0 0 0 0 0 0 0 0 0 
1 1 0 0 0 0 1 0 0 1 1 0 0 0 1 1 0 
0 1 0 0 1 1 1 1 0 0 0 1 1 0 0 0 0 
0 0 1 1 0 0 0 1 1 0 0 1 0 1 0 1 0 
0 0 0 0 0 0 0 0 0 0 1 0 1 1 1 1 0 
1 0 0 0 0 1 0 0 0 0 1 0 0 0 1 0 1 

JOBS [17] - [19, 8, 11, 14, 17, 13, 16, 15, 7, 3, 5, 1, 10, 6, 9, 2, 18]
TOOL SWITCHES : 7
MAKESPAN : 115

# -------------------------- #

--- TOTAL TOOL SWITCHES : 7
--- HIGHEST MAKESPAN : 115
--- TOTAL FLOWTIME : 998
--- RUNNING TIME : 3.16812

# -------------------------- #
RUN : 1 - instancias_txt/SSP-NPM-I/ins158_m=3_j=20_t=20_var=18.txt

- MACHINE [0]

1 
0 
0 
1 
0 
1 
0 
1 
0 
0 
1 
0 
0 
0 
1 
0 
0 
0 
0 
0 

JOBS [1] - [1]
TOOL SWITCHES : 0
MAKESPAN : 5

- MACHINE [1]

0 0 
1 0 
0 0 
0 0 
0 0 
0 0 
0 0 
1 1 
0 0 
1 0 
0 1 
0 0 
1 1 
0 1 
1 1 
1 1 
0 0 
0 0 
0 0 
0 0 

JOBS [2] - [3, 10]
TOOL SWITCHES : 0
MAKESPAN : 11

- MACHINE [2]

1 0 0 0 0 0 1 0 0 0 1 1 1 1 0 1 1 
0 0 0 1 1 1 1 0 0 0 0 0 0 0 0 0 0 
0 0 0 0 0 0 0 0 0 0 0 0 0 1 1 1 0 
1 0 0 0 1 1 0 0 0 0 0 0 0 0 0 0 0 
0 0 0 0 0 0 1 1 0 0 0 0 0 0 0 0 0 
0 0 0 0 0 0 0 0 1 1 0 0 1 0 0 1 0 
0 1 1 1 0 0 0 0 0 0 1 0 0 0 1 0 0 
0 0 0 0 0 0 0 0 0 0 0 0 0 0 0 0 0 
0 1 0 1 1 1 0 0 1 1 0 0 1 0 1 0 0 
0 0 0 0 0 0 0 1 1 0 0 1 0 0 0 1 0 
0 1 1 0 1 0 0 0 0 0 1 0 0 1 0 0 1 
1 0 0 0 0 1 0 1 1 1 0 0 1 1 0 0 1 
0 0 0 0 0 1 1 1 0 0 1 0 0 0 0 1 0 
1 0 0 0 0 1 0 0 0 1 1 0 0 1 0 0 0 
0 0 0 0 0 0 0 0 0 0 0 0 0 0 1 0 1 
0 1 0 1 0 0 0 1 0 0 1 1 0 0 1 0 0 
1 1 1 1 0 0 0 0 0 0 0 0 0 0 0 0 0 
0 0 0 1 1 0 0 0 1 1 1 1 1 0 0 0 0 
1 1 1 1 1 0 0 0 1 1 0 0 0 1 0 1 1 
0 0 1 0 1 0 1 0 0 0 0 1 1 0 1 0 1 

JOBS [17] - [11, 0, 19, 4, 6, 12, 8, 17, 16, 5, 15, 13, 14, 2, 18, 7, 9]
TOOL SWITCHES : 6
MAKESPAN : 108

# -------------------------- #

--- TOTAL TOOL SWITCHES : 6
--- HIGHEST MAKESPAN : 108
--- TOTAL FLOWTIME : 949
--- RUNNING TIME : 3.26808

# -------------------------- #
RUN : 1 - instancias_txt/SSP-NPM-I/ins159_m=3_j=20_t=20_var=19.txt

- MACHINE [0]

0 
1 
0 
0 
0 
1 
0 
0 
1 
0 
0 
0 
1 
0 
1 
1 
0 
0 
0 
0 

JOBS [1] - [8]
TOOL SWITCHES : 0
MAKESPAN : 10

- MACHINE [1]

0 0 
1 0 
1 0 
0 1 
0 0 
0 0 
1 0 
1 1 
0 0 
0 1 
0 0 
0 0 
1 1 
0 0 
0 0 
0 0 
0 1 
1 1 
0 0 
1 1 

JOBS [2] - [12, 6]
TOOL SWITCHES : 0
MAKESPAN : 8

- MACHINE [2]

1 1 0 1 1 1 0 0 1 0 0 0 1 1 1 0 0 
0 0 0 0 0 0 0 0 0 0 0 0 0 1 0 1 0 
1 0 1 0 0 0 1 0 0 1 0 0 0 0 1 0 1 
0 0 1 0 0 0 0 1 1 1 0 0 1 1 0 0 1 
0 0 0 0 0 1 1 1 0 0 0 0 1 0 0 1 0 
0 0 1 1 0 1 1 0 0 0 0 0 0 0 0 0 0 
0 0 0 0 0 0 0 0 0 0 0 0 1 1 0 0 0 
1 0 1 0 1 0 0 0 0 0 0 0 0 0 0 0 0 
0 0 1 0 1 0 0 0 0 0 1 1 0 1 0 1 0 
0 0 0 0 0 0 0 0 0 0 1 1 0 0 0 0 0 
1 1 0 1 0 0 0 0 0 0 0 0 0 0 0 0 0 
0 1 0 1 0 0 0 1 0 1 0 1 0 1 0 0 0 
0 0 1 1 0 0 0 0 0 1 1 0 0 0 0 0 1 
1 1 0 0 0 0 1 0 0 0 0 1 1 0 0 0 0 
0 1 0 1 0 1 0 0 1 0 1 1 0 0 1 1 1 
0 0 0 0 0 0 0 1 1 1 0 0 0 0 1 1 0 
1 0 0 0 1 0 1 0 0 1 1 1 0 0 1 1 1 
0 1 0 1 1 0 0 1 0 0 0 0 0 0 0 0 0 
0 0 0 0 1 1 1 0 1 0 0 0 0 0 0 0 0 
0 0 0 0 0 0 0 0 0 0 1 1 1 0 1 0 1 

JOBS [17] - [13, 5, 4, 0, 14, 10, 9, 17, 1, 15, 11, 3, 18, 16, 19, 2, 7]
TOOL SWITCHES : 7
MAKESPAN : 109

# -------------------------- #

--- TOTAL TOOL SWITCHES : 7
--- HIGHEST MAKESPAN : 109
--- TOTAL FLOWTIME : 930
--- RUNNING TIME : 3.19235

# -------------------------- #
RUN : 1 - instancias_txt/SSP-NPM-I/ins160_m=3_j=20_t=20_var=20.txt

- MACHINE [0]

1 
0 
0 
0 
1 
1 
1 
0 
0 
1 
1 
0 
0 
0 
0 
0 
0 
0 
0 
1 

JOBS [1] - [8]
TOOL SWITCHES : 0
MAKESPAN : 9

- MACHINE [1]

0 0 0 
0 0 0 
0 1 0 
0 0 0 
1 1 0 
0 1 1 
1 0 0 
1 1 0 
0 0 0 
0 0 0 
0 0 0 
0 0 0 
1 0 1 
0 0 1 
0 0 0 
0 0 0 
1 1 0 
0 0 1 
0 0 0 
1 1 1 

JOBS [3] - [6, 2, 11]
TOOL SWITCHES : 0
MAKESPAN : 28

- MACHINE [2]

0 0 0 0 0 0 1 1 0 0 0 0 0 0 0 0 
0 0 0 0 0 1 0 1 0 1 1 1 1 1 1 1 
0 0 0 1 0 1 1 1 0 0 0 0 1 0 1 0 
1 0 1 0 0 0 0 1 1 0 0 0 1 1 0 0 
0 1 1 1 1 0 0 0 0 0 0 0 0 0 0 0 
0 0 0 0 0 0 0 0 0 0 0 0 0 0 0 0 
1 1 1 0 0 0 0 0 0 0 0 0 0 0 0 0 
0 0 0 1 1 1 1 0 0 0 1 1 1 1 0 0 
0 0 1 0 1 0 0 0 0 1 1 0 0 0 1 0 
1 0 0 1 0 0 1 0 1 0 0 0 0 0 0 0 
0 1 1 0 1 0 0 0 0 0 1 0 0 0 0 0 
0 0 0 0 0 0 0 0 0 1 1 1 1 0 0 0 
0 0 0 0 0 0 0 0 1 1 1 0 0 0 0 1 
0 0 1 1 0 1 0 0 0 0 0 0 0 0 0 0 
0 1 0 0 0 0 0 0 1 1 0 0 0 0 1 0 
0 0 0 1 0 0 1 0 0 0 0 1 1 1 0 0 
1 0 0 0 0 1 0 1 1 1 0 0 0 1 1 1 
0 0 0 0 0 0 0 0 0 0 0 1 0 1 0 1 
0 1 0 0 0 0 1 0 1 0 0 1 0 0 1 0 
1 0 0 0 1 0 0 0 0 0 0 0 0 0 0 1 

JOBS [16] - [1, 9, 0, 12, 19, 13, 15, 14, 10, 3, 7, 4, 16, 17, 5, 18]
TOOL SWITCHES : 6
MAKESPAN : 136

# -------------------------- #

--- TOTAL TOOL SWITCHES : 6
--- HIGHEST MAKESPAN : 136
--- TOTAL FLOWTIME : 1154
--- RUNNING TIME : 3.09269

# -------------------------- #


avg : 6.9
