RUN : 1 - instancias_txt/SSP-NPM-I/ins141_m=3_j=20_t=20_var=1.txt

- MACHINE [0]

0 
0 
0 
1 
1 
1 
0 
0 
0 
0 
1 
0 
0 
0 
0 
0 
0 
1 
0 
1 

JOBS [1] - [16]
TOOL SWITCHES : 0
MAKESPAN : 1

- MACHINE [1]

0 1 1 
0 0 0 
0 0 0 
0 0 0 
0 0 0 
0 0 0 
0 1 0 
0 1 0 
0 0 0 
1 0 1 
1 0 0 
0 0 0 
0 0 1 
0 0 0 
1 1 1 
1 0 1 
0 0 0 
1 1 0 
0 1 1 
0 0 0 

JOBS [3] - [19, 2, 1]
TOOL SWITCHES : 0
MAKESPAN : 13

- MACHINE [2]

1 1 1 0 0 0 0 0 0 0 0 0 0 0 0 0 
0 0 1 0 1 0 0 1 0 0 0 0 1 1 0 1 
0 1 1 0 1 0 1 1 0 0 1 1 0 0 0 0 
0 0 1 0 0 1 0 0 0 0 0 0 0 0 0 0 
0 0 0 0 0 0 0 0 0 1 0 0 0 0 1 1 
0 0 0 1 0 0 1 1 1 1 0 0 0 0 0 0 
0 0 0 1 1 1 1 1 1 0 0 0 0 0 0 0 
0 0 0 0 0 0 0 0 0 0 1 1 1 0 0 1 
1 1 1 1 0 1 0 0 0 0 0 1 0 0 0 1 
1 0 0 1 0 0 0 0 0 0 0 0 1 0 1 0 
1 1 0 1 0 0 0 0 1 1 1 0 0 0 0 0 
0 0 0 0 0 0 1 1 0 0 1 1 0 1 1 0 
0 0 0 0 1 1 0 0 0 1 1 0 1 1 1 0 
1 1 0 1 0 0 0 1 1 1 0 1 1 0 0 0 
0 0 0 1 1 0 0 0 0 1 1 1 0 0 1 1 
0 0 0 0 0 0 0 0 0 0 0 1 0 1 1 1 
1 0 0 0 0 0 1 0 1 0 0 0 1 1 0 0 
0 0 1 0 0 0 0 0 0 0 0 0 0 0 0 0 
0 0 0 0 0 1 0 1 1 0 0 0 0 1 0 1 
0 1 0 0 1 0 0 0 0 0 0 0 0 0 0 0 

JOBS [16] - [17, 14, 4, 10, 0, 6, 3, 5, 13, 15, 7, 9, 8, 12, 11, 18]
TOOL SWITCHES : 7
MAKESPAN : 120

# -------------------------- #

--- TOTAL TOOL SWITCHES : 7
--- HIGHEST MAKESPAN : 120
--- TOTAL FLOWTIME : 1035
--- RUNNING TIME : 9.3461

# -------------------------- #
RUN : 1 - instancias_txt/SSP-NPM-I/ins142_m=3_j=20_t=20_var=2.txt

- MACHINE [0]

0 
0 
1 
0 
0 
0 
0 
1 
0 
1 
0 
0 
0 
0 
1 
1 
1 
0 
1 
0 

JOBS [1] - [11]
TOOL SWITCHES : 0
MAKESPAN : 9

- MACHINE [1]

0 0 0 
0 0 0 
0 1 1 
1 1 1 
1 1 0 
0 0 0 
0 1 1 
1 0 0 
0 0 0 
0 0 0 
0 0 0 
0 0 1 
0 0 1 
0 0 0 
0 0 0 
1 1 0 
1 0 0 
0 0 0 
0 0 0 
0 1 0 

JOBS [3] - [9, 4, 16]
TOOL SWITCHES : 0
MAKESPAN : 23

- MACHINE [2]

0 0 0 1 1 0 1 1 0 0 0 0 0 1 1 0 
1 1 0 0 1 1 0 0 0 0 0 0 0 0 0 0 
0 0 0 0 0 0 0 0 0 0 1 1 1 0 0 0 
0 0 0 1 1 0 0 0 0 0 0 0 0 0 0 0 
1 1 0 0 0 0 0 1 0 0 1 0 0 0 0 0 
0 0 1 1 0 1 0 1 1 1 1 0 0 0 0 0 
0 1 1 0 0 0 0 0 0 0 1 0 0 0 0 1 
1 1 0 1 1 1 0 0 1 1 0 0 1 1 1 0 
0 0 0 0 0 0 0 0 0 0 0 1 1 1 0 1 
0 0 0 0 0 1 0 1 1 0 0 0 0 0 0 0 
1 1 1 0 1 1 0 0 0 0 0 0 0 0 0 0 
0 0 0 0 0 0 0 0 0 0 0 0 0 0 1 1 
0 0 0 0 0 0 0 0 1 0 1 0 1 0 1 0 
1 0 1 0 1 0 1 0 0 1 0 1 1 0 0 1 
0 1 1 0 0 1 1 1 0 0 0 0 0 0 0 0 
0 0 0 0 0 0 0 0 0 0 0 0 0 0 0 0 
0 0 0 0 0 0 1 0 0 0 0 0 1 0 1 0 
0 0 0 0 0 1 0 0 1 1 1 1 0 1 1 0 
0 1 1 0 0 0 0 1 1 0 0 1 1 1 0 1 
1 0 0 1 0 0 1 1 0 1 0 0 0 0 0 0 

JOBS [16] - [10, 15, 14, 8, 3, 1, 7, 18, 12, 6, 13, 17, 2, 0, 19, 5]
TOOL SWITCHES : 6
MAKESPAN : 112

# -------------------------- #

--- TOTAL TOOL SWITCHES : 6
--- HIGHEST MAKESPAN : 112
--- TOTAL FLOWTIME : 958
--- RUNNING TIME : 8.58315

# -------------------------- #
RUN : 1 - instancias_txt/SSP-NPM-I/ins143_m=3_j=20_t=20_var=3.txt

- MACHINE [0]

0 
0 
0 
1 
0 
0 
0 
0 
1 
0 
0 
0 
0 
1 
0 
1 
1 
1 
0 
0 

JOBS [1] - [10]
TOOL SWITCHES : 0
MAKESPAN : 7

- MACHINE [1]

0 1 0 
0 0 0 
0 0 1 
0 1 0 
1 0 1 
1 1 1 
0 0 0 
0 0 0 
1 1 1 
0 0 0 
0 0 0 
0 0 0 
1 0 0 
1 0 1 
0 0 0 
1 1 0 
0 0 0 
0 0 1 
0 0 0 
0 0 0 

JOBS [3] - [5, 14, 19]
TOOL SWITCHES : 0
MAKESPAN : 13

- MACHINE [2]

0 0 0 0 0 0 0 0 0 0 1 1 1 1 0 0 
0 0 0 0 0 0 0 0 1 0 1 1 0 1 1 0 
0 0 1 0 1 1 0 0 0 1 0 0 0 0 0 0 
0 0 0 1 0 1 0 0 1 0 0 1 0 1 0 0 
1 0 1 0 1 1 1 0 0 1 0 0 0 0 0 1 
0 0 0 0 0 0 0 1 1 1 1 1 0 0 0 1 
0 0 0 1 0 0 1 0 0 0 1 0 0 1 0 0 
1 0 1 0 1 0 0 0 0 0 0 1 0 1 1 0 
1 1 0 0 0 1 1 1 0 0 0 0 0 0 0 0 
0 0 0 0 0 0 0 0 0 1 0 0 1 0 1 0 
0 1 0 0 0 0 0 0 0 0 1 0 0 0 1 1 
0 1 0 1 1 0 0 1 1 0 0 0 0 0 0 0 
0 0 0 0 0 0 0 0 0 0 0 0 0 1 0 0 
0 0 0 0 0 0 0 0 0 0 0 0 0 0 1 1 
0 0 0 0 1 1 0 1 1 0 0 0 1 0 1 1 
0 1 1 1 1 0 0 0 0 0 0 0 0 0 0 0 
0 1 1 0 0 0 0 1 0 0 0 0 1 1 0 0 
1 0 0 1 0 0 0 0 0 0 0 0 0 0 0 0 
1 1 0 0 1 0 1 0 1 1 0 0 0 0 0 1 
1 0 1 0 0 1 1 1 0 0 1 1 1 0 0 0 

JOBS [16] - [11, 3, 13, 15, 0, 18, 16, 17, 8, 6, 4, 9, 1, 7, 12, 2]
TOOL SWITCHES : 7
MAKESPAN : 109

# -------------------------- #

--- TOTAL TOOL SWITCHES : 7
--- HIGHEST MAKESPAN : 109
--- TOTAL FLOWTIME : 947
--- RUNNING TIME : 9.3484

# -------------------------- #
RUN : 1 - instancias_txt/SSP-NPM-I/ins144_m=3_j=20_t=20_var=4.txt

- MACHINE [0]

1 
0 
0 
0 
0 
1 
1 
0 
0 
1 
0 
0 
1 
1 
0 
0 
0 
0 
0 
1 

JOBS [1] - [1]
TOOL SWITCHES : 0
MAKESPAN : 3

- MACHINE [1]

0 0 
1 0 
0 0 
0 0 
1 1 
1 1 
0 0 
0 1 
1 1 
1 1 
0 1 
0 0 
0 0 
0 0 
1 0 
0 0 
0 0 
1 0 
0 0 
0 0 

JOBS [2] - [12, 17]
TOOL SWITCHES : 0
MAKESPAN : 4

- MACHINE [2]

0 0 0 1 0 0 0 1 0 1 0 0 1 1 0 1 0 
1 1 1 0 0 0 0 0 0 0 0 0 0 0 0 0 0 
0 0 0 1 0 0 1 0 1 0 1 0 0 1 1 0 1 
0 0 1 0 0 1 1 0 1 1 1 0 1 0 0 1 1 
0 0 0 0 0 0 0 0 0 0 0 0 0 0 0 0 0 
0 0 0 0 0 0 0 0 0 0 0 0 0 1 1 0 0 
0 1 0 1 0 0 0 1 0 0 1 1 0 0 0 0 0 
0 0 0 0 1 1 0 1 1 0 0 1 0 1 1 0 0 
1 0 0 1 0 1 0 0 1 0 0 1 0 0 1 1 0 
0 0 0 0 0 0 0 0 0 1 1 1 0 0 0 1 1 
0 1 1 0 1 0 0 0 0 0 0 1 0 0 0 1 1 
1 0 0 0 0 0 0 0 0 0 0 0 0 1 1 0 1 
0 0 0 0 0 0 0 0 0 0 1 1 1 0 0 0 0 
1 1 0 0 1 0 1 0 0 0 0 0 0 0 0 0 0 
0 0 0 0 1 0 1 1 0 1 1 0 1 0 0 0 1 
1 1 1 0 0 1 1 1 1 1 0 0 0 0 0 0 0 
0 1 1 1 1 0 0 0 0 0 0 0 0 0 0 0 0 
0 0 0 1 0 0 1 0 1 0 0 0 1 0 1 0 0 
1 0 0 0 0 1 0 0 0 1 0 0 1 0 0 0 1 
0 0 0 0 0 1 0 1 1 1 0 1 0 0 0 1 0 

JOBS [17] - [19, 14, 0, 11, 15, 8, 3, 7, 6, 9, 16, 4, 5, 18, 10, 2, 13]
TOOL SWITCHES : 7
MAKESPAN : 95

# -------------------------- #

--- TOTAL TOOL SWITCHES : 7
--- HIGHEST MAKESPAN : 95
--- TOTAL FLOWTIME : 790
--- RUNNING TIME : 12.1229

# -------------------------- #
RUN : 1 - instancias_txt/SSP-NPM-I/ins145_m=3_j=20_t=20_var=5.txt

- MACHINE [0]

0 
0 
0 
1 
0 
0 
1 
0 
0 
1 
1 
0 
0 
0 
1 
1 
0 
0 
0 
1 

JOBS [1] - [1]
TOOL SWITCHES : 0
MAKESPAN : 7

- MACHINE [1]

0 0 
0 1 
1 0 
1 1 
1 0 
1 0 
0 1 
0 0 
0 0 
0 0 
0 1 
1 0 
0 0 
0 0 
0 0 
1 1 
0 0 
0 0 
0 1 
0 0 

JOBS [2] - [17, 15]
TOOL SWITCHES : 0
MAKESPAN : 12

- MACHINE [2]

0 0 0 0 0 0 0 0 0 0 1 1 1 0 0 1 1 
0 0 0 0 0 0 1 1 1 1 0 0 0 0 1 0 0 
1 0 0 0 0 0 1 0 0 0 1 1 0 1 0 1 0 
0 0 0 0 0 0 0 0 0 0 0 0 0 0 0 0 0 
1 1 1 0 0 0 0 1 1 1 0 0 0 0 0 1 0 
0 1 0 1 1 0 0 0 0 0 0 0 1 1 0 0 0 
0 0 0 0 0 0 0 0 0 0 0 1 0 0 0 0 0 
0 0 0 0 0 0 0 1 0 1 1 1 1 0 1 0 1 
0 0 0 0 0 0 0 0 1 0 1 1 0 1 1 0 0 
1 0 1 0 0 1 1 0 1 1 0 0 1 0 1 1 0 
0 1 1 1 1 1 0 0 0 1 1 0 0 0 0 0 0 
0 0 0 1 1 0 1 0 1 0 1 0 0 0 0 0 0 
0 0 0 1 1 1 1 1 1 0 0 0 0 0 0 0 0 
0 0 0 1 0 1 0 1 0 0 1 0 0 1 0 1 1 
0 0 0 0 0 0 0 0 0 0 0 0 0 0 0 0 1 
1 1 1 1 0 1 1 0 0 0 0 0 0 0 0 0 0 
1 0 0 1 0 0 0 0 0 1 0 0 0 1 1 0 0 
1 0 0 0 1 1 0 0 0 0 0 0 1 0 0 0 1 
0 0 1 0 1 0 1 0 1 0 0 0 1 1 0 1 0 
1 1 0 0 0 0 0 0 0 0 0 0 0 0 1 0 1 

JOBS [17] - [12, 13, 11, 18, 16, 14, 9, 4, 3, 8, 0, 10, 7, 6, 5, 19, 2]
TOOL SWITCHES : 8
MAKESPAN : 124

# -------------------------- #

--- TOTAL TOOL SWITCHES : 8
--- HIGHEST MAKESPAN : 124
--- TOTAL FLOWTIME : 1010
--- RUNNING TIME : 10.7705

# -------------------------- #
RUN : 1 - instancias_txt/SSP-NPM-I/ins146_m=3_j=20_t=20_var=6.txt

- MACHINE [0]

1 
1 
0 
0 
1 
1 
0 
0 
0 
0 
0 
0 
1 
0 
0 
1 
0 
0 
0 
0 

JOBS [1] - [17]
TOOL SWITCHES : 0
MAKESPAN : 10

- MACHINE [1]

0 0 0 
0 0 0 
0 0 0 
1 1 0 
1 1 1 
0 0 0 
1 0 0 
0 0 0 
0 0 0 
0 0 0 
0 1 1 
0 0 0 
1 0 1 
0 0 0 
0 0 1 
0 0 0 
1 1 0 
1 1 0 
1 0 1 
0 0 1 

JOBS [3] - [8, 6, 2]
TOOL SWITCHES : 0
MAKESPAN : 19

- MACHINE [2]

0 0 0 0 0 0 0 0 0 0 0 1 0 1 1 0 
0 0 0 0 1 1 0 0 0 0 0 0 0 0 0 0 
1 0 0 1 0 0 1 0 0 1 0 1 1 1 0 0 
0 1 0 0 1 0 0 0 0 0 1 0 1 0 1 0 
0 0 0 0 0 0 0 0 0 0 0 0 0 0 0 0 
1 0 0 1 1 1 0 1 1 1 0 1 1 1 0 1 
0 1 1 0 0 1 0 0 0 0 1 0 0 1 0 0 
1 1 1 0 0 0 0 0 0 0 0 0 0 0 0 0 
1 0 0 0 1 0 0 1 1 0 0 1 1 1 0 1 
0 0 0 0 0 0 0 0 1 1 1 0 0 0 0 0 
0 0 0 1 0 1 0 1 1 1 0 0 0 0 0 1 
0 0 1 0 0 1 0 0 0 1 0 0 0 0 0 0 
1 0 1 0 0 1 1 1 0 0 0 0 0 0 0 0 
0 0 0 0 0 0 0 0 0 1 0 0 1 0 1 0 
1 0 1 1 0 0 1 1 0 0 0 0 1 0 0 1 
0 1 0 1 0 0 1 0 1 0 0 0 0 0 0 0 
1 1 0 0 1 0 0 0 0 0 1 1 0 0 1 0 
0 0 0 0 0 0 0 0 0 0 1 0 0 1 1 0 
0 0 0 0 0 0 0 0 0 0 1 0 0 0 1 1 
0 0 0 1 1 1 1 1 1 1 0 1 0 1 0 0 

JOBS [16] - [12, 11, 4, 7, 0, 3, 5, 14, 1, 18, 19, 9, 15, 16, 13, 10]
TOOL SWITCHES : 6
MAKESPAN : 120

# -------------------------- #

--- TOTAL TOOL SWITCHES : 6
--- HIGHEST MAKESPAN : 120
--- TOTAL FLOWTIME : 948
--- RUNNING TIME : 8.45456

# -------------------------- #
RUN : 1 - instancias_txt/SSP-NPM-I/ins147_m=3_j=20_t=20_var=7.txt

- MACHINE [0]

1 
0 
0 
1 
1 
0 
0 
0 
0 
0 
0 
1 
0 
0 
0 
0 
0 
0 
1 
0 

JOBS [1] - [0]
TOOL SWITCHES : 0
MAKESPAN : 9

- MACHINE [1]

0 0 0 
0 0 0 
0 1 1 
0 0 1 
1 1 1 
0 0 0 
0 1 0 
0 0 1 
0 0 0 
1 0 0 
1 0 1 
1 1 0 
0 0 0 
0 0 0 
0 0 0 
0 0 0 
1 1 0 
0 0 0 
0 0 0 
1 0 1 

JOBS [3] - [1, 16, 10]
TOOL SWITCHES : 0
MAKESPAN : 12

- MACHINE [2]

1 0 1 0 0 1 1 1 0 0 0 0 0 0 0 0 
1 1 0 1 1 1 0 0 0 0 0 0 0 0 0 0 
0 0 0 0 0 0 0 0 0 0 0 0 0 1 0 1 
0 0 0 1 0 0 1 0 0 0 0 0 0 0 0 0 
0 0 0 0 0 0 0 0 0 0 0 0 0 0 0 0 
0 1 0 0 0 1 0 0 0 1 0 1 1 1 1 1 
0 0 1 1 0 0 0 0 0 0 0 0 0 0 0 0 
0 0 0 0 0 0 0 1 1 0 0 1 0 0 0 0 
0 0 0 0 0 0 0 1 0 0 1 1 0 0 0 0 
0 0 0 0 0 0 1 0 0 1 1 0 0 0 0 1 
0 1 1 0 0 0 0 0 0 0 1 0 1 0 0 0 
0 0 0 0 0 0 0 0 0 1 0 1 1 0 1 0 
0 1 0 1 0 0 0 0 0 0 0 0 0 1 0 1 
1 0 0 1 1 0 0 1 1 0 0 0 0 0 0 1 
1 0 0 1 0 1 1 0 1 1 1 0 0 0 0 0 
1 0 1 0 1 0 0 1 0 0 1 0 0 0 1 0 
0 1 1 1 1 0 0 0 1 0 1 0 1 0 1 0 
1 0 1 0 1 0 1 0 1 0 0 0 1 1 1 0 
0 0 0 0 1 1 0 0 1 1 1 0 0 1 0 1 
0 0 0 0 0 0 0 0 0 0 0 1 1 1 0 0 

JOBS [16] - [7, 12, 18, 11, 17, 2, 5, 13, 9, 3, 15, 4, 8, 19, 14, 6]
TOOL SWITCHES : 6
MAKESPAN : 116

# -------------------------- #

--- TOTAL TOOL SWITCHES : 6
--- HIGHEST MAKESPAN : 116
--- TOTAL FLOWTIME : 903
--- RUNNING TIME : 7.0185

# -------------------------- #
RUN : 1 - instancias_txt/SSP-NPM-I/ins148_m=3_j=20_t=20_var=8.txt

- MACHINE [0]

0 
1 
0 
0 
1 
0 
0 
0 
0 
0 
0 
1 
1 
1 
0 
0 
1 
0 
0 
0 

JOBS [1] - [9]
TOOL SWITCHES : 0
MAKESPAN : 2

- MACHINE [1]

0 0 
0 0 
1 1 
0 1 
0 1 
1 1 
0 1 
0 0 
0 0 
0 0 
0 1 
0 0 
1 0 
0 0 
1 0 
0 0 
1 0 
1 0 
0 0 
0 0 

JOBS [2] - [16, 15]
TOOL SWITCHES : 0
MAKESPAN : 6

- MACHINE [2]

0 0 0 0 1 1 1 1 0 0 0 0 1 0 0 0 0 
1 1 1 1 0 0 0 1 0 0 1 1 0 0 0 0 0 
0 0 0 0 0 0 0 0 0 0 0 0 0 0 1 1 1 
0 0 0 0 0 0 0 0 1 1 0 0 0 0 0 0 0 
0 0 0 0 0 1 1 0 0 1 0 1 1 0 0 0 0 
0 0 1 1 1 0 0 0 0 0 0 0 0 0 0 0 0 
1 1 0 0 0 1 1 0 0 1 1 0 0 0 0 0 0 
0 0 1 1 1 1 0 0 1 1 0 1 0 0 1 0 0 
1 1 1 0 0 0 0 0 0 0 0 0 0 0 1 1 0 
0 0 0 0 0 0 0 0 0 0 1 0 1 1 0 0 0 
1 0 0 1 0 0 0 1 1 0 0 1 0 1 0 1 0 
1 0 0 1 0 0 0 0 0 0 0 0 0 0 0 0 0 
0 0 0 0 0 0 0 0 0 0 0 0 0 1 0 1 0 
1 1 0 1 0 0 0 0 0 0 0 0 0 1 0 0 1 
0 0 1 0 1 1 0 0 0 1 1 0 0 1 0 1 1 
0 0 0 0 1 0 1 0 1 1 1 0 0 1 1 0 1 
0 1 1 0 1 0 1 0 0 0 0 0 0 0 0 0 0 
0 0 0 0 0 0 1 1 1 0 1 1 1 0 1 0 1 
0 0 0 0 0 0 0 0 0 0 0 1 1 0 1 0 1 
0 0 1 0 0 1 0 1 1 0 0 0 1 0 0 0 0 

JOBS [17] - [5, 8, 12, 4, 14, 10, 1, 11, 0, 19, 17, 2, 3, 7, 13, 18, 6]
TOOL SWITCHES : 7
MAKESPAN : 122

# -------------------------- #

--- TOTAL TOOL SWITCHES : 7
--- HIGHEST MAKESPAN : 122
--- TOTAL FLOWTIME : 1126
--- RUNNING TIME : 9.37193

# -------------------------- #
RUN : 1 - instancias_txt/SSP-NPM-I/ins149_m=3_j=20_t=20_var=9.txt

- MACHINE [0]

1 
0 
0 
1 
0 
0 
1 
0 
0 
0 
0 
0 
0 
1 
0 
0 
0 
0 
1 
1 

JOBS [1] - [1]
TOOL SWITCHES : 0
MAKESPAN : 9

- MACHINE [1]

0 0 
0 1 
1 0 
1 1 
0 0 
0 0 
0 0 
0 0 
1 0 
0 1 
0 0 
0 0 
0 1 
0 0 
1 1 
0 0 
1 0 
1 1 
0 1 
0 0 

JOBS [2] - [13, 7]
TOOL SWITCHES : 0
MAKESPAN : 19

- MACHINE [2]

1 0 0 1 1 0 1 0 1 0 0 0 0 0 0 0 0 
0 1 1 1 0 0 1 0 1 0 0 0 1 1 1 1 0 
0 0 0 0 0 0 0 0 0 0 0 1 1 0 1 0 1 
0 1 0 0 0 0 0 0 0 0 0 0 0 0 0 0 0 
0 0 0 0 0 0 1 1 0 1 0 0 1 0 1 1 0 
0 0 0 0 0 0 0 0 0 1 1 1 0 0 1 0 0 
0 0 0 0 0 0 0 0 0 0 1 1 0 1 0 1 1 
0 1 1 0 1 1 0 0 0 0 1 1 1 0 0 0 0 
0 1 0 0 0 1 0 1 0 0 0 0 0 0 0 0 0 
1 0 1 1 0 1 0 0 0 0 1 1 1 0 1 0 1 
0 0 1 0 1 0 1 1 0 0 0 0 0 0 1 0 0 
1 1 1 0 1 0 0 0 0 1 1 0 0 1 0 1 0 
0 0 0 0 0 0 0 0 0 0 0 0 0 1 0 0 0 
1 1 0 1 0 0 1 1 1 0 0 1 1 0 0 1 1 
0 0 0 1 0 1 0 1 0 1 0 0 1 0 1 0 1 
1 1 1 0 1 1 1 0 0 0 0 0 0 1 0 0 1 
0 0 0 1 1 1 0 0 0 0 0 0 0 0 0 0 0 
0 0 0 0 1 0 0 0 1 0 1 1 0 0 0 1 0 
0 0 0 0 0 1 0 0 1 1 0 0 0 0 0 0 0 
0 0 0 0 0 0 0 0 1 1 1 0 0 0 0 0 0 

JOBS [17] - [19, 5, 10, 9, 17, 0, 16, 4, 2, 14, 18, 8, 3, 15, 6, 11, 12]
TOOL SWITCHES : 7
MAKESPAN : 101

# -------------------------- #

--- TOTAL TOOL SWITCHES : 7
--- HIGHEST MAKESPAN : 101
--- TOTAL FLOWTIME : 975
--- RUNNING TIME : 9.21314

# -------------------------- #
RUN : 1 - instancias_txt/SSP-NPM-I/ins150_m=3_j=20_t=20_var=10.txt

- MACHINE [0]

0 
0 
1 
1 
1 
1 
0 
0 
0 
1 
0 
0 
0 
0 
1 
1 
0 
0 
0 
0 

JOBS [1] - [2]
TOOL SWITCHES : 0
MAKESPAN : 4

- MACHINE [1]

0 1 
0 1 
1 0 
1 1 
0 0 
1 0 
1 1 
0 0 
0 0 
1 1 
0 0 
0 0 
0 0 
0 0 
1 0 
0 0 
0 0 
0 0 
0 1 
0 1 

JOBS [2] - [10, 9]
TOOL SWITCHES : 0
MAKESPAN : 13

- MACHINE [2]

0 0 0 0 0 0 0 0 0 0 0 1 1 1 0 0 0 
1 0 0 1 0 0 1 0 0 0 0 0 0 0 0 0 0 
0 0 1 0 0 0 0 0 1 1 0 0 0 1 0 0 0 
1 1 0 0 0 1 0 0 0 0 0 0 0 0 0 1 0 
1 1 1 0 0 0 0 0 0 0 0 0 0 0 0 0 0 
0 0 0 1 1 1 0 0 0 1 0 0 1 0 0 1 0 
1 0 1 0 1 0 1 1 0 0 0 0 0 0 0 0 0 
0 0 0 0 0 0 1 0 0 0 0 1 0 0 0 0 1 
0 1 0 0 1 1 0 1 0 0 0 0 1 0 0 0 0 
0 0 0 0 0 0 0 0 0 0 0 0 0 0 0 0 0 
0 1 1 1 0 0 0 1 1 1 1 0 0 0 1 0 1 
0 0 1 1 0 0 0 0 1 0 1 0 1 1 1 0 1 
0 0 1 1 1 0 0 0 0 1 0 0 1 0 1 1 0 
0 0 0 0 0 0 0 1 0 0 1 1 0 0 1 1 1 
0 0 0 0 0 0 0 0 0 0 0 1 0 1 0 0 1 
0 1 0 1 0 1 1 0 0 1 0 0 0 0 0 0 0 
0 0 0 0 0 0 0 0 0 1 0 1 1 1 1 1 0 
1 0 0 1 1 1 1 1 1 0 0 0 0 0 0 0 0 
0 1 0 0 1 0 0 0 1 0 1 0 0 0 0 0 0 
1 1 0 0 1 1 1 1 0 0 1 1 0 0 0 1 0 

JOBS [17] - [16, 6, 8, 12, 7, 13, 11, 5, 3, 0, 14, 19, 17, 1, 4, 18, 15]
TOOL SWITCHES : 7
MAKESPAN : 121

# -------------------------- #

--- TOTAL TOOL SWITCHES : 7
--- HIGHEST MAKESPAN : 121
--- TOTAL FLOWTIME : 1018
--- RUNNING TIME : 8.14107

# -------------------------- #
RUN : 1 - instancias_txt/SSP-NPM-I/ins151_m=3_j=20_t=20_var=11.txt

- MACHINE [0]

1 0 
0 0 
0 0 
0 0 
0 0 
0 1 
0 0 
1 1 
0 1 
0 0 
1 0 
0 0 
0 0 
1 1 
0 0 
1 1 
0 0 
0 0 
0 0 
0 0 

JOBS [2] - [6, 13]
TOOL SWITCHES : 0
MAKESPAN : 16

- MACHINE [1]

0 1 1 0 0 0 0 0 0 0 0 0 
1 0 1 1 1 1 1 0 0 0 0 0 
0 0 0 0 0 0 0 0 0 0 0 0 
0 0 0 0 0 0 0 0 0 1 1 1 
0 0 0 1 0 0 1 0 1 0 0 0 
0 0 0 0 0 0 0 0 0 0 0 0 
0 1 0 1 0 0 0 1 0 1 1 0 
0 1 1 0 1 1 1 1 0 0 0 1 
0 0 0 0 0 0 0 0 0 0 0 0 
0 1 1 0 0 0 0 1 1 1 0 0 
0 1 0 0 0 1 0 1 0 1 1 1 
0 0 0 0 1 1 0 0 0 0 0 0 
1 1 1 1 0 0 0 0 0 0 0 0 
1 0 0 0 0 0 0 0 0 0 0 1 
0 0 0 0 0 0 0 0 0 0 1 0 
0 0 0 0 0 0 0 1 1 0 1 1 
1 0 1 1 1 0 1 0 0 0 0 1 
0 0 0 0 0 0 1 1 1 1 0 0 
1 0 0 1 1 1 0 0 1 0 1 0 
1 0 0 1 1 0 0 0 1 1 0 1 

JOBS [12] - [16, 7, 18, 9, 4, 1, 11, 2, 14, 5, 12, 19]
TOOL SWITCHES : 8
MAKESPAN : 92

- MACHINE [2]

1 0 0 1 1 0 
0 0 0 0 0 0 
1 1 1 0 0 1 
1 1 0 1 0 0 
1 0 1 0 0 1 
0 0 0 0 0 0 
0 1 1 0 1 1 
0 0 1 1 0 1 
0 0 0 1 0 1 
0 0 0 0 1 1 
0 0 0 0 0 0 
1 0 0 1 0 0 
0 0 0 0 0 0 
1 1 0 0 0 0 
1 0 1 0 1 0 
0 0 0 0 0 0 
0 0 0 0 0 0 
0 0 1 1 0 0 
0 0 0 0 0 0 
0 1 0 0 1 0 

JOBS [6] - [15, 17, 0, 10, 8, 3]
TOOL SWITCHES : 0
MAKESPAN : 36

# -------------------------- #

--- TOTAL TOOL SWITCHES : 8
--- HIGHEST MAKESPAN : 92
--- TOTAL FLOWTIME : 758
--- RUNNING TIME : 4.30276

# -------------------------- #
RUN : 1 - instancias_txt/SSP-NPM-I/ins152_m=3_j=20_t=20_var=12.txt

- MACHINE [0]

0 
0 
0 
0 
0 
0 
1 
0 
0 
1 
1 
1 
0 
0 
0 
0 
1 
1 
1 
0 

JOBS [1] - [4]
TOOL SWITCHES : 0
MAKESPAN : 2

- MACHINE [1]

1 1 
0 0 
0 0 
1 0 
0 1 
1 1 
0 0 
0 0 
0 0 
1 0 
0 0 
0 0 
0 1 
0 0 
0 0 
1 0 
0 1 
1 0 
0 0 
0 0 

JOBS [2] - [1, 12]
TOOL SWITCHES : 0
MAKESPAN : 6

- MACHINE [2]

1 0 1 1 0 1 0 0 0 1 0 0 0 0 1 1 0 
1 1 1 0 0 1 1 0 0 0 1 0 1 1 0 0 1 
0 0 0 0 0 0 0 0 0 0 0 0 1 1 1 1 1 
1 0 0 0 0 1 0 0 1 0 1 1 0 1 0 0 1 
1 1 1 1 1 0 0 0 0 0 0 0 0 0 0 0 0 
0 0 0 0 0 0 0 0 0 0 0 0 0 0 0 0 0 
0 0 0 0 0 0 0 0 1 1 0 0 1 0 1 1 0 
0 0 1 1 1 1 0 0 0 0 0 0 0 0 0 0 0 
1 1 0 0 1 0 0 1 0 1 1 1 1 0 0 0 1 
1 1 0 0 0 1 0 1 0 0 1 0 0 0 0 0 0 
0 0 0 0 0 0 0 0 0 0 0 0 0 1 1 1 0 
0 0 0 0 1 0 1 1 0 0 0 0 0 0 0 0 0 
0 0 0 1 0 1 0 0 1 0 1 1 0 0 0 0 0 
0 1 1 0 0 0 1 0 1 1 1 0 0 0 0 0 0 
0 0 0 0 0 0 0 0 0 0 1 1 0 0 0 1 0 
0 0 1 1 0 0 1 1 0 0 0 0 0 1 1 1 0 
0 0 0 0 0 0 0 1 1 0 0 1 0 0 0 0 1 
0 0 0 0 0 0 1 0 0 0 0 1 1 1 0 0 0 
0 0 0 1 1 0 1 0 0 1 0 0 0 0 0 0 0 
0 0 0 0 1 0 0 1 1 0 0 0 1 1 1 0 1 

JOBS [17] - [15, 17, 19, 13, 10, 3, 14, 18, 8, 9, 2, 0, 7, 16, 11, 5, 6]
TOOL SWITCHES : 6
MAKESPAN : 110

# -------------------------- #

--- TOTAL TOOL SWITCHES : 6
--- HIGHEST MAKESPAN : 110
--- TOTAL FLOWTIME : 942
--- RUNNING TIME : 8.56354

# -------------------------- #
RUN : 1 - instancias_txt/SSP-NPM-I/ins153_m=3_j=20_t=20_var=13.txt

- MACHINE [0]

0 0 
0 0 
0 0 
0 0 
0 0 
0 0 
0 0 
0 0 
1 1 
1 1 
0 0 
1 1 
0 0 
0 0 
0 1 
0 1 
1 1 
1 0 
0 0 
1 0 

JOBS [2] - [13, 0]
TOOL SWITCHES : 1
MAKESPAN : 15

- MACHINE [1]

1 0 
1 0 
0 0 
0 0 
0 1 
0 0 
0 0 
0 1 
0 0 
0 0 
0 0 
1 1 
1 1 
0 0 
1 0 
0 1 
0 0 
0 1 
0 0 
1 0 

JOBS [2] - [6, 18]
TOOL SWITCHES : 0
MAKESPAN : 7

- MACHINE [2]

0 0 0 1 0 1 1 1 0 0 0 0 0 0 0 0 
1 1 0 0 0 0 1 0 0 0 0 1 1 0 1 1 
0 0 0 0 0 0 0 1 0 1 0 0 1 0 1 1 
1 0 1 1 0 0 0 0 1 1 1 0 1 0 0 0 
1 1 0 1 1 0 0 0 0 0 0 0 0 0 0 0 
0 0 0 0 1 1 0 1 0 1 0 1 1 1 0 0 
1 0 1 0 0 1 1 0 0 0 0 0 0 0 0 0 
1 1 0 0 0 0 0 1 1 1 1 0 0 1 1 0 
0 0 0 1 0 1 0 0 0 1 1 0 1 0 1 0 
0 0 1 0 1 0 0 0 0 1 1 0 0 1 0 0 
1 1 1 1 1 0 0 1 0 0 0 0 0 0 0 0 
0 0 0 0 0 0 0 0 0 0 0 0 0 0 0 0 
0 0 0 0 0 0 0 0 0 0 0 0 1 0 1 1 
0 1 1 1 0 0 0 1 1 1 0 1 1 0 0 0 
0 0 0 0 0 0 0 0 0 0 0 0 0 0 0 0 
0 0 0 0 1 0 1 0 0 0 0 1 0 1 1 1 
0 0 0 0 0 1 1 0 1 0 0 0 0 0 1 0 
0 1 0 0 0 1 0 0 0 0 0 1 0 0 0 0 
0 0 0 0 0 0 0 0 1 0 1 1 0 1 0 1 
0 1 1 0 0 0 0 0 0 0 0 0 0 0 0 1 

JOBS [16] - [1, 7, 3, 2, 17, 9, 5, 10, 16, 12, 4, 11, 15, 14, 8, 19]
TOOL SWITCHES : 6
MAKESPAN : 119

# -------------------------- #

--- TOTAL TOOL SWITCHES : 7
--- HIGHEST MAKESPAN : 119
--- TOTAL FLOWTIME : 1090
--- RUNNING TIME : 7.28564

# -------------------------- #
RUN : 1 - instancias_txt/SSP-NPM-I/ins154_m=3_j=20_t=20_var=14.txt

- MACHINE [0]

1 
1 
0 
0 
1 
0 
0 
1 
1 
0 
1 
0 
0 
0 
0 
0 
0 
0 
0 
0 

JOBS [1] - [2]
TOOL SWITCHES : 0
MAKESPAN : 10

- MACHINE [1]

1 1 
0 0 
1 1 
0 1 
0 0 
0 1 
1 0 
0 0 
1 0 
0 0 
0 0 
0 0 
0 0 
0 1 
0 0 
0 0 
1 0 
0 0 
0 0 
1 0 

JOBS [2] - [13, 9]
TOOL SWITCHES : 0
MAKESPAN : 14

- MACHINE [2]

0 0 0 0 0 0 0 0 0 0 0 0 0 0 0 0 0 
1 0 1 0 0 0 1 0 0 0 0 0 0 0 0 0 0 
0 0 0 0 0 0 0 0 0 0 0 1 0 0 1 1 1 
1 1 0 1 1 1 0 0 0 0 0 0 0 0 0 0 0 
1 0 1 0 1 1 0 1 0 0 1 0 0 1 0 0 0 
1 0 1 0 0 0 1 1 1 1 0 0 0 0 0 0 0 
0 0 0 1 0 0 1 1 0 0 1 0 0 0 0 0 0 
1 0 0 0 1 1 1 0 0 1 0 0 0 0 0 0 0 
0 0 0 0 0 0 0 1 1 0 1 0 1 0 0 0 0 
1 0 0 1 1 1 0 0 0 0 0 0 1 0 0 1 1 
0 0 0 1 0 0 0 0 0 0 0 1 1 0 1 1 0 
0 0 0 0 0 0 1 0 1 1 1 0 0 0 1 0 0 
0 1 0 1 1 0 1 0 1 0 0 1 0 1 0 1 1 
0 0 1 0 0 1 0 1 1 1 0 0 0 1 1 0 0 
0 0 0 0 0 0 0 0 0 0 0 0 0 1 1 0 1 
0 1 1 0 0 0 0 1 1 1 0 0 1 0 1 0 0 
0 0 0 0 0 0 0 0 0 0 1 0 1 0 0 0 1 
0 1 1 0 0 0 0 0 0 0 0 1 0 0 0 1 0 
1 1 0 0 0 0 0 0 0 0 0 0 0 0 0 1 1 
0 1 0 1 1 0 0 0 0 1 0 1 1 1 1 0 0 

JOBS [17] - [1, 17, 3, 18, 11, 12, 8, 5, 6, 19, 14, 16, 7, 0, 15, 10, 4]
TOOL SWITCHES : 7
MAKESPAN : 117

# -------------------------- #

--- TOTAL TOOL SWITCHES : 7
--- HIGHEST MAKESPAN : 117
--- TOTAL FLOWTIME : 1079
--- RUNNING TIME : 6.86926

# -------------------------- #
RUN : 1 - instancias_txt/SSP-NPM-I/ins155_m=3_j=20_t=20_var=15.txt

- MACHINE [0]

0 
0 
1 
0 
1 
0 
1 
0 
0 
1 
0 
1 
0 
0 
1 
0 
0 
0 
0 
0 

JOBS [1] - [15]
TOOL SWITCHES : 0
MAKESPAN : 4

- MACHINE [1]

0 0 
1 0 
0 0 
1 0 
0 0 
0 0 
0 0 
0 1 
1 0 
0 0 
1 0 
1 0 
0 1 
0 0 
0 0 
0 0 
1 1 
0 1 
0 0 
1 1 

JOBS [2] - [11, 16]
TOOL SWITCHES : 0
MAKESPAN : 6

- MACHINE [2]

1 0 0 0 0 0 1 0 1 1 1 1 1 0 0 0 0 
0 1 0 1 0 0 1 0 1 1 0 0 0 0 0 0 0 
0 0 0 0 0 1 1 0 0 1 0 1 1 1 0 0 0 
1 1 1 0 1 0 0 0 1 1 1 1 0 0 0 0 1 
1 1 0 0 1 0 0 1 0 1 0 1 0 1 0 0 0 
1 0 1 1 0 0 1 0 1 0 0 0 0 0 0 1 0 
0 0 0 0 0 0 0 0 0 0 0 0 0 0 1 0 1 
0 0 0 0 0 0 0 0 0 0 0 0 0 1 0 1 0 
0 0 0 0 1 0 1 0 1 0 0 0 0 0 1 0 1 
1 1 1 0 1 1 0 1 0 0 0 0 0 0 0 0 0 
0 0 0 0 1 0 1 1 0 0 1 0 0 0 0 1 0 
0 0 0 0 0 0 0 0 0 0 0 0 0 0 1 0 0 
0 0 0 1 0 0 0 0 0 0 0 0 0 0 0 0 0 
1 1 0 1 1 1 0 0 0 0 0 0 0 0 0 0 0 
0 0 0 0 0 0 0 0 0 0 0 1 1 1 1 1 1 
1 0 0 1 0 1 0 1 0 0 0 0 1 1 0 1 1 
0 0 0 0 0 0 0 0 1 1 1 0 1 1 0 0 1 
0 1 1 1 0 1 0 0 0 0 0 1 1 0 1 1 1 
0 1 1 0 0 1 0 0 0 1 1 1 0 0 0 0 0 
0 0 0 0 0 0 0 1 0 0 1 0 0 1 0 1 0 

JOBS [17] - [14, 1, 10, 7, 8, 12, 9, 17, 3, 2, 4, 5, 19, 18, 13, 0, 6]
TOOL SWITCHES : 7
MAKESPAN : 117

# -------------------------- #

--- TOTAL TOOL SWITCHES : 7
--- HIGHEST MAKESPAN : 117
--- TOTAL FLOWTIME : 1033
--- RUNNING TIME : 7.57624

# -------------------------- #
RUN : 1 - instancias_txt/SSP-NPM-I/ins156_m=3_j=20_t=20_var=16.txt

- MACHINE [0]

1 
0 
0 
0 
1 
0 
0 
0 
0 
0 
0 
0 
0 
0 
0 
1 
1 
1 
0 
1 

JOBS [1] - [11]
TOOL SWITCHES : 0
MAKESPAN : 6

- MACHINE [1]

0 0 0 0 0 
1 1 1 0 0 
0 0 0 1 1 
0 0 0 0 0 
1 1 1 1 1 
1 1 0 0 1 
0 1 0 0 0 
0 0 0 0 0 
1 1 1 1 1 
0 0 0 0 1 
0 0 0 0 0 
1 1 0 0 0 
0 0 1 1 0 
0 0 0 0 0 
0 0 0 0 0 
0 0 1 1 0 
0 0 0 0 0 
0 0 0 0 0 
0 0 1 1 1 
0 0 0 0 0 

JOBS [5] - [15, 0, 1, 9, 10]
TOOL SWITCHES : 1
MAKESPAN : 34

- MACHINE [2]

1 0 1 1 0 0 0 0 0 1 0 1 1 0 
0 1 1 0 0 1 1 0 0 0 0 1 1 1 
1 1 0 0 0 0 0 0 0 0 0 0 0 0 
0 0 0 1 1 0 0 0 0 0 1 0 1 0 
0 0 0 0 0 0 0 0 0 0 0 0 0 0 
0 0 1 1 0 1 0 0 0 0 0 0 0 0 
0 0 0 1 0 0 0 0 1 1 0 0 1 1 
0 0 0 0 0 0 0 0 0 0 0 0 1 1 
0 0 0 0 0 0 0 0 0 1 0 0 0 0 
0 0 1 0 1 0 1 1 0 0 0 0 0 0 
0 0 1 1 1 1 1 0 1 0 0 1 0 1 
1 1 1 0 1 0 0 1 0 1 0 1 0 0 
1 0 0 0 0 1 0 0 1 0 1 0 0 0 
0 0 0 0 0 1 0 0 1 0 0 0 0 0 
0 0 0 0 0 0 1 1 1 0 1 0 1 0 
0 1 0 1 1 0 0 0 0 0 0 0 0 0 
0 0 0 0 0 0 0 0 1 1 1 0 0 0 
0 1 0 1 0 0 1 0 0 0 1 1 0 0 
0 1 0 0 1 0 1 1 1 1 0 0 0 1 
1 0 0 0 0 0 0 1 0 0 1 0 0 0 

JOBS [14] - [12, 16, 14, 18, 3, 19, 17, 13, 8, 5, 6, 4, 2, 7]
TOOL SWITCHES : 6
MAKESPAN : 96

# -------------------------- #

--- TOTAL TOOL SWITCHES : 7
--- HIGHEST MAKESPAN : 96
--- TOTAL FLOWTIME : 788
--- RUNNING TIME : 5.36747

# -------------------------- #
RUN : 1 - instancias_txt/SSP-NPM-I/ins157_m=3_j=20_t=20_var=17.txt

- MACHINE [0]

0 
0 
0 
1 
1 
0 
0 
0 
0 
0 
0 
1 
0 
1 
0 
1 
0 
0 
0 
0 

JOBS [1] - [0]
TOOL SWITCHES : 0
MAKESPAN : 9

- MACHINE [1]

0 0 0 
0 1 1 
0 0 0 
1 1 0 
0 0 0 
0 0 1 
1 0 0 
0 0 0 
0 0 0 
1 0 0 
0 1 1 
0 0 0 
1 0 1 
1 1 0 
0 0 0 
0 0 0 
0 1 1 
0 0 1 
1 1 0 
0 0 0 

JOBS [3] - [4, 10, 1]
TOOL SWITCHES : 1
MAKESPAN : 27

- MACHINE [2]

0 0 0 0 1 1 1 0 0 0 1 1 1 0 1 0 
0 0 0 0 0 0 0 0 0 0 0 0 1 0 0 0 
1 0 1 1 0 0 1 1 1 1 1 0 0 0 0 0 
0 0 0 0 0 1 0 0 1 0 0 1 0 0 1 0 
1 1 0 1 1 1 1 0 0 1 0 0 0 1 0 0 
1 1 1 0 1 0 0 0 0 1 1 0 0 0 0 0 
0 0 0 0 0 0 0 0 0 1 1 0 1 0 1 1 
1 1 1 1 1 0 0 0 0 0 0 0 0 0 0 0 
0 0 0 0 1 0 0 1 0 1 1 1 0 0 1 1 
1 1 1 0 0 0 0 0 0 0 0 0 0 0 0 0 
0 0 0 0 0 0 0 0 1 1 0 0 0 1 1 0 
0 0 0 0 0 0 0 0 0 0 0 0 0 0 0 0 
0 0 0 0 0 0 1 0 1 0 0 1 0 1 0 0 
0 0 0 1 0 0 0 1 0 0 0 0 1 1 1 1 
0 1 0 0 0 1 0 1 1 0 0 0 0 0 0 0 
0 0 1 0 1 1 0 0 0 1 0 1 0 1 0 1 
0 0 0 1 1 1 1 1 0 0 0 0 0 0 0 0 
1 1 0 0 0 0 0 1 0 0 1 1 1 0 0 0 
0 0 0 0 0 0 0 0 0 0 0 1 1 1 0 1 
0 0 1 0 0 0 1 0 0 0 0 0 0 1 1 1 

JOBS [16] - [14, 11, 19, 17, 16, 8, 13, 15, 12, 3, 7, 2, 6, 5, 18, 9]
TOOL SWITCHES : 6
MAKESPAN : 106

# -------------------------- #

--- TOTAL TOOL SWITCHES : 7
--- HIGHEST MAKESPAN : 106
--- TOTAL FLOWTIME : 888
--- RUNNING TIME : 7.63977

# -------------------------- #
RUN : 1 - instancias_txt/SSP-NPM-I/ins158_m=3_j=20_t=20_var=18.txt

- MACHINE [0]

1 
0 
0 
1 
0 
1 
0 
1 
0 
0 
1 
0 
0 
0 
1 
0 
0 
0 
0 
0 

JOBS [1] - [1]
TOOL SWITCHES : 0
MAKESPAN : 5

- MACHINE [1]

0 0 0 
0 0 1 
0 0 0 
0 0 0 
1 0 0 
0 0 0 
0 0 0 
0 1 1 
0 0 0 
1 0 1 
0 1 0 
1 0 0 
1 1 1 
0 1 0 
0 1 1 
1 1 1 
0 0 0 
0 0 0 
0 0 0 
0 0 0 

JOBS [3] - [17, 10, 3]
TOOL SWITCHES : 0
MAKESPAN : 18

- MACHINE [2]

0 0 0 1 0 1 0 1 1 0 0 1 1 0 1 1 
0 1 1 0 0 0 1 1 0 0 0 0 0 0 0 0 
0 0 0 0 0 0 0 0 1 1 0 0 1 0 0 0 
0 1 0 1 0 0 1 0 0 0 0 0 0 0 0 0 
0 0 0 0 0 0 0 1 0 0 0 0 0 0 0 0 
0 0 0 0 0 0 0 0 0 0 1 0 1 1 1 0 
1 0 1 0 1 1 0 0 0 1 0 0 0 0 0 0 
0 0 0 0 0 0 0 0 0 0 0 0 0 0 0 0 
1 1 1 0 0 0 1 0 0 1 1 0 0 1 1 0 
0 0 0 0 0 0 0 0 0 0 0 0 1 1 0 1 
1 1 0 0 1 1 0 0 1 0 0 1 0 0 0 0 
0 0 0 1 0 0 1 0 1 0 1 1 0 1 1 0 
0 0 0 0 0 1 1 1 0 0 0 0 1 0 0 0 
0 0 0 1 0 1 1 0 1 0 1 0 0 0 0 0 
0 0 0 0 0 0 0 0 0 1 0 1 0 0 0 0 
1 0 1 0 0 1 0 0 0 1 0 0 0 0 0 1 
1 0 1 1 1 0 0 0 0 0 0 0 0 0 0 0 
0 1 1 0 0 1 0 0 0 0 1 0 0 1 1 1 
1 1 1 1 1 0 0 0 1 0 1 1 1 1 0 0 
0 1 0 0 1 0 0 1 0 1 0 1 0 0 1 1 

JOBS [16] - [0, 6, 4, 11, 19, 15, 12, 8, 2, 18, 5, 9, 7, 16, 14, 13]
TOOL SWITCHES : 6
MAKESPAN : 104

# -------------------------- #

--- TOTAL TOOL SWITCHES : 6
--- HIGHEST MAKESPAN : 104
--- TOTAL FLOWTIME : 857
--- RUNNING TIME : 6.49776

# -------------------------- #
RUN : 1 - instancias_txt/SSP-NPM-I/ins159_m=3_j=20_t=20_var=19.txt

- MACHINE [0]

0 
1 
1 
0 
0 
0 
1 
1 
0 
0 
0 
0 
1 
0 
0 
0 
0 
1 
0 
1 

JOBS [1] - [12]
TOOL SWITCHES : 0
MAKESPAN : 10

- MACHINE [1]

1 1 
0 1 
0 0 
1 1 
1 0 
0 0 
1 1 
0 0 
0 1 
0 0 
0 0 
0 1 
0 0 
1 0 
0 0 
0 0 
0 0 
0 0 
0 0 
1 0 

JOBS [2] - [18, 16]
TOOL SWITCHES : 0
MAKESPAN : 16

- MACHINE [2]

1 0 0 0 0 1 1 0 1 1 0 1 1 0 0 0 0 
0 0 0 0 0 0 0 0 0 0 0 0 0 1 1 0 0 
1 0 0 0 1 1 0 1 0 0 1 0 0 0 0 0 1 
0 1 0 0 1 0 0 1 0 0 0 0 1 0 0 1 1 
0 0 0 0 0 0 0 0 0 0 1 1 0 0 1 1 0 
0 0 0 0 0 0 0 1 1 0 1 1 0 1 0 0 0 
0 0 0 0 0 0 0 0 0 0 0 0 0 0 0 0 0 
0 1 0 0 0 1 0 1 0 1 0 0 0 0 0 0 0 
0 0 1 1 0 0 0 1 0 1 0 0 0 1 1 0 0 
0 1 1 1 0 0 0 0 0 0 0 0 0 0 0 0 0 
0 0 0 0 0 1 1 0 1 0 0 0 0 0 0 0 0 
0 0 1 0 0 0 1 0 1 0 0 0 0 0 0 1 1 
0 1 0 1 1 0 0 1 1 0 0 0 0 1 0 0 1 
0 0 1 0 0 1 1 0 0 0 1 0 0 0 0 0 0 
1 0 1 1 1 0 1 0 1 0 0 1 1 1 1 0 0 
1 0 0 0 0 0 0 0 0 0 0 0 1 1 1 1 1 
1 1 1 1 1 1 0 0 0 1 1 0 0 0 1 0 1 
0 1 0 0 0 0 1 0 1 1 0 0 0 0 0 1 0 
0 0 0 0 0 0 0 0 0 1 1 1 1 0 0 0 0 
1 1 1 1 1 0 0 0 0 0 0 0 0 0 0 0 0 

JOBS [17] - [19, 6, 3, 11, 7, 13, 5, 4, 0, 14, 9, 10, 1, 8, 2, 17, 15]
TOOL SWITCHES : 7
MAKESPAN : 118

# -------------------------- #

--- TOTAL TOOL SWITCHES : 7
--- HIGHEST MAKESPAN : 118
--- TOTAL FLOWTIME : 1070
--- RUNNING TIME : 8.51733

# -------------------------- #
RUN : 1 - instancias_txt/SSP-NPM-I/ins160_m=3_j=20_t=20_var=20.txt

- MACHINE [0]

0 0 
1 0 
0 0 
0 0 
0 0 
0 1 
0 0 
0 0 
0 0 
0 0 
0 0 
0 0 
1 1 
0 1 
0 0 
0 0 
1 0 
1 1 
0 0 
1 1 

JOBS [2] - [18, 11]
TOOL SWITCHES : 0
MAKESPAN : 9

- MACHINE [1]

0 0 0 0 
1 1 1 1 
1 0 1 0 
1 1 0 0 
0 0 0 0 
0 0 0 0 
0 0 0 0 
1 1 1 1 
0 0 0 0 
0 0 0 0 
0 0 0 0 
1 0 0 1 
0 0 0 0 
0 0 1 0 
0 0 0 0 
1 1 0 1 
0 1 1 0 
0 1 0 1 
0 0 0 1 
0 0 0 0 

JOBS [4] - [16, 17, 13, 4]
TOOL SWITCHES : 0
MAKESPAN : 17

- MACHINE [2]

0 1 0 0 1 1 0 0 0 0 0 0 0 0 
0 0 0 0 0 1 0 1 0 1 0 0 0 1 
1 0 1 0 1 1 0 1 0 0 0 0 0 0 
0 0 0 1 0 1 1 0 1 0 0 0 0 0 
1 1 1 0 0 0 1 0 0 0 1 1 1 0 
1 1 0 0 0 0 0 0 0 0 0 0 0 0 
0 1 0 1 0 0 1 0 0 0 1 1 0 0 
1 0 1 0 1 0 0 0 0 0 1 0 1 1 
0 0 0 0 0 0 1 1 0 1 0 0 1 1 
0 1 1 1 1 0 0 0 1 0 0 0 0 0 
0 1 0 0 0 0 1 0 0 0 0 1 1 1 
0 0 0 0 0 0 0 0 0 1 0 0 0 1 
0 0 0 0 0 0 0 0 1 1 1 0 0 1 
0 0 1 0 0 0 1 0 0 0 0 0 0 0 
0 0 0 0 0 0 0 1 1 1 0 1 0 0 
0 0 1 0 1 0 0 0 0 0 0 0 0 0 
1 0 0 1 0 1 0 1 1 1 1 0 0 0 
0 0 0 0 0 0 0 0 0 0 0 0 0 0 
0 0 0 0 1 0 0 1 1 0 0 1 0 0 
1 1 0 1 0 0 0 0 0 0 1 0 1 0 

JOBS [14] - [2, 8, 12, 1, 15, 14, 0, 5, 10, 3, 6, 9, 19, 7]
TOOL SWITCHES : 6
MAKESPAN : 105

# -------------------------- #

--- TOTAL TOOL SWITCHES : 6
--- HIGHEST MAKESPAN : 105
--- TOTAL FLOWTIME : 881
--- RUNNING TIME : 6.22727

# -------------------------- #


avg : 6.8
