RUN : 1 - instancias_txt/SSP-NPM-I/ins141_m=3_j=20_t=20_var=1.txt

- MACHINE [0]

0 
0 
0 
1 
1 
1 
0 
0 
0 
0 
1 
0 
0 
0 
0 
0 
0 
1 
0 
1 

JOBS [1] - [16]
TOOL SWITCHES : 0
MAKESPAN : 1

- MACHINE [1]

0 0 
1 0 
1 0 
0 0 
0 1 
0 0 
1 0 
0 0 
0 0 
0 1 
0 0 
0 1 
1 1 
0 0 
1 1 
0 1 
0 0 
0 0 
0 0 
1 0 

JOBS [2] - [0, 11]
TOOL SWITCHES : 0
MAKESPAN : 11

- MACHINE [2]

0 0 0 0 0 0 0 0 0 0 1 1 1 0 0 1 1 
1 0 1 0 0 0 1 0 0 1 0 0 0 0 0 1 0 
0 1 0 1 0 1 1 0 0 0 0 1 0 0 0 1 0 
0 0 0 0 0 0 0 0 0 0 0 0 0 0 1 1 0 
1 0 0 0 1 0 0 0 0 0 0 0 0 0 0 0 0 
0 0 0 0 1 1 1 1 1 0 0 0 0 0 0 0 0 
0 0 0 0 0 1 1 1 1 0 0 0 1 0 1 0 0 
1 1 0 1 0 0 0 0 0 1 0 0 1 0 0 0 0 
1 1 0 0 0 0 0 1 0 0 1 1 0 0 1 1 0 
0 0 0 0 0 0 0 1 0 1 1 0 0 1 0 0 1 
0 0 0 1 1 0 0 1 1 0 1 1 0 1 0 0 0 
0 1 1 1 0 1 1 0 0 0 0 0 0 0 0 0 0 
0 0 1 1 1 0 0 0 0 1 0 0 0 0 1 0 1 
0 1 0 0 1 0 1 1 1 1 1 1 0 0 0 0 0 
1 1 0 1 1 0 0 1 0 0 0 0 1 1 0 0 1 
1 1 1 0 0 0 0 0 0 0 0 0 0 1 0 0 1 
0 0 1 0 0 1 0 0 1 1 1 0 0 0 0 0 0 
0 0 0 0 0 0 0 0 0 0 0 0 1 1 0 1 0 
1 0 1 0 0 0 1 0 1 0 0 0 1 0 1 0 1 
0 0 0 0 0 0 0 0 0 0 0 1 0 0 0 0 0 

JOBS [17] - [18, 9, 12, 7, 15, 3, 5, 10, 13, 8, 17, 14, 2, 19, 6, 4, 1]
TOOL SWITCHES : 8
MAKESPAN : 119

# -------------------------- #

--- TOTAL TOOL SWITCHES : 8
--- HIGHEST MAKESPAN : 119
--- TOTAL FLOWTIME : 1143
--- RUNNING TIME : 3.57995

# -------------------------- #
RUN : 1 - instancias_txt/SSP-NPM-I/ins142_m=3_j=20_t=20_var=2.txt

- MACHINE [0]

0 
0 
1 
1 
1 
0 
1 
0 
0 
0 
0 
0 
0 
0 
0 
1 
0 
0 
0 
1 

JOBS [1] - [4]
TOOL SWITCHES : 0
MAKESPAN : 1

- MACHINE [1]

0 1 0 0 1 0 
0 0 0 0 0 0 
1 0 1 0 0 1 
0 0 0 0 0 1 
0 0 0 0 0 0 
0 0 0 0 0 0 
0 0 0 1 0 1 
1 1 0 0 1 0 
1 0 1 1 1 0 
0 0 0 0 0 0 
0 0 0 0 0 0 
0 1 0 1 0 1 
1 1 0 0 0 1 
1 0 1 1 0 0 
0 0 0 0 0 0 
0 0 0 0 0 0 
1 1 0 0 0 0 
0 1 1 0 1 0 
1 0 1 1 1 0 
0 0 0 0 0 0 

JOBS [6] - [2, 19, 17, 5, 0, 16]
TOOL SWITCHES : 2
MAKESPAN : 43

- MACHINE [2]

1 0 0 1 1 0 1 0 0 0 0 0 0 
0 0 0 0 1 1 0 0 0 0 1 0 1 
0 0 1 0 0 0 0 0 0 1 0 0 0 
0 1 0 0 1 0 1 0 0 0 0 0 0 
0 1 0 1 0 1 0 0 0 1 0 0 1 
0 0 0 1 0 0 1 1 1 1 1 1 0 
0 0 0 0 0 0 0 0 1 1 0 0 1 
0 1 1 0 1 1 1 1 0 0 1 1 1 
0 0 0 0 0 0 0 0 0 0 0 0 0 
0 0 1 1 0 0 0 0 0 0 1 1 0 
0 0 0 0 1 1 0 0 1 0 1 0 1 
0 0 0 0 0 0 0 0 0 0 0 0 0 
0 0 0 0 0 0 0 0 0 1 0 1 0 
1 0 0 0 1 1 0 1 1 0 0 0 0 
1 0 1 1 0 0 0 0 1 0 1 0 1 
0 1 1 0 0 0 0 0 0 0 0 0 0 
1 1 1 0 0 0 0 0 0 0 0 0 0 
0 0 0 0 0 0 0 1 0 1 1 1 0 
0 0 1 1 0 0 0 0 1 0 0 1 1 
1 0 0 1 0 1 1 1 0 0 0 0 0 

JOBS [13] - [7, 9, 11, 18, 3, 10, 8, 6, 14, 13, 1, 12, 15]
TOOL SWITCHES : 5
MAKESPAN : 93

# -------------------------- #

--- TOTAL TOOL SWITCHES : 7
--- HIGHEST MAKESPAN : 93
--- TOTAL FLOWTIME : 749
--- RUNNING TIME : 2.72046

# -------------------------- #
RUN : 1 - instancias_txt/SSP-NPM-I/ins143_m=3_j=20_t=20_var=3.txt

- MACHINE [0]

0 
1 
0 
0 
0 
0 
0 
1 
0 
1 
1 
0 
0 
1 
1 
0 
0 
0 
0 
0 

JOBS [1] - [12]
TOOL SWITCHES : 0
MAKESPAN : 5

- MACHINE [1]

0 0 0 
0 0 0 
0 1 0 
1 0 0 
0 1 1 
0 1 1 
0 0 0 
0 0 0 
1 1 1 
0 0 0 
0 0 0 
0 0 0 
0 0 1 
1 1 1 
0 0 0 
1 0 1 
1 0 0 
1 1 0 
0 0 0 
0 0 0 

JOBS [3] - [10, 19, 5]
TOOL SWITCHES : 0
MAKESPAN : 12

- MACHINE [2]

0 0 0 1 0 0 0 0 1 1 0 0 0 1 1 0 
0 0 0 0 0 0 0 1 1 0 0 0 0 1 1 0 
1 1 1 0 0 1 0 0 0 0 0 0 0 0 0 0 
0 0 0 0 0 1 0 1 0 1 0 0 1 1 1 0 
1 1 1 0 1 1 0 0 0 0 0 1 0 0 0 1 
0 0 1 0 1 0 1 1 1 1 0 0 0 1 0 0 
0 0 0 0 0 0 0 0 1 0 0 1 1 0 1 0 
1 1 0 0 0 0 0 0 0 0 0 0 0 1 1 1 
0 0 0 0 0 1 1 0 0 1 1 1 0 0 0 1 
0 0 1 1 0 0 0 0 0 0 0 0 0 0 0 0 
0 0 0 0 1 0 0 0 1 0 1 0 0 0 0 0 
0 1 0 0 0 0 1 1 0 0 1 0 1 0 0 0 
0 0 0 0 0 0 0 0 0 0 0 0 0 0 1 0 
0 0 0 0 1 0 0 0 0 0 0 0 0 0 0 0 
0 1 0 1 1 1 1 1 0 0 0 0 0 0 0 0 
1 1 0 0 0 0 0 0 0 1 1 0 1 0 0 0 
1 0 0 1 0 0 1 0 0 0 1 0 0 0 1 0 
0 0 0 0 0 0 0 0 0 0 0 0 1 0 0 1 
0 1 1 0 1 0 0 1 0 0 1 1 0 0 0 1 
1 0 0 1 0 1 1 0 1 0 0 1 0 1 0 1 

JOBS [16] - [13, 0, 6, 1, 2, 18, 17, 8, 4, 14, 3, 16, 15, 9, 7, 11]
TOOL SWITCHES : 8
MAKESPAN : 115

# -------------------------- #

--- TOTAL TOOL SWITCHES : 8
--- HIGHEST MAKESPAN : 115
--- TOTAL FLOWTIME : 940
--- RUNNING TIME : 3.29767

# -------------------------- #
RUN : 1 - instancias_txt/SSP-NPM-I/ins144_m=3_j=20_t=20_var=4.txt

- MACHINE [0]

0 0 
1 1 
0 0 
0 1 
0 0 
0 0 
1 0 
0 0 
0 0 
0 0 
1 1 
0 0 
0 0 
1 0 
0 0 
1 1 
1 1 
0 0 
0 0 
0 0 

JOBS [2] - [14, 0]
TOOL SWITCHES : 0
MAKESPAN : 7

- MACHINE [1]

1 0 
0 0 
0 1 
1 1 
0 0 
0 0 
0 1 
0 0 
0 0 
0 1 
0 0 
0 0 
1 1 
0 0 
1 1 
0 0 
0 0 
1 0 
1 0 
0 0 

JOBS [2] - [5, 16]
TOOL SWITCHES : 0
MAKESPAN : 16

- MACHINE [2]

0 1 0 0 1 0 0 1 0 1 1 0 0 0 0 1 
0 0 0 0 0 0 1 0 0 0 0 0 1 0 0 0 
1 0 0 1 0 1 0 0 0 1 1 1 0 0 0 0 
1 1 1 1 1 1 0 0 0 0 0 0 0 0 0 0 
0 0 0 0 0 0 0 0 0 0 0 0 1 1 0 0 
0 0 0 0 0 0 0 0 0 0 1 1 1 1 0 1 
0 0 0 0 0 0 0 1 0 1 0 0 0 0 1 1 
1 0 1 0 0 0 0 1 1 0 1 1 0 1 1 0 
1 1 1 0 0 0 1 0 0 1 0 1 1 1 1 0 
0 1 0 1 1 0 0 0 0 0 0 0 1 1 1 1 
0 1 0 1 0 0 0 0 1 0 0 0 0 1 1 0 
0 0 0 1 0 0 1 0 0 0 1 1 0 0 0 0 
0 0 0 0 0 0 0 0 0 0 0 0 0 0 1 1 
0 0 0 0 0 1 1 0 1 0 0 0 0 0 0 1 
0 0 0 1 1 1 0 1 1 0 0 0 1 0 0 0 
1 0 1 0 1 1 1 1 0 0 0 0 0 0 0 0 
0 0 0 0 0 0 0 0 1 1 0 0 0 0 0 0 
1 0 0 0 0 1 0 0 0 1 0 1 1 0 0 0 
0 0 1 1 1 0 1 0 0 0 0 0 0 0 0 0 
1 1 1 0 1 0 0 1 0 0 0 0 0 0 1 1 

JOBS [16] - [6, 2, 8, 13, 9, 3, 19, 7, 15, 11, 18, 10, 12, 17, 4, 1]
TOOL SWITCHES : 8
MAKESPAN : 96

# -------------------------- #

--- TOTAL TOOL SWITCHES : 8
--- HIGHEST MAKESPAN : 96
--- TOTAL FLOWTIME : 840
--- RUNNING TIME : 3.32186

# -------------------------- #
RUN : 1 - instancias_txt/SSP-NPM-I/ins145_m=3_j=20_t=20_var=5.txt

- MACHINE [0]

1 1 
0 0 
1 1 
0 0 
0 0 
0 0 
0 1 
1 1 
1 1 
0 0 
1 0 
1 0 
0 0 
1 0 
0 0 
0 0 
0 0 
0 0 
0 0 
0 0 

JOBS [2] - [0, 10]
TOOL SWITCHES : 1
MAKESPAN : 22

- MACHINE [1]

0 0 0 0 0 0 0 0 0 0 0 1 1 1 
0 0 0 0 1 1 1 1 1 0 0 0 0 0 
0 0 0 1 1 0 0 0 0 0 1 0 0 1 
0 0 0 0 0 0 0 0 0 0 0 0 0 0 
0 0 0 0 0 1 1 0 1 1 1 0 0 1 
1 1 0 1 0 0 0 0 0 0 0 0 1 0 
0 0 0 0 0 0 0 0 0 0 0 0 0 0 
0 0 0 0 0 0 1 1 1 0 0 1 1 0 
0 0 0 1 0 1 0 1 0 0 0 0 0 0 
0 0 1 0 1 1 0 1 1 1 1 0 1 1 
1 1 1 0 0 0 0 0 1 1 0 0 0 0 
1 1 0 0 1 1 0 0 0 0 0 0 0 0 
1 1 1 0 1 1 1 0 0 0 0 0 0 0 
0 1 1 1 0 0 1 0 0 0 0 1 0 1 
0 0 0 0 0 0 0 0 0 0 0 1 0 0 
0 1 1 0 1 0 0 0 0 1 1 0 0 0 
0 1 0 1 0 0 0 1 1 0 1 0 0 0 
1 0 1 0 0 0 0 0 0 0 1 1 1 0 
1 0 0 1 1 1 0 0 0 1 0 0 1 1 
0 0 0 0 0 0 0 1 0 0 1 1 0 0 

JOBS [14] - [16, 18, 14, 6, 9, 3, 4, 5, 8, 11, 12, 2, 7, 19]
TOOL SWITCHES : 12
MAKESPAN : 106

- MACHINE [2]

0 0 0 0 
0 0 0 1 
0 1 0 0 
1 1 0 1 
0 1 1 0 
0 1 1 0 
1 0 0 1 
0 0 0 0 
0 0 0 0 
1 0 0 0 
1 0 1 1 
0 1 0 0 
0 0 0 0 
0 0 0 0 
1 0 0 0 
1 1 1 1 
0 0 0 0 
0 0 0 0 
0 0 0 1 
1 0 1 0 

JOBS [4] - [1, 17, 13, 15]
TOOL SWITCHES : 0
MAKESPAN : 26

# -------------------------- #

--- TOTAL TOOL SWITCHES : 13
--- HIGHEST MAKESPAN : 106
--- TOTAL FLOWTIME : 836
--- RUNNING TIME : 2.2161

# -------------------------- #
RUN : 1 - instancias_txt/SSP-NPM-I/ins146_m=3_j=20_t=20_var=6.txt

- MACHINE [0]

0 
0 
1 
0 
0 
1 
0 
0 
0 
1 
1 
1 
0 
1 
0 
0 
0 
0 
0 
1 

JOBS [1] - [18]
TOOL SWITCHES : 0
MAKESPAN : 10

- MACHINE [1]

0 0 0 
0 0 0 
0 0 0 
1 1 1 
0 0 1 
0 0 0 
1 1 0 
0 1 0 
0 0 0 
1 0 0 
0 0 1 
0 0 0 
0 0 0 
0 0 0 
0 0 0 
0 1 0 
1 1 1 
1 0 1 
1 0 0 
0 0 0 

JOBS [3] - [19, 11, 6]
TOOL SWITCHES : 0
MAKESPAN : 23

- MACHINE [2]

1 0 1 1 0 0 1 0 0 0 0 0 0 0 0 0 
0 0 0 0 0 1 1 0 0 0 0 0 0 0 1 0 
1 1 1 0 0 0 0 0 1 0 1 0 1 0 0 0 
0 1 0 1 1 1 0 0 0 0 0 0 0 0 0 0 
0 0 0 0 1 0 1 1 0 0 0 0 0 0 0 0 
1 1 1 0 0 1 1 0 0 1 1 0 1 1 1 1 
1 0 0 0 1 0 0 0 0 0 0 1 0 0 1 0 
0 0 0 0 0 0 0 0 0 0 0 1 1 0 0 0 
1 1 1 0 0 1 0 0 0 1 0 0 1 1 0 1 
0 0 0 0 0 0 0 0 0 1 0 0 0 0 0 0 
0 0 0 0 0 0 0 1 0 1 1 0 0 1 1 1 
0 0 0 0 0 0 0 0 0 0 0 1 0 0 1 0 
0 0 0 0 1 0 1 1 1 0 0 1 1 1 1 0 
0 1 0 1 0 0 0 0 0 0 0 0 0 0 0 0 
0 1 0 0 0 0 0 1 1 0 1 1 1 1 0 1 
0 0 0 0 0 0 1 0 1 1 1 0 0 0 0 0 
0 0 1 1 1 1 0 0 0 0 0 0 1 0 0 0 
1 0 0 1 1 0 0 0 0 0 0 0 0 0 0 0 
0 0 0 1 1 0 0 1 0 0 0 0 0 0 0 1 
1 0 1 0 0 1 0 1 1 1 1 0 0 1 1 0 

JOBS [16] - [16, 15, 9, 13, 8, 0, 17, 2, 5, 1, 7, 4, 12, 14, 3, 10]
TOOL SWITCHES : 7
MAKESPAN : 118

# -------------------------- #

--- TOTAL TOOL SWITCHES : 7
--- HIGHEST MAKESPAN : 118
--- TOTAL FLOWTIME : 1033
--- RUNNING TIME : 3.61197

# -------------------------- #
RUN : 1 - instancias_txt/SSP-NPM-I/ins147_m=3_j=20_t=20_var=7.txt

- MACHINE [0]

0 
1 
0 
1 
0 
0 
1 
0 
0 
0 
0 
0 
1 
1 
1 
0 
1 
0 
0 
0 

JOBS [1] - [11]
TOOL SWITCHES : 0
MAKESPAN : 6

- MACHINE [1]

1 0 0 
0 0 0 
0 1 0 
0 0 0 
0 1 0 
0 0 1 
1 1 0 
0 0 0 
0 0 0 
0 0 0 
1 0 0 
0 1 1 
0 0 0 
0 0 0 
0 0 0 
1 0 1 
1 1 1 
1 0 1 
0 0 0 
0 0 0 

JOBS [3] - [18, 16, 14]
TOOL SWITCHES : 0
MAKESPAN : 13

- MACHINE [2]

0 1 0 1 1 0 0 0 0 0 0 0 0 1 1 0 
1 0 0 1 1 1 0 0 0 0 0 0 0 0 0 0 
0 0 0 0 0 0 0 1 1 0 0 0 1 0 0 0 
0 0 0 0 0 0 0 0 0 0 0 0 1 1 1 0 
0 0 0 0 0 0 0 0 0 0 0 1 1 1 0 0 
0 0 0 0 1 1 0 1 1 1 1 0 0 0 0 1 
0 0 0 0 0 0 0 0 0 0 0 0 0 0 0 0 
0 1 0 0 0 0 1 0 0 1 0 0 1 0 0 0 
0 1 1 0 0 0 0 0 0 1 0 0 0 0 0 0 
0 0 1 0 0 0 0 1 0 0 0 1 0 0 1 1 
0 0 1 0 0 1 0 0 0 0 1 1 1 0 0 0 
0 0 0 0 0 0 0 0 0 1 1 1 0 1 0 1 
0 0 0 0 0 1 0 1 1 0 0 0 0 0 0 0 
1 1 0 1 0 0 1 1 0 0 0 0 0 0 0 0 
0 0 1 1 1 0 1 0 0 0 0 0 0 0 1 1 
1 1 1 1 0 0 0 0 0 0 0 0 0 0 0 0 
1 0 1 0 0 1 1 0 0 0 1 1 0 0 0 0 
1 0 0 1 0 0 1 0 1 0 1 0 0 0 1 0 
1 0 1 0 1 0 1 1 1 0 0 0 0 1 0 1 
0 0 0 0 0 0 0 0 1 1 1 1 1 0 0 0 

JOBS [16] - [17, 13, 15, 7, 2, 12, 9, 6, 19, 4, 8, 1, 10, 0, 5, 3]
TOOL SWITCHES : 6
MAKESPAN : 108

# -------------------------- #

--- TOTAL TOOL SWITCHES : 6
--- HIGHEST MAKESPAN : 108
--- TOTAL FLOWTIME : 911
--- RUNNING TIME : 3.45342

# -------------------------- #
RUN : 1 - instancias_txt/SSP-NPM-I/ins148_m=3_j=20_t=20_var=8.txt

- MACHINE [0]

0 
1 
0 
0 
1 
0 
0 
0 
0 
0 
0 
1 
1 
1 
0 
0 
1 
0 
0 
0 

JOBS [1] - [9]
TOOL SWITCHES : 0
MAKESPAN : 2

- MACHINE [1]

1 0 
0 1 
0 0 
0 0 
1 1 
0 0 
0 0 
0 1 
0 0 
1 0 
0 1 
0 0 
0 0 
0 0 
0 0 
0 0 
0 0 
1 1 
1 1 
1 0 

JOBS [2] - [3, 2]
TOOL SWITCHES : 0
MAKESPAN : 8

- MACHINE [2]

0 0 0 0 0 0 0 0 0 1 0 0 0 1 1 1 0 
1 1 1 0 0 0 0 1 1 1 0 0 0 0 0 0 0 
0 0 0 1 0 1 1 0 0 0 1 0 0 0 0 0 1 
0 0 0 0 0 0 0 0 0 0 0 1 1 0 0 0 1 
0 0 0 0 0 0 0 0 0 0 0 0 1 0 1 1 1 
0 1 0 0 0 0 0 0 1 0 1 0 0 1 0 0 1 
1 0 1 0 0 0 0 1 0 0 0 0 1 0 1 1 1 
0 1 0 0 0 1 0 0 1 0 0 1 1 1 0 1 0 
1 0 0 1 0 1 0 1 1 0 0 0 0 0 0 0 0 
0 0 1 0 1 0 0 0 0 0 0 0 0 0 0 0 0 
1 1 0 1 1 0 0 0 0 1 0 1 0 0 0 0 1 
1 1 0 0 0 0 0 0 0 0 0 0 0 0 0 0 0 
0 0 0 1 1 0 0 0 0 0 1 0 0 0 0 0 0 
1 1 0 0 1 0 1 1 0 0 0 0 0 0 0 0 0 
0 0 1 1 1 0 1 0 1 0 1 0 1 1 0 1 0 
0 0 1 0 1 1 1 0 0 0 0 1 1 1 1 0 0 
0 0 0 0 0 0 0 1 1 0 1 0 0 1 1 0 0 
0 0 1 0 0 1 1 0 0 1 1 1 0 0 1 0 0 
0 0 0 0 0 1 1 0 0 0 0 0 0 0 0 0 0 
0 0 0 0 0 0 0 0 1 1 0 1 0 0 0 1 0 

JOBS [17] - [5, 4, 17, 18, 7, 13, 6, 8, 12, 11, 16, 0, 19, 14, 1, 10, 15]
TOOL SWITCHES : 7
MAKESPAN : 132

# -------------------------- #

--- TOTAL TOOL SWITCHES : 7
--- HIGHEST MAKESPAN : 132
--- TOTAL FLOWTIME : 1157
--- RUNNING TIME : 3.30315

# -------------------------- #
RUN : 1 - instancias_txt/SSP-NPM-I/ins149_m=3_j=20_t=20_var=9.txt

- MACHINE [0]

0 
1 
0 
1 
0 
0 
0 
1 
1 
0 
0 
1 
0 
1 
0 
1 
0 
0 
0 
0 

JOBS [1] - [5]
TOOL SWITCHES : 0
MAKESPAN : 9

- MACHINE [1]

0 0 
0 0 
0 1 
0 1 
0 0 
0 0 
0 0 
1 0 
1 1 
1 0 
0 0 
0 0 
0 0 
0 0 
1 1 
1 0 
1 1 
0 1 
1 0 
0 0 

JOBS [2] - [0, 13]
TOOL SWITCHES : 0
MAKESPAN : 12

- MACHINE [2]

0 0 1 1 1 0 0 0 0 0 0 0 0 0 1 1 1 
0 1 1 1 0 1 1 0 0 0 1 0 1 1 0 0 1 
0 1 0 0 0 0 1 1 1 0 0 0 0 0 0 0 0 
0 0 0 0 0 0 0 0 0 0 0 0 1 0 1 0 0 
1 1 1 0 0 0 1 0 0 0 1 1 0 0 0 0 0 
0 0 0 0 0 0 1 1 0 1 0 1 0 0 0 0 0 
0 0 0 0 0 0 0 1 1 1 1 0 0 1 1 0 0 
0 1 0 0 1 1 0 1 0 1 0 0 0 0 0 0 0 
1 0 0 0 0 0 0 0 0 0 0 0 0 0 0 0 0 
0 1 0 1 0 1 1 1 1 1 0 0 1 0 0 1 0 
1 0 1 0 1 1 1 0 0 0 0 0 0 0 0 0 0 
0 0 0 0 1 1 0 0 0 1 1 1 0 1 0 1 0 
0 0 0 0 0 0 0 0 0 0 0 0 1 1 0 0 0 
1 1 1 1 0 0 0 1 1 0 1 0 0 0 1 1 1 
1 1 0 1 0 0 1 0 1 0 0 1 1 0 0 0 0 
0 0 1 0 1 1 0 0 1 0 0 0 0 1 0 1 0 
0 0 0 1 1 0 0 0 0 0 0 0 0 0 0 0 0 
0 0 0 0 1 0 0 1 0 1 1 0 1 0 0 0 1 
0 0 0 0 0 0 0 0 0 0 0 1 1 0 1 0 1 
0 0 0 0 0 0 0 0 0 1 0 1 0 0 1 0 1 

JOBS [17] - [4, 3, 16, 9, 17, 10, 6, 8, 12, 18, 11, 14, 7, 15, 1, 19, 2]
TOOL SWITCHES : 7
MAKESPAN : 104

# -------------------------- #

--- TOTAL TOOL SWITCHES : 7
--- HIGHEST MAKESPAN : 104
--- TOTAL FLOWTIME : 880
--- RUNNING TIME : 3.19996

# -------------------------- #
RUN : 1 - instancias_txt/SSP-NPM-I/ins150_m=3_j=20_t=20_var=10.txt

- MACHINE [0]

0 
0 
1 
1 
1 
1 
0 
0 
0 
1 
0 
0 
0 
0 
1 
1 
0 
0 
0 
0 

JOBS [1] - [2]
TOOL SWITCHES : 0
MAKESPAN : 4

- MACHINE [1]

0 1 
1 1 
0 0 
0 1 
0 0 
0 0 
1 1 
1 0 
0 0 
0 1 
0 0 
0 0 
0 0 
0 0 
0 0 
1 0 
0 0 
1 0 
0 1 
1 1 

JOBS [2] - [11, 9]
TOOL SWITCHES : 0
MAKESPAN : 14

- MACHINE [2]

0 0 0 0 0 0 0 0 0 0 0 0 0 1 1 1 0 
1 0 1 0 0 0 0 0 0 0 0 0 0 0 0 0 0 
0 1 0 0 1 0 0 0 1 0 0 1 0 1 0 0 0 
0 0 1 0 0 1 0 0 0 1 0 1 1 0 0 0 0 
0 1 1 0 0 1 0 0 0 0 0 0 0 0 0 0 0 
1 0 0 1 0 0 0 0 1 1 0 1 1 0 1 0 0 
0 1 1 1 0 0 0 1 0 0 0 1 0 0 0 0 0 
0 0 0 0 0 0 0 0 0 0 0 0 0 0 0 1 1 
0 0 0 1 0 1 0 1 0 1 0 0 0 0 1 0 0 
0 0 0 0 0 0 0 0 0 0 0 1 0 0 0 0 0 
1 1 0 0 1 1 1 1 1 0 1 0 0 0 0 0 1 
1 1 0 0 1 0 1 0 0 0 1 0 0 1 1 0 1 
1 1 0 1 0 0 0 0 1 0 1 0 1 0 1 0 0 
0 0 0 0 0 0 1 1 0 0 1 0 1 0 0 1 1 
0 0 0 0 0 0 0 0 0 0 0 1 0 1 0 1 1 
1 0 0 0 0 1 0 0 1 1 0 0 0 0 0 0 0 
0 0 0 0 0 0 0 0 1 0 1 0 1 1 1 1 0 
1 0 1 1 1 0 0 1 0 1 0 0 0 0 0 0 0 
0 0 0 1 1 1 1 0 0 0 0 0 0 0 0 0 0 
0 0 1 1 0 1 1 1 0 1 0 0 1 0 0 1 0 

JOBS [17] - [12, 8, 16, 7, 3, 6, 14, 5, 0, 13, 4, 10, 18, 1, 17, 19, 15]
TOOL SWITCHES : 7
MAKESPAN : 123

# -------------------------- #

--- TOTAL TOOL SWITCHES : 7
--- HIGHEST MAKESPAN : 123
--- TOTAL FLOWTIME : 1039
--- RUNNING TIME : 3.5353

# -------------------------- #
RUN : 1 - instancias_txt/SSP-NPM-I/ins151_m=3_j=20_t=20_var=11.txt

- MACHINE [0]

0 
0 
0 
1 
0 
0 
0 
1 
0 
0 
1 
0 
0 
1 
0 
1 
1 
0 
0 
1 

JOBS [1] - [19]
TOOL SWITCHES : 0
MAKESPAN : 8

- MACHINE [1]

0 0 0 0 1 1 0 0 1 0 0 0 1 1 
1 1 1 1 1 0 1 0 0 0 0 0 0 0 
0 0 0 0 0 0 0 0 0 1 1 0 0 1 
0 0 0 0 0 0 0 0 0 0 0 0 1 1 
1 0 0 0 0 0 1 0 0 1 1 0 0 1 
0 0 0 0 0 0 0 0 0 0 0 1 0 0 
1 0 0 0 0 1 0 1 0 1 1 0 0 0 
0 0 1 1 1 1 1 1 1 1 1 1 1 0 
0 0 0 0 0 0 0 0 0 1 0 1 1 0 
0 0 0 0 1 1 0 1 0 1 0 0 0 0 
0 0 0 1 0 1 0 1 1 0 0 0 0 0 
0 0 1 1 0 0 0 0 0 0 0 0 1 1 
1 1 0 0 1 1 0 0 0 0 0 0 0 0 
0 1 0 0 0 0 0 0 1 0 0 1 0 1 
0 0 0 0 0 0 0 0 0 0 1 0 0 1 
0 0 0 0 0 0 0 1 1 0 0 1 0 0 
1 1 1 0 1 0 1 0 0 0 0 0 0 0 
0 0 0 0 0 0 1 1 0 0 1 0 1 0 
1 1 1 1 0 0 0 0 0 0 0 0 0 0 
1 1 1 0 0 0 0 0 0 0 0 0 0 0 

JOBS [14] - [9, 16, 4, 1, 18, 7, 11, 2, 6, 3, 0, 13, 10, 15]
TOOL SWITCHES : 11
MAKESPAN : 120

- MACHINE [2]

0 0 0 0 1 
0 0 0 0 0 
0 0 1 0 0 
0 1 1 1 0 
1 0 0 0 0 
0 0 0 0 0 
0 1 1 1 1 
0 0 0 0 0 
0 0 0 0 0 
1 0 0 1 1 
0 1 0 1 0 
0 0 0 0 0 
0 0 0 0 0 
0 0 1 0 0 
0 1 0 0 1 
1 1 0 0 0 
0 0 0 0 0 
1 0 0 1 0 
1 1 0 0 0 
1 0 1 1 1 

JOBS [5] - [14, 12, 17, 5, 8]
TOOL SWITCHES : 0
MAKESPAN : 26

# -------------------------- #

--- TOTAL TOOL SWITCHES : 11
--- HIGHEST MAKESPAN : 120
--- TOTAL FLOWTIME : 952
--- RUNNING TIME : 2.18094

# -------------------------- #
RUN : 1 - instancias_txt/SSP-NPM-I/ins152_m=3_j=20_t=20_var=12.txt

- MACHINE [0]

0 
0 
0 
0 
0 
0 
1 
0 
0 
1 
1 
1 
0 
0 
0 
0 
1 
1 
1 
0 

JOBS [1] - [4]
TOOL SWITCHES : 0
MAKESPAN : 2

- MACHINE [1]

1 1 
0 0 
0 0 
1 0 
0 1 
1 1 
0 0 
0 0 
0 0 
1 0 
0 0 
0 0 
0 1 
0 0 
0 0 
1 0 
0 1 
1 0 
0 0 
0 0 

JOBS [2] - [1, 12]
TOOL SWITCHES : 0
MAKESPAN : 6

- MACHINE [2]

0 0 1 1 0 0 1 0 0 0 0 1 0 1 1 0 1 
1 1 0 0 0 1 0 0 1 1 1 1 0 0 1 0 1 
1 1 1 1 0 1 0 0 0 0 0 0 0 0 0 0 0 
0 1 0 0 1 1 0 1 1 0 0 1 0 0 1 0 0 
0 0 0 0 0 0 0 0 0 0 1 1 0 1 0 1 1 
0 0 0 0 0 0 0 0 0 0 0 0 0 0 0 0 0 
1 0 1 1 0 0 1 1 0 0 0 0 0 0 0 0 0 
0 0 0 0 0 0 0 0 0 0 0 0 0 1 1 1 1 
1 0 0 0 1 1 1 0 1 0 1 1 1 0 0 1 0 
0 0 0 0 0 0 0 0 1 0 1 1 1 0 1 0 0 
0 1 1 1 0 0 0 0 0 0 0 0 0 0 0 0 0 
0 0 0 0 0 0 0 0 0 1 0 0 1 0 0 1 0 
0 0 0 0 1 0 0 1 1 0 0 0 0 1 1 0 0 
0 0 0 0 0 0 1 1 1 1 1 0 0 0 0 0 1 
0 0 0 1 1 0 0 0 1 0 0 0 0 0 0 0 0 
0 1 1 1 0 0 0 0 0 1 0 0 1 1 0 0 1 
0 0 0 0 1 1 0 1 0 0 0 0 1 0 0 0 0 
1 1 0 0 1 0 0 0 0 1 0 0 0 0 0 0 0 
0 0 0 0 0 0 1 0 0 1 0 0 0 1 0 1 0 
1 1 1 0 0 1 0 1 0 0 0 0 1 0 0 1 0 

JOBS [17] - [7, 16, 11, 5, 0, 6, 9, 8, 2, 14, 17, 15, 18, 13, 3, 10, 19]
TOOL SWITCHES : 6
MAKESPAN : 110

# -------------------------- #

--- TOTAL TOOL SWITCHES : 6
--- HIGHEST MAKESPAN : 110
--- TOTAL FLOWTIME : 996
--- RUNNING TIME : 3.31541

# -------------------------- #
RUN : 1 - instancias_txt/SSP-NPM-I/ins153_m=3_j=20_t=20_var=13.txt

- MACHINE [0]

0 0 
0 0 
0 0 
1 1 
0 0 
0 0 
0 0 
1 1 
1 0 
1 0 
0 0 
0 0 
0 0 
0 1 
0 0 
0 0 
0 1 
0 0 
1 1 
0 0 

JOBS [2] - [4, 16]
TOOL SWITCHES : 0
MAKESPAN : 17

- MACHINE [1]

1 1 0 
0 1 1 
0 0 0 
0 0 0 
0 0 0 
1 0 1 
1 1 0 
0 0 0 
1 0 0 
0 0 0 
0 0 0 
0 0 0 
0 0 0 
0 0 1 
0 0 0 
0 1 1 
1 1 0 
1 0 1 
0 0 1 
0 0 0 

JOBS [3] - [9, 5, 11]
TOOL SWITCHES : 0
MAKESPAN : 10

- MACHINE [2]

0 0 1 0 0 1 0 0 0 0 0 0 1 0 0 
0 1 0 1 0 0 1 0 0 0 1 0 1 1 0 
0 0 1 1 1 0 0 0 0 0 1 0 0 1 0 
1 1 0 1 1 1 0 0 0 0 0 0 0 0 0 
0 1 0 0 0 1 1 1 1 0 0 0 0 0 0 
0 0 1 1 1 0 0 1 0 1 0 0 0 0 0 
1 1 0 0 0 0 0 0 0 0 0 0 0 0 0 
0 1 1 0 1 0 1 0 1 1 1 0 0 0 0 
0 0 0 1 1 1 0 0 0 0 1 1 0 0 1 
1 0 0 0 1 0 0 1 0 1 0 1 0 0 1 
1 1 1 0 0 1 1 1 0 0 0 0 0 0 0 
0 0 0 0 0 0 0 0 1 0 0 1 1 0 1 
0 0 0 1 0 0 0 0 1 0 1 0 1 1 0 
1 0 1 1 1 1 1 0 0 0 0 0 0 0 0 
0 0 0 0 0 0 0 0 0 0 0 0 1 0 1 
0 0 0 0 0 0 0 1 1 1 1 0 0 1 1 
0 0 0 0 0 0 0 0 0 0 1 1 0 0 1 
0 0 0 0 0 0 1 0 1 0 0 1 0 0 0 
0 0 0 0 0 0 0 0 0 1 0 0 0 1 0 
1 0 0 0 0 0 1 0 0 0 0 1 1 1 0 

JOBS [15] - [3, 1, 10, 15, 12, 2, 7, 17, 18, 14, 8, 13, 6, 19, 0]
TOOL SWITCHES : 7
MAKESPAN : 116

# -------------------------- #

--- TOTAL TOOL SWITCHES : 7
--- HIGHEST MAKESPAN : 116
--- TOTAL FLOWTIME : 989
--- RUNNING TIME : 2.93592

# -------------------------- #
RUN : 1 - instancias_txt/SSP-NPM-I/ins154_m=3_j=20_t=20_var=14.txt

- MACHINE [0]

1 
0 
1 
0 
0 
0 
1 
0 
1 
0 
0 
0 
0 
0 
0 
0 
1 
0 
0 
1 

JOBS [1] - [13]
TOOL SWITCHES : 0
MAKESPAN : 4

- MACHINE [1]

1 1 
0 1 
1 0 
1 0 
0 1 
1 0 
0 0 
0 1 
0 1 
0 0 
0 1 
0 0 
0 0 
1 0 
0 0 
0 0 
0 0 
0 0 
0 0 
0 0 

JOBS [2] - [9, 2]
TOOL SWITCHES : 0
MAKESPAN : 15

- MACHINE [2]

0 0 0 0 0 0 0 0 0 0 0 0 0 0 0 0 0 
1 0 0 0 1 0 1 0 0 0 0 0 0 0 0 0 0 
0 0 0 0 0 0 0 0 0 0 1 1 0 0 0 1 1 
0 1 1 0 1 1 0 1 0 0 0 0 0 0 0 0 0 
0 1 1 0 1 0 1 0 1 0 0 0 0 1 1 0 0 
1 0 0 1 1 0 1 0 1 1 0 0 0 0 0 0 0 
1 0 0 0 0 0 0 1 1 0 0 0 0 1 0 0 0 
1 1 1 1 1 0 0 0 0 0 0 0 0 0 0 0 0 
0 0 0 0 0 0 0 0 1 1 0 0 1 1 0 0 0 
0 1 1 0 1 0 0 1 0 0 0 1 1 0 0 0 1 
0 0 0 0 0 0 0 1 0 0 1 1 1 0 0 1 0 
1 0 0 1 0 0 0 0 0 1 0 0 0 1 0 1 0 
1 0 1 0 0 1 0 1 0 1 1 1 0 0 1 0 1 
0 1 0 1 0 0 1 0 1 1 0 0 0 0 1 1 0 
0 0 0 0 0 0 0 0 0 0 0 0 0 0 1 1 1 
0 0 0 1 0 1 1 0 1 1 0 0 1 0 0 1 0 
0 0 0 0 0 0 0 0 0 0 0 0 1 1 0 0 1 
0 0 0 0 0 1 1 0 0 0 1 1 0 0 0 0 0 
0 0 0 0 1 1 0 0 0 0 0 1 0 0 0 0 1 
0 0 1 1 0 1 0 1 0 0 1 0 1 0 1 1 0 

JOBS [17] - [8, 12, 11, 19, 1, 17, 3, 18, 5, 6, 16, 10, 7, 14, 0, 15, 4]
TOOL SWITCHES : 6
MAKESPAN : 113

# -------------------------- #

--- TOTAL TOOL SWITCHES : 6
--- HIGHEST MAKESPAN : 113
--- TOTAL FLOWTIME : 1050
--- RUNNING TIME : 3.21648

# -------------------------- #
RUN : 1 - instancias_txt/SSP-NPM-I/ins155_m=3_j=20_t=20_var=15.txt

- MACHINE [0]

0 
0 
1 
0 
1 
0 
1 
0 
0 
1 
0 
1 
0 
0 
1 
0 
0 
0 
0 
0 

JOBS [1] - [15]
TOOL SWITCHES : 0
MAKESPAN : 4

- MACHINE [1]

0 0 0 
0 0 1 
0 0 0 
0 1 1 
0 0 0 
0 0 0 
1 1 0 
0 0 0 
1 1 1 
0 0 0 
0 0 1 
1 0 1 
0 0 0 
0 0 0 
1 1 0 
0 1 0 
0 1 1 
1 1 0 
0 0 0 
0 0 1 

JOBS [3] - [13, 6, 11]
TOOL SWITCHES : 1
MAKESPAN : 13

- MACHINE [2]

1 1 0 0 1 0 0 0 0 0 0 0 1 1 1 1 
0 0 0 0 0 0 1 0 1 0 0 0 0 1 1 1 
0 1 0 1 1 0 0 1 0 0 0 0 0 1 1 0 
1 0 0 0 1 0 0 0 1 1 0 1 1 0 1 1 
0 0 0 1 1 0 0 0 1 0 1 1 1 0 1 0 
0 0 1 0 0 0 1 0 0 1 0 0 1 1 0 1 
0 0 0 0 0 0 0 0 0 0 0 0 0 0 0 0 
0 0 1 1 0 1 0 0 0 0 0 0 0 0 0 0 
0 0 0 0 0 0 0 0 0 0 0 1 0 1 0 1 
0 0 0 0 0 0 0 1 1 1 1 1 1 0 0 0 
1 0 1 0 0 0 0 0 0 0 1 1 0 1 0 0 
0 0 0 0 0 0 0 0 0 0 0 0 0 0 0 0 
0 0 0 0 0 1 1 0 0 0 0 0 0 0 0 0 
0 0 0 0 0 0 1 1 1 0 0 1 1 0 0 0 
0 1 1 1 1 0 0 0 0 0 0 0 0 0 0 0 
0 1 1 1 0 0 1 1 0 0 1 0 1 0 0 0 
1 1 0 1 0 1 0 0 0 0 0 0 0 0 1 1 
0 1 1 0 1 1 1 1 1 1 0 0 0 0 0 0 
1 0 0 0 1 0 0 1 1 1 0 0 0 0 1 0 
1 0 1 1 0 1 0 0 0 0 1 0 0 0 0 0 

JOBS [16] - [4, 19, 0, 18, 5, 16, 7, 12, 1, 10, 17, 8, 14, 9, 2, 3]
TOOL SWITCHES : 6
MAKESPAN : 106

# -------------------------- #

--- TOTAL TOOL SWITCHES : 7
--- HIGHEST MAKESPAN : 106
--- TOTAL FLOWTIME : 955
--- RUNNING TIME : 3.28303

# -------------------------- #
RUN : 1 - instancias_txt/SSP-NPM-I/ins156_m=3_j=20_t=20_var=16.txt

- MACHINE [0]

0 
0 
1 
0 
1 
1 
0 
0 
1 
1 
0 
0 
0 
0 
0 
0 
0 
0 
1 
0 

JOBS [1] - [10]
TOOL SWITCHES : 0
MAKESPAN : 9

- MACHINE [1]

0 1 1 0 0 0 0 1 
1 0 0 1 0 1 1 0 
1 0 1 0 1 0 0 0 
0 0 0 0 0 0 0 0 
0 1 0 1 1 1 1 0 
0 0 0 0 0 1 1 0 
0 0 0 0 0 1 0 1 
0 0 0 0 0 0 0 0 
0 0 0 1 1 1 1 1 
0 0 0 0 0 0 0 0 
0 0 0 0 0 0 0 0 
1 0 1 0 0 1 1 1 
0 0 1 1 1 0 0 0 
0 0 0 0 0 0 0 0 
0 0 0 0 0 0 0 0 
1 1 0 1 1 0 0 0 
0 1 0 0 0 0 0 1 
1 1 0 0 0 0 0 0 
1 0 0 1 1 0 0 1 
0 1 1 0 0 0 0 0 

JOBS [8] - [16, 11, 12, 1, 9, 0, 15, 5]
TOOL SWITCHES : 4
MAKESPAN : 64

- MACHINE [2]

0 0 0 0 1 0 0 1 1 1 0 
0 0 0 1 0 0 1 1 1 1 1 
0 0 0 0 0 0 0 0 0 0 0 
1 0 0 0 1 1 0 0 0 1 0 
0 0 0 0 0 0 0 0 0 0 0 
0 0 0 1 1 0 0 0 1 0 0 
0 1 0 0 1 0 1 0 0 1 0 
0 0 0 0 0 0 1 0 0 1 0 
0 0 0 0 0 0 0 0 0 0 0 
0 0 1 0 0 1 0 0 1 0 1 
0 1 0 1 1 1 1 1 1 0 1 
0 0 1 0 0 1 0 1 1 0 0 
1 1 0 1 0 0 0 0 0 0 0 
0 1 0 1 0 0 0 0 0 0 0 
1 1 1 0 0 0 0 0 0 1 1 
0 0 0 0 1 1 0 0 0 0 0 
1 1 0 0 0 0 0 0 0 0 0 
1 0 0 0 1 0 0 1 0 0 1 
0 1 1 0 0 1 1 0 0 0 1 
1 0 1 0 0 0 0 0 0 0 0 

JOBS [11] - [6, 8, 13, 19, 18, 3, 7, 4, 14, 2, 17]
TOOL SWITCHES : 4
MAKESPAN : 74

# -------------------------- #

--- TOTAL TOOL SWITCHES : 8
--- HIGHEST MAKESPAN : 74
--- TOTAL FLOWTIME : 759
--- RUNNING TIME : 2.53609

# -------------------------- #
RUN : 1 - instancias_txt/SSP-NPM-I/ins157_m=3_j=20_t=20_var=17.txt

- MACHINE [0]

0 
0 
0 
1 
0 
0 
1 
0 
0 
1 
0 
0 
1 
1 
0 
0 
0 
0 
1 
0 

JOBS [1] - [4]
TOOL SWITCHES : 0
MAKESPAN : 8

- MACHINE [1]

0 1 
0 1 
0 0 
1 0 
1 0 
0 0 
0 1 
0 0 
0 0 
0 0 
0 0 
1 0 
0 0 
1 1 
0 0 
1 0 
0 0 
0 1 
0 1 
0 0 

JOBS [2] - [0, 6]
TOOL SWITCHES : 0
MAKESPAN : 5

- MACHINE [2]

0 1 1 0 0 0 1 0 0 0 1 0 1 0 1 0 0 
0 0 0 0 1 1 0 0 0 0 0 0 0 0 0 0 0 
0 0 0 0 0 0 1 1 1 1 0 1 1 1 0 1 0 
0 1 1 0 1 0 0 0 0 1 1 0 0 0 0 0 0 
0 0 0 1 0 0 0 1 0 0 1 1 1 0 1 1 1 
0 0 0 0 0 1 1 1 0 0 0 0 0 1 1 1 1 
1 1 0 0 0 0 1 1 0 0 0 0 0 0 0 0 0 
0 0 0 0 0 0 0 0 0 0 0 1 0 1 1 1 1 
1 1 1 0 0 0 1 1 1 0 0 0 0 0 1 0 0 
0 0 0 0 0 0 0 0 0 0 0 0 0 1 0 1 1 
0 1 0 1 1 1 0 1 0 1 0 0 0 0 0 0 0 
0 0 0 0 0 0 0 0 0 0 0 0 0 0 0 0 0 
0 0 1 1 0 1 0 0 0 1 0 0 1 0 0 0 0 
1 1 0 1 1 0 0 0 1 0 0 1 0 0 0 0 0 
0 0 0 0 0 0 0 0 1 1 1 0 0 0 0 0 1 
1 0 1 1 0 0 0 1 0 0 1 0 0 1 1 0 0 
0 0 0 0 1 1 0 0 1 0 1 1 1 0 1 0 0 
0 0 1 0 0 1 1 0 1 0 0 0 0 0 0 1 1 
1 0 1 1 1 0 0 0 0 0 0 0 0 0 0 0 0 
1 1 0 1 0 0 0 0 0 0 0 0 1 1 0 0 0 

JOBS [17] - [9, 18, 2, 5, 10, 1, 7, 3, 15, 12, 8, 17, 13, 19, 16, 14, 11]
TOOL SWITCHES : 7
MAKESPAN : 112

# -------------------------- #

--- TOTAL TOOL SWITCHES : 7
--- HIGHEST MAKESPAN : 112
--- TOTAL FLOWTIME : 1036
--- RUNNING TIME : 3.22414

# -------------------------- #
RUN : 1 - instancias_txt/SSP-NPM-I/ins158_m=3_j=20_t=20_var=18.txt

- MACHINE [0]

0 
0 
1 
0 
0 
0 
1 
0 
1 
0 
0 
0 
0 
0 
1 
1 
0 
0 
0 
1 

JOBS [1] - [18]
TOOL SWITCHES : 0
MAKESPAN : 6

- MACHINE [1]

1 0 0 
1 0 1 
0 0 0 
0 0 0 
1 1 0 
0 0 0 
0 0 0 
0 0 1 
0 0 0 
0 1 1 
0 0 0 
0 1 0 
1 1 1 
0 0 0 
0 0 1 
0 1 1 
0 0 0 
0 0 0 
0 0 0 
1 0 0 

JOBS [3] - [8, 17, 3]
TOOL SWITCHES : 0
MAKESPAN : 12

- MACHINE [2]

0 0 1 0 1 1 0 0 0 0 1 1 1 0 1 1 
1 0 0 0 0 0 1 1 0 0 0 0 0 0 0 0 
0 0 0 0 0 0 0 0 0 0 1 1 0 0 0 0 
0 0 0 0 1 0 1 1 0 0 0 0 0 0 1 0 
0 0 0 0 0 0 0 0 0 0 0 0 0 0 0 0 
0 0 0 0 0 1 0 0 1 1 0 1 0 0 1 0 
1 1 1 1 0 0 0 0 0 0 0 0 0 0 0 0 
0 0 0 0 0 0 0 0 0 0 0 0 0 1 1 0 
1 0 0 1 0 1 1 1 1 1 0 0 0 0 0 0 
0 0 0 0 0 0 0 0 0 1 0 1 1 0 0 0 
0 1 1 1 0 0 1 0 0 0 1 0 0 1 1 1 
0 0 0 0 1 1 0 1 1 1 1 0 0 0 0 1 
0 0 1 0 0 0 0 1 0 0 0 1 0 1 0 0 
0 0 1 0 1 0 0 1 1 0 1 0 0 1 0 0 
0 0 0 0 0 0 0 0 0 0 0 0 0 1 1 1 
1 0 1 1 0 0 0 0 0 0 0 0 1 1 0 0 
1 1 0 1 1 0 0 0 0 0 0 0 0 0 0 0 
1 0 1 0 0 1 1 0 1 1 0 0 1 0 0 0 
1 1 0 1 1 0 1 0 1 1 1 1 0 0 0 1 
0 1 0 0 0 1 1 0 0 0 0 0 1 0 0 1 

JOBS [16] - [4, 19, 15, 0, 11, 14, 6, 12, 5, 16, 2, 7, 13, 10, 1, 9]
TOOL SWITCHES : 6
MAKESPAN : 100

# -------------------------- #

--- TOTAL TOOL SWITCHES : 6
--- HIGHEST MAKESPAN : 100
--- TOTAL FLOWTIME : 858
--- RUNNING TIME : 3.03806

# -------------------------- #
RUN : 1 - instancias_txt/SSP-NPM-I/ins159_m=3_j=20_t=20_var=19.txt

- MACHINE [0]

1 
0 
1 
0 
0 
0 
0 
1 
0 
0 
1 
0 
0 
1 
0 
0 
1 
0 
0 
0 

JOBS [1] - [13]
TOOL SWITCHES : 0
MAKESPAN : 3

- MACHINE [1]

0 0 0 0 1 1 0 1 1 0 0 0 1 1 
0 0 0 0 0 0 0 0 0 1 1 0 0 0 
0 0 1 1 1 0 1 0 0 0 0 0 0 0 
0 0 1 1 0 1 0 1 0 0 0 1 0 0 
0 0 0 0 0 1 1 0 1 1 0 1 0 0 
0 0 0 0 0 0 1 0 1 0 1 0 1 0 
0 0 0 0 0 1 0 0 0 0 0 0 0 0 
0 0 0 0 0 0 0 0 0 0 0 0 0 0 
1 1 0 0 0 0 0 0 0 1 1 0 0 0 
1 1 0 0 0 0 0 0 0 0 0 0 0 0 
0 0 0 0 0 0 0 0 0 0 0 0 1 1 
1 0 1 0 0 0 0 0 0 0 0 1 1 1 
0 1 1 1 0 0 0 0 0 0 1 0 1 0 
1 0 0 0 0 1 1 0 0 0 0 0 0 1 
1 1 0 1 1 0 0 1 1 1 1 0 1 1 
0 0 1 0 1 0 0 1 0 1 1 1 0 0 
1 1 1 1 1 0 1 0 0 1 0 0 0 0 
0 0 0 0 0 0 0 0 0 0 0 1 1 1 
0 0 0 0 0 0 1 1 1 0 0 0 0 0 
1 1 0 1 1 1 0 0 0 0 0 0 0 0 

JOBS [14] - [3, 11, 15, 7, 19, 18, 9, 1, 10, 2, 8, 17, 0, 5]
TOOL SWITCHES : 12
MAKESPAN : 110

- MACHINE [2]

0 0 1 0 1 
1 0 1 0 0 
1 0 0 1 0 
0 1 1 1 0 
0 0 0 0 0 
0 0 0 1 0 
1 0 1 0 0 
1 1 0 1 1 
0 0 1 1 1 
0 1 0 0 0 
0 0 0 0 0 
0 0 1 0 0 
1 1 0 1 0 
0 0 0 0 0 
0 0 0 0 0 
0 0 0 0 0 
0 1 0 0 1 
1 1 0 0 1 
0 0 0 0 1 
1 1 0 0 0 

JOBS [5] - [12, 6, 16, 4, 14]
TOOL SWITCHES : 2
MAKESPAN : 24

# -------------------------- #

--- TOTAL TOOL SWITCHES : 14
--- HIGHEST MAKESPAN : 110
--- TOTAL FLOWTIME : 877
--- RUNNING TIME : 2.14783

# -------------------------- #
RUN : 1 - instancias_txt/SSP-NPM-I/ins160_m=3_j=20_t=20_var=20.txt

- MACHINE [0]

1 
0 
0 
0 
1 
1 
1 
0 
0 
1 
1 
0 
0 
0 
0 
0 
0 
0 
0 
1 

JOBS [1] - [8]
TOOL SWITCHES : 0
MAKESPAN : 9

- MACHINE [1]

0 0 0 0 
1 0 0 1 
1 0 1 0 
0 0 0 0 
0 0 1 0 
0 1 1 0 
0 0 0 0 
1 0 1 0 
0 0 0 0 
0 0 0 0 
0 0 0 0 
0 0 0 0 
0 1 0 1 
1 1 0 0 
0 0 0 0 
0 0 0 0 
1 0 1 1 
0 1 0 1 
0 0 0 0 
0 1 1 1 

JOBS [4] - [13, 11, 2, 18]
TOOL SWITCHES : 0
MAKESPAN : 30

- MACHINE [2]

0 0 0 0 0 0 0 0 0 0 1 0 0 0 1 
0 0 0 0 0 0 1 1 1 1 1 1 1 0 0 
0 0 0 0 0 0 0 0 1 0 1 1 0 1 1 
0 0 1 1 1 0 0 0 0 0 1 1 1 0 0 
1 1 1 0 0 1 0 0 0 0 0 0 0 1 0 
0 0 0 0 0 0 0 0 0 0 0 0 0 0 0 
1 1 1 1 0 0 0 0 0 0 0 0 0 0 0 
1 0 0 0 0 1 1 0 0 1 0 1 1 1 1 
0 0 1 0 0 1 1 1 1 0 0 0 0 0 0 
0 0 0 1 1 0 0 0 0 0 0 0 0 1 1 
0 1 1 0 0 1 1 0 0 0 0 0 0 0 0 
0 0 0 0 0 0 1 1 0 1 0 1 0 0 0 
1 0 0 0 1 0 1 1 0 0 0 0 0 0 0 
0 0 1 0 0 0 0 0 0 0 0 0 0 1 0 
0 1 0 0 1 0 0 1 1 0 0 0 0 0 0 
0 0 0 0 0 0 0 0 0 1 0 1 1 1 1 
1 0 0 1 1 0 0 1 1 0 1 0 1 0 0 
0 0 0 0 0 0 0 0 0 1 0 0 1 0 0 
0 1 0 0 1 0 0 0 1 1 0 0 0 0 1 
1 0 0 1 0 1 0 0 0 0 0 0 0 0 0 

JOBS [15] - [6, 9, 0, 1, 10, 19, 7, 3, 5, 4, 14, 16, 17, 12, 15]
TOOL SWITCHES : 6
MAKESPAN : 118

# -------------------------- #

--- TOTAL TOOL SWITCHES : 6
--- HIGHEST MAKESPAN : 118
--- TOTAL FLOWTIME : 933
--- RUNNING TIME : 3.16694

# -------------------------- #


avg : 7.8
