RUN : 1 - instancias_txt/SSP-NPM-I/ins141_m=3_j=20_t=20_var=1.txt

- MACHINE [0]

0 
0 
0 
1 
1 
1 
0 
0 
0 
0 
1 
0 
0 
0 
0 
0 
0 
1 
0 
1 

JOBS [1] - [16]
TOOL SWITCHES : 0
MAKESPAN : 1

- MACHINE [1]

0 0 1 0 1 0 0 
0 0 0 1 1 0 1 
0 1 1 1 1 0 1 
0 0 0 0 1 1 0 
0 0 0 0 0 0 0 
1 1 0 1 0 0 0 
1 1 0 1 0 1 1 
0 0 0 0 0 0 0 
0 0 1 0 1 1 0 
0 0 0 0 0 0 0 
1 0 1 0 0 0 0 
0 1 0 1 0 0 0 
0 0 0 0 0 1 1 
1 0 1 1 0 0 0 
0 0 0 0 0 0 1 
0 0 0 0 0 0 0 
1 1 0 0 0 0 0 
0 0 0 0 1 0 0 
1 0 0 1 0 1 0 
0 0 1 0 0 0 1 

JOBS [7] - [13, 3, 14, 5, 4, 6, 0]
TOOL SWITCHES : 6
MAKESPAN : 55

- MACHINE [2]

0 0 1 0 0 0 0 1 0 0 1 0 
0 0 0 0 0 1 1 0 1 0 0 0 
0 0 0 0 0 0 0 0 0 1 0 1 
0 0 0 0 0 0 0 0 0 0 0 0 
0 1 0 0 1 1 0 0 0 0 0 0 
1 1 0 0 0 0 0 0 0 0 0 0 
1 0 1 0 0 0 0 0 0 0 0 0 
0 0 1 0 0 1 0 0 1 1 0 1 
1 0 0 0 0 1 0 1 0 0 0 1 
1 0 0 1 1 0 0 1 1 0 1 0 
1 1 0 1 0 0 0 1 0 1 0 0 
0 0 0 0 1 0 1 0 0 1 0 1 
0 1 0 0 1 0 1 0 1 1 1 0 
1 1 0 0 0 0 0 1 1 0 0 1 
1 1 1 1 1 1 0 0 0 1 1 1 
0 0 0 1 1 1 1 0 0 0 1 1 
0 0 0 0 0 0 1 1 1 0 0 0 
0 0 1 1 0 0 0 0 0 0 0 0 
0 0 1 0 0 1 1 0 0 0 1 0 
0 0 0 0 0 0 0 0 0 0 0 0 

JOBS [12] - [10, 15, 2, 19, 11, 18, 12, 17, 8, 7, 1, 9]
TOOL SWITCHES : 5
MAKESPAN : 85

# -------------------------- #

--- TOTAL TOOL SWITCHES : 11
--- HIGHEST MAKESPAN : 85
--- TOTAL FLOWTIME : 804
--- RUNNING TIME : 2.7356

# -------------------------- #
RUN : 1 - instancias_txt/SSP-NPM-I/ins142_m=3_j=20_t=20_var=2.txt

- MACHINE [0]

0 
0 
0 
0 
0 
0 
1 
0 
1 
0 
0 
1 
0 
1 
0 
0 
0 
0 
1 
0 

JOBS [1] - [5]
TOOL SWITCHES : 0
MAKESPAN : 7

- MACHINE [1]

0 0 1 0 1 0 0 0 1 1 0 0 0 
1 0 1 1 0 1 0 0 0 0 0 0 0 
0 0 0 0 0 0 0 0 0 0 1 1 1 
0 0 1 0 0 0 0 0 0 0 0 0 0 
1 0 0 1 1 0 0 0 0 0 0 0 0 
0 1 0 0 1 1 1 1 0 0 0 0 0 
1 1 0 0 0 0 0 0 0 0 0 0 0 
1 0 1 1 0 1 1 1 0 1 1 0 1 
0 0 0 0 0 0 0 0 0 1 1 1 0 
0 0 0 0 1 1 1 0 0 0 0 0 1 
1 1 1 1 0 1 0 0 0 0 0 0 0 
0 0 0 0 0 0 0 0 0 0 0 0 0 
0 0 0 0 0 0 1 0 0 0 1 0 0 
0 1 1 1 0 0 0 1 1 0 1 1 0 
1 1 0 0 1 1 0 0 1 0 0 0 1 
0 0 0 0 0 0 0 0 0 0 0 0 1 
0 0 0 0 0 0 0 0 1 0 1 0 1 
0 0 0 0 0 1 1 1 0 1 0 1 0 
1 1 0 0 1 0 1 0 0 1 1 1 1 
0 0 0 1 1 0 0 1 1 0 0 0 0 

JOBS [13] - [15, 14, 3, 10, 18, 1, 12, 6, 7, 0, 2, 17, 11]
TOOL SWITCHES : 10
MAKESPAN : 100

- MACHINE [2]

1 0 0 0 0 1 
0 0 0 0 0 0 
0 1 0 1 1 0 
1 1 1 1 0 0 
0 1 1 0 1 0 
1 0 0 0 1 0 
0 1 0 1 1 0 
1 0 1 0 0 1 
0 0 0 0 0 0 
0 0 0 0 0 0 
0 0 0 0 0 0 
0 0 0 1 0 1 
0 0 0 1 1 1 
0 0 0 0 0 0 
0 0 0 0 0 0 
0 1 1 0 0 0 
0 0 1 0 0 1 
0 0 0 0 1 1 
0 0 0 0 0 0 
1 1 0 0 0 0 

JOBS [6] - [8, 4, 9, 16, 13, 19]
TOOL SWITCHES : 0
MAKESPAN : 27

# -------------------------- #

--- TOTAL TOOL SWITCHES : 10
--- HIGHEST MAKESPAN : 100
--- TOTAL FLOWTIME : 791
--- RUNNING TIME : 1.96754

# -------------------------- #
RUN : 1 - instancias_txt/SSP-NPM-I/ins143_m=3_j=20_t=20_var=3.txt

- MACHINE [0]

1 
0 
0 
0 
0 
0 
0 
0 
0 
1 
0 
0 
0 
0 
1 
0 
1 
0 
0 
1 

JOBS [1] - [1]
TOOL SWITCHES : 0
MAKESPAN : 8

- MACHINE [1]

1 1 1 
1 1 1 
0 0 0 
1 1 0 
0 0 0 
1 0 1 
0 1 1 
1 1 0 
0 0 0 
0 0 0 
0 0 1 
0 0 0 
0 1 0 
0 0 0 
0 0 0 
0 0 0 
0 1 0 
0 0 0 
0 0 0 
1 0 1 

JOBS [3] - [9, 7, 4]
TOOL SWITCHES : 0
MAKESPAN : 26

- MACHINE [2]

0 0 0 0 0 0 0 0 0 0 0 0 0 1 0 0 
1 0 0 0 1 0 0 0 0 0 0 0 0 0 0 0 
0 1 0 0 0 1 0 1 0 1 0 0 0 0 1 0 
0 0 0 0 1 0 0 0 1 0 0 0 1 1 1 0 
0 1 1 1 0 1 0 1 0 1 1 1 0 0 1 0 
0 1 1 1 1 0 0 1 0 0 0 0 0 1 0 1 
0 0 0 0 0 0 0 0 0 0 0 1 1 0 0 0 
1 0 0 0 0 1 0 0 0 1 1 0 0 0 0 0 
0 0 1 0 0 0 1 1 1 0 1 1 0 1 1 1 
1 1 0 0 0 0 0 0 0 0 0 0 0 0 0 0 
1 0 0 1 0 0 1 0 0 0 0 0 0 0 0 0 
0 0 0 0 1 1 1 0 0 0 0 0 1 0 0 1 
0 0 1 0 0 0 0 0 0 0 0 0 0 0 0 0 
1 0 1 1 0 0 0 1 1 0 0 0 0 0 0 0 
1 0 0 1 1 1 0 0 0 0 0 0 0 0 1 1 
0 0 1 0 0 1 1 0 1 1 0 0 1 1 0 0 
0 0 0 0 0 0 1 0 1 1 0 0 0 0 0 1 
0 0 0 0 0 0 0 1 1 0 1 0 1 0 0 0 
0 1 0 1 1 1 1 0 0 0 1 1 0 0 0 0 
0 0 0 0 0 0 0 0 0 1 1 1 0 0 1 1 

JOBS [16] - [12, 6, 5, 2, 8, 0, 3, 19, 10, 13, 11, 16, 15, 14, 18, 17]
TOOL SWITCHES : 7
MAKESPAN : 117

# -------------------------- #

--- TOTAL TOOL SWITCHES : 7
--- HIGHEST MAKESPAN : 117
--- TOTAL FLOWTIME : 979
--- RUNNING TIME : 3.30196

# -------------------------- #
RUN : 1 - instancias_txt/SSP-NPM-I/ins144_m=3_j=20_t=20_var=4.txt

- MACHINE [0]

1 0 
0 0 
1 1 
0 0 
0 0 
1 1 
0 0 
1 1 
0 1 
0 0 
0 0 
1 1 
0 0 
0 0 
0 0 
0 0 
0 0 
0 1 
0 0 
0 0 

JOBS [2] - [18, 10]
TOOL SWITCHES : 0
MAKESPAN : 4

- MACHINE [1]

0 0 
1 0 
0 0 
0 0 
1 1 
1 1 
0 0 
0 1 
1 1 
1 1 
0 1 
0 0 
0 0 
0 0 
1 0 
0 0 
0 0 
1 0 
0 0 
0 0 

JOBS [2] - [12, 17]
TOOL SWITCHES : 0
MAKESPAN : 4

- MACHINE [2]

0 0 0 0 0 1 1 1 0 0 0 1 1 0 1 0 
1 0 0 1 1 0 0 0 0 0 0 0 0 0 0 0 
0 1 0 0 0 1 0 0 0 1 1 0 0 1 0 0 
0 1 0 0 1 0 0 1 1 1 1 1 1 1 0 0 
0 0 0 0 0 0 0 0 0 0 0 0 0 0 0 0 
0 0 0 0 0 0 0 0 0 0 0 0 0 0 1 0 
0 0 0 1 0 1 1 0 0 0 0 0 0 1 1 1 
0 0 1 0 0 0 1 0 1 1 0 0 0 0 0 1 
1 0 0 0 0 1 0 0 1 1 0 0 1 0 0 1 
0 1 0 0 0 0 0 1 0 0 0 0 1 1 1 1 
0 1 1 1 1 0 0 0 0 0 0 0 1 0 0 1 
1 1 0 0 0 0 0 0 0 0 0 0 0 0 0 0 
0 0 0 0 0 0 0 0 0 0 0 1 0 1 1 1 
1 0 1 1 0 0 0 0 0 0 1 0 0 0 1 0 
0 1 1 0 0 0 1 1 0 0 1 1 0 1 0 0 
1 0 0 1 1 0 1 1 1 1 1 0 0 0 0 0 
0 0 1 1 1 1 0 0 0 0 0 0 0 0 0 0 
0 0 0 0 0 1 0 0 0 1 1 1 0 0 0 0 
1 1 0 0 0 0 0 1 1 0 0 1 0 0 0 0 
0 0 0 0 0 0 1 1 1 1 0 0 1 0 1 1 

JOBS [16] - [19, 13, 15, 14, 0, 11, 7, 9, 8, 6, 3, 5, 2, 16, 1, 4]
TOOL SWITCHES : 7
MAKESPAN : 82

# -------------------------- #

--- TOTAL TOOL SWITCHES : 7
--- HIGHEST MAKESPAN : 82
--- TOTAL FLOWTIME : 691
--- RUNNING TIME : 3.35817

# -------------------------- #
RUN : 1 - instancias_txt/SSP-NPM-I/ins145_m=3_j=20_t=20_var=5.txt

- MACHINE [0]

1 
0 
1 
0 
0 
0 
1 
1 
1 
0 
0 
0 
0 
0 
0 
0 
0 
0 
0 
0 

JOBS [1] - [10]
TOOL SWITCHES : 0
MAKESPAN : 10

- MACHINE [1]

0 0 
0 1 
0 0 
1 1 
0 0 
0 0 
1 1 
0 0 
0 0 
1 0 
1 1 
0 0 
0 0 
0 0 
1 0 
1 1 
0 0 
0 0 
0 1 
1 0 

JOBS [2] - [1, 15]
TOOL SWITCHES : 0
MAKESPAN : 5

- MACHINE [2]

0 0 1 0 0 0 0 0 0 0 0 0 1 0 0 1 1 
1 1 0 1 1 1 0 0 0 0 0 0 0 0 0 0 0 
0 0 1 0 0 1 1 1 0 0 0 0 0 0 1 1 0 
0 0 0 0 0 0 0 0 0 0 0 0 0 0 1 0 0 
1 1 0 0 1 0 0 1 1 0 0 0 0 1 1 1 0 
0 0 0 0 0 0 1 0 0 1 0 1 1 1 1 0 0 
0 0 0 0 0 0 0 0 0 0 0 0 0 0 0 0 0 
1 1 1 1 0 0 0 0 0 0 0 0 1 0 0 0 1 
0 0 1 1 1 0 1 0 0 0 0 0 0 0 0 0 0 
1 0 0 1 1 1 0 1 1 0 1 0 1 0 0 1 0 
1 0 1 0 0 0 0 0 1 1 1 1 0 1 0 0 0 
0 0 1 0 1 1 0 0 0 1 0 1 0 0 1 0 0 
0 1 0 0 1 1 0 0 0 1 1 1 0 0 0 0 0 
0 1 1 0 0 0 1 0 0 1 1 0 0 0 0 1 1 
0 0 0 0 0 0 0 0 0 0 0 0 0 0 0 0 1 
0 0 0 0 0 1 0 1 1 1 1 0 0 1 1 0 0 
1 0 0 1 0 0 1 1 0 1 0 0 0 0 0 0 0 
0 0 0 0 0 0 0 1 0 0 1 1 1 0 0 0 1 
0 0 0 0 1 1 1 0 1 0 0 1 1 0 0 1 0 
0 0 0 1 0 0 0 1 0 0 0 0 0 1 0 0 1 

JOBS [17] - [8, 4, 0, 5, 3, 9, 6, 12, 11, 18, 14, 16, 7, 13, 17, 19, 2]
TOOL SWITCHES : 8
MAKESPAN : 121

# -------------------------- #

--- TOTAL TOOL SWITCHES : 8
--- HIGHEST MAKESPAN : 121
--- TOTAL FLOWTIME : 1072
--- RUNNING TIME : 3.41633

# -------------------------- #
RUN : 1 - instancias_txt/SSP-NPM-I/ins146_m=3_j=20_t=20_var=6.txt

- MACHINE [0]

1 
0 
1 
0 
0 
1 
1 
0 
1 
0 
0 
0 
0 
0 
0 
0 
0 
1 
0 
1 

JOBS [1] - [16]
TOOL SWITCHES : 0
MAKESPAN : 9

- MACHINE [1]

0 0 0 1 
0 0 0 0 
0 0 0 0 
1 1 1 1 
1 0 1 0 
0 0 0 0 
1 1 0 0 
0 0 0 0 
0 0 0 0 
0 1 0 0 
0 0 1 0 
0 0 0 0 
1 0 0 0 
0 0 0 1 
0 0 0 0 
0 0 0 0 
1 1 1 1 
1 1 1 1 
1 1 0 1 
0 0 0 0 

JOBS [4] - [8, 19, 6, 13]
TOOL SWITCHES : 1
MAKESPAN : 26

- MACHINE [2]

0 0 0 0 0 0 0 0 1 0 0 1 0 0 0 
0 0 0 0 1 1 0 0 1 0 0 0 0 0 0 
1 1 0 0 0 0 1 0 0 1 0 1 0 1 0 
1 0 0 0 0 1 0 1 0 0 0 0 0 0 0 
0 0 0 0 0 0 0 0 1 0 1 0 0 0 0 
1 1 1 0 1 1 1 0 1 1 0 1 1 0 1 
0 0 0 1 1 0 0 1 0 0 0 0 0 0 0 
0 0 0 1 0 0 0 1 0 1 0 0 0 0 0 
1 0 1 0 0 1 0 0 0 1 0 1 1 0 1 
0 1 1 0 0 0 0 0 0 0 0 0 0 0 0 
0 1 1 0 1 0 1 0 0 0 1 0 1 0 1 
0 1 0 1 1 0 0 0 0 0 0 0 0 0 0 
0 0 0 1 1 0 0 0 1 1 1 0 0 1 1 
1 1 0 0 0 0 0 0 0 0 0 0 0 0 0 
1 0 0 1 0 0 1 0 0 1 1 0 1 1 1 
0 0 1 0 0 0 1 1 1 0 0 0 0 1 0 
0 0 0 0 0 1 0 1 0 1 0 1 0 0 0 
0 0 0 0 0 0 0 0 0 0 0 0 0 0 0 
0 0 0 0 0 0 0 0 0 0 1 0 1 0 0 
0 1 1 0 1 1 1 0 0 0 1 1 0 1 1 

JOBS [15] - [15, 18, 1, 4, 3, 0, 7, 11, 17, 12, 2, 9, 10, 5, 14]
TOOL SWITCHES : 6
MAKESPAN : 102

# -------------------------- #

--- TOTAL TOOL SWITCHES : 7
--- HIGHEST MAKESPAN : 102
--- TOTAL FLOWTIME : 857
--- RUNNING TIME : 3.26024

# -------------------------- #
RUN : 1 - instancias_txt/SSP-NPM-I/ins147_m=3_j=20_t=20_var=7.txt

- MACHINE [0]

0 
0 
0 
0 
0 
1 
0 
1 
1 
0 
0 
1 
0 
0 
0 
0 
0 
0 
0 
1 

JOBS [1] - [4]
TOOL SWITCHES : 0
MAKESPAN : 8

- MACHINE [1]

0 1 
0 0 
1 0 
1 1 
1 1 
0 0 
0 0 
1 0 
0 0 
0 0 
1 0 
0 1 
0 0 
0 0 
0 0 
0 0 
0 0 
0 0 
0 1 
1 0 

JOBS [2] - [10, 0]
TOOL SWITCHES : 0
MAKESPAN : 18

- MACHINE [2]

0 0 0 0 0 0 0 1 1 0 0 1 1 0 1 0 0 
0 0 1 0 0 0 1 0 1 1 0 0 1 0 0 0 0 
1 0 0 0 1 1 0 0 0 0 0 0 0 0 0 0 0 
0 0 0 0 0 0 1 1 0 0 0 0 0 0 0 0 0 
1 0 0 1 0 0 0 0 0 0 0 0 0 0 0 0 0 
0 1 1 0 1 1 0 0 0 0 1 0 1 0 0 0 1 
1 0 0 0 0 0 1 0 0 0 0 1 0 0 0 0 0 
0 0 0 0 0 0 0 0 0 0 0 0 0 0 1 1 0 
0 0 0 0 0 0 0 0 0 0 0 0 0 1 1 0 0 
0 0 0 1 1 0 0 1 0 0 1 0 0 1 0 0 0 
0 1 1 1 0 0 0 0 0 0 0 1 0 1 0 0 0 
1 1 0 1 0 0 0 0 0 0 1 0 0 0 0 0 1 
0 0 1 0 1 1 1 0 0 0 0 0 0 0 0 0 0 
0 0 0 0 1 0 1 0 1 1 0 0 0 0 1 1 0 
0 0 0 0 0 0 1 1 1 0 1 0 1 1 0 1 0 
0 0 0 0 0 0 0 0 1 1 0 1 0 1 1 0 1 
1 1 1 1 0 0 1 0 0 1 0 1 0 1 0 1 1 
0 1 0 0 0 1 0 1 1 1 0 1 0 0 0 1 1 
0 0 0 0 1 1 0 0 0 1 1 0 1 1 0 1 0 
0 1 0 1 0 1 0 0 0 0 0 0 0 0 0 0 0 

JOBS [17] - [16, 8, 12, 1, 6, 19, 11, 5, 7, 17, 3, 18, 2, 15, 13, 9, 14]
TOOL SWITCHES : 7
MAKESPAN : 120

# -------------------------- #

--- TOTAL TOOL SWITCHES : 7
--- HIGHEST MAKESPAN : 120
--- TOTAL FLOWTIME : 1090
--- RUNNING TIME : 3.27091

# -------------------------- #
RUN : 1 - instancias_txt/SSP-NPM-I/ins148_m=3_j=20_t=20_var=8.txt

- MACHINE [0]

0 
1 
0 
0 
1 
0 
0 
0 
0 
0 
0 
1 
1 
1 
0 
0 
1 
0 
0 
0 

JOBS [1] - [9]
TOOL SWITCHES : 0
MAKESPAN : 2

- MACHINE [1]

0 1 
1 0 
0 0 
0 0 
1 1 
0 0 
0 0 
1 0 
0 0 
0 1 
1 0 
0 0 
0 0 
0 0 
0 0 
0 0 
0 0 
1 1 
1 1 
0 1 

JOBS [2] - [2, 3]
TOOL SWITCHES : 0
MAKESPAN : 8

- MACHINE [2]

0 0 0 0 0 0 0 0 0 1 0 1 1 1 0 0 0 
0 1 0 0 1 1 1 0 0 0 1 1 0 0 0 0 0 
1 0 0 1 0 0 0 1 1 0 0 0 0 0 0 1 0 
0 0 0 0 0 0 0 0 0 0 0 0 0 0 1 1 1 
0 0 0 0 0 0 0 0 0 0 0 0 1 1 1 1 0 
0 0 0 1 1 0 0 0 0 1 1 0 0 0 0 1 0 
0 1 0 0 0 1 1 0 0 0 0 0 1 1 1 1 0 
0 0 0 0 1 0 0 0 1 1 1 0 1 0 1 0 1 
1 0 0 0 0 1 1 0 1 0 1 0 0 0 0 0 0 
0 1 1 0 0 0 0 0 0 0 0 0 0 0 0 0 0 
1 0 1 0 1 1 0 0 0 0 0 1 0 0 0 1 1 
0 0 0 0 1 1 0 0 0 0 0 0 0 0 0 0 0 
1 0 1 1 0 0 0 0 0 0 0 0 0 0 0 0 0 
0 0 1 0 1 1 1 1 0 0 0 0 0 0 0 0 0 
1 1 1 1 0 0 0 1 0 1 1 0 1 0 1 0 0 
0 1 1 0 0 0 0 1 1 1 0 0 0 1 1 0 1 
0 0 0 1 0 0 1 0 0 1 1 0 0 1 0 0 0 
0 1 0 1 0 0 0 1 1 0 0 1 0 1 0 0 1 
0 0 0 0 0 0 0 1 1 0 0 0 0 0 0 0 0 
0 0 0 0 0 0 0 0 0 0 1 1 1 0 0 0 1 

JOBS [17] - [18, 17, 7, 16, 4, 5, 8, 6, 13, 14, 12, 11, 10, 1, 19, 15, 0]
TOOL SWITCHES : 7
MAKESPAN : 132

# -------------------------- #

--- TOTAL TOOL SWITCHES : 7
--- HIGHEST MAKESPAN : 132
--- TOTAL FLOWTIME : 1106
--- RUNNING TIME : 3.11641

# -------------------------- #
RUN : 1 - instancias_txt/SSP-NPM-I/ins149_m=3_j=20_t=20_var=9.txt

- MACHINE [0]

0 
0 
1 
1 
0 
0 
0 
0 
1 
0 
0 
0 
0 
0 
1 
0 
1 
1 
0 
0 

JOBS [1] - [13]
TOOL SWITCHES : 0
MAKESPAN : 4

- MACHINE [1]

0 0 
0 0 
0 0 
0 0 
0 1 
1 1 
1 0 
1 0 
0 0 
1 0 
0 0 
1 1 
0 0 
0 0 
0 1 
0 0 
0 0 
1 0 
0 1 
1 1 

JOBS [2] - [18, 14]
TOOL SWITCHES : 0
MAKESPAN : 10

- MACHINE [2]

1 0 1 0 0 0 1 1 1 0 1 0 0 0 0 0 0 
1 1 0 1 1 0 0 1 0 1 1 0 0 1 1 1 0 
0 0 0 0 0 0 0 0 0 0 0 1 1 1 1 0 0 
0 1 1 0 1 0 0 0 0 0 0 0 0 0 0 0 0 
0 0 0 0 0 0 0 0 0 0 1 0 0 1 1 1 1 
0 0 0 0 0 0 0 0 0 0 0 0 1 0 1 0 0 
0 0 1 1 0 0 0 0 0 0 0 1 1 0 0 1 0 
0 0 0 0 1 1 0 0 1 1 0 0 1 1 0 0 0 
0 0 0 0 1 1 0 0 0 0 0 0 0 0 0 0 1 
0 1 0 0 0 1 1 1 0 1 0 1 1 1 1 0 0 
0 0 0 0 0 0 0 0 1 1 1 0 0 0 1 0 1 
0 0 0 1 1 0 1 0 1 1 0 0 0 0 0 1 0 
0 1 0 1 0 0 0 0 0 0 0 0 0 0 0 0 0 
1 0 1 0 1 0 1 1 0 0 1 1 1 1 0 1 1 
0 1 0 0 0 1 0 1 0 0 0 1 0 1 1 0 1 
0 0 0 1 1 1 1 0 1 1 1 1 0 0 0 0 0 
0 0 0 0 0 1 0 1 1 0 0 0 0 0 0 0 0 
1 1 0 0 0 0 0 0 1 0 0 0 1 0 0 1 0 
1 1 1 0 0 1 0 0 0 0 0 0 0 0 0 0 0 
1 0 1 0 0 0 0 0 0 0 0 0 0 0 0 0 0 

JOBS [17] - [2, 7, 1, 15, 5, 0, 19, 9, 17, 10, 16, 12, 8, 3, 6, 11, 4]
TOOL SWITCHES : 7
MAKESPAN : 117

# -------------------------- #

--- TOTAL TOOL SWITCHES : 7
--- HIGHEST MAKESPAN : 117
--- TOTAL FLOWTIME : 1199
--- RUNNING TIME : 3.39639

# -------------------------- #
RUN : 1 - instancias_txt/SSP-NPM-I/ins150_m=3_j=20_t=20_var=10.txt

- MACHINE [0]

1 
1 
0 
1 
0 
0 
1 
0 
0 
1 
0 
0 
0 
0 
0 
0 
0 
0 
1 
1 

JOBS [1] - [9]
TOOL SWITCHES : 0
MAKESPAN : 7

- MACHINE [1]

1 0 0 1 
0 0 0 0 
1 0 0 0 
0 0 0 0 
0 0 0 0 
0 0 0 0 
0 0 0 0 
0 1 0 1 
0 0 0 0 
0 0 0 0 
0 1 1 0 
1 1 1 0 
0 0 0 0 
0 1 1 1 
1 1 0 1 
0 0 0 0 
1 0 0 1 
0 0 0 0 
0 0 1 0 
0 0 1 1 

JOBS [4] - [1, 15, 14, 19]
TOOL SWITCHES : 0
MAKESPAN : 15

- MACHINE [2]

0 0 0 0 0 0 0 0 0 0 0 0 0 0 1 
0 0 0 0 0 1 0 1 0 0 0 0 1 0 0 
1 1 0 1 0 0 1 0 1 0 0 0 0 0 0 
1 1 0 0 1 1 0 0 0 0 0 1 0 1 0 
1 0 0 0 1 1 1 0 0 0 0 0 0 0 0 
1 1 1 0 0 0 0 1 1 0 0 1 0 1 1 
0 1 1 0 0 1 1 0 0 0 1 0 1 0 0 
0 0 0 0 0 0 0 0 0 0 0 0 1 0 0 
0 0 1 0 1 0 0 0 0 0 1 1 0 0 1 
1 1 0 0 0 0 0 0 0 0 0 0 0 0 0 
0 0 0 1 1 0 1 1 1 1 1 0 0 0 0 
0 0 0 1 0 0 1 1 0 1 0 0 0 0 1 
0 0 1 0 0 0 1 1 1 1 0 0 0 1 1 
0 0 0 0 0 0 0 0 0 1 1 0 0 1 0 
1 1 0 0 0 0 0 0 0 0 0 0 0 0 0 
1 0 0 0 1 0 0 1 1 0 0 1 1 0 0 
0 0 0 0 0 0 0 0 1 1 0 0 0 1 1 
0 0 1 1 0 1 0 1 0 0 1 1 1 0 0 
0 0 1 1 1 0 0 0 0 0 0 0 0 0 0 
0 0 1 0 1 1 0 0 0 0 1 1 1 1 0 

JOBS [15] - [2, 10, 7, 3, 6, 16, 8, 12, 0, 4, 5, 13, 11, 18, 17]
TOOL SWITCHES : 7
MAKESPAN : 102

# -------------------------- #

--- TOTAL TOOL SWITCHES : 7
--- HIGHEST MAKESPAN : 102
--- TOTAL FLOWTIME : 794
--- RUNNING TIME : 3.47431

# -------------------------- #
RUN : 1 - instancias_txt/SSP-NPM-I/ins151_m=3_j=20_t=20_var=11.txt

- MACHINE [0]

0 1 
0 0 
0 0 
0 0 
0 0 
1 0 
0 0 
1 1 
1 0 
0 0 
0 1 
0 0 
0 0 
1 1 
0 0 
1 1 
0 0 
0 0 
0 0 
0 0 

JOBS [2] - [13, 6]
TOOL SWITCHES : 0
MAKESPAN : 16

- MACHINE [1]

1 0 1 0 0 0 0 0 0 0 0 0 
1 1 0 1 1 1 1 0 0 0 0 0 
0 0 0 0 0 0 0 0 0 0 0 0 
0 0 0 0 0 0 0 0 1 0 1 1 
0 0 0 0 0 1 1 1 0 0 0 0 
0 0 0 0 0 0 0 0 0 0 0 0 
0 0 1 0 0 1 0 0 1 1 1 0 
1 0 1 1 1 0 1 0 0 1 0 1 
0 0 0 0 0 0 0 0 0 0 0 0 
1 0 1 0 0 0 0 1 1 1 0 0 
0 0 1 1 0 0 0 0 1 1 1 1 
0 0 0 1 1 0 0 0 0 0 0 0 
1 1 1 0 0 1 0 0 0 0 0 0 
0 1 0 0 0 0 0 0 0 0 0 1 
0 0 0 0 0 0 0 0 0 0 1 0 
0 0 0 0 0 0 0 1 0 1 1 1 
1 1 0 0 1 1 1 0 0 0 0 1 
0 0 0 0 0 0 1 1 1 1 0 0 
0 1 0 1 1 1 0 1 0 0 1 0 
0 1 0 0 1 1 0 1 1 0 0 1 

JOBS [12] - [18, 16, 7, 1, 4, 9, 11, 14, 5, 2, 12, 19]
TOOL SWITCHES : 8
MAKESPAN : 92

- MACHINE [2]

0 1 0 1 1 0 
0 0 0 0 0 0 
1 0 1 1 0 1 
0 1 0 1 0 1 
1 0 1 1 0 0 
0 0 0 0 0 0 
1 0 1 0 1 1 
1 1 1 0 0 0 
1 1 0 0 0 0 
1 0 0 0 1 0 
0 0 0 0 0 0 
0 1 0 1 0 0 
0 0 0 0 0 0 
0 0 0 1 0 1 
0 0 1 1 1 0 
0 0 0 0 0 0 
0 0 0 0 0 0 
0 1 1 0 0 0 
0 0 0 0 0 0 
0 0 0 0 1 1 

JOBS [6] - [3, 10, 0, 15, 8, 17]
TOOL SWITCHES : 0
MAKESPAN : 36

# -------------------------- #

--- TOTAL TOOL SWITCHES : 8
--- HIGHEST MAKESPAN : 92
--- TOTAL FLOWTIME : 765
--- RUNNING TIME : 1.82957

# -------------------------- #
RUN : 1 - instancias_txt/SSP-NPM-I/ins152_m=3_j=20_t=20_var=12.txt

- MACHINE [0]

0 
0 
0 
0 
0 
0 
1 
0 
0 
1 
1 
1 
0 
0 
0 
0 
1 
1 
1 
0 

JOBS [1] - [4]
TOOL SWITCHES : 0
MAKESPAN : 2

- MACHINE [1]

1 1 
0 0 
0 0 
0 1 
1 0 
1 1 
0 0 
0 0 
0 0 
0 1 
0 0 
0 0 
1 0 
0 0 
0 0 
0 1 
1 0 
0 1 
0 0 
0 0 

JOBS [2] - [12, 1]
TOOL SWITCHES : 0
MAKESPAN : 6

- MACHINE [2]

0 1 0 0 1 0 0 0 0 0 1 1 0 1 1 1 0 
1 0 1 1 0 1 0 0 0 1 0 1 0 0 1 1 1 
1 1 1 1 1 0 0 0 0 0 0 0 0 0 0 0 0 
1 0 0 1 0 1 1 1 0 0 0 1 0 0 0 1 0 
0 0 0 0 0 0 0 0 0 0 0 1 1 1 1 0 1 
0 0 0 0 0 0 0 0 0 0 0 0 0 0 0 0 0 
0 1 1 0 1 0 0 1 0 0 1 0 0 0 0 0 0 
0 0 0 0 0 0 0 0 0 0 0 0 1 1 1 1 0 
0 0 1 1 0 1 1 0 1 0 1 1 1 0 0 0 1 
0 0 0 0 0 1 0 0 1 0 0 1 0 0 0 1 1 
1 1 0 0 1 0 0 0 0 0 0 0 0 0 0 0 0 
0 0 0 0 0 0 0 0 1 1 0 0 1 0 0 0 0 
0 0 0 0 0 1 1 1 0 0 0 0 0 1 0 1 0 
0 0 0 0 0 1 0 1 0 1 1 0 0 0 1 0 1 
0 1 0 0 0 1 1 0 0 0 0 0 0 0 0 0 0 
1 1 0 0 1 0 0 0 1 1 0 0 0 1 1 0 0 
0 0 0 1 0 0 1 1 1 0 0 0 0 0 0 0 0 
1 0 1 0 0 0 1 0 0 1 0 0 0 0 0 0 0 
0 0 0 0 0 0 0 0 0 1 1 0 1 1 0 0 0 
1 0 1 1 1 0 0 1 1 0 0 0 1 0 0 0 0 

JOBS [17] - [16, 5, 7, 6, 11, 2, 0, 8, 18, 14, 9, 15, 10, 13, 19, 3, 17]
TOOL SWITCHES : 6
MAKESPAN : 110

# -------------------------- #

--- TOTAL TOOL SWITCHES : 6
--- HIGHEST MAKESPAN : 110
--- TOTAL FLOWTIME : 1018
--- RUNNING TIME : 3.14012

# -------------------------- #
RUN : 1 - instancias_txt/SSP-NPM-I/ins153_m=3_j=20_t=20_var=13.txt

- MACHINE [0]

0 
0 
0 
0 
1 
0 
0 
1 
0 
0 
0 
1 
1 
0 
0 
1 
0 
1 
0 
0 

JOBS [1] - [18]
TOOL SWITCHES : 0
MAKESPAN : 3

- MACHINE [1]

0 0 0 0 0 0 0 0 1 1 0 0 0 0 
1 1 1 0 0 0 1 0 0 0 0 1 1 0 
1 0 1 0 0 0 1 1 1 0 0 0 0 0 
0 0 0 0 1 1 1 1 0 1 1 1 0 0 
0 0 0 0 0 0 0 0 0 1 0 1 1 1 
0 1 0 1 0 0 1 1 1 0 0 0 0 1 
0 0 0 0 0 0 0 0 0 0 1 1 0 0 
1 0 0 1 1 1 0 1 1 0 0 1 1 0 
1 0 0 0 0 1 1 1 0 1 0 0 0 0 
0 0 0 1 0 1 0 1 0 0 1 0 0 1 
0 0 0 0 0 0 0 0 1 1 1 1 1 1 
0 0 0 0 0 0 0 0 0 0 0 0 0 0 
1 0 1 0 0 0 1 0 0 0 0 0 0 0 
0 1 0 0 1 0 1 1 1 1 1 0 1 0 
0 0 0 0 0 0 0 0 0 0 0 0 0 0 
1 1 1 1 0 0 0 0 0 0 0 0 0 1 
1 0 0 0 1 0 0 0 0 0 0 0 0 0 
0 1 0 0 0 0 0 0 0 0 0 0 1 0 
0 1 1 1 1 1 0 0 0 0 0 0 0 0 
0 0 1 0 0 0 0 0 0 0 1 0 1 0 

JOBS [14] - [8, 11, 19, 14, 16, 4, 15, 12, 10, 2, 3, 1, 7, 17]
TOOL SWITCHES : 12
MAKESPAN : 121

- MACHINE [2]

1 0 1 0 1 
1 0 0 0 1 
0 0 0 0 0 
0 0 0 0 0 
0 0 0 0 0 
0 0 1 0 0 
0 0 1 0 1 
0 0 0 0 0 
0 1 1 1 0 
0 1 0 1 0 
0 0 0 0 0 
1 1 0 1 0 
1 0 0 0 0 
0 0 0 0 0 
1 1 0 0 0 
0 1 0 0 1 
0 1 1 1 1 
0 0 1 1 0 
0 0 0 0 0 
1 0 0 1 0 

JOBS [5] - [6, 0, 9, 13, 5]
TOOL SWITCHES : 0
MAKESPAN : 31

# -------------------------- #

--- TOTAL TOOL SWITCHES : 12
--- HIGHEST MAKESPAN : 121
--- TOTAL FLOWTIME : 901
--- RUNNING TIME : 2.38904

# -------------------------- #
RUN : 1 - instancias_txt/SSP-NPM-I/ins154_m=3_j=20_t=20_var=14.txt

- MACHINE [0]

1 
0 
1 
0 
0 
0 
1 
0 
1 
0 
0 
0 
0 
0 
0 
0 
1 
0 
0 
1 

JOBS [1] - [13]
TOOL SWITCHES : 0
MAKESPAN : 4

- MACHINE [1]

1 1 
1 0 
0 1 
0 1 
1 0 
0 1 
0 0 
1 0 
1 0 
0 0 
1 0 
0 0 
0 0 
0 1 
0 0 
0 0 
0 0 
0 0 
0 0 
0 0 

JOBS [2] - [2, 9]
TOOL SWITCHES : 0
MAKESPAN : 15

- MACHINE [2]

0 0 0 0 0 0 0 0 0 0 0 0 0 0 0 0 0 
0 0 0 0 0 0 0 0 0 1 0 1 0 1 0 0 0 
1 1 1 1 0 0 0 0 0 0 0 0 0 0 0 0 0 
0 0 0 0 0 1 0 1 0 0 0 0 0 1 1 1 0 
0 0 0 0 1 0 1 0 0 1 0 0 0 1 1 1 1 
0 0 0 0 0 0 0 0 0 1 1 1 1 1 0 0 1 
0 0 0 0 0 0 1 1 0 0 0 1 0 0 0 0 1 
0 0 0 0 0 0 0 0 0 0 0 1 1 1 1 1 0 
0 0 0 0 0 0 1 0 1 0 1 0 0 0 0 0 1 
1 0 0 1 0 0 0 1 1 0 0 0 0 1 1 1 0 
0 1 1 1 0 0 0 1 1 0 0 0 0 0 0 0 0 
0 1 0 0 0 0 1 0 0 0 1 1 1 0 0 0 0 
1 0 1 1 1 1 0 1 0 0 1 1 0 0 0 1 0 
0 1 0 0 1 0 0 0 0 1 1 0 1 0 1 0 1 
1 1 0 0 1 0 0 0 0 0 0 0 0 0 0 0 0 
0 1 0 0 0 1 0 0 1 1 1 0 1 0 0 0 1 
1 0 0 0 0 0 1 0 1 0 0 0 0 0 0 0 0 
0 0 1 1 0 1 0 0 0 1 0 0 0 0 0 0 0 
1 0 0 1 0 1 0 0 0 0 0 0 0 1 0 0 0 
0 1 1 0 1 1 0 1 1 0 0 0 1 0 0 1 0 

JOBS [17] - [4, 15, 16, 10, 0, 17, 14, 18, 7, 3, 6, 8, 19, 1, 12, 11, 5]
TOOL SWITCHES : 7
MAKESPAN : 117

# -------------------------- #

--- TOTAL TOOL SWITCHES : 7
--- HIGHEST MAKESPAN : 117
--- TOTAL FLOWTIME : 1008
--- RUNNING TIME : 3.54496

# -------------------------- #
RUN : 1 - instancias_txt/SSP-NPM-I/ins155_m=3_j=20_t=20_var=15.txt

- MACHINE [0]

0 
0 
0 
1 
1 
0 
0 
0 
1 
1 
1 
0 
0 
1 
0 
0 
0 
0 
0 
0 

JOBS [1] - [8]
TOOL SWITCHES : 0
MAKESPAN : 8

- MACHINE [1]

0 0 
1 0 
0 0 
0 0 
0 0 
1 0 
0 0 
0 1 
0 0 
0 0 
0 0 
0 0 
1 1 
1 0 
0 0 
1 0 
0 1 
1 1 
0 0 
0 1 

JOBS [2] - [7, 16]
TOOL SWITCHES : 0
MAKESPAN : 4

- MACHINE [2]

0 0 1 0 1 1 1 1 1 1 0 0 0 0 0 0 0 
0 1 0 0 1 0 0 0 1 1 0 0 1 0 0 0 0 
1 0 0 0 1 0 1 1 0 1 1 0 0 0 0 1 0 
0 1 1 1 1 1 0 1 1 0 0 0 1 0 0 0 1 
0 1 1 0 1 0 0 1 0 0 1 0 0 1 0 1 0 
0 0 1 1 0 0 0 0 1 1 0 1 0 0 0 0 0 
0 0 0 0 0 0 0 0 0 0 0 0 0 0 1 1 1 
0 0 0 0 0 0 0 0 0 0 1 1 0 0 0 0 0 
0 0 0 0 0 0 0 0 1 1 0 0 1 0 1 0 1 
1 1 1 1 0 0 0 0 0 0 0 0 0 1 0 1 0 
0 0 0 0 0 1 0 0 0 1 0 1 1 1 0 0 0 
0 0 0 0 0 0 0 0 0 0 0 0 1 0 1 1 0 
0 0 0 0 0 0 0 0 0 0 0 0 0 0 0 0 0 
1 1 1 0 0 0 0 0 0 0 0 0 0 0 0 0 0 
0 0 0 0 0 0 1 1 0 0 1 1 0 0 1 1 1 
1 0 1 0 0 0 1 0 0 0 1 1 0 1 0 0 1 
0 0 0 0 1 1 1 0 1 0 1 0 1 0 0 0 1 
1 1 0 1 0 0 1 1 0 0 0 1 0 0 1 0 1 
1 1 0 1 1 1 0 1 0 0 0 0 0 0 0 0 0 
0 0 0 0 0 1 0 0 0 0 1 1 1 1 0 0 0 

JOBS [17] - [12, 1, 14, 10, 2, 4, 19, 5, 3, 9, 18, 0, 11, 17, 13, 15, 6]
TOOL SWITCHES : 7
MAKESPAN : 107

# -------------------------- #

--- TOTAL TOOL SWITCHES : 7
--- HIGHEST MAKESPAN : 107
--- TOTAL FLOWTIME : 939
--- RUNNING TIME : 3.17618

# -------------------------- #
RUN : 1 - instancias_txt/SSP-NPM-I/ins156_m=3_j=20_t=20_var=16.txt

- MACHINE [0]

1 
0 
0 
0 
0 
0 
1 
0 
1 
0 
0 
1 
0 
0 
0 
0 
1 
0 
1 
0 

JOBS [1] - [5]
TOOL SWITCHES : 0
MAKESPAN : 10

- MACHINE [1]

0 0 0 0 0 1 0 0 0 0 1 1 
1 0 0 1 1 0 1 0 1 0 1 1 
0 1 1 0 0 1 1 0 0 0 0 0 
0 0 0 0 0 0 0 0 0 1 0 0 
1 1 1 1 1 0 0 0 0 0 0 0 
1 0 1 0 1 0 0 0 0 0 1 0 
1 0 0 0 0 0 0 0 0 0 0 0 
0 0 0 0 0 0 0 0 0 0 0 0 
1 1 1 1 1 0 0 0 0 0 0 0 
0 0 1 0 0 0 0 1 1 1 1 0 
0 0 0 0 0 0 0 0 1 1 1 1 
1 0 0 0 1 1 1 1 0 1 1 1 
0 1 0 1 0 1 0 0 0 0 0 0 
0 0 0 0 0 0 0 0 0 0 0 0 
0 0 0 0 0 0 0 1 1 0 0 0 
0 1 0 1 0 0 1 0 0 1 0 0 
0 0 0 0 0 0 0 0 0 0 0 0 
0 0 0 0 0 0 1 0 1 0 0 1 
0 1 1 1 0 0 1 1 1 1 0 0 
0 0 0 0 0 1 0 1 0 0 0 0 

JOBS [12] - [0, 9, 10, 1, 15, 12, 16, 13, 17, 3, 14, 4]
TOOL SWITCHES : 7
MAKESPAN : 94

- MACHINE [2]

1 0 0 0 1 0 1 
0 1 0 0 1 1 0 
0 0 0 0 0 0 0 
0 0 1 0 1 0 1 
1 0 0 0 0 0 0 
0 0 0 0 0 1 1 
0 1 0 1 1 0 1 
0 1 0 0 1 0 0 
0 0 0 0 0 0 0 
0 0 0 0 0 0 0 
0 1 0 1 0 1 1 
0 0 0 0 0 0 0 
0 0 1 1 0 1 0 
0 0 0 1 0 1 0 
0 0 1 1 1 0 0 
1 0 0 0 0 0 1 
1 0 1 1 0 0 0 
1 0 1 0 0 0 1 
0 1 0 1 0 0 0 
1 0 1 0 0 0 0 

JOBS [7] - [11, 7, 6, 8, 2, 19, 18]
TOOL SWITCHES : 3
MAKESPAN : 50

# -------------------------- #

--- TOTAL TOOL SWITCHES : 10
--- HIGHEST MAKESPAN : 94
--- TOTAL FLOWTIME : 785
--- RUNNING TIME : 2.19396

# -------------------------- #
RUN : 1 - instancias_txt/SSP-NPM-I/ins157_m=3_j=20_t=20_var=17.txt

- MACHINE [0]

0 
0 
0 
1 
0 
0 
1 
0 
0 
1 
0 
0 
1 
1 
0 
0 
0 
0 
1 
0 

JOBS [1] - [4]
TOOL SWITCHES : 0
MAKESPAN : 8

- MACHINE [1]

1 0 1 1 0 0 1 1 0 0 0 0 0 
0 0 1 0 1 0 0 0 0 0 0 0 0 
0 0 0 0 0 1 0 1 1 1 1 1 0 
1 0 0 1 0 0 0 0 0 0 0 0 0 
0 0 0 0 0 1 1 0 1 0 0 1 1 
0 0 0 0 1 1 1 1 0 0 1 1 1 
1 1 1 0 0 1 0 1 0 0 0 0 0 
0 0 0 0 0 0 1 0 1 0 1 1 1 
1 1 0 1 0 1 1 1 0 1 0 0 0 
0 0 0 0 0 0 0 0 0 0 1 1 1 
1 0 0 0 1 1 0 0 0 0 0 0 0 
0 0 0 0 0 0 0 0 0 0 0 0 0 
0 0 0 1 1 0 0 0 0 0 0 0 0 
1 1 1 0 0 0 0 0 1 1 0 0 0 
0 0 0 0 0 0 0 0 0 1 0 0 1 
0 1 0 1 0 1 1 0 0 0 1 0 0 
0 0 0 0 1 0 1 0 1 1 0 0 0 
0 0 1 1 1 0 0 1 0 1 0 1 1 
0 1 1 1 0 0 0 0 0 0 0 0 0 
1 1 0 0 0 0 0 0 0 0 1 0 0 

JOBS [13] - [18, 9, 6, 2, 1, 3, 16, 7, 17, 15, 19, 14, 11]
TOOL SWITCHES : 11
MAKESPAN : 110

- MACHINE [2]

1 0 0 1 0 0 
0 0 0 0 0 1 
0 1 0 1 0 0 
1 1 0 0 1 1 
1 0 1 1 1 0 
0 0 0 0 0 0 
0 0 0 0 0 0 
0 0 0 0 0 0 
0 0 0 0 0 0 
0 0 0 0 0 0 
0 1 1 0 0 1 
0 0 0 0 1 0 
0 1 1 1 0 0 
0 0 1 0 1 1 
1 1 0 0 0 0 
1 0 1 0 1 0 
1 0 0 1 0 1 
0 0 0 0 0 0 
0 0 1 0 0 1 
0 0 1 1 0 0 

JOBS [6] - [8, 12, 5, 13, 0, 10]
TOOL SWITCHES : 1
MAKESPAN : 35

# -------------------------- #

--- TOTAL TOOL SWITCHES : 12
--- HIGHEST MAKESPAN : 110
--- TOTAL FLOWTIME : 887
--- RUNNING TIME : 2.14538

# -------------------------- #
RUN : 1 - instancias_txt/SSP-NPM-I/ins158_m=3_j=20_t=20_var=18.txt

- MACHINE [0]

0 
0 
1 
0 
0 
0 
1 
0 
1 
0 
0 
0 
0 
0 
1 
1 
0 
0 
0 
1 

JOBS [1] - [18]
TOOL SWITCHES : 0
MAKESPAN : 6

- MACHINE [1]

1 0 0 
1 0 1 
0 0 0 
0 0 0 
1 1 0 
0 0 0 
0 0 0 
0 0 1 
0 0 0 
0 1 1 
0 0 0 
0 1 0 
1 1 1 
0 0 0 
0 0 1 
0 1 1 
0 0 0 
0 0 0 
0 0 0 
1 0 0 

JOBS [3] - [8, 17, 3]
TOOL SWITCHES : 0
MAKESPAN : 12

- MACHINE [2]

0 0 0 1 1 0 0 1 0 1 0 1 0 1 1 1 
0 1 0 0 0 1 1 0 0 0 0 0 0 0 0 0 
0 0 0 0 0 0 0 0 0 0 0 0 0 1 0 1 
0 0 0 0 1 1 1 0 0 0 0 0 0 0 1 0 
0 0 0 0 0 0 0 0 0 0 0 0 0 0 0 0 
0 0 0 0 0 0 0 0 1 1 1 0 0 1 1 0 
1 1 1 1 0 0 0 0 0 0 0 0 0 0 0 0 
0 0 0 0 0 0 0 0 0 0 0 0 1 0 1 0 
0 1 1 0 0 1 1 0 1 1 1 0 0 0 0 0 
0 0 0 0 0 0 0 1 1 0 0 0 0 1 0 0 
1 0 1 1 0 1 0 0 0 0 0 1 1 0 1 1 
0 0 0 0 1 0 1 0 1 1 1 1 0 0 0 1 
0 0 0 1 0 0 1 0 0 0 0 0 1 1 0 0 
0 0 0 1 1 0 1 0 0 0 1 0 1 0 0 1 
0 0 0 0 0 0 0 0 0 0 0 1 1 0 1 0 
0 1 1 1 0 0 0 1 0 0 0 0 1 0 0 0 
1 1 1 0 1 0 0 0 0 0 0 0 0 0 0 0 
0 1 0 1 0 1 0 1 1 1 1 0 0 0 0 0 
1 1 1 0 1 1 0 0 1 0 1 1 0 1 0 1 
1 0 0 0 0 1 0 1 0 1 0 1 0 0 0 0 

JOBS [16] - [19, 4, 0, 15, 11, 6, 12, 13, 16, 14, 5, 9, 10, 7, 1, 2]
TOOL SWITCHES : 6
MAKESPAN : 100

# -------------------------- #

--- TOTAL TOOL SWITCHES : 6
--- HIGHEST MAKESPAN : 100
--- TOTAL FLOWTIME : 843
--- RUNNING TIME : 3.21393

# -------------------------- #
RUN : 1 - instancias_txt/SSP-NPM-I/ins159_m=3_j=20_t=20_var=19.txt

- MACHINE [0]

1 1 
0 0 
0 0 
0 1 
1 0 
1 0 
0 0 
0 0 
0 0 
0 0 
0 0 
0 0 
0 0 
0 0 
1 1 
0 1 
0 0 
0 0 
1 1 
0 0 

JOBS [2] - [10, 1]
TOOL SWITCHES : 0
MAKESPAN : 10

- MACHINE [1]

0 0 
1 0 
1 0 
0 1 
0 0 
0 0 
1 0 
1 1 
0 0 
0 1 
0 0 
0 0 
1 1 
0 0 
0 0 
0 0 
0 1 
1 1 
0 0 
1 1 

JOBS [2] - [12, 6]
TOOL SWITCHES : 0
MAKESPAN : 8

- MACHINE [2]

0 1 0 1 1 1 0 0 0 0 0 1 0 1 1 0 
0 0 0 0 0 0 0 0 1 1 0 0 0 1 0 0 
1 0 1 1 0 0 1 0 0 0 1 1 0 0 0 0 
0 0 1 0 0 0 1 1 0 0 1 0 0 1 1 0 
1 0 0 0 0 0 0 1 1 0 0 0 0 0 1 0 
1 0 1 0 1 0 0 0 0 1 0 0 0 0 0 0 
0 0 0 0 0 0 0 0 0 0 0 0 0 1 1 0 
0 1 1 1 0 0 0 0 0 0 0 0 0 0 0 0 
0 1 1 0 0 0 0 0 1 1 0 0 1 1 0 1 
0 0 0 0 0 0 0 0 0 0 0 0 1 0 0 1 
0 0 0 1 1 1 0 0 0 0 0 0 0 0 0 0 
0 0 0 0 1 1 1 1 0 0 0 0 0 1 0 1 
0 0 1 0 1 0 1 0 0 1 1 0 1 0 0 0 
1 0 0 1 0 1 0 0 0 0 0 0 0 0 1 1 
0 0 0 0 1 1 0 0 1 1 1 1 1 0 0 1 
0 0 0 0 0 0 1 1 1 1 0 1 0 0 0 0 
1 1 0 1 0 0 1 0 1 0 1 1 1 0 0 1 
0 1 0 0 1 1 0 1 0 0 0 0 0 0 0 0 
1 1 0 0 0 0 0 0 0 0 0 0 0 0 0 0 
0 0 0 0 0 0 0 0 0 0 1 1 1 0 1 1 

JOBS [16] - [9, 14, 4, 13, 0, 5, 15, 17, 2, 8, 7, 19, 11, 16, 18, 3]
TOOL SWITCHES : 7
MAKESPAN : 109

# -------------------------- #

--- TOTAL TOOL SWITCHES : 7
--- HIGHEST MAKESPAN : 109
--- TOTAL FLOWTIME : 941
--- RUNNING TIME : 3.34456

# -------------------------- #
RUN : 1 - instancias_txt/SSP-NPM-I/ins160_m=3_j=20_t=20_var=20.txt

- MACHINE [0]

0 
0 
0 
0 
1 
0 
1 
0 
0 
0 
1 
0 
0 
0 
1 
0 
0 
0 
1 
0 

JOBS [1] - [9]
TOOL SWITCHES : 0
MAKESPAN : 5

- MACHINE [1]

0 0 0 0 0 0 0 0 1 0 
0 1 1 0 0 0 0 0 0 0 
0 1 0 1 1 0 0 0 0 0 
0 0 0 0 0 0 1 1 0 0 
0 0 0 1 1 1 0 1 1 1 
1 0 0 0 1 0 0 0 1 0 
0 0 0 0 0 1 1 1 1 0 
0 1 0 1 1 1 0 0 0 1 
0 0 0 0 0 0 0 1 0 1 
0 0 0 1 0 0 1 0 1 0 
0 0 0 0 0 0 0 1 1 1 
0 0 0 0 0 0 0 0 0 0 
1 0 1 0 0 1 0 0 0 0 
1 1 0 1 0 0 0 1 0 0 
0 0 0 0 0 0 0 0 0 0 
0 0 0 1 0 0 0 0 0 0 
0 1 1 0 1 1 1 0 0 0 
1 0 1 0 0 0 0 0 0 0 
0 0 0 0 0 0 0 0 0 0 
1 0 1 0 1 1 1 0 1 1 

JOBS [10] - [11, 13, 18, 12, 2, 6, 1, 0, 8, 19]
TOOL SWITCHES : 7
MAKESPAN : 87

- MACHINE [2]

0 0 0 0 0 0 1 0 1 
1 1 1 1 1 1 0 0 1 
0 0 0 1 0 1 1 0 1 
1 0 0 0 0 1 0 1 1 
0 0 0 0 0 0 0 0 0 
0 0 0 0 0 0 0 0 0 
0 0 0 0 0 0 0 0 0 
1 1 1 0 0 1 1 0 0 
0 0 1 1 1 0 0 0 0 
0 0 0 0 0 0 1 1 0 
0 0 1 0 0 0 0 0 0 
0 1 1 0 1 1 0 0 0 
0 0 1 0 1 0 0 1 0 
0 0 0 0 0 0 0 0 0 
0 0 0 1 1 0 0 1 0 
1 1 0 0 0 1 1 0 0 
1 0 0 1 1 0 0 1 1 
1 1 0 0 0 0 0 0 0 
0 1 0 1 0 0 1 1 0 
0 0 0 0 0 0 0 0 0 

JOBS [9] - [17, 4, 7, 5, 3, 16, 15, 10, 14]
TOOL SWITCHES : 2
MAKESPAN : 71

# -------------------------- #

--- TOTAL TOOL SWITCHES : 9
--- HIGHEST MAKESPAN : 87
--- TOTAL FLOWTIME : 842
--- RUNNING TIME : 1.86268

# -------------------------- #


avg : 8.1
