RUN : 1 - instancias_txt/SSP-NPM-I/ins141_m=3_j=20_t=20_var=1.txt

- MACHINE [0]

0 
0 
0 
1 
1 
1 
0 
0 
0 
0 
1 
0 
0 
0 
0 
0 
0 
1 
0 
1 

JOBS [1] - [16]
TOOL SWITCHES : 0
MAKESPAN : 1

- MACHINE [1]

0 0 
0 0 
0 0 
0 0 
1 0 
1 0 
0 0 
0 0 
0 0 
0 1 
1 1 
0 0 
1 0 
1 0 
1 1 
0 1 
0 0 
0 1 
0 0 
0 0 

JOBS [2] - [15, 19]
TOOL SWITCHES : 0
MAKESPAN : 11

- MACHINE [2]

1 1 0 0 1 0 0 0 0 0 0 0 0 1 0 1 0 
1 0 0 0 0 1 1 0 0 1 0 1 0 0 1 0 0 
1 0 0 0 0 0 0 1 1 0 0 1 1 0 1 1 0 
1 0 1 0 0 0 0 0 0 0 0 0 0 0 0 0 0 
0 0 0 1 0 0 1 0 0 0 0 0 0 0 0 0 0 
0 0 0 0 0 0 0 0 0 0 1 1 1 0 0 0 1 
0 1 1 0 0 0 0 0 0 0 1 1 1 0 1 0 1 
0 1 0 0 0 0 1 1 1 1 0 0 0 0 0 0 0 
1 0 1 0 0 0 1 1 0 0 1 0 0 1 0 1 0 
0 0 0 1 1 0 0 0 0 1 1 0 0 1 0 0 0 
0 0 0 0 0 0 0 0 1 0 1 0 0 1 0 1 1 
0 0 0 1 0 1 0 1 1 0 0 1 1 0 0 0 0 
0 0 1 1 1 1 0 0 1 1 0 0 0 0 1 0 0 
0 0 0 0 0 0 0 1 0 1 1 1 0 1 0 1 1 
0 1 0 1 1 0 1 1 1 0 1 0 0 0 1 0 0 
0 0 0 1 1 1 1 1 0 0 0 0 0 0 0 0 0 
0 0 0 0 0 1 0 0 0 1 0 0 1 1 0 0 1 
1 1 0 0 0 0 0 0 0 0 0 0 0 0 0 0 0 
0 1 1 0 1 1 1 0 0 0 0 1 0 0 0 0 1 
0 0 0 0 0 0 0 0 0 0 0 0 0 0 1 1 0 

JOBS [17] - [4, 2, 6, 11, 1, 12, 18, 9, 7, 8, 10, 5, 3, 17, 0, 14, 13]
TOOL SWITCHES : 8
MAKESPAN : 121

# -------------------------- #

--- TOTAL TOOL SWITCHES : 8
--- HIGHEST MAKESPAN : 121
--- TOTAL FLOWTIME : 1069
--- RUNNING TIME : 3.28501

# -------------------------- #
RUN : 1 - instancias_txt/SSP-NPM-I/ins142_m=3_j=20_t=20_var=2.txt

- MACHINE [0]

0 
0 
0 
0 
0 
0 
1 
0 
1 
0 
0 
1 
0 
1 
0 
0 
0 
0 
1 
0 

JOBS [1] - [5]
TOOL SWITCHES : 0
MAKESPAN : 7

- MACHINE [1]

1 1 0 0 
0 0 0 0 
0 0 1 1 
0 0 0 0 
0 0 0 0 
0 0 0 0 
0 0 0 0 
1 1 0 1 
0 1 1 1 
0 0 0 0 
0 0 0 0 
1 0 0 0 
1 0 0 1 
0 0 1 1 
0 0 0 0 
0 0 0 0 
1 0 0 1 
1 1 1 0 
0 1 1 1 
0 0 0 0 

JOBS [4] - [19, 0, 17, 2]
TOOL SWITCHES : 0
MAKESPAN : 23

- MACHINE [2]

0 0 0 0 0 1 0 1 0 0 0 1 0 0 1 
1 1 1 0 0 1 0 0 0 0 0 0 0 0 0 
0 0 0 0 0 0 1 0 0 1 1 0 1 0 0 
0 0 0 0 0 1 0 1 0 1 1 0 0 1 0 
1 0 1 0 0 0 1 0 0 0 1 1 0 1 0 
0 1 0 1 1 0 1 1 1 0 0 1 0 0 0 
1 0 0 0 1 0 1 0 0 1 1 0 0 0 0 
1 1 1 1 0 1 0 1 1 0 0 0 1 1 0 
0 0 0 0 0 0 0 0 0 0 0 0 0 0 0 
0 1 0 0 0 0 0 0 1 0 0 1 1 0 0 
1 1 1 0 1 1 0 0 0 0 0 0 0 0 0 
0 0 0 0 0 0 0 0 0 1 0 0 0 0 0 
0 0 0 0 0 0 1 0 1 1 0 0 0 0 0 
0 0 1 1 1 1 0 0 0 0 0 0 0 0 1 
1 1 0 0 1 0 0 0 0 0 0 1 1 0 1 
0 0 0 0 0 0 0 0 0 0 1 0 1 1 0 
0 0 0 0 0 0 0 0 0 0 0 0 1 1 1 
0 1 0 1 0 0 1 0 1 0 0 0 0 0 0 
1 0 0 0 1 0 0 0 1 0 0 1 1 0 0 
0 0 1 1 0 0 0 1 0 0 1 1 0 0 1 

JOBS [15] - [15, 1, 10, 6, 14, 3, 13, 8, 12, 16, 4, 18, 11, 9, 7]
TOOL SWITCHES : 7
MAKESPAN : 105

# -------------------------- #

--- TOTAL TOOL SWITCHES : 7
--- HIGHEST MAKESPAN : 105
--- TOTAL FLOWTIME : 909
--- RUNNING TIME : 2.84868

# -------------------------- #
RUN : 1 - instancias_txt/SSP-NPM-I/ins143_m=3_j=20_t=20_var=3.txt

- MACHINE [0]

1 
0 
0 
0 
0 
0 
0 
0 
0 
1 
0 
0 
0 
0 
1 
0 
1 
0 
0 
1 

JOBS [1] - [1]
TOOL SWITCHES : 0
MAKESPAN : 8

- MACHINE [1]

0 0 0 
0 0 1 
0 1 0 
0 0 0 
1 1 0 
1 1 0 
0 0 0 
0 0 1 
0 0 0 
0 1 1 
1 0 1 
0 0 0 
0 0 0 
1 0 1 
1 0 1 
0 0 0 
0 0 0 
0 0 0 
1 1 0 
0 0 0 

JOBS [3] - [2, 6, 12]
TOOL SWITCHES : 0
MAKESPAN : 23

- MACHINE [2]

0 1 1 1 0 1 0 0 0 0 0 0 0 0 0 0 
1 1 1 1 0 0 0 0 0 0 0 0 0 0 0 0 
0 0 0 0 0 0 0 1 0 1 1 0 0 0 0 1 
1 1 0 1 0 1 0 0 0 1 0 0 1 1 0 0 
0 0 0 0 0 0 1 1 0 1 1 1 0 0 1 1 
1 0 1 1 0 1 1 0 1 0 1 0 0 0 0 0 
0 1 1 0 0 0 0 0 0 0 0 0 0 1 1 0 
0 1 0 1 0 0 0 1 0 0 0 1 0 0 0 1 
0 0 0 0 1 1 1 0 1 1 1 1 1 0 1 0 
0 0 0 0 0 0 0 0 0 0 0 0 0 0 0 0 
0 0 1 0 1 0 0 0 0 0 0 0 0 0 0 0 
1 0 0 0 1 0 0 1 1 0 0 0 0 1 0 0 
0 1 0 0 0 0 1 0 0 0 0 0 0 0 0 0 
0 0 0 0 0 0 1 0 0 0 1 0 1 0 0 0 
1 0 0 0 0 0 0 1 1 1 0 0 0 0 0 0 
0 0 0 0 1 1 1 1 0 0 0 0 1 1 0 1 
0 1 0 0 1 0 0 0 1 0 0 0 1 0 0 1 
0 0 0 0 0 0 0 0 0 0 1 1 1 1 0 0 
1 0 0 0 1 0 0 1 0 0 0 1 0 0 1 0 
0 0 1 1 0 0 0 0 1 1 0 1 0 0 1 1 

JOBS [16] - [8, 7, 4, 9, 3, 14, 5, 0, 17, 18, 19, 11, 10, 15, 16, 13]
TOOL SWITCHES : 7
MAKESPAN : 116

# -------------------------- #

--- TOTAL TOOL SWITCHES : 7
--- HIGHEST MAKESPAN : 116
--- TOTAL FLOWTIME : 903
--- RUNNING TIME : 3.30376

# -------------------------- #
RUN : 1 - instancias_txt/SSP-NPM-I/ins144_m=3_j=20_t=20_var=4.txt

- MACHINE [0]

0 
1 
0 
0 
1 
1 
0 
0 
1 
1 
0 
0 
0 
0 
1 
0 
0 
1 
0 
0 

JOBS [1] - [12]
TOOL SWITCHES : 0
MAKESPAN : 8

- MACHINE [1]

1 0 
0 0 
0 1 
1 1 
0 0 
0 0 
0 0 
0 0 
0 0 
0 1 
0 1 
0 1 
1 0 
0 0 
1 1 
0 0 
0 0 
1 0 
1 1 
0 0 

JOBS [2] - [5, 13]
TOOL SWITCHES : 0
MAKESPAN : 16

- MACHINE [2]

1 0 0 0 0 0 1 0 1 0 0 1 0 0 1 0 1 
0 1 0 1 1 0 0 0 0 0 0 0 0 0 0 0 0 
1 0 0 0 0 1 1 1 0 0 1 0 1 0 0 0 0 
0 0 0 1 0 1 0 0 0 1 1 1 1 0 1 0 0 
0 0 0 0 0 0 0 0 0 0 0 0 0 1 0 0 0 
0 0 0 0 0 0 1 1 0 0 0 0 0 1 0 0 1 
1 1 0 0 0 0 0 0 1 0 0 0 1 0 0 1 1 
0 0 1 0 0 0 1 1 1 1 1 0 0 1 0 1 0 
1 0 0 0 1 0 0 1 0 1 1 0 0 1 1 1 0 
0 0 0 0 0 0 0 0 0 0 0 1 1 1 1 1 1 
0 1 1 1 0 0 0 0 0 0 0 0 0 1 1 1 0 
0 0 0 0 1 0 1 1 0 0 0 0 0 0 0 0 0 
0 0 0 0 0 0 0 0 0 0 0 0 1 0 0 1 1 
0 1 1 0 1 1 0 0 0 0 0 0 0 0 0 0 1 
0 0 1 0 0 1 0 0 1 0 0 1 1 0 0 0 0 
0 1 0 1 1 1 0 0 1 1 1 1 0 0 0 0 0 
1 1 1 1 0 0 0 0 0 0 0 0 0 0 0 0 0 
1 0 0 0 0 1 0 1 0 0 1 0 0 0 0 0 0 
0 0 0 0 1 0 0 0 0 1 0 1 0 0 0 0 0 
0 0 0 0 0 0 0 0 1 1 1 1 0 0 1 1 1 

JOBS [17] - [11, 14, 15, 0, 19, 3, 18, 10, 7, 8, 6, 9, 16, 17, 2, 4, 1]
TOOL SWITCHES : 8
MAKESPAN : 97

# -------------------------- #

--- TOTAL TOOL SWITCHES : 8
--- HIGHEST MAKESPAN : 97
--- TOTAL FLOWTIME : 889
--- RUNNING TIME : 3.67046

# -------------------------- #
RUN : 1 - instancias_txt/SSP-NPM-I/ins145_m=3_j=20_t=20_var=5.txt

- MACHINE [0]

1 
0 
1 
0 
0 
0 
1 
1 
1 
0 
0 
0 
0 
0 
0 
0 
0 
0 
0 
0 

JOBS [1] - [10]
TOOL SWITCHES : 0
MAKESPAN : 10

- MACHINE [1]

0 0 
0 1 
0 0 
1 1 
0 0 
0 0 
1 1 
0 0 
0 0 
1 0 
1 1 
0 0 
0 0 
0 0 
1 0 
1 1 
0 0 
0 0 
0 1 
1 0 

JOBS [2] - [1, 15]
TOOL SWITCHES : 0
MAKESPAN : 5

- MACHINE [2]

1 0 1 1 1 0 0 0 0 0 0 0 0 0 0 0 0 
0 0 0 0 0 0 0 0 0 0 0 1 1 1 1 0 1 
0 1 1 0 1 0 0 0 0 1 1 0 0 0 1 0 0 
0 0 0 0 0 0 0 0 0 0 1 0 0 0 0 0 0 
0 0 0 0 1 0 0 0 1 1 1 1 1 1 0 1 0 
0 1 0 1 0 1 1 0 1 0 1 0 0 0 0 0 0 
0 0 0 0 0 0 0 0 0 0 0 0 0 0 0 0 0 
1 0 1 1 0 0 0 0 0 0 0 1 0 1 0 0 1 
0 1 1 0 0 0 0 0 0 0 0 0 1 0 0 0 1 
0 0 0 1 1 0 0 1 0 1 0 0 1 1 1 1 1 
0 0 1 0 0 1 1 1 1 0 0 0 0 1 0 1 0 
0 0 1 0 0 1 1 0 0 0 1 0 1 0 1 0 0 
0 0 0 0 0 1 1 1 0 0 0 1 1 0 1 0 0 
1 1 1 0 1 0 1 1 0 0 0 1 0 0 0 0 0 
1 0 0 0 0 0 0 0 0 0 0 0 0 0 0 0 0 
0 0 0 0 0 0 1 1 1 1 1 0 0 0 1 1 0 
0 1 0 0 0 0 1 0 0 1 0 0 0 1 0 0 1 
1 0 0 1 0 1 0 1 0 1 0 0 0 0 0 0 0 
0 1 0 1 1 1 0 0 0 0 0 0 1 0 1 1 0 
1 0 0 0 0 0 0 0 1 1 0 0 0 0 0 0 1 

JOBS [17] - [2, 6, 0, 7, 19, 16, 18, 14, 13, 12, 17, 4, 3, 8, 9, 11, 5]
TOOL SWITCHES : 8
MAKESPAN : 121

# -------------------------- #

--- TOTAL TOOL SWITCHES : 8
--- HIGHEST MAKESPAN : 121
--- TOTAL FLOWTIME : 1118
--- RUNNING TIME : 3.53132

# -------------------------- #
RUN : 1 - instancias_txt/SSP-NPM-I/ins146_m=3_j=20_t=20_var=6.txt

- MACHINE [0]

1 
1 
0 
0 
1 
1 
0 
0 
0 
0 
0 
0 
1 
0 
0 
1 
0 
0 
0 
0 

JOBS [1] - [17]
TOOL SWITCHES : 0
MAKESPAN : 10

- MACHINE [1]

1 1 1 0 0 0 0 0 
0 0 0 0 0 0 0 0 
1 0 1 0 0 0 0 0 
0 1 0 0 1 0 1 1 
0 0 0 0 1 1 0 1 
1 0 1 1 0 0 0 0 
0 0 1 0 1 0 1 0 
0 0 0 0 0 0 0 0 
1 0 1 1 0 0 0 0 
0 0 0 0 0 0 1 0 
0 0 0 1 0 1 0 1 
0 0 0 0 0 0 0 0 
0 0 0 0 1 1 0 0 
0 1 0 0 0 0 0 0 
0 0 0 1 0 1 0 0 
0 0 0 0 0 0 0 0 
1 1 0 0 1 0 1 1 
0 1 1 0 1 0 1 1 
0 1 0 1 1 1 1 0 
1 0 1 0 0 1 0 0 

JOBS [8] - [9, 13, 16, 10, 8, 2, 19, 6]
TOOL SWITCHES : 6
MAKESPAN : 58

- MACHINE [2]

0 0 0 0 0 0 0 0 0 0 0 
0 0 0 0 1 0 0 1 0 0 0 
1 0 1 0 0 1 0 0 1 0 1 
0 0 1 1 1 0 0 0 0 0 0 
0 0 0 0 0 0 0 0 0 0 0 
1 0 1 0 1 1 1 1 0 1 1 
0 1 0 1 0 0 0 1 0 0 0 
1 1 0 1 0 0 0 0 0 0 0 
1 0 1 0 1 0 1 0 0 1 0 
0 0 0 0 0 0 1 0 0 0 1 
0 0 0 0 0 1 1 1 0 1 1 
0 1 0 0 0 0 0 1 0 0 1 
1 1 0 0 0 0 0 1 1 1 0 
0 0 1 0 0 0 0 0 0 0 1 
1 1 1 0 0 1 0 0 1 1 0 
0 0 0 1 0 1 1 0 1 0 0 
1 0 0 1 1 0 0 0 0 0 0 
0 0 0 0 0 0 0 0 0 0 0 
0 0 0 0 0 0 0 0 0 0 0 
0 0 0 0 1 1 1 1 1 1 1 

JOBS [11] - [12, 4, 15, 11, 0, 7, 1, 3, 5, 14, 18]
TOOL SWITCHES : 3
MAKESPAN : 70

# -------------------------- #

--- TOTAL TOOL SWITCHES : 9
--- HIGHEST MAKESPAN : 70
--- TOTAL FLOWTIME : 641
--- RUNNING TIME : 2.23028

# -------------------------- #
RUN : 1 - instancias_txt/SSP-NPM-I/ins147_m=3_j=20_t=20_var=7.txt

- MACHINE [0]

0 
1 
0 
1 
0 
0 
1 
0 
0 
0 
0 
0 
1 
1 
1 
0 
1 
0 
0 
0 

JOBS [1] - [11]
TOOL SWITCHES : 0
MAKESPAN : 6

- MACHINE [1]

0 0 1 
0 1 0 
0 0 0 
0 0 0 
0 0 0 
1 1 0 
0 0 1 
0 0 0 
0 0 0 
0 0 0 
0 1 1 
1 0 0 
0 1 0 
0 0 0 
0 0 0 
1 0 1 
1 1 1 
1 0 1 
0 0 0 
0 0 0 

JOBS [3] - [14, 12, 18]
TOOL SWITCHES : 0
MAKESPAN : 12

- MACHINE [2]

0 1 0 1 1 0 0 0 0 0 1 0 0 0 1 0 
1 1 0 1 0 0 0 0 0 0 0 0 0 0 0 0 
0 0 0 0 0 1 1 0 0 0 0 0 0 1 0 1 
0 0 0 0 0 0 0 0 0 0 1 0 0 0 1 1 
0 0 0 0 0 0 0 0 0 0 0 1 0 1 1 1 
0 1 0 0 0 1 1 0 1 1 0 0 1 0 0 0 
0 0 0 0 0 0 0 0 0 0 0 0 0 1 0 0 
0 0 1 0 1 0 0 0 0 1 0 0 0 0 0 1 
0 0 0 0 1 0 0 1 0 1 0 0 0 0 0 0 
0 0 0 0 0 1 0 1 0 0 1 1 1 0 0 0 
0 0 0 0 0 0 0 1 1 0 0 1 0 0 0 1 
0 0 0 0 0 0 0 0 1 1 0 1 1 1 1 0 
0 0 0 0 0 1 1 0 0 0 0 0 0 0 0 0 
1 0 1 1 1 1 0 0 0 0 0 0 0 0 0 0 
0 1 1 1 0 0 0 1 0 0 1 0 1 0 0 0 
1 0 0 1 1 0 0 1 0 0 0 0 0 0 0 0 
1 0 1 0 0 0 0 1 1 0 0 1 0 1 0 0 
1 0 1 1 0 0 1 0 1 0 1 0 0 0 0 0 
1 1 1 0 0 1 1 1 0 0 0 0 1 0 1 0 
0 0 0 0 0 0 1 0 1 1 0 1 0 0 0 1 

JOBS [16] - [17, 2, 9, 7, 13, 6, 19, 15, 8, 4, 5, 1, 3, 16, 0, 10]
TOOL SWITCHES : 7
MAKESPAN : 111

# -------------------------- #

--- TOTAL TOOL SWITCHES : 7
--- HIGHEST MAKESPAN : 111
--- TOTAL FLOWTIME : 981
--- RUNNING TIME : 2.87447

# -------------------------- #
RUN : 1 - instancias_txt/SSP-NPM-I/ins148_m=3_j=20_t=20_var=8.txt

- MACHINE [0]

0 
1 
0 
0 
1 
0 
0 
0 
0 
0 
0 
1 
1 
1 
0 
0 
1 
0 
0 
0 

JOBS [1] - [9]
TOOL SWITCHES : 0
MAKESPAN : 2

- MACHINE [1]

1 0 1 
1 1 0 
0 0 0 
0 0 0 
0 1 1 
0 0 0 
0 0 0 
0 1 0 
0 0 0 
0 0 1 
1 1 0 
0 0 0 
0 0 0 
0 0 0 
0 0 0 
0 0 0 
0 0 0 
1 1 1 
0 1 1 
1 0 1 

JOBS [3] - [11, 2, 3]
TOOL SWITCHES : 0
MAKESPAN : 11

- MACHINE [2]

1 0 1 1 0 0 0 0 0 0 0 0 0 0 0 0 
0 1 0 0 0 0 0 0 1 0 1 1 1 0 0 0 
0 0 0 0 0 0 1 1 0 1 0 0 0 0 1 1 
0 0 0 0 1 1 1 0 0 0 0 0 0 0 0 0 
1 0 1 0 0 1 1 0 0 0 0 0 0 0 0 0 
0 1 0 1 0 0 1 0 0 1 1 0 0 0 0 0 
1 0 1 0 0 1 1 0 1 0 0 1 1 0 0 0 
0 1 1 1 1 1 0 0 0 0 1 0 0 0 0 1 
0 1 0 0 0 0 0 1 1 0 0 1 0 0 0 1 
0 0 0 0 0 0 0 0 0 0 0 0 1 1 0 0 
0 0 0 0 1 0 1 1 0 0 1 1 0 1 0 0 
0 0 0 0 0 0 0 0 0 0 1 1 0 0 0 0 
0 0 0 0 0 0 0 1 0 1 0 0 0 1 0 0 
0 0 0 0 0 0 0 0 1 0 1 1 0 1 1 0 
0 1 1 1 0 1 0 1 0 1 0 0 1 1 1 0 
1 0 0 1 1 1 0 0 0 0 0 0 1 1 1 1 
1 1 0 1 0 0 0 0 1 1 0 0 0 0 0 0 
1 0 0 0 1 0 0 0 0 1 0 0 1 0 1 1 
0 0 0 0 0 0 0 0 0 0 0 0 0 0 1 1 
0 1 1 0 1 0 0 0 0 0 0 0 0 0 0 0 

JOBS [16] - [1, 12, 10, 14, 0, 19, 15, 18, 8, 16, 4, 5, 17, 7, 6, 13]
TOOL SWITCHES : 7
MAKESPAN : 123

# -------------------------- #

--- TOTAL TOOL SWITCHES : 7
--- HIGHEST MAKESPAN : 123
--- TOTAL FLOWTIME : 1041
--- RUNNING TIME : 3.13518

# -------------------------- #
RUN : 1 - instancias_txt/SSP-NPM-I/ins149_m=3_j=20_t=20_var=9.txt

- MACHINE [0]

0 
0 
1 
1 
0 
0 
0 
0 
1 
0 
0 
0 
0 
0 
1 
0 
1 
1 
0 
0 

JOBS [1] - [13]
TOOL SWITCHES : 0
MAKESPAN : 4

- MACHINE [1]

1 1 
0 1 
0 0 
1 0 
0 0 
0 0 
1 0 
0 0 
0 0 
0 0 
0 0 
0 0 
0 0 
1 1 
0 0 
0 0 
0 0 
0 1 
1 1 
1 1 

JOBS [2] - [1, 2]
TOOL SWITCHES : 0
MAKESPAN : 9

- MACHINE [2]

0 0 0 0 0 0 0 0 0 0 0 0 1 0 1 1 1 
1 0 0 0 1 0 1 1 1 1 0 0 1 1 1 0 0 
0 1 0 0 1 1 1 0 0 0 0 0 0 0 0 0 0 
0 0 0 0 0 0 0 0 1 1 0 0 0 0 0 0 0 
1 0 0 1 1 0 1 0 0 0 0 1 0 0 1 0 0 
0 1 1 1 1 0 0 0 0 0 0 0 0 0 0 0 0 
1 1 1 0 0 1 0 1 0 0 0 0 0 0 0 0 0 
0 1 1 0 0 0 1 0 0 1 1 0 0 1 0 1 0 
0 0 0 0 0 0 0 0 0 1 1 1 0 0 0 0 0 
0 1 1 0 1 1 1 0 1 0 1 0 1 1 0 0 1 
0 0 0 0 1 0 0 0 0 0 0 1 0 1 1 1 0 
1 0 1 1 0 0 0 1 0 1 0 0 0 1 0 1 1 
0 0 0 0 0 0 0 1 1 0 0 0 0 0 0 0 0 
1 1 0 0 0 1 1 0 0 1 0 1 1 0 1 0 1 
0 0 0 1 1 1 1 0 1 0 1 1 1 0 0 0 0 
0 0 0 0 0 1 0 1 0 1 1 0 0 1 1 1 1 
0 0 0 0 0 0 0 0 0 0 1 0 1 0 0 1 0 
1 1 1 0 0 0 0 0 1 0 0 0 0 0 0 1 0 
0 0 0 1 0 0 0 0 1 0 1 0 0 0 0 0 0 
0 0 1 1 0 0 0 0 0 0 0 0 0 0 0 0 0 

JOBS [17] - [11, 8, 18, 14, 6, 12, 3, 15, 7, 5, 0, 4, 9, 10, 16, 17, 19]
TOOL SWITCHES : 7
MAKESPAN : 108

# -------------------------- #

--- TOTAL TOOL SWITCHES : 7
--- HIGHEST MAKESPAN : 108
--- TOTAL FLOWTIME : 951
--- RUNNING TIME : 3.28283

# -------------------------- #
RUN : 1 - instancias_txt/SSP-NPM-I/ins150_m=3_j=20_t=20_var=10.txt

- MACHINE [0]

0 
0 
1 
1 
1 
1 
0 
0 
0 
1 
0 
0 
0 
0 
1 
1 
0 
0 
0 
0 

JOBS [1] - [2]
TOOL SWITCHES : 0
MAKESPAN : 4

- MACHINE [1]

0 1 
0 1 
1 0 
1 1 
0 0 
1 0 
1 1 
0 0 
0 0 
1 1 
0 0 
0 0 
0 0 
0 0 
1 0 
0 0 
0 0 
0 0 
0 1 
0 1 

JOBS [2] - [10, 9]
TOOL SWITCHES : 0
MAKESPAN : 13

- MACHINE [2]

0 0 0 0 0 0 0 0 0 0 0 1 0 0 0 1 1 
1 0 0 0 0 0 0 1 1 0 0 0 0 0 0 0 0 
0 1 0 0 0 1 0 0 0 0 0 0 1 0 0 0 1 
1 0 0 1 0 0 0 0 0 1 0 0 0 1 0 0 0 
1 1 0 1 0 0 0 0 0 0 0 0 0 0 0 0 0 
0 0 1 0 0 0 0 0 1 1 0 1 1 1 0 0 0 
1 1 1 0 1 0 0 1 0 0 0 0 0 0 0 0 0 
0 0 0 0 0 0 0 1 0 0 0 0 0 0 1 1 0 
0 0 1 1 1 0 0 0 0 1 0 1 0 0 0 0 0 
0 0 0 0 0 0 0 0 0 0 0 0 0 0 0 0 0 
0 1 0 1 1 1 1 0 1 0 1 0 1 0 1 0 0 
0 1 0 0 0 1 1 0 1 0 1 1 0 0 1 0 1 
0 1 1 0 0 0 0 0 1 0 1 1 1 1 0 0 0 
0 0 0 0 1 0 1 0 0 0 1 0 0 1 1 1 0 
0 0 0 0 0 0 0 0 0 0 0 0 0 0 1 1 1 
0 0 0 1 0 0 0 1 1 1 0 0 1 0 0 0 0 
0 0 0 0 0 0 0 0 0 0 1 1 1 1 0 1 1 
1 0 1 0 1 1 0 1 1 1 0 0 0 0 0 0 0 
0 0 1 1 0 1 1 0 0 0 0 0 0 0 0 0 0 
1 0 1 1 1 0 1 1 0 1 0 0 0 1 0 1 0 

JOBS [17] - [16, 8, 7, 6, 5, 3, 14, 11, 12, 13, 4, 17, 0, 18, 15, 19, 1]
TOOL SWITCHES : 7
MAKESPAN : 121

# -------------------------- #

--- TOTAL TOOL SWITCHES : 7
--- HIGHEST MAKESPAN : 121
--- TOTAL FLOWTIME : 1038
--- RUNNING TIME : 3.33068

# -------------------------- #
RUN : 1 - instancias_txt/SSP-NPM-I/ins151_m=3_j=20_t=20_var=11.txt

- MACHINE [0]

0 0 
1 1 
0 0 
0 0 
0 0 
0 0 
0 0 
1 1 
0 0 
0 0 
1 0 
1 1 
0 0 
0 0 
0 0 
0 0 
0 1 
0 0 
1 1 
0 1 

JOBS [2] - [1, 4]
TOOL SWITCHES : 0
MAKESPAN : 7

- MACHINE [1]

1 1 
0 0 
0 1 
1 1 
0 1 
0 0 
0 0 
1 0 
1 0 
0 0 
0 0 
1 1 
0 0 
0 1 
0 1 
0 0 
0 0 
1 0 
0 0 
0 0 

JOBS [2] - [10, 15]
TOOL SWITCHES : 0
MAKESPAN : 12

- MACHINE [2]

1 0 1 1 1 0 0 0 0 0 0 0 0 0 0 0 
0 1 1 0 0 1 1 0 0 0 0 0 0 0 0 0 
0 0 0 0 0 0 0 0 0 0 0 0 1 0 1 1 
0 0 0 0 0 0 0 1 1 0 0 0 0 1 1 0 
0 0 0 0 0 1 1 0 0 1 0 0 1 0 0 1 
0 0 0 0 0 0 0 0 0 0 0 1 0 0 0 0 
0 0 0 1 1 1 0 0 1 0 1 0 1 1 1 1 
1 0 1 0 1 0 1 1 0 0 1 1 1 0 0 1 
0 0 0 0 0 0 0 0 0 0 0 1 0 0 0 1 
0 0 1 1 1 0 0 0 0 1 1 0 0 1 0 1 
1 0 0 0 1 0 0 1 1 0 1 0 0 1 0 0 
0 0 0 0 0 0 0 0 0 0 0 0 0 0 0 0 
0 1 1 0 1 1 0 0 0 0 0 0 0 0 0 0 
1 1 0 0 0 0 0 1 0 0 0 1 0 0 1 0 
0 0 0 1 0 0 0 0 1 0 0 0 1 0 0 0 
1 0 0 0 0 0 0 1 1 1 1 1 0 0 0 0 
0 1 1 0 0 1 1 1 0 0 0 0 0 0 0 0 
0 0 0 0 0 0 1 0 0 1 1 0 1 1 0 0 
0 1 0 0 0 1 0 0 1 1 0 0 0 0 0 0 
0 1 0 1 0 1 0 1 0 1 0 0 0 1 1 0 

JOBS [16] - [6, 16, 18, 8, 7, 9, 11, 19, 12, 14, 2, 13, 0, 5, 17, 3]
TOOL SWITCHES : 6
MAKESPAN : 123

# -------------------------- #

--- TOTAL TOOL SWITCHES : 6
--- HIGHEST MAKESPAN : 123
--- TOTAL FLOWTIME : 1032
--- RUNNING TIME : 3.15585

# -------------------------- #
RUN : 1 - instancias_txt/SSP-NPM-I/ins152_m=3_j=20_t=20_var=12.txt

- MACHINE [0]

1 1 
0 0 
1 1 
0 0 
0 0 
0 0 
1 1 
0 0 
0 0 
0 0 
1 1 
0 0 
0 0 
0 0 
0 1 
1 1 
0 0 
0 0 
0 0 
1 0 

JOBS [2] - [11, 5]
TOOL SWITCHES : 0
MAKESPAN : 15

- MACHINE [1]

0 0 
1 0 
1 0 
1 0 
0 1 
0 0 
0 0 
0 1 
1 1 
0 0 
0 0 
0 1 
0 0 
0 0 
0 0 
0 0 
1 0 
0 0 
0 1 
1 1 

JOBS [2] - [6, 10]
TOOL SWITCHES : 0
MAKESPAN : 4

- MACHINE [2]

0 0 0 0 0 0 1 0 1 0 0 1 1 1 1 1 
1 0 0 1 0 1 1 1 0 0 1 1 0 0 1 0 
1 0 0 1 0 0 0 0 0 0 0 0 0 0 0 0 
1 0 0 0 1 0 1 0 0 1 1 1 0 1 0 0 
0 0 0 0 0 0 1 1 0 0 0 0 1 0 1 1 
0 0 0 0 0 0 0 0 0 0 0 0 0 1 0 1 
0 1 0 1 1 0 0 0 1 0 0 0 0 0 0 0 
0 0 0 0 0 0 0 0 0 0 0 1 1 0 1 0 
0 0 1 1 0 0 1 1 1 1 1 0 0 0 0 0 
0 1 1 0 0 0 1 1 0 0 1 1 0 1 0 0 
1 1 0 0 0 0 0 0 0 0 0 0 0 0 0 0 
0 1 1 0 0 1 0 0 0 0 0 0 0 0 0 0 
0 0 0 0 1 0 0 0 0 1 1 1 1 0 0 1 
0 0 0 0 1 1 0 1 1 0 1 0 0 0 1 0 
0 0 0 0 0 0 0 0 0 1 1 0 0 0 0 0 
1 0 1 0 0 1 0 0 0 0 0 0 1 1 1 0 
0 1 1 0 1 0 0 0 0 1 0 0 0 0 0 1 
1 1 0 1 0 1 0 0 0 1 0 0 0 1 0 0 
0 1 0 0 0 1 0 0 1 0 0 0 1 0 0 0 
1 0 1 1 1 0 0 0 0 0 0 0 0 0 0 0 

JOBS [16] - [16, 4, 18, 7, 8, 14, 15, 17, 9, 0, 2, 3, 13, 1, 19, 12]
TOOL SWITCHES : 7
MAKESPAN : 108

# -------------------------- #

--- TOTAL TOOL SWITCHES : 7
--- HIGHEST MAKESPAN : 108
--- TOTAL FLOWTIME : 1035
--- RUNNING TIME : 3.24402

# -------------------------- #
RUN : 1 - instancias_txt/SSP-NPM-I/ins153_m=3_j=20_t=20_var=13.txt

- MACHINE [0]

0 
0 
0 
0 
1 
0 
0 
1 
0 
0 
0 
1 
1 
0 
0 
1 
0 
1 
0 
0 

JOBS [1] - [18]
TOOL SWITCHES : 0
MAKESPAN : 3

- MACHINE [1]

0 0 0 
0 1 1 
0 0 0 
1 1 0 
0 1 1 
0 0 0 
1 1 0 
0 1 1 
0 0 0 
1 0 0 
1 1 1 
0 0 0 
0 0 0 
1 0 1 
0 0 0 
0 0 0 
0 0 0 
0 0 1 
0 0 0 
1 0 1 

JOBS [3] - [3, 1, 7]
TOOL SWITCHES : 0
MAKESPAN : 18

- MACHINE [2]

1 0 0 0 0 1 1 0 0 0 1 0 0 0 1 0 
1 0 1 0 1 0 1 1 1 0 0 0 0 0 0 0 
0 0 0 0 1 0 0 1 1 0 1 0 1 0 0 0 
0 0 0 0 0 0 0 0 1 1 0 1 1 0 1 0 
0 0 0 0 0 0 0 0 0 0 0 0 0 0 1 1 
0 0 1 0 0 1 0 0 1 0 1 0 1 1 0 1 
0 0 0 0 0 1 1 0 0 0 0 0 0 0 0 0 
0 0 0 0 0 0 0 1 0 1 1 1 1 1 0 0 
0 1 0 1 0 1 0 1 1 0 0 1 1 0 1 0 
0 1 0 1 0 0 0 0 0 0 0 1 1 1 0 1 
0 0 0 0 0 0 0 0 0 0 1 0 0 0 1 1 
1 1 0 1 0 0 0 0 0 0 0 0 0 0 0 0 
1 0 0 0 1 0 0 1 1 0 0 0 0 0 0 0 
0 0 1 0 0 0 0 0 1 1 1 0 1 0 1 0 
1 1 0 0 0 0 0 0 0 0 0 0 0 0 0 0 
0 1 1 0 1 0 1 1 0 0 0 0 0 1 0 1 
0 1 0 1 0 1 1 1 0 1 0 0 0 0 0 0 
0 0 1 1 0 1 0 0 0 0 0 0 0 0 0 0 
0 0 1 0 1 0 0 0 0 1 0 1 0 1 0 0 
1 0 0 1 1 0 0 0 0 0 0 0 0 0 0 0 

JOBS [16] - [6, 0, 11, 13, 19, 9, 5, 8, 15, 16, 10, 4, 12, 14, 2, 17]
TOOL SWITCHES : 7
MAKESPAN : 121

# -------------------------- #

--- TOTAL TOOL SWITCHES : 7
--- HIGHEST MAKESPAN : 121
--- TOTAL FLOWTIME : 1044
--- RUNNING TIME : 3.30105

# -------------------------- #
RUN : 1 - instancias_txt/SSP-NPM-I/ins154_m=3_j=20_t=20_var=14.txt

- MACHINE [0]

0 
1 
0 
1 
1 
1 
0 
1 
0 
1 
0 
0 
0 
0 
0 
0 
0 
0 
1 
0 

JOBS [1] - [1]
TOOL SWITCHES : 0
MAKESPAN : 2

- MACHINE [1]

1 0 0 0 0 0 0 0 0 0 0 1 0 
0 0 0 0 0 0 0 0 0 0 0 0 0 
1 0 0 1 1 0 1 1 0 0 0 1 0 
0 1 0 0 0 1 0 0 0 1 0 1 1 
0 0 0 0 0 0 0 0 1 1 0 0 1 
0 0 0 0 0 0 0 0 0 0 1 1 0 
1 1 0 0 0 0 0 0 0 0 0 0 0 
0 0 0 0 0 0 0 0 0 1 1 0 1 
1 0 1 0 0 0 0 0 0 0 0 0 0 
0 1 1 1 0 0 1 0 0 1 0 0 1 
0 1 1 1 1 0 0 1 0 0 0 0 0 
0 0 0 0 0 0 0 1 0 0 1 0 0 
0 1 0 1 1 1 1 0 1 1 0 0 0 
0 0 0 0 0 0 0 1 1 0 1 1 1 
0 0 0 0 0 0 1 1 1 0 0 0 0 
0 0 1 0 0 1 0 1 0 0 1 0 0 
1 0 1 0 0 0 1 0 0 0 0 0 0 
0 0 0 1 1 1 0 0 0 0 0 0 0 
0 0 0 1 0 1 1 0 0 0 0 0 0 
1 1 1 0 1 1 0 1 1 1 1 0 0 

JOBS [13] - [13, 18, 7, 10, 16, 17, 4, 15, 0, 11, 19, 9, 12]
TOOL SWITCHES : 10
MAKESPAN : 118

- MACHINE [2]

0 0 1 0 0 0 
0 1 1 0 1 0 
0 0 0 0 0 0 
0 0 0 0 0 0 
1 1 1 1 0 0 
1 1 0 0 1 1 
1 0 0 1 1 0 
0 0 1 0 1 0 
1 0 1 1 0 1 
0 0 0 0 0 0 
0 0 1 0 0 0 
0 0 0 1 1 1 
0 0 0 0 1 1 
1 1 0 0 0 1 
0 0 0 0 0 0 
1 1 0 0 0 1 
0 0 0 1 0 0 
0 1 0 0 0 0 
0 0 0 0 0 0 
0 0 0 0 0 0 

JOBS [6] - [5, 3, 2, 14, 8, 6]
TOOL SWITCHES : 1
MAKESPAN : 42

# -------------------------- #

--- TOTAL TOOL SWITCHES : 11
--- HIGHEST MAKESPAN : 118
--- TOTAL FLOWTIME : 933
--- RUNNING TIME : 2.23835

# -------------------------- #
RUN : 1 - instancias_txt/SSP-NPM-I/ins155_m=3_j=20_t=20_var=15.txt

- MACHINE [0]

0 
0 
0 
0 
0 
0 
0 
1 
0 
0 
0 
0 
1 
0 
0 
0 
1 
1 
0 
1 

JOBS [1] - [16]
TOOL SWITCHES : 0
MAKESPAN : 1

- MACHINE [1]

0 1 0 0 
0 0 1 1 
0 0 0 0 
1 1 1 0 
0 1 1 0 
1 1 0 1 
0 0 0 0 
0 0 0 0 
0 0 0 0 
1 1 1 0 
0 0 0 0 
0 0 0 0 
0 0 0 1 
0 1 1 1 
0 0 0 0 
0 1 0 1 
0 0 0 0 
1 0 1 1 
1 0 1 0 
0 0 0 0 

JOBS [4] - [10, 14, 1, 7]
TOOL SWITCHES : 1
MAKESPAN : 17

- MACHINE [2]

0 0 1 1 1 1 1 1 0 0 0 0 0 0 0 
0 0 1 1 1 0 0 0 1 0 0 0 0 0 0 
0 1 1 0 1 1 1 0 0 0 1 0 0 1 0 
0 0 0 1 1 1 0 1 1 0 0 1 0 0 1 
0 1 0 0 1 1 0 0 0 1 0 1 0 1 0 
1 0 1 1 0 0 0 0 0 0 0 0 0 0 0 
0 0 0 0 0 0 0 0 0 0 0 0 1 1 1 
1 1 0 0 0 0 0 0 0 0 0 0 0 0 0 
0 0 1 1 0 0 0 0 1 0 0 1 1 0 1 
0 0 0 0 0 0 0 0 0 1 1 1 0 1 0 
1 0 1 0 0 0 0 1 1 1 0 1 0 0 0 
0 0 0 0 0 0 0 0 1 0 0 0 1 1 0 
0 0 0 0 0 0 0 0 0 0 0 0 0 0 0 
0 0 0 0 0 0 0 0 0 0 1 1 0 0 0 
1 1 0 0 0 1 1 0 0 0 0 0 1 1 1 
1 1 0 0 0 0 1 0 0 1 1 0 0 0 1 
0 1 0 1 1 0 1 1 1 0 0 0 0 0 1 
1 0 0 0 0 1 1 0 0 0 1 0 1 0 1 
0 0 0 0 1 1 0 1 0 0 1 0 0 0 0 
1 1 0 0 0 0 0 1 1 1 0 0 0 0 0 

JOBS [15] - [0, 18, 9, 3, 2, 5, 19, 4, 11, 17, 12, 8, 13, 15, 6]
TOOL SWITCHES : 6
MAKESPAN : 99

# -------------------------- #

--- TOTAL TOOL SWITCHES : 7
--- HIGHEST MAKESPAN : 99
--- TOTAL FLOWTIME : 744
--- RUNNING TIME : 3.03874

# -------------------------- #
RUN : 1 - instancias_txt/SSP-NPM-I/ins156_m=3_j=20_t=20_var=16.txt

- MACHINE [0]

0 
0 
1 
0 
1 
1 
0 
0 
1 
1 
0 
0 
0 
0 
0 
0 
0 
0 
1 
0 

JOBS [1] - [10]
TOOL SWITCHES : 0
MAKESPAN : 9

- MACHINE [1]

0 0 1 0 1 0 0 1 
1 0 0 1 0 1 1 0 
0 1 1 1 0 0 0 0 
0 0 0 0 0 0 0 0 
1 1 0 0 1 1 1 0 
0 0 0 0 0 1 1 0 
0 0 0 0 0 0 1 1 
0 0 0 0 0 0 0 0 
1 1 0 0 0 1 1 1 
0 0 0 0 0 0 0 0 
0 0 0 0 0 0 0 0 
0 0 1 1 0 1 1 1 
1 1 1 0 0 0 0 0 
0 0 0 0 0 0 0 0 
0 0 0 0 0 0 0 0 
1 1 0 1 1 0 0 0 
0 0 0 0 1 0 0 1 
0 0 0 1 1 0 0 0 
1 1 0 1 0 0 0 1 
0 0 1 0 1 0 0 0 

JOBS [8] - [1, 9, 12, 16, 11, 15, 0, 5]
TOOL SWITCHES : 4
MAKESPAN : 64

- MACHINE [2]

0 0 1 0 1 1 0 0 0 1 0 
0 1 1 1 0 1 0 0 1 1 0 
0 0 0 0 0 0 0 0 0 0 0 
1 0 0 0 1 1 0 1 0 0 0 
0 0 0 0 0 0 0 0 0 0 0 
0 0 1 0 1 0 0 0 1 0 0 
0 1 0 0 1 1 0 0 0 0 1 
0 1 0 0 0 1 0 0 0 0 0 
0 0 0 0 0 0 0 0 0 0 0 
1 0 1 1 0 0 1 0 0 0 0 
1 1 1 1 1 0 0 0 1 1 1 
1 0 1 0 0 0 1 0 0 1 0 
0 0 0 0 0 0 0 1 1 0 1 
0 0 0 0 0 0 0 0 1 0 1 
0 0 0 1 0 1 1 1 0 0 1 
1 0 0 0 1 0 0 0 0 0 0 
0 0 0 0 0 0 0 1 0 0 1 
0 0 0 1 1 0 0 1 0 1 0 
1 1 0 1 0 0 1 0 0 0 1 
0 0 0 0 0 0 1 1 0 0 0 

JOBS [11] - [3, 7, 14, 17, 18, 2, 13, 6, 19, 4, 8]
TOOL SWITCHES : 4
MAKESPAN : 74

# -------------------------- #

--- TOTAL TOOL SWITCHES : 8
--- HIGHEST MAKESPAN : 74
--- TOTAL FLOWTIME : 663
--- RUNNING TIME : 2.38645

# -------------------------- #
RUN : 1 - instancias_txt/SSP-NPM-I/ins157_m=3_j=20_t=20_var=17.txt

- MACHINE [0]

0 
0 
0 
1 
1 
0 
0 
0 
0 
0 
0 
1 
0 
1 
0 
1 
0 
0 
0 
0 

JOBS [1] - [0]
TOOL SWITCHES : 0
MAKESPAN : 9

- MACHINE [1]

0 0 
0 0 
0 1 
1 1 
0 0 
0 0 
1 0 
0 0 
0 0 
1 0 
0 1 
0 0 
1 1 
1 0 
0 1 
0 0 
0 0 
0 0 
1 0 
0 0 

JOBS [2] - [4, 12]
TOOL SWITCHES : 0
MAKESPAN : 12

- MACHINE [2]

0 0 0 1 1 0 0 0 1 1 0 0 1 1 1 0 0 
0 0 0 0 0 0 0 0 0 0 0 0 0 0 1 1 1 
1 1 0 0 0 1 1 1 1 1 0 0 0 0 0 0 0 
0 0 0 1 0 0 0 0 0 0 0 0 1 1 0 1 0 
1 1 1 1 1 0 0 1 0 1 0 1 0 0 0 0 0 
0 1 1 0 1 1 0 1 1 0 0 0 0 0 0 0 1 
0 0 0 0 0 0 0 1 1 0 1 0 0 1 1 0 0 
1 1 1 0 1 1 0 0 0 0 0 0 0 0 0 0 0 
0 0 0 0 1 0 1 1 1 0 1 0 1 1 0 0 0 
0 1 1 0 0 1 0 0 0 0 0 0 0 0 0 0 0 
0 0 0 0 0 0 0 1 0 0 0 1 0 1 0 1 1 
0 0 0 0 0 0 0 0 0 0 0 0 0 0 0 0 0 
0 0 0 0 0 0 0 0 0 1 0 1 1 0 0 0 1 
1 0 0 0 0 0 1 0 0 0 1 1 0 1 1 1 0 
0 0 1 1 0 0 1 0 0 0 0 0 0 0 0 0 0 
0 0 0 1 1 1 0 1 0 0 1 1 1 0 0 0 0 
1 0 0 1 1 0 1 0 0 1 0 0 0 0 0 1 1 
0 1 1 0 0 0 1 0 1 0 0 0 1 0 1 0 1 
0 0 0 0 0 0 0 0 0 0 1 1 1 0 1 1 0 
0 0 0 0 0 1 0 0 0 1 1 1 0 1 0 0 0 

JOBS [17] - [17, 14, 11, 8, 16, 19, 15, 3, 7, 13, 9, 5, 2, 18, 6, 10, 1]
TOOL SWITCHES : 7
MAKESPAN : 115

# -------------------------- #

--- TOTAL TOOL SWITCHES : 7
--- HIGHEST MAKESPAN : 115
--- TOTAL FLOWTIME : 966
--- RUNNING TIME : 3.07279

# -------------------------- #
RUN : 1 - instancias_txt/SSP-NPM-I/ins158_m=3_j=20_t=20_var=18.txt

- MACHINE [0]

1 
0 
0 
0 
0 
0 
1 
0 
0 
0 
1 
0 
1 
1 
0 
1 
0 
1 
0 
0 

JOBS [1] - [15]
TOOL SWITCHES : 0
MAKESPAN : 3

- MACHINE [1]

0 0 0 0 0 1 1 1 1 0 0 0 1 
0 0 1 1 0 0 0 0 0 0 1 0 1 
0 0 0 0 1 0 0 0 0 0 0 0 0 
0 0 0 1 0 0 0 0 1 0 0 0 0 
0 0 0 0 0 0 0 0 0 1 0 0 1 
0 0 0 0 0 0 1 0 1 0 0 0 0 
1 1 1 0 1 0 0 0 0 0 0 0 0 
0 0 0 0 0 0 0 0 1 0 1 1 0 
0 1 1 1 1 0 1 0 0 0 0 0 0 
0 0 0 0 0 0 0 1 0 1 1 0 0 
1 1 0 1 0 1 0 0 1 0 0 1 0 
0 0 0 0 0 1 1 0 0 1 0 0 0 
0 0 0 0 0 0 0 0 0 1 1 1 1 
0 0 0 0 0 0 0 0 0 0 0 1 0 
0 0 0 0 1 1 0 0 1 0 1 1 0 
0 1 1 0 1 0 0 1 0 1 1 1 0 
1 1 1 0 0 0 0 0 0 0 0 0 0 
0 0 1 1 0 0 1 1 0 0 0 0 0 
1 1 1 1 0 1 0 0 0 0 0 0 0 
1 0 0 1 1 1 1 1 0 0 0 0 1 

JOBS [13] - [19, 0, 4, 6, 18, 9, 14, 13, 1, 17, 3, 10, 8]
TOOL SWITCHES : 11
MAKESPAN : 111

- MACHINE [2]

0 1 1 1 0 0 
0 0 0 0 1 0 
0 1 0 1 0 0 
0 0 1 0 1 0 
0 0 0 0 0 0 
1 0 0 1 0 1 
0 0 0 0 0 0 
0 0 0 0 0 0 
1 0 0 0 1 1 
1 0 0 1 0 0 
0 1 0 0 0 0 
1 1 1 0 1 1 
0 0 0 1 1 0 
0 1 1 0 1 1 
0 0 0 0 0 0 
0 0 0 0 0 0 
0 0 1 0 0 0 
1 0 0 0 0 1 
1 1 1 1 0 1 
0 0 0 0 0 0 

JOBS [6] - [16, 2, 11, 7, 12, 5]
TOOL SWITCHES : 1
MAKESPAN : 34

# -------------------------- #

--- TOTAL TOOL SWITCHES : 12
--- HIGHEST MAKESPAN : 111
--- TOTAL FLOWTIME : 915
--- RUNNING TIME : 1.99339

# -------------------------- #
RUN : 1 - instancias_txt/SSP-NPM-I/ins159_m=3_j=20_t=20_var=19.txt

- MACHINE [0]

1 1 
0 0 
0 0 
0 1 
1 0 
1 0 
0 0 
0 0 
0 0 
0 0 
0 0 
0 0 
0 0 
0 0 
1 1 
0 1 
0 0 
0 0 
1 1 
0 0 

JOBS [2] - [10, 1]
TOOL SWITCHES : 0
MAKESPAN : 10

- MACHINE [1]

0 0 
1 0 
1 0 
0 1 
0 0 
0 0 
1 0 
1 1 
0 0 
0 1 
0 0 
0 0 
1 1 
0 0 
0 0 
0 0 
0 1 
1 1 
0 0 
1 1 

JOBS [2] - [12, 6]
TOOL SWITCHES : 0
MAKESPAN : 8

- MACHINE [2]

1 0 1 1 1 0 0 0 0 1 0 1 0 0 1 0 
0 0 0 0 0 0 0 0 0 0 1 1 1 0 0 0 
0 1 1 0 0 1 1 0 1 1 0 0 0 0 0 0 
0 0 0 0 0 1 1 1 1 0 0 1 0 0 1 0 
0 1 0 0 0 0 0 1 0 0 0 0 1 0 1 0 
0 1 0 1 0 1 0 0 0 0 1 0 0 0 0 0 
0 0 0 0 0 0 0 0 0 0 0 1 0 0 1 0 
1 0 1 0 0 1 0 0 0 0 0 0 0 0 0 0 
1 0 0 0 0 1 0 0 0 0 1 1 1 1 0 1 
0 0 0 0 0 0 0 0 0 0 0 0 0 1 0 1 
0 0 1 1 1 0 0 0 0 0 0 0 0 0 0 0 
0 0 0 1 1 0 1 1 0 0 0 1 0 1 0 0 
0 0 0 1 0 1 1 0 1 0 1 0 0 0 0 1 
0 1 1 0 1 0 0 0 0 0 0 0 0 1 1 0 
0 0 0 1 1 0 0 0 1 1 1 0 1 1 0 1 
0 0 0 0 0 0 1 1 0 1 1 0 1 0 0 0 
1 1 1 0 0 0 1 0 1 1 0 0 1 1 0 1 
1 0 0 1 1 0 0 1 0 0 0 0 0 0 0 0 
1 1 0 0 0 0 0 0 0 0 0 0 0 0 0 0 
0 0 0 0 0 0 0 0 1 1 0 0 0 1 1 1 

JOBS [16] - [14, 9, 13, 0, 5, 4, 15, 17, 7, 19, 8, 16, 2, 3, 18, 11]
TOOL SWITCHES : 7
MAKESPAN : 109

# -------------------------- #

--- TOTAL TOOL SWITCHES : 7
--- HIGHEST MAKESPAN : 109
--- TOTAL FLOWTIME : 954
--- RUNNING TIME : 3.17858

# -------------------------- #
RUN : 1 - instancias_txt/SSP-NPM-I/ins160_m=3_j=20_t=20_var=20.txt

- MACHINE [0]

1 
0 
0 
0 
1 
1 
1 
0 
0 
1 
1 
0 
0 
0 
0 
0 
0 
0 
0 
1 

JOBS [1] - [8]
TOOL SWITCHES : 0
MAKESPAN : 9

- MACHINE [1]

0 0 0 0 0 0 1 0 0 1 
1 0 1 0 0 1 0 1 1 1 
1 0 0 1 1 0 1 0 1 1 
0 0 0 0 0 0 0 1 1 1 
0 0 0 1 1 0 0 0 0 0 
0 1 0 1 0 0 0 0 0 0 
0 0 0 0 0 0 0 0 0 0 
1 0 0 1 1 1 1 1 1 0 
0 0 0 0 0 0 0 0 0 0 
0 0 0 0 1 0 1 0 0 0 
0 0 0 0 0 0 0 0 0 0 
0 0 0 0 0 1 0 0 1 0 
0 1 1 0 0 0 0 0 0 0 
1 1 0 0 1 0 0 0 0 0 
0 0 0 0 0 0 0 0 0 0 
0 0 0 0 1 1 1 1 1 0 
1 0 1 1 0 0 0 1 0 1 
0 1 1 0 0 1 0 1 0 0 
0 0 0 0 0 1 1 0 0 0 
0 1 1 1 0 0 0 0 0 0 

JOBS [10] - [13, 11, 18, 2, 12, 4, 15, 17, 16, 14]
TOOL SWITCHES : 6
MAKESPAN : 76

- MACHINE [2]

0 0 0 0 0 0 0 0 0 
0 0 0 0 0 0 1 1 1 
0 0 0 0 0 0 0 1 0 
1 1 0 1 0 0 0 0 0 
1 0 1 0 1 1 0 0 0 
0 0 0 0 0 0 0 0 0 
1 0 0 1 1 1 0 0 0 
0 0 1 0 1 0 0 0 1 
1 0 1 0 0 0 1 1 1 
0 1 0 1 0 0 0 0 0 
1 0 1 0 0 1 0 0 1 
0 0 0 0 0 0 1 0 1 
0 1 0 0 1 0 1 0 1 
1 0 0 0 0 0 0 0 0 
0 1 0 0 0 1 1 1 0 
0 0 0 0 0 0 0 0 0 
0 1 0 1 1 0 1 1 0 
0 0 0 0 0 0 0 0 0 
0 1 0 0 0 1 0 1 0 
0 0 1 1 1 0 0 0 0 

JOBS [9] - [0, 10, 19, 1, 6, 9, 3, 5, 7]
TOOL SWITCHES : 3
MAKESPAN : 61

# -------------------------- #

--- TOTAL TOOL SWITCHES : 9
--- HIGHEST MAKESPAN : 76
--- TOTAL FLOWTIME : 727
--- RUNNING TIME : 2.44951

# -------------------------- #


avg : 7.8
