RUN : 1 - instancias_txt/SSP-NPM-I/ins141_m=3_j=20_t=20_var=1.txt

- MACHINE [0]

0 
0 
0 
1 
1 
1 
0 
0 
0 
0 
1 
0 
0 
0 
0 
0 
0 
1 
0 
1 

JOBS [1] - [16]
TOOL SWITCHES : 0
MAKESPAN : 1

- MACHINE [1]

1 0 1 
0 0 1 
0 0 1 
0 1 1 
0 0 0 
0 0 0 
1 1 0 
1 0 0 
0 1 1 
0 0 0 
0 0 0 
0 0 0 
0 1 0 
0 0 0 
1 0 0 
0 0 0 
0 0 0 
1 0 1 
1 1 0 
0 0 0 

JOBS [3] - [2, 6, 4]
TOOL SWITCHES : 1
MAKESPAN : 15

- MACHINE [2]

0 0 0 0 0 0 0 0 1 1 0 1 0 0 0 0 
1 1 0 0 1 0 0 0 0 0 0 0 0 1 0 1 
0 0 0 1 0 1 0 0 0 0 0 1 0 1 1 1 
0 0 0 0 0 0 0 0 0 0 0 0 0 0 0 0 
0 1 1 0 0 0 1 0 0 0 0 0 0 0 0 0 
0 0 0 0 0 0 1 0 0 0 1 0 1 1 1 0 
0 0 0 0 0 0 0 0 0 0 1 0 1 1 1 1 
1 1 0 1 0 1 0 0 0 0 0 0 0 0 0 0 
0 1 0 1 0 0 0 0 1 0 1 1 0 0 0 0 
1 0 1 0 0 0 0 1 1 1 1 0 0 0 0 0 
0 0 0 0 0 1 1 1 1 0 1 1 1 0 0 0 
0 0 1 1 1 1 0 0 0 0 0 0 0 1 1 0 
1 0 1 0 1 1 1 0 0 1 0 0 0 0 0 1 
1 0 0 1 0 0 1 0 1 0 1 1 1 1 0 0 
0 1 1 1 0 1 1 1 0 1 1 0 0 0 0 1 
0 1 1 1 1 0 0 1 0 1 0 0 0 0 0 0 
1 0 0 0 1 0 0 0 1 0 0 0 1 0 1 0 
0 0 0 0 0 0 0 1 0 0 0 0 0 0 0 0 
0 1 0 0 1 0 0 0 0 1 0 0 1 1 0 0 
0 0 0 0 0 0 0 0 0 0 0 1 0 0 0 1 

JOBS [16] - [8, 18, 11, 9, 12, 7, 15, 19, 17, 1, 10, 14, 13, 5, 3, 0]
TOOL SWITCHES : 7
MAKESPAN : 118

# -------------------------- #

--- TOTAL TOOL SWITCHES : 8
--- HIGHEST MAKESPAN : 118
--- TOTAL FLOWTIME : 1002
--- RUNNING TIME : 3.6019

# -------------------------- #
RUN : 1 - instancias_txt/SSP-NPM-I/ins142_m=3_j=20_t=20_var=2.txt

- MACHINE [0]

0 
0 
1 
0 
0 
0 
0 
1 
0 
1 
0 
0 
0 
0 
1 
1 
1 
0 
1 
0 

JOBS [1] - [11]
TOOL SWITCHES : 0
MAKESPAN : 9

- MACHINE [1]

0 0 0 
0 0 0 
1 0 1 
1 1 1 
0 1 1 
0 0 0 
1 0 1 
0 1 0 
0 0 0 
0 0 0 
0 0 0 
1 0 0 
1 0 0 
0 0 0 
0 0 0 
0 1 1 
0 1 0 
0 0 0 
0 0 0 
0 0 1 

JOBS [3] - [16, 9, 4]
TOOL SWITCHES : 0
MAKESPAN : 23

- MACHINE [2]

1 1 0 0 0 0 0 1 1 0 0 0 0 1 0 1 
1 0 1 1 1 0 0 0 0 0 0 0 0 0 0 0 
0 0 0 0 0 0 1 0 0 0 0 1 0 0 1 0 
1 1 0 0 0 0 0 0 0 0 0 0 0 0 0 0 
0 0 1 1 0 0 1 1 0 0 0 0 0 0 0 0 
0 1 0 0 1 1 1 1 0 1 0 0 1 0 0 0 
0 0 1 0 0 1 1 0 0 0 1 0 0 0 0 0 
1 1 1 1 1 0 0 0 0 1 0 0 1 1 1 1 
0 0 0 0 0 0 0 0 0 0 1 1 0 0 1 1 
0 0 0 0 1 0 0 1 0 0 0 0 1 0 0 0 
1 0 1 1 1 1 0 0 0 0 0 0 0 0 0 0 
0 0 0 0 0 0 0 0 0 0 1 0 0 1 0 0 
0 0 0 0 0 0 1 0 0 0 0 0 1 1 1 0 
1 0 0 1 0 1 0 0 1 1 1 1 0 0 1 0 
0 0 1 0 1 1 0 1 1 0 0 0 0 0 0 0 
0 0 0 0 0 0 0 0 0 0 0 0 0 0 0 0 
0 0 0 0 0 0 0 0 1 0 0 0 0 1 1 0 
0 0 0 0 1 0 1 0 0 1 0 1 1 1 0 1 
0 0 1 0 0 1 0 1 0 0 1 1 1 0 1 1 
0 1 0 1 0 0 0 1 1 1 0 0 0 0 0 0 

JOBS [16] - [3, 8, 15, 10, 1, 14, 13, 18, 7, 6, 5, 17, 12, 19, 2, 0]
TOOL SWITCHES : 6
MAKESPAN : 112

# -------------------------- #

--- TOTAL TOOL SWITCHES : 6
--- HIGHEST MAKESPAN : 112
--- TOTAL FLOWTIME : 1037
--- RUNNING TIME : 3.27516

# -------------------------- #
RUN : 1 - instancias_txt/SSP-NPM-I/ins143_m=3_j=20_t=20_var=3.txt

- MACHINE [0]

1 
0 
0 
0 
0 
0 
0 
0 
0 
1 
0 
0 
0 
0 
1 
0 
1 
0 
0 
1 

JOBS [1] - [1]
TOOL SWITCHES : 0
MAKESPAN : 8

- MACHINE [1]

1 1 1 
1 1 1 
0 0 0 
1 1 0 
0 0 0 
1 0 1 
0 1 1 
1 1 0 
0 0 0 
0 0 0 
0 0 1 
0 0 0 
0 1 0 
0 0 0 
0 0 0 
0 0 0 
0 1 0 
0 0 0 
0 0 0 
1 0 1 

JOBS [3] - [9, 7, 4]
TOOL SWITCHES : 0
MAKESPAN : 26

- MACHINE [2]

0 0 1 0 0 0 0 0 0 0 0 0 0 0 0 0 
0 0 0 0 0 0 0 0 0 0 0 0 0 1 1 0 
0 1 0 0 0 0 0 1 0 1 1 0 0 0 0 1 
1 0 1 0 0 0 1 0 0 0 1 0 0 1 0 0 
0 1 0 1 1 1 0 1 0 1 1 0 1 0 0 1 
0 1 1 0 1 0 0 0 1 0 0 0 1 1 0 1 
1 0 0 1 0 0 0 0 0 0 0 0 0 0 0 0 
0 0 0 0 0 1 0 1 0 1 0 0 0 0 1 0 
0 1 1 1 1 1 1 0 1 0 1 1 0 0 0 0 
0 0 0 0 0 0 0 0 0 0 0 0 0 0 1 1 
0 0 0 0 0 0 0 0 0 0 0 1 1 0 1 0 
1 0 0 0 0 0 0 1 1 0 0 1 0 1 0 0 
0 0 0 0 1 0 0 0 0 0 0 0 0 0 0 0 
0 1 0 0 1 0 1 0 0 0 0 0 1 0 1 0 
0 0 0 0 0 0 0 1 1 0 1 0 1 1 1 0 
1 0 1 0 1 0 1 1 0 1 0 1 0 0 0 0 
0 0 0 0 0 0 1 0 1 1 0 1 0 0 0 0 
1 1 0 0 0 1 1 0 0 0 0 0 0 0 0 0 
0 0 0 1 0 1 0 1 0 0 0 1 1 1 0 1 
0 0 0 1 0 1 0 0 1 1 1 0 0 0 0 0 

JOBS [16] - [15, 19, 14, 16, 5, 11, 10, 0, 17, 13, 18, 3, 2, 8, 12, 6]
TOOL SWITCHES : 7
MAKESPAN : 117

# -------------------------- #

--- TOTAL TOOL SWITCHES : 7
--- HIGHEST MAKESPAN : 117
--- TOTAL FLOWTIME : 1095
--- RUNNING TIME : 3.08998

# -------------------------- #
RUN : 1 - instancias_txt/SSP-NPM-I/ins144_m=3_j=20_t=20_var=4.txt

- MACHINE [0]

0 
1 
0 
0 
0 
0 
0 
0 
1 
0 
0 
1 
0 
1 
0 
1 
0 
0 
1 
0 

JOBS [1] - [19]
TOOL SWITCHES : 0
MAKESPAN : 4

- MACHINE [1]

0 0 
0 0 
1 1 
1 1 
0 0 
0 0 
0 1 
0 0 
0 0 
1 1 
1 0 
1 0 
0 1 
0 0 
1 1 
0 0 
0 0 
0 0 
1 0 
0 0 

JOBS [2] - [13, 16]
TOOL SWITCHES : 0
MAKESPAN : 20

- MACHINE [2]

0 0 0 0 0 1 0 1 0 0 1 0 0 1 1 1 1 
1 1 0 0 1 0 0 0 0 0 0 0 0 0 0 0 0 
0 0 0 0 0 1 1 1 1 1 0 0 0 0 0 0 0 
1 0 0 0 0 0 0 0 1 1 0 0 1 1 1 0 1 
0 0 0 1 1 0 0 0 0 0 0 0 0 0 0 0 0 
0 0 0 1 1 0 1 1 0 0 1 0 0 0 0 0 0 
0 1 0 0 0 1 0 0 0 0 1 1 0 0 0 1 0 
0 0 1 1 0 0 1 1 1 0 0 1 1 0 0 1 0 
0 0 0 1 1 1 1 0 1 0 0 1 1 0 1 0 0 
0 0 0 1 1 0 0 0 0 0 1 1 0 1 1 0 0 
1 1 1 1 0 0 0 0 0 0 0 1 0 0 1 0 0 
0 0 0 0 0 0 1 1 0 0 0 0 0 0 0 0 0 
0 0 0 0 0 0 0 0 0 0 1 1 0 0 0 0 1 
0 1 1 0 0 0 0 0 0 1 1 0 0 0 0 0 0 
0 0 1 0 1 0 0 0 0 1 0 0 0 1 0 1 1 
1 1 0 0 0 0 0 0 1 1 0 0 1 1 0 1 0 
1 1 1 0 0 1 0 0 0 0 0 0 0 0 0 0 0 
0 0 0 0 1 1 1 0 1 1 0 0 0 0 0 0 1 
0 0 0 0 0 0 0 0 0 0 0 0 1 1 0 0 1 
0 0 0 0 0 0 0 0 1 0 1 1 1 1 1 1 0 

JOBS [17] - [0, 14, 15, 17, 12, 11, 10, 18, 6, 3, 1, 4, 8, 9, 2, 7, 5]
TOOL SWITCHES : 8
MAKESPAN : 99

# -------------------------- #

--- TOTAL TOOL SWITCHES : 8
--- HIGHEST MAKESPAN : 99
--- TOTAL FLOWTIME : 876
--- RUNNING TIME : 3.35955

# -------------------------- #
RUN : 1 - instancias_txt/SSP-NPM-I/ins145_m=3_j=20_t=20_var=5.txt

- MACHINE [0]

1 
0 
0 
0 
0 
0 
0 
1 
0 
0 
0 
0 
0 
1 
1 
0 
0 
1 
0 
1 

JOBS [1] - [2]
TOOL SWITCHES : 0
MAKESPAN : 9

- MACHINE [1]

0 0 
1 0 
0 0 
1 1 
0 0 
0 0 
1 1 
0 0 
0 0 
0 1 
1 1 
0 0 
0 0 
0 0 
0 1 
1 1 
0 0 
0 0 
1 0 
0 1 

JOBS [2] - [15, 1]
TOOL SWITCHES : 0
MAKESPAN : 5

- MACHINE [2]

1 0 1 1 1 0 0 0 0 0 0 0 0 0 0 0 0 
0 0 0 0 0 0 0 0 0 1 1 0 1 1 0 0 1 
1 1 1 0 1 1 0 1 0 1 0 0 0 0 0 0 0 
0 1 0 0 0 0 0 0 0 0 0 0 0 0 0 0 0 
1 1 0 0 0 1 0 0 0 0 1 1 1 0 0 1 1 
0 1 0 1 0 0 0 1 1 0 0 0 0 0 1 1 0 
0 0 1 0 0 0 0 0 0 0 0 0 0 0 0 0 0 
0 0 1 1 1 0 0 0 0 0 1 0 0 1 0 0 1 
0 0 1 0 1 0 0 1 0 0 0 0 1 1 0 0 0 
1 0 0 1 0 1 1 0 0 1 1 1 1 1 0 0 0 
0 0 0 0 1 0 1 0 1 0 1 1 0 0 1 1 0 
0 1 0 0 1 0 0 0 1 1 0 0 1 0 1 0 0 
0 0 0 0 0 0 1 0 1 1 0 0 1 0 1 0 1 
1 0 0 0 1 0 1 1 0 0 0 0 0 0 1 0 1 
0 0 0 0 0 0 0 0 0 0 0 0 0 0 0 0 0 
0 1 0 0 0 1 1 0 0 1 0 1 0 0 1 1 0 
0 0 0 0 0 1 0 1 0 0 1 0 0 1 1 0 0 
0 0 0 1 0 1 1 0 1 0 0 0 0 0 0 0 0 
1 0 0 1 0 0 0 1 1 1 0 1 1 0 0 0 0 
0 0 0 0 0 1 0 0 0 0 0 0 0 1 0 1 0 

JOBS [17] - [19, 17, 10, 7, 0, 12, 14, 6, 16, 9, 8, 11, 3, 5, 18, 13, 4]
TOOL SWITCHES : 8
MAKESPAN : 124

# -------------------------- #

--- TOTAL TOOL SWITCHES : 8
--- HIGHEST MAKESPAN : 124
--- TOTAL FLOWTIME : 1136
--- RUNNING TIME : 3.36593

# -------------------------- #
RUN : 1 - instancias_txt/SSP-NPM-I/ins146_m=3_j=20_t=20_var=6.txt

- MACHINE [0]

1 
1 
0 
0 
1 
1 
0 
0 
0 
0 
0 
0 
1 
0 
0 
1 
0 
0 
0 
0 

JOBS [1] - [17]
TOOL SWITCHES : 0
MAKESPAN : 10

- MACHINE [1]

0 0 0 
0 0 0 
0 0 0 
1 1 0 
1 1 1 
0 0 0 
1 0 0 
0 0 0 
0 0 0 
0 0 0 
0 1 1 
0 0 0 
1 0 1 
0 0 0 
0 0 1 
0 0 0 
1 1 0 
1 1 0 
1 0 1 
0 0 1 

JOBS [3] - [8, 6, 2]
TOOL SWITCHES : 0
MAKESPAN : 19

- MACHINE [2]

1 0 0 1 1 0 0 0 0 0 0 0 0 0 0 0 
0 0 0 0 0 0 0 0 1 0 1 0 0 0 0 0 
0 0 0 1 1 0 1 1 0 0 0 0 1 1 0 1 
1 0 1 0 0 0 1 0 0 0 1 1 0 0 0 0 
0 0 0 0 0 0 0 0 0 0 0 0 0 0 0 0 
0 1 0 1 1 1 1 1 1 1 1 0 1 0 0 1 
0 0 1 0 1 0 0 0 1 0 0 1 0 0 1 0 
0 0 0 0 0 0 0 0 0 0 0 1 1 0 1 0 
0 1 0 1 1 1 1 0 0 1 1 0 1 0 0 0 
0 0 1 0 0 1 0 1 0 0 0 0 0 0 0 0 
0 1 0 0 0 1 0 1 1 1 0 0 0 0 0 1 
0 0 0 0 0 0 0 1 1 0 0 0 0 0 1 0 
0 0 0 0 0 0 0 0 1 1 0 0 1 1 1 0 
1 0 0 0 0 0 1 1 0 0 0 0 0 0 0 0 
0 1 0 0 0 0 1 0 0 1 0 0 1 1 1 1 
0 0 0 0 0 1 0 0 0 0 0 1 0 1 0 1 
1 0 1 1 0 0 0 0 0 0 1 1 1 0 0 0 
1 0 1 0 1 0 0 0 0 0 0 0 0 0 0 0 
1 1 1 0 0 0 0 0 0 0 0 0 0 0 0 0 
0 0 0 1 1 1 0 1 1 1 1 0 0 1 0 1 

JOBS [16] - [13, 10, 19, 9, 16, 1, 15, 18, 3, 14, 0, 11, 12, 5, 4, 7]
TOOL SWITCHES : 6
MAKESPAN : 120

# -------------------------- #

--- TOTAL TOOL SWITCHES : 6
--- HIGHEST MAKESPAN : 120
--- TOTAL FLOWTIME : 1184
--- RUNNING TIME : 2.6052

# -------------------------- #
RUN : 1 - instancias_txt/SSP-NPM-I/ins147_m=3_j=20_t=20_var=7.txt

- MACHINE [0]

0 
0 
0 
0 
1 
0 
0 
0 
0 
1 
1 
1 
0 
0 
0 
0 
1 
0 
0 
1 

JOBS [1] - [1]
TOOL SWITCHES : 0
MAKESPAN : 1

- MACHINE [1]

0 0 0 
0 0 0 
1 1 0 
0 0 0 
0 0 0 
1 1 1 
0 0 0 
0 0 0 
0 0 0 
1 0 1 
0 0 0 
0 0 1 
1 1 0 
1 0 0 
0 0 1 
0 0 0 
0 0 0 
0 1 0 
1 1 1 
0 1 0 

JOBS [3] - [6, 19, 3]
TOOL SWITCHES : 0
MAKESPAN : 16

- MACHINE [2]

1 0 0 0 1 1 0 0 1 0 0 0 1 1 0 0 
1 1 1 1 0 1 0 0 0 0 0 0 0 0 0 0 
0 0 0 0 0 0 0 0 0 0 0 0 0 0 1 1 
0 1 0 0 1 0 0 0 0 0 0 0 0 1 1 0 
0 0 0 0 0 0 0 0 0 0 0 0 0 1 1 1 
1 0 0 1 0 0 0 0 0 1 1 1 0 0 0 0 
0 1 0 0 0 0 0 0 0 0 0 0 1 0 0 1 
0 0 0 0 0 0 0 1 1 1 0 0 0 0 1 0 
0 0 0 0 0 0 1 0 1 1 0 0 0 0 0 0 
0 0 0 0 1 0 1 0 0 0 0 0 0 0 0 0 
0 0 0 1 0 0 1 0 0 0 1 0 1 0 1 0 
0 0 0 0 0 0 0 0 0 1 1 1 0 1 0 1 
0 1 0 1 0 0 0 0 0 0 0 0 0 0 0 0 
0 1 1 0 0 1 0 1 1 0 0 0 0 0 0 0 
1 1 0 0 1 1 1 1 0 0 0 0 0 0 0 0 
0 0 1 0 0 1 1 0 1 0 0 1 1 0 0 0 
0 1 1 1 0 0 1 1 0 0 1 1 1 0 0 1 
0 0 1 0 1 1 0 1 0 0 1 1 1 0 0 0 
1 0 1 0 0 0 1 1 0 0 0 0 0 1 0 0 
0 0 0 0 0 0 0 0 0 1 1 0 0 0 1 0 

JOBS [16] - [2, 11, 17, 12, 5, 7, 15, 9, 13, 4, 8, 14, 18, 0, 10, 16]
TOOL SWITCHES : 7
MAKESPAN : 117

# -------------------------- #

--- TOTAL TOOL SWITCHES : 7
--- HIGHEST MAKESPAN : 117
--- TOTAL FLOWTIME : 953
--- RUNNING TIME : 2.79984

# -------------------------- #
RUN : 1 - instancias_txt/SSP-NPM-I/ins148_m=3_j=20_t=20_var=8.txt

- MACHINE [0]

0 
1 
0 
0 
0 
1 
0 
1 
1 
0 
0 
0 
0 
0 
1 
0 
1 
0 
0 
1 

JOBS [1] - [12]
TOOL SWITCHES : 0
MAKESPAN : 6

- MACHINE [1]

0 0 
1 0 
0 0 
0 0 
1 0 
0 0 
0 0 
0 0 
0 0 
0 1 
0 1 
1 0 
1 1 
1 1 
0 1 
0 1 
1 0 
0 0 
0 0 
0 0 

JOBS [2] - [9, 7]
TOOL SWITCHES : 0
MAKESPAN : 6

- MACHINE [2]

0 0 0 0 0 0 0 0 0 1 1 0 1 1 0 1 0 
1 0 0 1 0 0 1 1 0 0 0 0 1 0 1 0 0 
0 1 1 0 1 1 0 0 1 0 0 0 0 0 0 0 0 
0 0 0 0 0 0 0 0 1 0 0 1 0 0 0 0 1 
0 0 0 0 0 0 0 1 1 0 1 0 0 1 0 1 1 
1 1 0 0 0 0 0 0 1 1 0 0 0 0 0 0 0 
0 0 0 1 0 0 1 0 1 0 1 0 0 1 1 0 1 
1 0 0 0 0 1 0 1 0 1 0 1 0 1 0 0 1 
0 0 1 1 0 1 1 0 0 0 0 0 0 0 0 0 0 
0 0 0 0 0 0 0 0 0 0 0 0 0 0 1 1 0 
1 0 1 1 0 0 0 1 1 0 0 1 1 0 0 0 0 
1 0 0 1 0 0 0 0 0 0 0 0 0 0 0 0 0 
0 1 1 0 0 0 0 0 0 0 0 0 0 0 0 0 0 
1 0 0 1 1 0 1 0 0 0 0 0 0 0 0 0 0 
0 1 1 0 1 0 0 0 0 1 0 0 0 1 1 0 1 
0 0 0 0 1 1 0 0 0 1 1 1 0 0 1 0 1 
0 1 0 0 0 0 1 0 0 1 1 0 0 0 0 0 0 
0 1 0 0 1 1 0 1 0 0 1 1 1 0 1 1 0 
0 0 0 0 1 1 0 1 0 0 0 0 0 0 0 1 0 
0 0 0 0 0 0 0 0 0 0 0 1 1 1 0 1 0 

JOBS [17] - [4, 16, 18, 5, 6, 13, 8, 2, 15, 14, 1, 0, 11, 10, 17, 3, 19]
TOOL SWITCHES : 7
MAKESPAN : 123

# -------------------------- #

--- TOTAL TOOL SWITCHES : 7
--- HIGHEST MAKESPAN : 123
--- TOTAL FLOWTIME : 1051
--- RUNNING TIME : 3.15342

# -------------------------- #
RUN : 1 - instancias_txt/SSP-NPM-I/ins149_m=3_j=20_t=20_var=9.txt

- MACHINE [0]

0 
1 
0 
1 
0 
0 
0 
1 
1 
0 
0 
1 
0 
1 
0 
1 
0 
0 
0 
0 

JOBS [1] - [5]
TOOL SWITCHES : 0
MAKESPAN : 9

- MACHINE [1]

0 0 
0 0 
0 1 
0 1 
0 0 
0 0 
0 0 
1 0 
1 1 
1 0 
0 0 
0 0 
0 0 
0 0 
1 1 
1 0 
1 1 
0 1 
1 0 
0 0 

JOBS [2] - [0, 13]
TOOL SWITCHES : 0
MAKESPAN : 12

- MACHINE [2]

1 0 1 1 1 0 0 0 0 0 0 0 0 0 1 1 0 
0 1 1 1 0 0 1 1 1 0 0 0 1 0 0 1 1 
0 1 0 0 0 0 0 1 0 1 1 0 0 0 0 0 0 
0 0 0 0 0 0 0 0 0 0 0 0 0 0 1 0 1 
0 1 1 0 0 1 0 1 1 0 0 0 0 1 0 0 0 
0 0 0 0 0 0 0 1 0 0 1 1 0 1 0 0 0 
0 0 0 0 0 0 0 0 1 1 1 1 1 0 1 0 0 
0 1 0 0 1 0 1 0 0 0 1 1 0 0 0 0 0 
0 0 0 0 0 1 0 0 0 0 0 0 0 0 0 0 0 
1 1 0 1 0 0 1 1 0 1 1 1 0 0 0 0 1 
0 0 1 0 1 1 1 1 0 0 0 0 0 0 0 0 0 
1 0 0 0 1 0 1 0 1 0 0 1 1 1 0 0 0 
0 0 0 0 0 0 0 0 0 0 0 0 1 0 0 0 1 
1 1 1 1 0 1 0 0 1 1 1 0 0 0 1 1 0 
0 1 0 1 0 1 0 1 0 1 0 0 0 1 0 0 1 
1 0 1 0 1 0 1 0 0 1 0 0 1 0 0 0 0 
0 0 0 1 1 0 0 0 0 0 0 0 0 0 0 0 0 
0 0 0 0 1 0 0 0 1 0 1 1 0 0 0 1 1 
0 0 0 0 0 0 0 0 0 0 0 0 0 1 1 1 1 
0 0 0 0 0 0 0 0 0 0 0 1 0 1 1 1 0 

JOBS [17] - [19, 3, 16, 9, 17, 4, 10, 6, 11, 12, 8, 18, 15, 14, 1, 2, 7]
TOOL SWITCHES : 7
MAKESPAN : 104

# -------------------------- #

--- TOTAL TOOL SWITCHES : 7
--- HIGHEST MAKESPAN : 104
--- TOTAL FLOWTIME : 811
--- RUNNING TIME : 3.1527

# -------------------------- #
RUN : 1 - instancias_txt/SSP-NPM-I/ins150_m=3_j=20_t=20_var=10.txt

- MACHINE [0]

0 
1 
0 
0 
0 
1 
0 
0 
0 
0 
1 
1 
1 
0 
0 
1 
0 
1 
0 
0 

JOBS [1] - [12]
TOOL SWITCHES : 0
MAKESPAN : 8

- MACHINE [1]

0 0 1 0 0 0 0 0 0 0 0 0 
0 0 1 1 1 0 0 0 0 0 0 0 
1 1 0 0 0 0 0 0 0 0 1 1 
1 1 1 1 0 1 1 0 0 0 0 0 
1 0 0 1 0 1 0 0 0 0 1 0 
1 1 0 0 0 0 1 0 0 1 0 0 
0 1 1 1 1 0 0 0 1 1 1 0 
0 0 0 0 1 0 0 0 0 0 0 0 
0 0 0 0 0 1 1 0 1 1 0 0 
1 1 1 0 0 0 0 0 0 0 0 0 
0 0 0 0 0 1 0 1 1 0 1 1 
0 0 0 0 0 0 0 1 0 0 1 1 
0 0 0 0 0 0 0 0 0 1 1 0 
0 0 0 0 0 0 0 1 1 0 0 0 
1 1 0 0 0 0 0 0 0 0 0 0 
1 0 0 0 1 1 1 0 0 0 0 0 
0 0 0 0 0 0 0 0 0 0 0 0 
0 0 0 1 1 0 1 0 1 1 0 1 
0 0 1 0 0 1 0 1 0 1 0 1 
0 0 1 1 1 1 1 1 1 1 0 0 

JOBS [12] - [2, 10, 9, 16, 11, 6, 13, 14, 5, 7, 8, 3]
TOOL SWITCHES : 10
MAKESPAN : 98

- MACHINE [2]

0 1 0 1 1 0 0 
0 0 0 0 0 0 0 
1 0 0 0 1 0 0 
0 0 0 0 0 0 1 
0 0 0 0 0 0 0 
1 0 0 1 0 0 1 
0 0 0 0 0 0 0 
0 1 0 0 0 1 0 
0 0 0 1 0 0 0 
0 0 0 0 0 0 0 
1 0 1 0 0 1 0 
0 0 1 1 1 1 0 
1 0 1 1 0 0 1 
0 1 1 0 0 1 1 
0 1 0 0 1 1 0 
1 0 0 0 0 0 0 
1 1 1 1 1 0 1 
0 0 0 0 0 0 0 
0 0 0 0 0 0 0 
0 1 0 0 0 0 1 

JOBS [7] - [0, 19, 4, 17, 1, 15, 18]
TOOL SWITCHES : 1
MAKESPAN : 47

# -------------------------- #

--- TOTAL TOOL SWITCHES : 11
--- HIGHEST MAKESPAN : 98
--- TOTAL FLOWTIME : 887
--- RUNNING TIME : 2.09425

# -------------------------- #
RUN : 1 - instancias_txt/SSP-NPM-I/ins151_m=3_j=20_t=20_var=11.txt

- MACHINE [0]

0 
1 
0 
0 
0 
0 
0 
1 
0 
0 
0 
1 
0 
0 
0 
0 
1 
0 
1 
1 

JOBS [1] - [4]
TOOL SWITCHES : 0
MAKESPAN : 1

- MACHINE [1]

0 0 
1 0 
0 0 
0 0 
0 0 
0 1 
0 0 
1 1 
0 1 
0 0 
1 0 
1 0 
0 0 
0 1 
0 0 
0 1 
0 0 
0 0 
1 0 
0 0 

JOBS [2] - [1, 13]
TOOL SWITCHES : 0
MAKESPAN : 9

- MACHINE [2]

1 1 0 0 0 1 0 0 0 1 0 0 0 0 1 1 0 
1 0 1 1 1 0 0 0 0 0 0 0 0 0 0 0 0 
0 0 0 0 0 0 0 0 0 0 0 1 1 0 1 0 1 
0 0 0 0 0 0 0 1 1 0 0 0 1 1 1 1 0 
0 0 0 1 1 0 1 0 0 0 0 1 0 0 1 0 1 
0 0 0 0 0 0 0 0 0 0 0 0 0 0 0 0 0 
0 1 0 1 0 0 0 0 1 1 1 1 1 1 0 0 1 
1 1 0 0 1 1 0 1 0 0 1 1 0 0 0 1 1 
0 0 0 0 0 0 0 0 0 0 0 0 0 0 0 1 1 
1 1 0 0 0 0 1 0 0 1 1 0 0 1 0 0 1 
0 1 0 0 0 1 0 1 1 0 1 0 0 1 0 0 0 
0 0 0 0 0 0 0 0 0 0 0 0 0 0 1 1 0 
1 1 1 1 0 0 0 0 0 0 0 0 0 0 0 0 0 
0 0 1 0 0 1 0 1 0 0 0 0 1 0 1 0 0 
0 0 0 0 0 0 0 0 1 1 0 1 0 0 1 0 0 
0 0 0 0 0 1 1 1 1 0 1 0 0 0 0 0 0 
1 0 1 1 1 0 0 1 0 0 0 0 0 0 0 0 0 
0 0 0 0 1 0 1 0 0 0 1 1 0 1 0 1 0 
0 0 1 1 0 0 1 0 1 0 0 0 0 0 0 0 0 
0 0 1 1 0 0 1 1 0 1 0 0 1 1 0 0 0 

JOBS [17] - [18, 7, 16, 9, 11, 6, 14, 19, 12, 8, 2, 0, 17, 5, 15, 10, 3]
TOOL SWITCHES : 6
MAKESPAN : 121

# -------------------------- #

--- TOTAL TOOL SWITCHES : 6
--- HIGHEST MAKESPAN : 121
--- TOTAL FLOWTIME : 1010
--- RUNNING TIME : 3.24841

# -------------------------- #
RUN : 1 - instancias_txt/SSP-NPM-I/ins152_m=3_j=20_t=20_var=12.txt

- MACHINE [0]

0 
0 
0 
0 
1 
0 
0 
1 
1 
0 
0 
1 
0 
0 
0 
0 
0 
0 
1 
1 

JOBS [1] - [10]
TOOL SWITCHES : 0
MAKESPAN : 6

- MACHINE [1]

1 1 0 0 0 0 0 0 1 0 1 1 1 1 1 
0 0 1 1 1 0 0 1 1 1 1 1 0 0 0 
1 1 1 1 1 0 0 0 0 0 0 0 0 0 0 
0 0 1 1 0 1 1 1 1 0 1 0 1 0 0 
0 0 0 0 0 0 0 0 1 1 0 1 0 1 1 
0 0 0 0 0 0 0 0 0 0 0 0 1 0 1 
1 1 0 0 1 0 1 0 0 0 0 0 0 0 0 
0 0 0 0 0 0 0 0 0 0 1 1 0 1 0 
0 0 0 1 1 1 0 1 1 1 0 0 0 0 0 
0 0 0 0 0 0 0 1 1 1 1 0 1 0 0 
1 1 1 0 0 0 0 0 0 0 0 0 0 0 0 
0 0 0 0 0 0 0 0 0 0 0 0 0 0 0 
0 0 0 0 0 1 1 1 0 0 1 0 0 1 1 
0 0 0 0 0 0 1 1 0 1 0 1 0 0 0 
1 0 0 0 0 1 0 1 0 0 0 0 0 0 0 
1 1 1 0 0 0 0 0 0 0 0 1 1 1 0 
0 0 0 1 0 1 1 0 0 0 0 0 0 0 1 
0 0 1 0 1 1 0 0 0 0 0 0 1 0 0 
0 0 0 0 0 0 0 0 0 0 0 0 0 1 0 
0 1 1 1 1 0 1 0 0 0 0 0 0 0 0 

JOBS [15] - [5, 11, 16, 6, 7, 0, 8, 2, 15, 17, 3, 19, 1, 13, 12]
TOOL SWITCHES : 11
MAKESPAN : 99

- MACHINE [2]

0 0 1 0 
0 1 0 0 
0 0 0 0 
0 0 0 0 
0 0 0 0 
0 0 0 0 
0 0 1 1 
0 0 0 0 
1 0 1 0 
1 0 0 1 
0 0 0 1 
1 1 0 1 
0 0 0 0 
0 1 1 0 
0 0 0 0 
1 1 0 0 
1 0 0 1 
0 1 0 1 
0 1 1 1 
1 0 0 0 

JOBS [4] - [18, 14, 9, 4]
TOOL SWITCHES : 0
MAKESPAN : 19

# -------------------------- #

--- TOTAL TOOL SWITCHES : 11
--- HIGHEST MAKESPAN : 99
--- TOTAL FLOWTIME : 836
--- RUNNING TIME : 2.15715

# -------------------------- #
RUN : 1 - instancias_txt/SSP-NPM-I/ins153_m=3_j=20_t=20_var=13.txt

- MACHINE [0]

0 
0 
0 
1 
0 
0 
0 
1 
0 
0 
0 
0 
0 
1 
0 
0 
1 
0 
1 
0 

JOBS [1] - [16]
TOOL SWITCHES : 0
MAKESPAN : 10

- MACHINE [1]

0 0 0 
1 1 0 
0 0 0 
1 0 1 
1 1 0 
0 0 0 
1 0 1 
1 1 0 
0 0 0 
0 0 1 
1 1 1 
0 0 0 
0 0 0 
0 1 1 
0 0 0 
0 0 0 
0 0 0 
0 1 0 
0 0 0 
0 1 1 

JOBS [3] - [1, 7, 3]
TOOL SWITCHES : 0
MAKESPAN : 18

- MACHINE [2]

1 0 0 1 0 1 0 0 0 0 0 0 0 0 1 1 
1 0 1 1 0 0 1 0 1 0 1 0 0 0 0 0 
0 0 1 0 0 0 1 0 0 0 1 0 0 1 0 1 
0 0 0 0 0 0 0 0 0 1 1 0 0 1 1 0 
0 0 0 0 0 0 0 1 0 0 0 1 0 0 1 0 
0 0 0 0 0 1 0 0 1 0 1 1 1 1 0 1 
0 0 0 1 0 1 0 0 0 0 0 0 0 0 0 0 
0 0 0 0 0 0 1 1 0 1 0 0 1 1 0 1 
0 1 0 0 1 1 1 0 0 1 1 0 0 1 1 0 
0 1 0 0 1 0 0 0 0 1 0 1 1 1 0 0 
0 0 0 0 0 0 0 0 0 0 0 1 0 0 1 1 
1 1 0 0 1 0 0 1 0 0 0 0 0 0 0 0 
1 0 1 0 0 0 1 1 0 0 1 0 0 0 0 0 
0 0 0 0 0 0 0 0 1 0 1 0 0 1 1 1 
1 0 0 0 1 0 0 0 0 0 0 0 0 0 0 0 
0 0 1 1 1 0 1 1 1 0 0 1 1 0 0 0 
0 1 0 1 1 1 1 0 0 0 0 0 0 0 0 0 
0 1 0 0 0 1 0 1 1 0 0 0 0 0 0 0 
0 0 1 0 0 0 0 0 1 1 0 0 1 0 0 0 
1 1 1 0 0 0 0 0 0 0 0 0 0 0 0 0 

JOBS [16] - [6, 13, 19, 5, 0, 9, 8, 18, 11, 4, 15, 17, 14, 12, 2, 10]
TOOL SWITCHES : 7
MAKESPAN : 121

# -------------------------- #

--- TOTAL TOOL SWITCHES : 7
--- HIGHEST MAKESPAN : 121
--- TOTAL FLOWTIME : 1037
--- RUNNING TIME : 3.22019

# -------------------------- #
RUN : 1 - instancias_txt/SSP-NPM-I/ins154_m=3_j=20_t=20_var=14.txt

- MACHINE [0]

1 
0 
1 
1 
0 
1 
0 
0 
0 
0 
0 
0 
0 
1 
0 
0 
0 
0 
0 
0 

JOBS [1] - [9]
TOOL SWITCHES : 0
MAKESPAN : 2

- MACHINE [1]

1 1 
1 0 
0 1 
0 0 
1 0 
0 0 
0 1 
1 0 
1 1 
0 0 
1 0 
0 0 
0 0 
0 0 
0 0 
0 0 
0 1 
0 0 
0 0 
0 1 

JOBS [2] - [2, 13]
TOOL SWITCHES : 0
MAKESPAN : 13

- MACHINE [2]

0 0 0 0 0 0 0 0 0 0 0 0 0 0 0 0 0 
0 0 0 0 0 0 0 0 0 0 0 0 0 0 1 1 1 
0 0 1 1 0 0 0 1 1 0 0 0 0 0 0 0 0 
0 0 0 0 0 0 0 0 0 1 1 1 1 0 1 0 0 
0 1 0 0 1 1 0 0 0 0 1 0 1 0 1 0 1 
0 0 0 0 0 1 1 0 0 0 0 0 0 1 1 1 1 
0 1 0 0 0 1 0 0 0 1 0 0 0 0 0 1 0 
0 0 0 0 0 0 0 0 0 0 1 0 1 1 1 1 0 
1 1 0 0 0 1 1 0 0 0 0 0 0 0 0 0 0 
1 0 1 0 0 0 0 0 1 1 1 0 1 0 1 0 0 
1 0 0 1 0 0 0 1 1 1 0 0 0 0 0 0 0 
0 1 0 1 0 0 1 0 0 0 0 0 0 1 0 1 0 
0 0 1 0 1 0 1 1 1 1 0 1 1 0 0 1 0 
0 0 0 1 1 1 1 0 0 0 1 0 0 1 0 0 1 
0 0 1 1 1 0 0 0 0 0 0 0 0 0 0 0 0 
1 0 0 1 0 1 1 0 0 0 0 1 0 1 0 0 1 
1 1 1 0 0 0 0 0 0 0 0 0 0 0 0 0 0 
0 0 0 0 0 0 0 1 1 0 0 1 0 0 0 0 1 
0 0 1 0 0 0 0 0 1 0 0 1 0 0 1 0 0 
1 0 0 1 1 0 0 1 0 1 0 1 1 1 0 0 0 

JOBS [17] - [7, 14, 4, 15, 0, 5, 6, 16, 10, 18, 12, 17, 11, 19, 1, 8, 3]
TOOL SWITCHES : 6
MAKESPAN : 113

# -------------------------- #

--- TOTAL TOOL SWITCHES : 6
--- HIGHEST MAKESPAN : 113
--- TOTAL FLOWTIME : 1013
--- RUNNING TIME : 3.33928

# -------------------------- #
RUN : 1 - instancias_txt/SSP-NPM-I/ins155_m=3_j=20_t=20_var=15.txt

- MACHINE [0]

0 
0 
1 
0 
1 
0 
1 
0 
0 
1 
0 
1 
0 
0 
1 
0 
0 
0 
0 
0 

JOBS [1] - [15]
TOOL SWITCHES : 0
MAKESPAN : 4

- MACHINE [1]

0 0 
0 0 
0 0 
1 0 
0 0 
0 0 
1 1 
0 0 
1 1 
0 0 
0 0 
0 1 
0 0 
0 0 
1 1 
1 0 
1 0 
1 1 
0 0 
0 0 

JOBS [2] - [6, 13]
TOOL SWITCHES : 0
MAKESPAN : 7

- MACHINE [2]

0 0 1 1 1 0 0 0 1 0 1 0 1 0 0 1 0 
0 1 1 1 0 0 0 1 1 0 0 1 0 0 0 0 0 
0 0 0 1 0 0 0 0 1 1 0 0 1 1 0 1 0 
1 1 1 0 1 0 1 1 1 0 1 0 0 0 0 1 0 
1 0 0 0 0 1 0 1 1 0 1 0 0 1 0 1 0 
0 0 1 1 0 0 1 0 0 0 1 1 0 0 0 0 1 
0 0 0 0 0 0 0 0 0 0 0 0 0 0 0 0 0 
0 0 0 0 0 0 0 0 0 0 0 0 0 1 1 0 1 
1 1 1 1 0 0 0 0 0 0 0 0 0 0 0 0 0 
1 0 0 0 0 1 1 1 0 1 1 0 0 0 0 0 0 
1 1 0 1 1 1 0 0 0 0 0 0 0 0 0 0 1 
0 1 0 0 0 0 0 0 0 0 0 0 0 0 0 0 0 
0 0 0 0 0 0 0 0 0 0 0 1 0 0 1 0 0 
1 0 0 0 0 0 0 1 0 1 1 1 0 0 0 0 0 
0 0 0 0 0 0 0 0 0 0 0 0 1 1 0 1 1 
0 0 0 0 0 1 0 0 0 1 1 1 1 1 0 0 1 
0 1 1 0 1 0 0 0 1 0 0 0 1 1 1 0 0 
0 0 0 0 0 0 1 1 0 1 0 1 1 0 1 1 1 
0 0 0 0 1 0 1 1 1 1 0 0 0 0 0 1 0 
0 1 0 0 1 1 0 0 0 0 0 0 0 1 1 0 1 

JOBS [17] - [8, 11, 3, 9, 4, 17, 10, 1, 2, 12, 14, 7, 19, 18, 16, 5, 0]
TOOL SWITCHES : 7
MAKESPAN : 114

# -------------------------- #

--- TOTAL TOOL SWITCHES : 7
--- HIGHEST MAKESPAN : 114
--- TOTAL FLOWTIME : 1020
--- RUNNING TIME : 3.29387

# -------------------------- #
RUN : 1 - instancias_txt/SSP-NPM-I/ins156_m=3_j=20_t=20_var=16.txt

- MACHINE [0]

0 
0 
0 
0 
0 
0 
1 
0 
0 
0 
1 
0 
1 
1 
1 
0 
1 
0 
1 
0 

JOBS [1] - [8]
TOOL SWITCHES : 0
MAKESPAN : 7

- MACHINE [1]

1 0 0 
1 1 1 
0 0 0 
1 0 0 
0 0 0 
0 0 0 
1 0 1 
1 0 1 
0 0 0 
0 1 0 
0 1 1 
0 0 0 
0 0 0 
0 0 0 
1 1 0 
0 0 0 
0 0 0 
0 1 0 
0 1 1 
0 0 0 

JOBS [3] - [2, 17, 7]
TOOL SWITCHES : 0
MAKESPAN : 10

- MACHINE [2]

0 0 0 1 1 1 1 0 0 1 1 0 0 0 0 0 
0 0 0 0 0 0 0 1 0 1 1 1 1 1 0 1 
0 0 0 0 0 0 1 1 1 0 0 0 0 0 1 0 
1 0 1 1 0 0 0 0 0 0 0 0 0 0 0 0 
0 0 0 0 0 1 0 0 1 0 0 0 1 1 1 1 
0 0 0 1 0 0 0 0 1 1 0 1 1 1 0 0 
0 0 0 1 1 0 0 0 0 0 0 0 1 0 0 0 
0 0 0 0 0 0 0 0 0 0 0 0 0 0 0 0 
0 0 0 0 1 0 0 0 1 0 0 0 1 1 1 1 
1 1 0 0 0 0 0 0 1 1 0 0 0 0 0 0 
1 0 0 1 0 0 0 0 0 1 1 1 0 0 0 0 
1 1 0 0 1 0 1 1 0 1 1 0 1 1 0 0 
0 0 1 0 0 0 1 0 0 0 0 1 0 0 1 1 
0 0 0 0 0 0 0 0 0 0 0 1 0 0 0 0 
0 1 1 0 0 0 0 0 0 0 0 0 0 0 0 0 
1 0 0 1 0 1 0 1 0 0 0 0 0 0 1 1 
0 0 1 0 1 1 0 0 0 0 0 0 0 0 0 0 
0 0 1 1 0 1 0 1 0 0 1 0 0 0 0 0 
1 1 0 0 1 0 0 1 1 0 0 0 0 0 1 1 
0 1 1 0 0 1 1 0 0 0 0 0 0 0 0 0 

JOBS [16] - [3, 13, 6, 18, 5, 11, 12, 16, 10, 14, 4, 19, 0, 15, 9, 1]
TOOL SWITCHES : 7
MAKESPAN : 105

# -------------------------- #

--- TOTAL TOOL SWITCHES : 7
--- HIGHEST MAKESPAN : 105
--- TOTAL FLOWTIME : 995
--- RUNNING TIME : 3.24631

# -------------------------- #
RUN : 1 - instancias_txt/SSP-NPM-I/ins157_m=3_j=20_t=20_var=17.txt

- MACHINE [0]

0 
0 
0 
1 
1 
0 
0 
0 
0 
0 
0 
1 
0 
1 
0 
1 
0 
0 
0 
0 

JOBS [1] - [0]
TOOL SWITCHES : 0
MAKESPAN : 9

- MACHINE [1]

0 0 0 
1 0 1 
0 0 0 
1 1 0 
0 0 0 
0 0 1 
0 1 0 
0 0 0 
0 0 0 
0 1 0 
1 0 1 
0 0 0 
0 1 1 
1 1 0 
0 0 0 
0 0 0 
1 0 1 
0 0 1 
1 1 0 
0 0 0 

JOBS [3] - [10, 4, 1]
TOOL SWITCHES : 1
MAKESPAN : 27

- MACHINE [2]

0 0 0 0 1 0 1 1 0 1 0 1 0 1 0 1 
0 0 0 0 0 0 0 0 0 0 0 0 0 0 0 1 
1 1 1 0 0 1 1 0 1 1 1 0 0 0 0 0 
0 0 0 0 0 0 0 1 1 0 0 1 0 1 0 0 
1 0 0 1 1 1 1 1 0 0 1 0 0 0 1 0 
0 1 0 1 1 1 0 0 0 1 1 0 0 0 0 0 
0 0 0 0 0 0 0 0 0 1 1 1 1 0 0 1 
1 1 0 1 1 1 0 0 0 0 0 0 0 0 0 0 
0 0 1 0 1 0 0 0 0 1 1 1 1 1 0 0 
0 1 0 1 0 1 0 0 0 0 0 0 0 0 0 0 
0 0 0 0 0 0 0 0 1 0 1 1 0 0 1 0 
0 0 0 0 0 0 0 0 0 0 0 0 0 0 0 0 
0 0 0 0 0 0 1 0 1 0 0 0 0 1 1 0 
1 0 1 0 0 0 0 0 0 0 0 1 1 0 1 1 
0 0 1 1 0 0 0 1 1 0 0 0 0 0 0 0 
0 1 0 0 1 0 0 1 0 0 1 0 1 1 1 0 
1 0 1 0 1 0 1 1 0 0 0 0 0 0 0 0 
0 0 1 1 0 1 0 0 0 1 0 0 0 1 0 1 
0 0 0 0 0 0 0 0 0 0 0 0 1 1 1 1 
0 1 0 0 0 0 1 0 0 0 0 1 1 0 1 0 

JOBS [16] - [17, 19, 15, 11, 16, 14, 13, 8, 12, 7, 3, 18, 9, 2, 5, 6]
TOOL SWITCHES : 6
MAKESPAN : 106

# -------------------------- #

--- TOTAL TOOL SWITCHES : 7
--- HIGHEST MAKESPAN : 106
--- TOTAL FLOWTIME : 883
--- RUNNING TIME : 3.11042

# -------------------------- #
RUN : 1 - instancias_txt/SSP-NPM-I/ins158_m=3_j=20_t=20_var=18.txt

- MACHINE [0]

1 
0 
0 
1 
0 
1 
0 
1 
0 
0 
1 
0 
0 
0 
1 
0 
0 
0 
0 
0 

JOBS [1] - [1]
TOOL SWITCHES : 0
MAKESPAN : 5

- MACHINE [1]

0 0 0 
0 1 0 
0 0 0 
0 0 0 
0 0 1 
0 0 0 
0 0 0 
1 1 0 
0 0 0 
0 1 1 
1 0 0 
0 0 1 
1 1 1 
1 0 0 
1 1 0 
1 1 1 
0 0 0 
0 0 0 
0 0 0 
0 0 0 

JOBS [3] - [10, 3, 17]
TOOL SWITCHES : 0
MAKESPAN : 18

- MACHINE [2]

0 1 1 0 0 0 1 0 1 1 0 0 0 1 1 1 
1 1 0 1 0 0 0 1 0 0 0 0 0 0 0 0 
0 0 0 0 0 0 0 0 0 1 1 0 0 1 0 0 
1 0 1 1 0 0 0 0 0 0 0 0 0 0 0 0 
0 1 0 0 0 0 0 0 0 0 0 0 0 0 0 0 
0 0 0 0 0 0 0 0 0 0 0 1 1 1 0 1 
0 0 0 0 1 1 1 1 0 0 1 0 0 0 0 0 
0 0 0 0 0 0 0 0 0 0 0 0 0 0 0 0 
1 0 0 1 1 0 0 1 0 0 1 1 1 0 0 1 
0 0 0 0 0 0 0 0 0 0 0 0 1 1 1 0 
1 0 0 0 1 1 1 0 1 1 0 0 0 0 0 0 
0 0 1 1 0 0 0 0 1 1 0 1 1 0 0 1 
0 1 0 1 0 0 1 0 0 0 0 0 0 1 0 0 
0 0 1 1 0 0 1 0 0 1 0 1 0 0 0 0 
0 0 0 0 0 0 0 0 1 0 1 0 0 0 0 0 
0 0 0 0 1 0 1 1 0 0 1 0 0 0 1 0 
0 0 1 0 1 1 0 1 0 0 0 0 0 0 0 0 
1 0 0 0 0 0 1 1 0 0 0 1 1 0 1 1 
1 0 1 0 1 1 0 1 1 1 0 1 1 1 0 0 
1 1 0 0 0 1 0 0 1 0 1 0 0 0 1 1 

JOBS [16] - [6, 8, 11, 12, 0, 19, 15, 4, 9, 2, 18, 5, 16, 7, 13, 14]
TOOL SWITCHES : 6
MAKESPAN : 104

# -------------------------- #

--- TOTAL TOOL SWITCHES : 6
--- HIGHEST MAKESPAN : 104
--- TOTAL FLOWTIME : 869
--- RUNNING TIME : 3.10622

# -------------------------- #
RUN : 1 - instancias_txt/SSP-NPM-I/ins159_m=3_j=20_t=20_var=19.txt

- MACHINE [0]

0 
1 
1 
0 
0 
0 
1 
1 
0 
0 
0 
0 
1 
0 
0 
0 
0 
1 
0 
1 

JOBS [1] - [12]
TOOL SWITCHES : 0
MAKESPAN : 10

- MACHINE [1]

1 0 
0 0 
0 1 
1 0 
1 1 
0 1 
1 0 
0 0 
0 0 
0 0 
0 0 
0 0 
0 0 
1 1 
0 0 
0 0 
0 1 
0 0 
0 1 
1 0 

JOBS [2] - [18, 9]
TOOL SWITCHES : 0
MAKESPAN : 9

- MACHINE [2]

1 0 1 0 1 1 0 0 1 0 0 0 0 0 1 1 1 
0 1 1 0 0 0 1 0 0 0 0 0 0 0 0 0 0 
0 0 0 0 0 0 0 1 1 1 0 1 0 0 0 1 0 
0 0 1 1 1 0 0 1 0 1 1 1 0 0 0 0 0 
0 1 0 1 0 1 0 0 0 0 0 0 0 0 0 0 0 
0 0 0 0 0 1 1 0 0 0 0 1 0 0 1 0 0 
0 0 1 0 0 0 0 0 0 0 0 0 0 0 0 0 0 
1 0 0 0 0 0 0 0 0 0 1 1 0 0 0 1 0 
1 1 1 0 0 0 1 0 0 0 0 1 1 1 0 0 0 
0 0 0 0 0 0 0 0 0 0 1 0 1 1 0 0 0 
0 0 0 0 0 0 0 0 0 0 0 0 0 0 1 1 1 
0 0 1 1 0 0 0 0 0 1 0 0 1 0 1 0 1 
0 0 0 0 0 0 1 1 0 1 1 1 0 1 1 0 0 
0 0 0 0 0 0 0 0 0 0 0 0 1 0 0 1 1 
0 1 0 0 1 1 1 1 1 0 0 0 1 1 1 0 1 
0 1 0 1 1 0 1 0 1 1 0 0 0 0 0 0 0 
1 1 0 0 0 0 0 1 1 1 1 0 1 1 0 1 0 
1 0 0 1 0 0 0 0 0 0 1 0 0 0 1 0 1 
1 0 0 0 1 1 0 0 0 0 0 0 0 0 0 0 0 
0 0 0 0 0 0 0 1 1 0 1 0 1 1 0 0 0 

JOBS [17] - [14, 2, 16, 17, 1, 10, 8, 7, 19, 15, 6, 4, 3, 11, 0, 13, 5]
TOOL SWITCHES : 7
MAKESPAN : 111

# -------------------------- #

--- TOTAL TOOL SWITCHES : 7
--- HIGHEST MAKESPAN : 111
--- TOTAL FLOWTIME : 983
--- RUNNING TIME : 3.43287

# -------------------------- #
RUN : 1 - instancias_txt/SSP-NPM-I/ins160_m=3_j=20_t=20_var=20.txt

- MACHINE [0]

0 0 
1 0 
0 0 
0 0 
0 0 
0 1 
0 0 
0 0 
0 0 
0 0 
0 0 
0 0 
1 1 
0 1 
0 0 
0 0 
1 0 
1 1 
0 0 
1 1 

JOBS [2] - [18, 11]
TOOL SWITCHES : 0
MAKESPAN : 9

- MACHINE [1]

0 0 0 1 
1 1 1 1 
1 0 0 1 
1 1 0 1 
0 0 0 0 
0 0 0 0 
0 0 0 0 
1 1 1 0 
0 0 0 0 
0 0 0 0 
0 0 0 0 
1 0 1 0 
0 0 0 0 
0 0 0 0 
0 0 0 0 
1 1 1 0 
0 1 0 1 
0 1 1 0 
0 0 1 0 
0 0 0 0 

JOBS [4] - [16, 17, 4, 14]
TOOL SWITCHES : 0
MAKESPAN : 14

- MACHINE [2]

0 0 1 0 1 0 0 0 0 0 0 0 0 0 
0 0 0 0 0 0 0 0 0 1 1 0 1 1 
0 0 0 1 1 1 0 0 0 1 1 0 0 0 
0 1 0 0 0 0 0 1 0 0 0 1 0 0 
1 0 1 1 0 1 1 1 1 0 0 0 0 0 
0 0 1 1 0 0 0 0 0 0 0 0 0 0 
1 1 1 0 0 0 0 1 1 0 0 0 0 0 
1 0 0 1 1 1 1 0 0 1 0 0 0 1 
0 0 0 0 0 0 1 1 0 0 1 0 1 1 
0 1 1 0 1 1 0 0 0 0 0 1 0 0 
0 0 1 0 0 0 1 1 1 0 0 0 0 1 
0 0 0 0 0 0 0 0 0 0 0 0 1 1 
1 0 0 0 0 0 0 0 0 0 0 1 1 1 
0 0 0 0 0 1 0 1 0 1 0 0 0 0 
0 0 0 0 0 0 0 0 1 0 1 1 1 0 
0 0 0 0 1 1 0 0 0 0 0 0 0 0 
1 1 0 1 0 0 0 0 0 1 1 1 1 0 
0 0 0 0 0 0 0 0 0 0 0 0 0 0 
0 0 0 0 1 0 0 0 1 0 1 1 0 0 
1 1 1 1 0 0 1 0 0 0 0 0 0 0 

JOBS [14] - [6, 1, 8, 2, 15, 12, 19, 0, 9, 13, 5, 10, 3, 7]
TOOL SWITCHES : 6
MAKESPAN : 106

# -------------------------- #

--- TOTAL TOOL SWITCHES : 6
--- HIGHEST MAKESPAN : 106
--- TOTAL FLOWTIME : 800
--- RUNNING TIME : 2.72141

# -------------------------- #


avg : 7.25
