RUN : 1 - instancias_txt/SSP-NPM-I/ins141_m=3_j=20_t=20_var=1.txt

- MACHINE [0]

1 
0 
0 
0 
0 
0 
1 
1 
0 
0 
0 
0 
0 
0 
1 
0 
0 
1 
1 
0 

JOBS [1] - [2]
TOOL SWITCHES : 0
MAKESPAN : 4

- MACHINE [1]

0 1 
0 0 
0 0 
0 0 
0 0 
0 0 
0 0 
0 0 
0 0 
1 1 
1 0 
0 0 
0 1 
0 0 
1 1 
1 1 
0 0 
1 0 
0 1 
0 0 

JOBS [2] - [19, 1]
TOOL SWITCHES : 0
MAKESPAN : 9

- MACHINE [2]

0 0 0 0 0 0 0 0 0 0 1 0 0 1 1 0 0 
1 0 0 1 1 0 0 1 0 0 0 0 0 0 1 0 1 
0 0 1 0 0 1 0 1 1 0 0 0 0 1 1 0 1 
0 0 0 0 0 0 0 0 0 0 0 1 0 0 1 1 0 
1 1 0 0 0 0 1 0 0 0 0 0 0 0 0 1 0 
0 0 0 0 0 0 1 1 1 1 0 0 1 0 0 1 0 
0 0 0 0 0 0 0 1 1 1 0 1 1 0 0 0 1 
1 0 1 1 0 1 0 0 0 0 0 0 0 0 0 0 0 
1 0 1 0 0 0 0 0 0 1 1 1 0 1 1 0 0 
0 1 0 1 0 0 0 0 0 1 1 0 0 0 0 0 0 
0 0 0 0 0 1 1 0 0 1 1 0 1 1 0 1 0 
0 1 1 0 1 1 0 1 1 0 0 0 0 0 0 0 0 
0 1 0 1 1 1 1 0 0 0 0 1 0 0 0 0 1 
0 0 1 1 0 0 1 1 0 1 1 0 1 1 0 0 0 
1 1 1 0 0 1 1 0 0 1 0 0 0 0 0 0 1 
1 1 1 0 1 0 0 0 0 0 0 0 0 0 0 0 0 
0 0 0 1 1 0 0 0 1 0 1 0 1 0 0 0 0 
0 0 0 0 0 0 0 0 0 0 0 0 0 0 1 1 0 
1 0 0 0 1 0 0 1 0 0 0 1 1 0 0 0 0 
0 0 0 0 0 0 0 0 0 0 0 0 0 1 0 1 1 

JOBS [17] - [18, 11, 9, 8, 12, 7, 15, 5, 3, 10, 17, 6, 13, 14, 4, 16, 0]
TOOL SWITCHES : 8
MAKESPAN : 125

# -------------------------- #

--- TOTAL TOOL SWITCHES : 8
--- HIGHEST MAKESPAN : 125
--- TOTAL FLOWTIME : 1155
--- RUNNING TIME : 3.31152

# -------------------------- #
RUN : 1 - instancias_txt/SSP-NPM-I/ins142_m=3_j=20_t=20_var=2.txt

- MACHINE [0]

0 
1 
0 
0 
0 
1 
0 
1 
0 
1 
1 
0 
0 
0 
1 
0 
0 
1 
0 
0 

JOBS [1] - [1]
TOOL SWITCHES : 0
MAKESPAN : 10

- MACHINE [1]

0 0 1 0 0 1 
0 0 0 0 0 0 
1 0 0 1 1 0 
1 0 0 0 0 0 
0 0 0 0 0 0 
0 0 0 0 0 0 
1 1 0 0 0 0 
0 0 1 1 0 1 
0 1 1 1 1 0 
0 0 0 0 0 0 
0 0 0 0 0 0 
1 1 0 0 0 1 
1 0 0 1 0 1 
0 1 0 1 1 0 
0 0 0 0 0 0 
0 0 0 0 0 0 
0 0 0 1 0 1 
0 0 1 0 1 1 
0 1 1 1 1 0 
0 0 0 0 0 0 

JOBS [6] - [16, 5, 0, 2, 17, 19]
TOOL SWITCHES : 2
MAKESPAN : 43

- MACHINE [2]

0 0 0 0 0 1 0 1 1 0 0 0 1 
0 0 0 0 0 0 0 1 0 1 0 1 0 
1 0 1 0 1 0 0 0 0 0 0 0 0 
1 0 0 0 0 0 1 1 1 0 0 0 0 
1 0 1 0 0 0 1 0 0 1 0 1 1 
0 1 1 1 0 0 0 0 1 0 1 0 1 
1 0 1 0 0 0 0 0 0 0 1 1 0 
0 1 0 1 1 0 1 1 1 1 0 1 0 
0 0 0 0 0 0 0 0 0 0 0 0 0 
0 1 0 0 1 0 0 0 0 0 0 0 1 
0 0 0 0 0 0 0 1 0 1 1 1 0 
0 0 0 0 0 0 0 0 0 0 0 0 0 
0 1 1 0 0 0 0 0 0 0 0 0 0 
0 0 0 1 0 1 0 1 0 1 1 0 0 
0 0 0 0 1 1 0 0 0 0 1 1 1 
1 0 0 0 1 0 1 0 0 0 0 0 0 
0 0 0 0 1 1 1 0 0 0 0 0 0 
0 1 1 1 0 0 0 0 0 0 0 0 0 
0 1 0 0 1 0 0 0 0 0 1 1 1 
1 0 0 1 0 1 0 0 1 1 0 0 1 

JOBS [13] - [4, 12, 13, 6, 11, 7, 9, 3, 8, 10, 14, 15, 18]
TOOL SWITCHES : 5
MAKESPAN : 86

# -------------------------- #

--- TOTAL TOOL SWITCHES : 7
--- HIGHEST MAKESPAN : 86
--- TOTAL FLOWTIME : 772
--- RUNNING TIME : 3.2314

# -------------------------- #
RUN : 1 - instancias_txt/SSP-NPM-I/ins143_m=3_j=20_t=20_var=3.txt

- MACHINE [0]

0 
0 
0 
0 
1 
1 
0 
0 
1 
0 
0 
0 
1 
1 
0 
1 
0 
0 
0 
0 

JOBS [1] - [5]
TOOL SWITCHES : 0
MAKESPAN : 4

- MACHINE [1]

1 1 1 
1 1 1 
0 0 0 
1 0 1 
0 0 0 
1 1 0 
0 1 1 
1 0 1 
0 0 0 
0 0 0 
0 1 0 
0 0 0 
0 0 1 
0 0 0 
0 0 0 
0 0 0 
0 0 1 
0 0 0 
0 0 0 
1 1 0 

JOBS [3] - [9, 4, 7]
TOOL SWITCHES : 0
MAKESPAN : 26

- MACHINE [2]

0 0 0 0 0 0 0 0 0 1 0 0 1 0 0 0 
0 0 0 0 0 0 0 0 0 0 0 1 0 0 1 0 
0 0 1 1 0 1 0 1 1 0 0 0 0 0 0 0 
0 1 0 1 1 0 0 0 0 0 0 1 1 0 0 0 
1 0 1 1 0 1 1 1 1 0 0 0 0 1 0 0 
0 0 1 0 0 0 0 0 1 0 1 1 1 1 0 0 
1 1 0 0 0 0 0 0 0 0 0 0 0 0 0 0 
0 0 0 0 0 1 1 1 0 0 0 0 0 0 1 0 
1 0 1 1 1 0 1 0 0 0 1 0 1 0 0 1 
0 0 0 0 0 0 0 0 1 1 0 0 0 0 1 0 
0 0 0 0 0 0 0 0 0 0 0 0 0 1 1 1 
0 1 0 0 0 0 0 1 0 0 1 1 0 0 0 1 
0 0 0 0 0 0 0 0 0 0 0 0 0 0 0 0 
0 0 1 0 1 0 0 0 0 0 0 0 0 1 1 0 
0 0 0 1 0 0 0 1 0 1 1 1 0 1 1 0 
0 1 0 0 1 1 0 1 0 0 0 0 1 0 0 1 
0 0 0 0 1 1 0 0 0 1 1 0 0 0 0 1 
0 1 1 0 1 0 1 0 0 0 0 0 0 0 0 0 
1 0 0 0 0 0 1 1 1 0 0 1 0 1 0 1 
1 0 0 1 0 1 1 0 0 1 1 0 0 0 0 0 

JOBS [16] - [16, 15, 19, 18, 10, 13, 11, 0, 6, 1, 17, 8, 14, 2, 12, 3]
TOOL SWITCHES : 7
MAKESPAN : 116

# -------------------------- #

--- TOTAL TOOL SWITCHES : 7
--- HIGHEST MAKESPAN : 116
--- TOTAL FLOWTIME : 1085
--- RUNNING TIME : 3.79764

# -------------------------- #
RUN : 1 - instancias_txt/SSP-NPM-I/ins144_m=3_j=20_t=20_var=4.txt

- MACHINE [0]

1 
0 
0 
0 
0 
1 
1 
0 
0 
1 
0 
0 
1 
1 
0 
0 
0 
0 
0 
1 

JOBS [1] - [1]
TOOL SWITCHES : 0
MAKESPAN : 3

- MACHINE [1]

0 0 0 1 
0 0 1 0 
0 1 0 1 
0 0 0 0 
1 0 1 0 
1 1 1 1 
0 0 0 0 
1 1 0 1 
1 1 1 0 
1 0 1 0 
1 0 0 0 
0 1 0 1 
0 0 0 0 
0 0 0 0 
0 0 1 0 
0 0 0 0 
0 0 0 0 
0 1 1 0 
0 0 0 0 
0 0 0 0 

JOBS [4] - [17, 10, 12, 18]
TOOL SWITCHES : 2
MAKESPAN : 16

- MACHINE [2]

1 0 0 0 1 0 1 1 1 0 0 0 0 0 0 
0 0 0 0 0 0 0 0 0 0 0 1 1 0 1 
0 1 0 0 0 1 0 0 1 0 1 0 0 1 0 
1 1 0 1 1 1 0 1 0 0 1 0 1 1 0 
0 0 0 0 0 0 0 0 0 0 0 0 0 0 0 
0 0 0 0 0 0 0 0 0 0 0 0 0 0 0 
0 1 1 0 0 0 1 0 1 0 0 0 0 0 1 
0 0 1 1 0 1 1 0 0 1 0 0 0 0 0 
0 0 1 1 0 1 0 1 1 0 0 1 0 0 0 
0 1 1 0 1 0 0 1 0 0 0 0 0 1 0 
0 0 1 0 0 0 0 1 0 1 0 0 1 1 1 
0 0 0 0 0 0 0 0 0 0 0 1 0 1 0 
1 1 1 0 0 0 0 0 0 0 0 0 0 0 0 
0 0 0 0 0 0 0 0 0 1 1 1 0 0 1 
1 1 0 0 1 0 1 0 0 1 1 0 0 1 0 
0 0 0 1 1 1 1 0 0 0 1 1 1 0 1 
0 0 0 0 0 0 0 0 1 1 0 0 1 0 1 
1 0 0 0 0 1 0 0 1 0 1 0 0 0 0 
1 0 0 1 1 0 0 0 0 0 0 1 0 1 0 
0 0 1 1 1 1 1 1 0 0 0 0 0 0 0 

JOBS [15] - [5, 16, 4, 8, 9, 6, 7, 2, 11, 15, 3, 19, 0, 13, 14]
TOOL SWITCHES : 5
MAKESPAN : 73

# -------------------------- #

--- TOTAL TOOL SWITCHES : 7
--- HIGHEST MAKESPAN : 73
--- TOTAL FLOWTIME : 610
--- RUNNING TIME : 3.56135

# -------------------------- #
RUN : 1 - instancias_txt/SSP-NPM-I/ins145_m=3_j=20_t=20_var=5.txt

- MACHINE [0]

0 
1 
0 
1 
0 
0 
1 
0 
0 
0 
1 
0 
0 
0 
0 
1 
0 
0 
1 
0 

JOBS [1] - [15]
TOOL SWITCHES : 0
MAKESPAN : 6

- MACHINE [1]

1 1 
0 0 
0 0 
0 0 
0 0 
1 0 
0 0 
1 1 
0 0 
1 0 
0 0 
0 0 
0 0 
0 1 
0 1 
0 0 
0 0 
1 1 
1 0 
0 1 

JOBS [2] - [7, 2]
TOOL SWITCHES : 0
MAKESPAN : 19

- MACHINE [2]

0 0 1 1 1 0 0 0 0 0 0 0 0 0 0 0 0 
1 1 0 0 0 1 1 0 1 0 0 0 0 0 0 0 0 
0 0 1 1 1 0 0 1 1 0 0 1 0 0 1 0 0 
0 0 0 0 0 0 0 0 0 0 0 0 0 1 1 0 0 
1 1 0 1 0 1 0 0 0 0 0 1 0 0 1 1 1 
0 0 0 0 0 0 0 1 0 0 1 0 1 0 1 1 0 
0 0 0 0 1 0 0 0 0 0 0 0 0 1 0 0 0 
0 1 1 0 1 1 1 0 0 0 0 0 0 0 0 0 0 
1 0 1 0 1 0 1 1 0 0 0 0 0 0 0 0 0 
1 0 0 1 0 1 1 0 1 1 0 1 0 1 0 0 1 
0 0 1 0 0 1 0 0 0 1 1 0 1 1 0 1 1 
1 0 1 0 0 0 0 0 1 0 1 0 1 0 1 0 0 
1 1 0 0 0 0 0 0 1 1 1 0 1 0 0 0 0 
0 1 1 1 0 0 0 1 0 1 1 0 0 0 0 0 0 
0 0 0 0 0 0 0 0 0 0 0 0 0 1 0 0 0 
0 0 0 0 0 0 0 0 1 1 1 1 0 1 1 1 1 
0 0 0 0 0 1 1 1 0 0 1 1 0 0 0 0 0 
0 0 0 0 0 0 0 0 0 1 0 1 1 0 0 0 0 
1 0 0 1 0 0 0 1 1 0 0 0 1 0 0 0 1 
0 0 0 0 0 0 1 0 0 0 0 1 0 1 0 1 0 

JOBS [17] - [3, 4, 0, 19, 10, 8, 5, 6, 9, 14, 18, 12, 16, 1, 17, 13, 11]
TOOL SWITCHES : 8
MAKESPAN : 121

# -------------------------- #

--- TOTAL TOOL SWITCHES : 8
--- HIGHEST MAKESPAN : 121
--- TOTAL FLOWTIME : 1104
--- RUNNING TIME : 3.5678

# -------------------------- #
RUN : 1 - instancias_txt/SSP-NPM-I/ins146_m=3_j=20_t=20_var=6.txt

- MACHINE [0]

0 
0 
1 
0 
0 
1 
0 
0 
0 
1 
1 
1 
0 
1 
0 
0 
0 
0 
0 
1 

JOBS [1] - [18]
TOOL SWITCHES : 0
MAKESPAN : 10

- MACHINE [1]

1 
1 
0 
0 
1 
1 
0 
0 
0 
0 
0 
0 
1 
0 
0 
1 
0 
0 
0 
0 

JOBS [1] - [17]
TOOL SWITCHES : 0
MAKESPAN : 3

- MACHINE [2]

0 1 1 1 0 0 0 0 0 0 0 0 0 0 0 0 0 0 
0 0 0 0 0 0 0 0 0 0 0 0 0 0 0 1 1 0 
1 1 1 0 0 0 0 0 0 0 0 0 0 1 1 0 0 1 
1 0 0 1 0 0 0 1 1 1 0 1 0 0 0 0 1 0 
0 0 0 0 1 0 0 1 1 0 0 0 0 0 0 0 0 0 
1 1 1 0 0 1 1 0 0 0 1 0 0 1 1 1 1 0 
0 1 0 0 0 0 0 0 1 1 0 1 1 0 0 1 0 0 
0 0 0 0 0 0 0 0 0 0 0 1 1 1 0 0 0 0 
1 1 1 0 0 1 1 0 0 0 1 0 0 1 0 0 1 0 
0 0 0 0 0 0 0 0 0 1 1 0 0 0 0 0 0 0 
0 0 0 0 1 1 1 1 0 0 1 0 0 0 1 1 0 0 
0 0 0 0 0 0 0 0 0 0 0 0 1 0 0 1 0 0 
0 0 0 0 1 1 0 0 1 0 0 0 1 1 0 1 0 1 
1 0 0 1 0 0 0 0 0 0 0 0 0 0 0 0 0 0 
1 0 0 0 1 1 1 0 0 0 0 0 1 1 1 0 0 1 
0 0 0 0 0 0 0 0 0 0 1 1 0 0 1 0 0 1 
0 0 1 1 0 0 0 1 1 1 0 1 0 1 0 0 1 0 
0 1 0 1 0 0 0 1 1 1 0 0 0 0 0 0 0 0 
0 0 0 1 1 0 1 0 1 1 0 0 0 0 0 0 0 0 
0 1 1 0 1 1 0 0 0 0 1 0 0 0 1 1 1 1 

JOBS [18] - [15, 16, 9, 13, 2, 14, 10, 6, 8, 19, 1, 11, 4, 12, 7, 3, 0, 5]
TOOL SWITCHES : 7
MAKESPAN : 131

# -------------------------- #

--- TOTAL TOOL SWITCHES : 7
--- HIGHEST MAKESPAN : 131
--- TOTAL FLOWTIME : 1300
--- RUNNING TIME : 3.37837

# -------------------------- #
RUN : 1 - instancias_txt/SSP-NPM-I/ins147_m=3_j=20_t=20_var=7.txt

- MACHINE [0]

0 
0 
0 
0 
0 
0 
0 
0 
1 
1 
1 
0 
0 
0 
1 
1 
1 
0 
1 
0 

JOBS [1] - [15]
TOOL SWITCHES : 0
MAKESPAN : 4

- MACHINE [1]

0 0 1 1 
1 0 1 0 
0 0 0 0 
0 0 0 0 
0 0 0 0 
0 0 0 0 
0 0 0 0 
0 1 0 1 
0 0 0 1 
0 0 0 0 
0 0 0 0 
0 0 0 0 
0 0 0 0 
1 1 1 1 
0 1 1 0 
1 0 1 1 
1 1 0 0 
1 1 1 0 
1 1 0 0 
0 0 0 0 

JOBS [4] - [17, 9, 7, 13]
TOOL SWITCHES : 0
MAKESPAN : 23

- MACHINE [2]

0 0 0 1 0 0 1 0 0 0 1 0 0 1 0 
0 0 0 0 0 0 0 0 0 0 0 1 0 1 1 
1 0 1 0 0 0 0 0 1 1 0 0 0 0 0 
1 0 0 1 0 0 0 0 0 0 1 0 0 0 1 
1 0 1 1 0 1 0 0 0 0 0 0 0 0 0 
0 1 0 0 1 0 0 1 1 1 0 1 1 1 0 
0 0 1 0 0 0 1 0 0 0 0 0 0 0 1 
1 1 0 0 0 0 0 0 0 0 0 0 0 0 0 
0 1 0 0 0 0 0 0 0 0 0 0 0 0 0 
0 0 0 0 0 1 0 0 0 1 1 0 1 0 0 
1 0 0 0 1 1 1 0 0 0 0 1 0 0 0 
0 1 1 1 1 1 0 1 0 0 0 0 1 0 0 
0 0 0 0 0 0 0 0 1 1 0 1 0 0 1 
0 0 0 0 0 0 0 0 0 1 0 0 0 0 1 
0 0 0 0 0 0 0 0 0 0 1 0 1 1 1 
0 0 0 0 0 0 1 1 0 0 0 0 0 0 0 
0 0 1 0 1 1 1 1 0 0 0 1 0 0 1 
0 0 0 0 1 0 1 1 1 0 1 0 0 0 0 
0 0 0 1 0 0 0 0 1 1 0 0 1 1 0 
1 1 0 0 1 1 0 0 1 0 0 0 0 0 0 

JOBS [15] - [10, 4, 16, 0, 8, 1, 18, 14, 19, 6, 5, 12, 3, 2, 11]
TOOL SWITCHES : 7
MAKESPAN : 111

# -------------------------- #

--- TOTAL TOOL SWITCHES : 7
--- HIGHEST MAKESPAN : 111
--- TOTAL FLOWTIME : 955
--- RUNNING TIME : 2.92573

# -------------------------- #
RUN : 1 - instancias_txt/SSP-NPM-I/ins148_m=3_j=20_t=20_var=8.txt

- MACHINE [0]

0 
0 
1 
0 
0 
0 
0 
1 
1 
0 
0 
0 
0 
0 
0 
1 
0 
1 
1 
0 

JOBS [1] - [13]
TOOL SWITCHES : 0
MAKESPAN : 8

- MACHINE [1]

0 0 
0 0 
1 0 
0 0 
0 0 
0 0 
0 0 
0 0 
0 0 
0 1 
0 1 
0 0 
0 1 
1 1 
1 1 
1 1 
0 0 
1 0 
1 0 
0 0 

JOBS [2] - [6, 7]
TOOL SWITCHES : 0
MAKESPAN : 6

- MACHINE [2]

0 0 0 0 0 0 0 0 0 1 1 1 1 0 0 1 0 
1 0 0 0 1 1 1 0 0 0 1 0 0 1 1 0 1 
0 1 1 1 0 0 0 0 0 0 0 0 0 0 0 0 0 
0 0 0 1 0 0 0 1 1 0 0 0 0 0 0 0 0 
1 0 0 1 0 0 0 1 0 1 0 0 1 0 0 1 1 
0 1 0 1 1 0 0 0 0 0 0 1 0 1 0 0 0 
0 0 0 1 0 1 1 1 0 1 0 0 1 0 1 0 0 
0 0 0 0 1 0 0 1 1 0 0 1 1 1 0 0 1 
0 0 1 0 0 1 1 0 0 0 0 0 0 1 0 0 0 
0 0 0 0 0 0 0 0 0 0 0 0 0 0 1 1 0 
0 0 1 1 1 1 0 0 1 0 1 0 0 0 0 0 1 
1 0 0 0 1 1 0 0 0 0 0 0 0 0 0 0 0 
1 1 1 0 0 0 0 0 0 0 0 0 0 0 0 0 0 
1 0 0 0 1 1 1 0 0 0 0 0 0 0 0 0 0 
0 1 1 0 0 0 0 1 0 0 0 1 1 1 1 0 0 
0 0 0 0 0 0 0 1 1 1 0 1 0 0 1 0 0 
1 1 0 0 0 0 1 0 0 1 0 1 0 1 0 0 0 
0 1 0 0 0 0 0 0 1 1 1 0 0 0 1 1 1 
0 0 0 0 0 0 0 0 0 0 0 0 0 0 0 1 1 
0 0 0 0 0 0 0 0 1 0 1 0 1 1 0 1 0 

JOBS [17] - [9, 16, 18, 15, 4, 5, 8, 19, 0, 1, 11, 14, 10, 12, 17, 3, 2]
TOOL SWITCHES : 7
MAKESPAN : 123

# -------------------------- #

--- TOTAL TOOL SWITCHES : 7
--- HIGHEST MAKESPAN : 123
--- TOTAL FLOWTIME : 1114
--- RUNNING TIME : 3.33046

# -------------------------- #
RUN : 1 - instancias_txt/SSP-NPM-I/ins149_m=3_j=20_t=20_var=9.txt

- MACHINE [0]

0 
0 
1 
1 
0 
0 
0 
0 
1 
0 
0 
0 
0 
0 
1 
0 
1 
1 
0 
0 

JOBS [1] - [13]
TOOL SWITCHES : 0
MAKESPAN : 4

- MACHINE [1]

0 0 
0 0 
0 0 
0 0 
1 0 
1 1 
0 1 
0 1 
0 0 
0 1 
0 0 
1 1 
0 0 
0 0 
1 0 
0 0 
0 0 
0 1 
1 0 
1 1 

JOBS [2] - [14, 18]
TOOL SWITCHES : 0
MAKESPAN : 10

- MACHINE [2]

0 0 0 0 0 0 0 1 1 1 0 0 0 1 1 0 1 
1 1 0 0 0 1 1 1 1 0 0 1 1 1 0 1 0 
1 1 1 0 1 0 0 0 0 0 0 0 0 0 0 0 0 
0 0 0 0 0 0 0 0 0 0 0 1 1 0 0 0 1 
1 1 0 1 0 1 0 1 0 0 0 0 0 0 0 0 0 
1 0 0 0 1 0 0 0 0 0 0 0 0 0 0 0 0 
0 0 1 0 1 1 0 0 0 0 0 0 0 0 0 1 1 
0 1 0 0 1 0 1 0 0 1 1 1 0 0 0 0 0 
0 0 0 1 0 0 0 0 0 0 1 1 0 0 0 0 0 
1 1 1 0 1 0 1 0 1 0 1 0 1 0 1 0 0 
1 0 0 1 0 0 1 1 0 1 0 0 0 0 0 0 0 
0 0 0 0 0 1 1 0 0 1 0 1 0 0 1 1 0 
0 0 0 0 0 0 0 0 0 0 0 0 1 0 0 1 0 
0 1 1 1 1 1 0 1 1 0 0 1 0 1 1 0 1 
1 1 1 1 0 0 0 0 1 0 1 0 1 0 0 0 0 
0 0 1 0 0 0 1 1 0 1 1 1 0 0 1 1 0 
0 0 0 0 0 0 0 0 1 1 1 0 0 0 0 0 0 
0 0 0 0 1 1 0 0 0 1 0 0 1 1 0 0 0 
0 0 0 0 0 0 0 0 0 0 1 0 1 1 0 0 1 
0 0 0 0 0 0 0 0 0 0 0 0 0 1 0 0 1 

JOBS [17] - [6, 3, 12, 4, 8, 11, 10, 16, 9, 17, 0, 5, 7, 2, 19, 15, 1]
TOOL SWITCHES : 7
MAKESPAN : 117

# -------------------------- #

--- TOTAL TOOL SWITCHES : 7
--- HIGHEST MAKESPAN : 117
--- TOTAL FLOWTIME : 926
--- RUNNING TIME : 3.2413

# -------------------------- #
RUN : 1 - instancias_txt/SSP-NPM-I/ins150_m=3_j=20_t=20_var=10.txt

- MACHINE [0]

1 
1 
0 
1 
0 
0 
1 
0 
0 
1 
0 
0 
0 
0 
0 
0 
0 
0 
1 
1 

JOBS [1] - [9]
TOOL SWITCHES : 0
MAKESPAN : 7

- MACHINE [1]

0 1 0 1 
0 0 0 0 
0 0 0 1 
0 0 0 0 
0 0 0 0 
0 0 0 0 
0 0 0 0 
0 1 1 0 
0 0 0 0 
0 0 0 0 
1 0 1 0 
1 0 1 1 
1 0 0 0 
1 1 1 0 
0 1 1 1 
0 0 0 0 
1 1 0 1 
0 0 0 0 
0 0 0 0 
0 1 0 0 

JOBS [4] - [4, 19, 15, 1]
TOOL SWITCHES : 0
MAKESPAN : 19

- MACHINE [2]

0 0 0 0 0 0 0 0 0 0 0 0 0 1 0 
0 0 1 1 1 0 0 0 0 0 0 0 0 0 0 
1 1 0 0 0 0 1 0 0 0 1 1 0 0 0 
1 1 1 0 0 1 0 0 0 1 0 0 0 0 1 
1 0 1 0 0 1 1 0 0 0 0 0 0 0 0 
1 1 0 1 0 0 0 1 0 1 0 1 0 1 1 
0 1 1 0 1 0 1 1 1 0 0 0 0 0 0 
0 0 0 0 1 0 0 0 0 0 0 0 0 0 0 
0 0 0 0 0 1 0 1 1 0 0 0 0 1 1 
1 1 0 0 0 0 0 0 0 0 0 0 0 0 0 
0 0 0 1 0 1 1 0 1 0 1 1 1 0 0 
0 0 0 1 0 0 1 0 0 0 1 0 1 1 0 
0 0 0 1 0 0 1 1 0 1 0 1 0 1 0 
0 0 0 0 0 0 0 0 1 1 0 0 1 0 0 
1 1 0 0 0 0 0 0 0 0 0 0 0 0 0 
1 0 0 1 1 1 0 0 0 0 0 1 0 0 1 
0 0 0 0 0 0 0 0 0 1 0 1 0 1 0 
0 0 1 1 1 0 0 1 1 0 1 0 0 0 1 
0 0 0 0 0 1 0 1 0 0 1 0 1 0 0 
0 0 1 0 1 1 0 1 1 1 0 0 1 0 1 

JOBS [15] - [2, 10, 16, 12, 11, 6, 8, 7, 5, 18, 3, 0, 14, 17, 13]
TOOL SWITCHES : 7
MAKESPAN : 103

# -------------------------- #

--- TOTAL TOOL SWITCHES : 7
--- HIGHEST MAKESPAN : 103
--- TOTAL FLOWTIME : 814
--- RUNNING TIME : 3.29302

# -------------------------- #
RUN : 1 - instancias_txt/SSP-NPM-I/ins151_m=3_j=20_t=20_var=11.txt

- MACHINE [0]

0 0 
1 1 
0 0 
0 0 
0 0 
0 0 
0 0 
1 1 
0 0 
0 0 
0 1 
1 1 
0 0 
0 0 
0 0 
0 0 
1 0 
0 0 
1 1 
1 0 

JOBS [2] - [4, 1]
TOOL SWITCHES : 0
MAKESPAN : 7

- MACHINE [1]

0 0 
0 0 
0 0 
0 1 
0 0 
1 0 
0 0 
1 1 
1 0 
0 0 
0 1 
0 0 
0 0 
1 1 
0 0 
1 1 
0 1 
0 0 
0 0 
0 1 

JOBS [2] - [13, 19]
TOOL SWITCHES : 0
MAKESPAN : 16

- MACHINE [2]

1 0 1 0 0 0 0 0 0 1 1 0 0 1 0 1 
1 1 0 1 0 1 0 0 0 0 0 0 0 0 0 0 
0 0 0 0 0 0 0 0 0 0 0 1 1 0 1 1 
0 0 0 0 1 0 0 1 0 0 0 0 0 1 1 1 
0 1 0 0 0 1 1 0 0 0 0 1 1 0 0 1 
0 0 0 0 0 0 0 0 0 0 0 0 0 0 0 0 
0 1 1 0 1 0 0 1 1 1 0 1 1 0 1 0 
1 0 1 0 0 1 0 0 1 0 1 1 1 1 0 0 
0 0 0 0 0 0 0 0 0 0 0 0 1 1 0 0 
1 0 1 0 1 0 1 0 1 1 0 0 1 0 0 0 
0 0 1 0 1 0 0 1 1 0 1 0 0 0 0 0 
0 0 0 0 0 0 0 0 0 0 0 0 0 1 0 1 
1 1 1 1 0 0 0 0 0 0 0 0 0 0 0 0 
0 0 0 1 0 0 0 0 0 0 1 0 0 0 1 1 
0 0 0 0 0 0 0 1 0 1 0 1 0 0 0 1 
0 0 0 0 0 0 1 1 1 0 1 0 0 0 0 0 
1 1 0 1 0 1 0 0 0 0 0 0 0 0 0 0 
0 0 0 0 1 1 1 0 1 0 0 1 0 1 0 0 
0 1 0 1 0 0 1 1 0 0 0 0 0 0 0 0 
0 1 0 1 1 0 1 0 0 1 0 0 0 0 1 0 

JOBS [16] - [18, 9, 7, 16, 5, 11, 14, 12, 2, 8, 6, 0, 3, 10, 17, 15]
TOOL SWITCHES : 6
MAKESPAN : 115

# -------------------------- #

--- TOTAL TOOL SWITCHES : 6
--- HIGHEST MAKESPAN : 115
--- TOTAL FLOWTIME : 966
--- RUNNING TIME : 2.86888

# -------------------------- #
RUN : 1 - instancias_txt/SSP-NPM-I/ins152_m=3_j=20_t=20_var=12.txt

- MACHINE [0]

1 
0 
1 
0 
0 
0 
1 
0 
0 
0 
1 
0 
0 
0 
1 
1 
0 
0 
0 
0 

JOBS [1] - [5]
TOOL SWITCHES : 0
MAKESPAN : 5

- MACHINE [1]

0 
0 
0 
0 
1 
0 
0 
1 
1 
0 
0 
1 
0 
0 
0 
0 
0 
0 
1 
1 

JOBS [1] - [10]
TOOL SWITCHES : 0
MAKESPAN : 3

- MACHINE [2]

0 1 0 0 0 0 0 0 1 0 1 1 1 1 1 0 0 1 
1 0 0 1 0 1 1 0 0 1 1 1 0 0 0 0 1 1 
1 1 0 1 0 1 0 0 0 0 0 0 0 0 0 0 0 0 
1 0 0 1 0 0 0 1 0 0 0 1 0 1 0 1 1 1 
0 0 0 0 0 0 0 0 0 1 1 1 1 0 1 0 0 0 
0 0 0 0 0 0 0 0 0 0 0 0 0 1 1 0 0 0 
0 1 1 0 0 1 0 1 1 0 0 0 0 0 0 0 0 0 
0 0 0 0 0 0 0 0 0 0 1 0 1 0 0 0 0 1 
0 0 0 1 1 1 0 0 1 1 0 1 0 0 0 1 1 0 
0 0 1 0 1 0 0 0 0 1 0 1 0 1 0 0 1 1 
1 1 1 0 0 0 0 0 0 0 0 0 0 0 0 0 0 0 
0 0 1 0 1 0 1 0 0 0 0 0 0 0 0 0 0 0 
0 0 0 0 0 0 0 1 0 0 0 0 1 0 1 1 1 1 
0 0 0 0 0 0 1 1 1 1 1 0 0 0 0 0 1 0 
0 0 0 0 0 0 0 0 0 0 0 0 0 0 0 1 1 0 
1 1 0 0 1 0 1 0 0 0 1 0 1 1 0 0 0 0 
0 0 1 1 1 0 0 1 0 0 0 0 0 0 1 1 0 0 
1 0 1 0 0 1 1 0 0 0 0 0 0 1 0 1 0 0 
0 0 1 0 0 0 1 0 1 0 0 0 1 0 0 0 0 0 
1 1 0 1 1 1 0 1 0 0 0 0 0 0 0 0 0 0 

JOBS [18] - [16, 11, 4, 6, 18, 7, 14, 8, 9, 17, 19, 15, 13, 1, 12, 0, 2, 3]
TOOL SWITCHES : 7
MAKESPAN : 120

# -------------------------- #

--- TOTAL TOOL SWITCHES : 7
--- HIGHEST MAKESPAN : 120
--- TOTAL FLOWTIME : 1197
--- RUNNING TIME : 3.42657

# -------------------------- #
RUN : 1 - instancias_txt/SSP-NPM-I/ins153_m=3_j=20_t=20_var=13.txt

- MACHINE [0]

1 
0 
1 
0 
0 
1 
0 
1 
0 
0 
1 
0 
0 
1 
0 
0 
0 
0 
0 
0 

JOBS [1] - [10]
TOOL SWITCHES : 0
MAKESPAN : 8

- MACHINE [1]

1 0 
1 0 
0 0 
0 0 
0 0 
0 0 
0 0 
0 0 
0 1 
0 1 
0 0 
1 1 
1 0 
0 0 
1 1 
0 1 
0 1 
0 0 
0 0 
1 0 

JOBS [2] - [6, 0]
TOOL SWITCHES : 0
MAKESPAN : 14

- MACHINE [2]

0 1 1 1 0 0 0 0 0 0 0 0 0 0 0 0 0 
0 0 0 1 1 0 0 1 0 0 0 1 1 1 1 0 0 
0 0 0 0 0 0 0 0 0 0 0 1 1 0 1 1 0 
0 0 1 0 1 1 0 0 0 1 1 0 0 0 1 1 0 
1 0 1 0 1 0 0 1 1 0 0 0 0 0 0 0 0 
1 1 0 0 0 0 0 0 0 0 0 0 0 1 1 1 1 
0 1 0 1 1 1 0 0 0 0 0 0 0 0 0 0 0 
0 0 0 0 1 0 0 1 1 1 1 0 1 0 0 1 1 
0 1 1 0 0 0 1 0 0 0 1 0 1 0 1 1 0 
1 0 0 0 0 1 1 0 0 0 1 0 0 0 0 1 1 
1 0 1 0 1 1 0 1 0 0 0 0 0 0 0 0 0 
0 0 0 0 0 0 1 0 1 0 0 0 0 0 0 0 0 
0 0 0 0 0 0 0 0 1 0 0 1 1 0 1 0 0 
0 0 1 0 0 1 0 1 0 1 0 0 0 1 1 1 0 
0 0 0 0 0 0 0 0 0 0 0 0 0 0 0 0 0 
1 0 0 1 0 0 0 0 1 0 0 1 1 1 0 0 1 
0 1 0 1 0 0 1 0 0 1 0 0 1 0 0 0 0 
0 1 0 0 0 0 1 1 1 0 0 0 0 1 0 0 0 
0 0 0 0 0 0 0 0 0 1 1 1 0 1 0 0 1 
0 0 0 0 0 1 1 1 0 0 0 1 0 0 0 0 0 

JOBS [17] - [17, 9, 2, 5, 1, 3, 13, 7, 18, 16, 4, 19, 8, 11, 15, 12, 14]
TOOL SWITCHES : 7
MAKESPAN : 122

# -------------------------- #

--- TOTAL TOOL SWITCHES : 7
--- HIGHEST MAKESPAN : 122
--- TOTAL FLOWTIME : 1159
--- RUNNING TIME : 3.34298

# -------------------------- #
RUN : 1 - instancias_txt/SSP-NPM-I/ins154_m=3_j=20_t=20_var=14.txt

- MACHINE [0]

1 
0 
1 
0 
0 
0 
1 
0 
1 
0 
0 
0 
0 
0 
0 
0 
1 
0 
0 
1 

JOBS [1] - [13]
TOOL SWITCHES : 0
MAKESPAN : 4

- MACHINE [1]

1 1 
1 0 
0 1 
0 1 
1 0 
0 1 
0 0 
1 0 
1 0 
0 0 
1 0 
0 0 
0 0 
0 1 
0 0 
0 0 
0 0 
0 0 
0 0 
0 0 

JOBS [2] - [2, 9]
TOOL SWITCHES : 0
MAKESPAN : 15

- MACHINE [2]

0 0 0 0 0 0 0 0 0 0 0 0 0 0 0 0 0 
0 0 0 0 0 0 0 0 0 1 0 0 1 0 1 0 0 
1 0 0 0 0 1 1 0 1 0 0 0 0 0 0 0 0 
0 0 0 1 0 0 0 1 0 0 1 0 1 0 0 0 1 
0 1 0 0 1 0 0 0 0 1 1 0 1 0 0 1 1 
0 0 0 0 0 0 0 0 0 1 0 1 1 1 1 1 0 
0 1 0 1 0 0 0 0 0 0 0 0 0 0 1 1 0 
0 0 0 0 0 0 0 0 0 0 1 0 1 1 1 0 1 
0 1 1 0 0 0 0 0 0 0 0 1 0 0 0 1 0 
1 0 1 1 0 0 0 0 1 0 1 0 1 0 0 0 1 
0 0 1 1 0 1 1 0 1 0 0 0 0 0 0 0 0 
0 1 0 0 0 1 0 0 0 0 0 1 0 1 1 0 0 
1 0 0 1 1 0 1 1 1 0 0 1 0 0 1 0 1 
0 0 0 0 1 1 0 0 0 1 1 1 0 1 0 1 0 
1 0 0 0 1 1 0 0 0 0 0 0 0 0 0 0 0 
0 0 1 0 0 1 0 1 0 1 0 1 0 1 0 1 0 
1 1 1 0 0 0 0 0 0 0 0 0 0 0 0 0 0 
0 0 0 0 0 0 1 1 1 1 0 0 0 0 0 0 0 
1 0 0 0 0 0 0 1 1 0 0 0 1 0 0 0 0 
0 0 1 1 1 1 1 1 0 0 0 0 0 1 0 0 1 

JOBS [17] - [4, 14, 7, 18, 0, 15, 16, 17, 10, 3, 12, 6, 1, 19, 8, 5, 11]
TOOL SWITCHES : 7
MAKESPAN : 117

# -------------------------- #

--- TOTAL TOOL SWITCHES : 7
--- HIGHEST MAKESPAN : 117
--- TOTAL FLOWTIME : 1006
--- RUNNING TIME : 3.40786

# -------------------------- #
RUN : 1 - instancias_txt/SSP-NPM-I/ins155_m=3_j=20_t=20_var=15.txt

- MACHINE [0]

0 
1 
0 
0 
0 
1 
0 
0 
0 
0 
0 
0 
1 
1 
0 
1 
0 
1 
0 
0 

JOBS [1] - [7]
TOOL SWITCHES : 0
MAKESPAN : 2

- MACHINE [1]

1 1 0 
1 1 1 
0 1 0 
1 0 1 
0 0 0 
1 1 0 
0 0 0 
0 0 0 
1 1 1 
0 0 0 
0 1 1 
0 0 1 
0 0 0 
0 0 0 
0 0 0 
0 0 0 
1 0 1 
0 0 0 
0 0 0 
0 0 1 

JOBS [3] - [3, 9, 11]
TOOL SWITCHES : 0
MAKESPAN : 20

- MACHINE [2]

0 0 0 1 0 0 1 0 1 1 1 0 0 0 0 0 
0 0 0 1 1 0 0 0 0 0 0 0 0 0 0 0 
0 1 0 1 0 0 1 1 0 1 0 0 0 1 0 0 
0 0 1 1 1 1 0 0 1 1 1 1 0 0 0 0 
0 1 0 1 1 1 0 0 1 1 0 0 0 1 0 1 
0 0 0 0 0 0 0 0 1 0 0 1 0 0 1 0 
1 1 1 0 0 0 0 0 0 0 0 0 0 0 0 0 
0 0 0 0 0 0 0 0 0 0 0 0 1 1 1 0 
1 0 1 0 0 1 0 0 0 0 0 0 0 0 0 0 
0 1 0 0 1 1 0 1 1 0 0 1 0 0 0 1 
0 0 0 0 0 1 0 0 0 0 1 0 0 0 1 1 
1 1 0 0 0 0 0 0 0 0 0 0 0 0 0 0 
0 0 0 0 0 0 0 0 0 0 0 0 1 0 0 0 
0 0 0 0 1 1 0 1 1 0 0 0 0 0 0 0 
1 1 1 0 0 0 1 0 0 1 0 0 0 1 1 0 
0 0 1 0 0 0 1 1 1 0 0 0 0 1 1 1 
0 0 1 1 0 0 1 0 0 0 1 0 1 1 0 0 
1 0 1 0 1 0 1 1 0 1 0 1 1 0 1 0 
0 0 0 1 1 0 0 1 0 1 1 1 0 0 0 0 
0 0 0 0 0 0 0 0 0 0 1 0 1 1 1 1 

JOBS [16] - [13, 15, 6, 2, 1, 8, 19, 12, 14, 5, 4, 10, 16, 18, 0, 17]
TOOL SWITCHES : 7
MAKESPAN : 115

# -------------------------- #

--- TOTAL TOOL SWITCHES : 7
--- HIGHEST MAKESPAN : 115
--- TOTAL FLOWTIME : 1026
--- RUNNING TIME : 3.05559

# -------------------------- #
RUN : 1 - instancias_txt/SSP-NPM-I/ins156_m=3_j=20_t=20_var=16.txt

- MACHINE [0]

1 
1 
0 
1 
0 
0 
1 
1 
0 
0 
0 
0 
0 
0 
1 
0 
0 
0 
0 
0 

JOBS [1] - [2]
TOOL SWITCHES : 0
MAKESPAN : 4

- MACHINE [1]

0 0 0 
1 0 1 
0 0 0 
0 0 0 
0 0 0 
0 0 1 
1 1 0 
1 0 0 
0 0 0 
0 0 0 
1 1 1 
0 0 0 
0 1 1 
0 1 1 
0 1 0 
0 0 0 
0 1 0 
0 0 0 
1 1 0 
0 0 0 

JOBS [3] - [7, 8, 19]
TOOL SWITCHES : 0
MAKESPAN : 19

- MACHINE [2]

1 0 1 0 0 0 1 0 0 0 0 0 1 1 0 1 
0 1 1 0 0 1 1 1 1 1 0 0 0 0 0 0 
0 0 0 1 0 1 0 0 0 0 0 0 0 1 1 0 
1 0 0 0 1 0 0 0 0 0 0 1 0 0 0 0 
0 1 0 1 0 0 0 1 0 1 0 0 0 0 1 1 
1 1 1 1 0 0 0 1 0 0 0 0 0 0 0 0 
1 1 0 0 0 0 0 0 0 0 0 0 1 0 0 0 
0 0 0 0 0 0 0 0 0 0 0 0 0 0 0 0 
0 1 0 1 0 0 0 1 0 1 0 0 1 0 1 0 
0 0 1 1 1 0 0 0 1 0 1 0 0 0 0 0 
1 0 1 0 1 0 1 0 1 0 0 0 0 0 0 0 
0 1 1 0 1 1 1 1 0 0 1 0 1 1 0 0 
0 0 0 0 0 0 0 0 0 1 0 1 0 1 1 0 
0 0 0 0 0 0 0 0 0 0 0 0 0 0 0 0 
0 0 0 0 0 0 0 0 1 0 1 1 0 0 0 0 
1 0 0 0 1 1 0 0 0 1 0 0 0 0 1 1 
0 0 0 0 0 0 0 0 0 0 0 1 1 0 0 1 
1 0 0 0 0 1 1 0 1 0 0 1 0 0 0 1 
0 0 0 1 1 1 0 0 1 1 1 0 1 0 1 0 
0 0 0 0 0 0 0 0 0 0 1 1 0 1 0 1 

JOBS [16] - [18, 0, 14, 10, 3, 16, 4, 15, 17, 1, 13, 6, 5, 12, 9, 11]
TOOL SWITCHES : 6
MAKESPAN : 101

# -------------------------- #

--- TOTAL TOOL SWITCHES : 6
--- HIGHEST MAKESPAN : 101
--- TOTAL FLOWTIME : 934
--- RUNNING TIME : 3.26323

# -------------------------- #
RUN : 1 - instancias_txt/SSP-NPM-I/ins157_m=3_j=20_t=20_var=17.txt

- MACHINE [0]

0 0 
0 0 
0 1 
0 0 
1 1 
1 1 
0 0 
1 1 
0 0 
1 1 
0 0 
0 0 
0 0 
0 0 
1 0 
0 0 
0 0 
1 1 
0 0 
0 0 

JOBS [2] - [11, 14]
TOOL SWITCHES : 0
MAKESPAN : 3

- MACHINE [1]

1 0 
0 0 
0 0 
1 1 
1 1 
0 0 
0 0 
0 0 
0 0 
0 0 
0 0 
0 1 
0 0 
0 1 
1 0 
1 1 
1 0 
0 0 
0 0 
0 0 

JOBS [2] - [8, 0]
TOOL SWITCHES : 0
MAKESPAN : 8

- MACHINE [2]

0 0 0 0 1 1 1 0 1 0 0 0 0 0 1 1 
0 1 0 1 1 0 0 0 0 0 0 0 0 0 0 0 
1 0 1 0 0 1 0 0 0 1 1 0 1 0 1 0 
0 1 1 0 0 0 1 1 1 0 0 0 0 0 0 0 
0 0 0 0 0 0 0 0 0 0 1 0 1 1 1 1 
0 0 0 1 0 1 0 0 0 1 1 0 0 0 0 1 
0 0 0 0 1 1 0 1 1 0 1 1 0 0 0 0 
0 0 0 0 0 0 0 0 0 1 0 0 1 0 0 1 
1 0 0 0 0 1 1 0 1 0 1 1 0 0 0 1 
0 0 0 0 0 0 0 1 0 1 0 0 0 0 0 0 
0 1 1 1 0 0 0 0 1 0 1 0 0 1 0 0 
0 0 0 0 0 0 0 0 0 0 0 0 0 0 0 0 
0 0 1 1 0 0 1 1 0 0 0 0 0 1 1 0 
1 1 0 0 1 0 0 1 1 0 0 1 1 1 0 0 
1 0 1 0 0 0 0 0 0 0 0 0 0 0 0 0 
0 0 0 0 0 0 1 0 0 1 1 1 0 1 0 1 
1 1 0 1 0 0 0 0 0 0 0 0 1 0 1 1 
1 0 0 1 1 1 1 0 0 0 0 0 0 0 0 0 
0 1 0 0 1 0 1 1 0 0 0 1 0 1 0 0 
0 0 0 0 0 0 0 0 1 1 0 1 0 1 1 0 

JOBS [16] - [15, 10, 12, 1, 6, 7, 2, 4, 18, 19, 3, 9, 17, 5, 13, 16]
TOOL SWITCHES : 7
MAKESPAN : 119

# -------------------------- #

--- TOTAL TOOL SWITCHES : 7
--- HIGHEST MAKESPAN : 119
--- TOTAL FLOWTIME : 1103
--- RUNNING TIME : 2.96324

# -------------------------- #
RUN : 1 - instancias_txt/SSP-NPM-I/ins158_m=3_j=20_t=20_var=18.txt

- MACHINE [0]

0 
0 
1 
0 
0 
0 
1 
0 
1 
0 
0 
0 
0 
0 
1 
1 
0 
0 
0 
1 

JOBS [1] - [18]
TOOL SWITCHES : 0
MAKESPAN : 6

- MACHINE [1]

1 1 
0 0 
1 1 
0 0 
0 0 
0 1 
0 0 
0 0 
0 0 
0 1 
1 0 
1 0 
0 1 
1 0 
0 0 
0 0 
0 0 
0 0 
1 1 
0 0 

JOBS [2] - [2, 7]
TOOL SWITCHES : 0
MAKESPAN : 11

- MACHINE [2]

1 0 1 0 0 1 1 1 0 0 0 0 0 0 1 0 1 
0 0 1 0 1 0 0 0 0 0 1 0 1 1 0 0 0 
0 0 0 0 0 0 0 0 0 0 0 0 0 0 0 0 0 
0 0 0 0 0 1 0 0 0 0 1 0 0 1 1 0 0 
0 1 1 0 0 0 0 0 0 0 0 0 0 0 0 0 0 
0 0 0 0 0 1 0 1 1 1 0 0 0 0 0 0 0 
0 0 0 0 0 0 0 0 0 0 0 1 1 0 0 1 1 
0 0 0 1 1 1 0 0 0 0 0 0 0 0 0 0 0 
0 0 0 0 0 0 0 1 1 1 1 0 1 1 0 1 0 
1 1 0 0 1 0 0 0 1 0 0 0 0 0 0 0 0 
0 0 0 1 0 1 1 0 0 0 1 1 0 0 0 1 1 
0 1 0 0 0 0 1 1 1 1 0 0 0 1 1 0 0 
0 1 1 1 1 0 0 0 0 0 0 0 0 1 0 0 1 
0 0 0 1 0 0 0 0 0 1 0 0 0 1 1 0 1 
0 0 0 1 1 1 1 0 0 0 0 0 0 0 0 0 0 
1 1 0 1 1 0 0 0 0 0 0 0 1 0 0 1 1 
0 0 0 0 0 0 0 0 0 0 0 1 1 0 1 1 0 
1 0 0 0 0 0 0 1 1 1 1 0 1 0 0 0 1 
0 0 0 0 0 0 1 0 1 1 1 1 1 0 1 1 0 
1 0 1 0 0 0 1 1 0 0 1 1 0 0 0 0 0 

JOBS [17] - [13, 17, 8, 10, 3, 1, 9, 14, 16, 5, 6, 19, 4, 12, 11, 0, 15]
TOOL SWITCHES : 7
MAKESPAN : 109

# -------------------------- #

--- TOTAL TOOL SWITCHES : 7
--- HIGHEST MAKESPAN : 109
--- TOTAL FLOWTIME : 1018
--- RUNNING TIME : 3.15196

# -------------------------- #
RUN : 1 - instancias_txt/SSP-NPM-I/ins159_m=3_j=20_t=20_var=19.txt

- MACHINE [0]

0 
0 
0 
1 
1 
0 
0 
0 
0 
0 
0 
1 
0 
0 
0 
1 
0 
1 
0 
0 

JOBS [1] - [17]
TOOL SWITCHES : 0
MAKESPAN : 5

- MACHINE [1]

0 0 
0 1 
0 1 
1 0 
0 0 
0 0 
0 1 
1 1 
0 0 
1 0 
0 0 
0 0 
1 1 
0 0 
0 0 
0 0 
1 0 
1 1 
0 0 
1 1 

JOBS [2] - [6, 12]
TOOL SWITCHES : 0
MAKESPAN : 8

- MACHINE [2]

1 1 0 1 1 0 1 1 0 0 0 0 1 0 1 0 1 
0 0 0 0 0 0 0 0 0 1 0 1 0 0 0 0 1 
0 1 1 0 0 1 0 0 1 0 1 0 1 0 0 0 0 
0 0 0 0 0 1 0 1 1 0 1 0 0 0 1 0 1 
0 0 1 0 0 0 1 0 0 0 0 1 0 0 1 0 0 
1 0 1 0 0 1 1 0 0 1 0 0 0 0 0 0 0 
0 0 0 0 0 0 0 0 0 0 0 0 0 0 1 0 1 
0 1 0 0 1 1 0 0 0 0 0 0 0 0 0 0 0 
0 0 0 0 1 1 0 0 0 1 0 1 0 1 0 1 1 
0 0 0 0 0 0 0 0 0 0 0 0 0 1 0 1 0 
1 1 0 1 0 0 0 0 0 0 0 0 0 0 0 0 0 
1 0 0 1 0 0 0 0 1 0 0 0 0 0 0 1 1 
1 0 0 0 0 1 0 0 1 1 1 0 0 1 0 0 0 
0 1 1 1 0 0 0 0 0 0 0 0 0 0 1 1 0 
1 0 0 1 0 0 1 1 0 1 1 1 1 1 0 1 0 
0 0 0 0 0 0 0 1 1 1 0 1 1 0 0 0 0 
0 1 1 0 1 0 0 0 1 0 1 1 1 1 0 1 0 
1 0 0 1 1 0 0 0 0 0 0 0 0 0 0 0 0 
0 0 1 0 1 0 1 1 0 0 0 0 0 0 0 0 0 
0 0 0 0 0 0 0 0 0 0 1 0 1 1 1 1 0 

JOBS [17] - [0, 13, 9, 5, 14, 4, 10, 1, 15, 8, 7, 2, 19, 11, 18, 3, 16]
TOOL SWITCHES : 7
MAKESPAN : 111

# -------------------------- #

--- TOTAL TOOL SWITCHES : 7
--- HIGHEST MAKESPAN : 111
--- TOTAL FLOWTIME : 981
--- RUNNING TIME : 3.28411

# -------------------------- #
RUN : 1 - instancias_txt/SSP-NPM-I/ins160_m=3_j=20_t=20_var=20.txt

- MACHINE [0]

0 0 
1 0 
0 0 
0 0 
0 0 
0 1 
0 0 
0 0 
0 0 
0 0 
0 0 
0 0 
1 1 
0 1 
0 0 
0 0 
1 0 
1 1 
0 0 
1 1 

JOBS [2] - [18, 11]
TOOL SWITCHES : 0
MAKESPAN : 9

- MACHINE [1]

0 0 1 0 
1 1 1 1 
1 0 1 0 
1 0 1 1 
0 0 0 0 
0 0 0 0 
0 0 0 0 
1 1 0 1 
0 0 0 0 
0 0 0 0 
0 0 0 0 
1 1 0 0 
0 0 0 0 
0 0 0 0 
0 0 0 0 
1 1 0 1 
0 0 1 1 
0 1 0 1 
0 1 0 0 
0 0 0 0 

JOBS [4] - [16, 4, 14, 17]
TOOL SWITCHES : 0
MAKESPAN : 14

- MACHINE [2]

0 0 0 0 0 0 0 0 0 0 1 1 0 0 
0 1 0 1 0 0 1 1 0 0 0 0 0 0 
0 0 0 0 0 0 1 1 0 1 1 0 0 1 
0 0 0 0 0 1 0 0 1 0 0 0 1 0 
1 0 1 0 1 0 0 0 1 1 0 1 0 1 
0 0 0 0 0 0 0 0 0 0 0 1 0 1 
1 0 0 0 1 0 0 0 1 0 0 1 1 0 
1 0 1 1 0 0 0 1 0 1 1 0 0 1 
0 1 1 1 0 0 1 0 1 0 0 0 0 0 
0 0 0 0 0 1 0 0 0 1 1 1 1 0 
0 0 1 1 1 0 0 0 1 0 0 1 0 0 
0 1 0 1 0 0 0 0 0 0 0 0 0 0 
1 1 0 1 0 1 0 0 0 0 0 0 0 0 
0 0 0 0 0 0 0 1 1 1 0 0 0 0 
0 1 0 0 1 1 1 0 0 0 0 0 0 0 
0 0 0 0 0 0 0 0 0 1 1 0 0 0 
1 1 0 0 0 1 1 1 0 0 0 0 1 1 
0 0 0 0 0 0 0 0 0 0 0 0 0 0 
0 0 0 0 1 1 1 0 0 0 1 0 0 0 
1 0 1 0 0 0 0 0 0 0 0 1 1 1 

JOBS [14] - [6, 3, 19, 7, 9, 10, 5, 13, 0, 12, 15, 8, 1, 2]
TOOL SWITCHES : 6
MAKESPAN : 106

# -------------------------- #

--- TOTAL TOOL SWITCHES : 6
--- HIGHEST MAKESPAN : 106
--- TOTAL FLOWTIME : 775
--- RUNNING TIME : 2.63732

# -------------------------- #


avg : 6.95
