RUN : 1 - instancias_txt/SSP-NPM-I/ins141_m=3_j=20_t=20_var=1.txt

- MACHINE [0]

0 
0 
1 
0 
0 
1 
1 
0 
0 
0 
0 
1 
0 
0 
0 
0 
1 
0 
0 
0 

JOBS [1] - [3]
TOOL SWITCHES : 0
MAKESPAN : 10

- MACHINE [1]

0 0 
0 1 
0 1 
0 0 
0 0 
1 1 
1 1 
0 0 
0 0 
0 0 
1 0 
0 1 
0 0 
1 1 
0 0 
0 0 
1 0 
0 0 
1 1 
0 0 

JOBS [2] - [13, 5]
TOOL SWITCHES : 0
MAKESPAN : 13

- MACHINE [2]

0 0 0 0 0 0 1 1 0 1 0 0 0 0 0 1 1 
0 0 1 1 0 1 0 0 0 0 0 0 0 0 1 0 1 
1 1 0 0 0 0 0 0 0 0 0 0 0 0 1 1 1 
0 0 0 0 0 0 0 0 0 0 0 1 1 0 0 0 1 
0 0 0 0 1 1 0 0 0 0 0 0 1 1 0 0 0 
0 0 0 0 0 0 0 0 0 0 1 0 1 1 0 0 0 
0 0 0 0 0 0 0 0 0 1 1 1 0 0 1 0 0 
1 1 1 0 0 1 0 0 0 1 0 0 0 0 0 0 0 
0 1 0 0 0 1 0 1 0 0 1 1 0 0 0 1 1 
0 0 1 0 1 0 1 1 1 0 1 0 0 0 0 0 0 
1 0 0 0 0 0 0 1 1 0 1 0 1 1 0 1 0 
1 1 0 1 1 0 0 0 0 0 0 0 0 0 0 0 0 
1 0 1 1 1 0 1 0 0 0 0 1 0 1 1 0 0 
0 1 1 0 0 0 0 1 0 0 1 0 0 1 0 1 0 
1 1 0 0 1 1 1 0 1 1 1 0 0 1 1 0 0 
0 1 0 1 1 1 1 0 1 0 0 0 0 0 0 0 0 
0 0 1 1 0 0 0 1 0 0 0 0 0 0 0 0 0 
0 0 0 0 0 0 0 0 1 1 0 0 1 0 0 0 1 
0 0 0 1 0 1 1 0 0 1 0 1 0 0 0 0 0 
0 0 0 0 0 0 0 0 0 0 0 0 1 0 1 1 0 

JOBS [17] - [7, 9, 8, 12, 11, 18, 1, 17, 19, 2, 10, 6, 16, 15, 0, 14, 4]
TOOL SWITCHES : 8
MAKESPAN : 113

# -------------------------- #

--- TOTAL TOOL SWITCHES : 8
--- HIGHEST MAKESPAN : 113
--- TOTAL FLOWTIME : 1070
--- RUNNING TIME : 9.87162

# -------------------------- #
RUN : 1 - instancias_txt/SSP-NPM-I/ins142_m=3_j=20_t=20_var=2.txt

- MACHINE [0]

0 
0 
1 
0 
0 
0 
0 
1 
0 
1 
0 
0 
0 
0 
1 
1 
1 
0 
1 
0 

JOBS [1] - [11]
TOOL SWITCHES : 0
MAKESPAN : 9

- MACHINE [1]

0 0 0 
0 0 0 
1 1 0 
1 1 1 
1 0 1 
0 0 0 
1 1 0 
0 0 1 
0 0 0 
0 0 0 
0 0 0 
0 1 0 
0 1 0 
0 0 0 
0 0 0 
1 0 1 
0 0 1 
0 0 0 
0 0 0 
1 0 0 

JOBS [3] - [4, 16, 9]
TOOL SWITCHES : 0
MAKESPAN : 23

- MACHINE [2]

0 1 0 1 0 0 0 1 1 0 0 0 1 0 0 1 
1 0 1 1 0 0 1 0 0 0 0 0 0 0 0 0 
0 0 0 0 0 0 0 0 0 1 0 1 0 1 0 0 
0 1 0 1 0 0 0 0 0 0 0 0 0 0 0 0 
0 0 1 0 0 0 1 0 1 1 0 0 0 0 0 0 
1 1 0 0 1 1 0 0 1 1 1 0 0 0 0 0 
0 0 0 0 0 1 1 0 0 1 0 0 0 0 1 0 
1 1 1 1 1 0 1 0 0 0 1 1 1 0 0 1 
0 0 0 0 0 0 0 0 0 0 0 1 0 1 1 1 
1 0 0 0 0 0 0 0 1 0 1 0 0 0 0 0 
1 0 1 1 0 1 1 0 0 0 0 0 0 0 0 0 
0 0 0 0 0 0 0 0 0 0 0 0 1 0 1 0 
0 0 0 0 0 0 0 0 0 1 1 1 1 0 0 0 
0 0 1 1 1 1 0 1 0 0 0 1 0 1 1 0 
1 0 0 0 0 1 1 1 1 0 0 0 0 0 0 0 
0 0 0 0 0 0 0 0 0 0 0 0 0 0 0 0 
0 0 0 0 0 0 0 1 0 0 0 1 1 0 0 0 
1 0 0 0 1 0 0 0 0 1 1 0 1 1 0 1 
0 0 0 0 0 1 1 0 1 0 1 1 0 1 1 1 
0 1 1 0 1 0 0 1 1 0 0 0 0 0 0 0 

JOBS [16] - [1, 8, 10, 3, 6, 14, 15, 7, 18, 13, 12, 2, 19, 17, 5, 0]
TOOL SWITCHES : 6
MAKESPAN : 112

# -------------------------- #

--- TOTAL TOOL SWITCHES : 6
--- HIGHEST MAKESPAN : 112
--- TOTAL FLOWTIME : 984
--- RUNNING TIME : 9.39047

# -------------------------- #
RUN : 1 - instancias_txt/SSP-NPM-I/ins143_m=3_j=20_t=20_var=3.txt

- MACHINE [0]

0 
1 
0 
1 
0 
1 
0 
0 
0 
0 
0 
1 
0 
0 
1 
0 
0 
0 
1 
0 

JOBS [1] - [8]
TOOL SWITCHES : 0
MAKESPAN : 7

- MACHINE [1]

0 0 0 0 0 0 0 0 0 0 0 1 0 0 
0 0 0 0 0 0 0 0 0 0 0 0 0 0 
0 1 1 1 0 1 1 0 0 0 0 0 0 0 
0 0 0 1 0 0 0 0 0 0 1 1 1 0 
0 1 1 1 1 1 1 1 1 1 0 0 0 0 
1 0 0 0 0 1 1 1 1 0 0 1 0 0 
0 0 0 0 0 0 0 0 0 1 0 0 1 0 
0 1 1 0 1 0 0 0 0 0 0 0 0 0 
1 0 0 1 1 0 1 1 0 1 1 1 0 1 
0 0 0 0 0 1 0 0 0 0 0 0 0 0 
0 0 0 0 0 0 0 0 1 0 0 0 0 1 
1 0 1 0 0 0 0 0 0 0 0 0 1 1 
0 0 0 0 0 0 0 1 0 0 0 0 0 0 
0 0 0 0 0 0 1 1 1 0 1 0 0 0 
1 0 1 1 0 0 0 0 1 0 0 0 0 0 
0 1 1 0 0 0 0 1 0 0 1 1 1 1 
1 1 0 0 0 0 0 0 0 0 1 0 0 1 
0 0 0 0 1 0 1 0 0 0 1 0 1 0 
0 0 1 0 1 1 0 0 1 1 0 0 0 1 
1 1 0 1 1 0 0 0 0 1 0 0 0 0 

JOBS [14] - [17, 13, 0, 18, 11, 6, 19, 5, 2, 16, 10, 14, 15, 3]
TOOL SWITCHES : 12
MAKESPAN : 108

- MACHINE [2]

1 1 1 1 0 
1 1 0 1 1 
0 0 0 0 0 
0 1 0 1 0 
0 0 0 0 0 
1 0 0 1 0 
1 1 0 0 0 
0 1 0 1 1 
0 0 0 0 0 
0 0 1 0 1 
1 0 0 0 1 
0 0 0 0 0 
0 1 0 0 0 
0 0 0 0 1 
0 0 1 0 1 
0 0 0 0 0 
0 1 1 0 0 
0 0 0 0 0 
0 0 0 0 0 
1 0 1 1 0 

JOBS [5] - [4, 7, 1, 9, 12]
TOOL SWITCHES : 0
MAKESPAN : 18

# -------------------------- #

--- TOTAL TOOL SWITCHES : 12
--- HIGHEST MAKESPAN : 108
--- TOTAL FLOWTIME : 893
--- RUNNING TIME : 5.31868

# -------------------------- #
RUN : 1 - instancias_txt/SSP-NPM-I/ins144_m=3_j=20_t=20_var=4.txt

- MACHINE [0]

1 
0 
0 
0 
0 
1 
1 
0 
0 
1 
0 
0 
1 
1 
0 
0 
0 
0 
0 
1 

JOBS [1] - [1]
TOOL SWITCHES : 0
MAKESPAN : 3

- MACHINE [1]

0 0 
0 1 
0 0 
0 0 
1 1 
1 1 
0 0 
1 0 
1 1 
1 1 
1 0 
0 0 
0 0 
0 0 
0 1 
0 0 
0 0 
0 1 
0 0 
0 0 

JOBS [2] - [17, 12]
TOOL SWITCHES : 0
MAKESPAN : 4

- MACHINE [2]

1 1 0 0 0 1 1 0 0 0 1 0 0 0 0 1 0 
0 0 0 0 0 0 0 0 0 1 0 0 1 1 0 0 0 
0 0 0 1 1 0 0 0 1 0 1 1 0 0 0 1 1 
0 1 0 1 1 1 1 1 1 0 0 0 1 0 0 0 1 
0 0 0 0 0 0 0 0 0 0 0 0 0 0 0 0 0 
0 0 0 0 0 0 0 0 0 0 1 1 0 0 0 0 0 
1 0 1 1 0 0 0 0 0 0 0 0 0 1 0 1 0 
1 0 1 0 1 0 0 1 0 0 1 1 0 0 1 0 0 
0 1 1 0 1 0 0 1 0 1 0 1 0 0 0 1 0 
0 1 1 1 0 0 1 0 1 0 0 0 0 0 0 0 0 
0 1 1 0 0 0 0 0 1 0 0 0 1 1 1 0 0 
0 0 0 0 0 0 0 0 1 1 1 1 0 0 0 0 0 
0 0 1 1 0 1 0 0 0 0 0 0 0 0 0 0 0 
0 0 0 0 0 0 0 0 0 1 0 0 0 1 1 0 1 
1 0 0 1 0 1 1 0 1 0 0 0 0 0 1 0 1 
1 0 0 0 1 0 1 1 0 1 0 0 1 1 0 0 1 
0 0 0 0 0 0 0 0 0 0 0 0 1 1 1 1 0 
0 0 0 0 1 1 0 0 0 0 0 1 0 0 0 1 1 
0 0 0 0 0 1 1 1 1 1 0 0 0 0 0 0 0 
1 1 1 0 1 0 1 1 0 0 0 0 0 0 0 0 0 

JOBS [17] - [7, 2, 4, 16, 6, 5, 9, 8, 13, 19, 18, 10, 0, 14, 15, 11, 3]
TOOL SWITCHES : 7
MAKESPAN : 95

# -------------------------- #

--- TOTAL TOOL SWITCHES : 7
--- HIGHEST MAKESPAN : 95
--- TOTAL FLOWTIME : 768
--- RUNNING TIME : 10.2715

# -------------------------- #
RUN : 1 - instancias_txt/SSP-NPM-I/ins145_m=3_j=20_t=20_var=5.txt

- MACHINE [0]

1 
0 
1 
0 
0 
0 
1 
1 
1 
0 
0 
0 
0 
0 
0 
0 
0 
0 
0 
0 

JOBS [1] - [10]
TOOL SWITCHES : 0
MAKESPAN : 10

- MACHINE [1]

0 0 0 
1 0 0 
0 0 0 
1 0 1 
0 1 0 
0 0 0 
1 0 1 
0 0 0 
0 0 0 
0 1 1 
1 1 1 
0 0 0 
0 0 0 
0 0 0 
0 0 1 
1 1 1 
0 0 0 
0 0 0 
1 1 0 
0 0 1 

JOBS [3] - [15, 11, 1]
TOOL SWITCHES : 0
MAKESPAN : 6

- MACHINE [2]

1 1 1 1 0 0 0 0 0 0 0 0 0 0 0 0 
0 0 0 0 0 0 0 0 0 0 0 1 1 1 1 1 
1 0 0 1 0 1 0 1 1 0 0 0 1 0 0 0 
0 0 0 0 0 1 0 0 0 0 0 0 0 0 0 0 
0 0 0 1 0 1 0 1 0 1 0 1 0 1 1 0 
0 1 0 0 1 1 0 0 1 1 1 0 0 0 0 0 
0 0 0 0 0 0 0 0 0 0 0 0 0 0 0 0 
1 1 1 0 0 0 0 0 0 0 0 0 0 1 1 1 
1 0 0 0 0 0 0 0 1 0 0 1 0 0 0 1 
0 1 0 1 0 0 1 1 0 0 0 1 1 1 0 1 
1 0 0 0 1 0 1 0 0 1 1 0 0 1 0 0 
1 0 0 0 1 1 0 0 0 0 1 1 1 0 0 0 
0 0 0 0 1 0 1 0 0 0 1 1 1 0 1 0 
1 0 1 1 0 0 1 0 1 0 1 0 0 0 1 0 
0 0 1 0 0 0 0 0 0 0 0 0 0 0 0 0 
0 0 0 0 0 1 1 1 0 1 1 0 1 0 0 0 
0 0 0 0 0 0 0 1 1 0 1 0 0 1 0 1 
0 1 1 0 1 0 1 1 0 0 0 0 0 0 0 0 
0 1 0 1 1 0 0 0 1 0 0 1 1 0 0 0 
0 0 1 0 0 0 0 1 0 1 0 0 0 0 0 1 

JOBS [16] - [0, 7, 2, 19, 16, 17, 14, 12, 6, 13, 18, 3, 9, 8, 4, 5]
TOOL SWITCHES : 8
MAKESPAN : 120

# -------------------------- #

--- TOTAL TOOL SWITCHES : 8
--- HIGHEST MAKESPAN : 120
--- TOTAL FLOWTIME : 1004
--- RUNNING TIME : 10.9356

# -------------------------- #
RUN : 1 - instancias_txt/SSP-NPM-I/ins146_m=3_j=20_t=20_var=6.txt

- MACHINE [0]

1 
0 
0 
1 
0 
0 
0 
0 
0 
0 
0 
0 
0 
1 
0 
0 
1 
1 
1 
0 

JOBS [1] - [13]
TOOL SWITCHES : 0
MAKESPAN : 8

- MACHINE [1]

0 0 
0 0 
1 1 
0 1 
0 0 
1 1 
0 0 
0 0 
0 1 
1 0 
1 0 
1 0 
0 0 
1 1 
0 1 
0 0 
0 0 
0 0 
0 0 
1 0 

JOBS [2] - [18, 15]
TOOL SWITCHES : 0
MAKESPAN : 19

- MACHINE [2]

1 0 0 0 0 0 1 0 0 0 1 0 0 0 0 0 0 
1 0 0 1 1 0 0 0 0 0 0 0 0 0 0 0 0 
0 0 0 0 0 1 1 1 1 0 1 0 0 0 0 0 0 
0 1 0 0 1 0 0 0 0 0 0 1 0 0 1 1 0 
1 0 0 0 0 0 0 0 0 0 0 0 0 1 1 1 0 
1 0 0 1 1 0 1 1 1 1 1 0 1 0 0 0 1 
0 1 1 1 0 0 0 0 0 0 1 1 0 0 1 0 0 
0 1 1 0 0 0 0 0 1 0 0 0 0 0 0 0 0 
0 0 0 0 1 0 1 0 1 1 1 0 1 0 0 0 1 
0 0 0 0 0 0 0 0 0 0 0 1 1 0 0 0 0 
0 0 0 1 0 0 0 1 0 1 0 0 1 1 0 1 1 
0 0 1 1 0 0 0 0 0 0 0 0 0 0 0 0 0 
1 0 1 1 0 1 0 0 1 1 0 0 0 1 1 0 0 
0 0 0 0 0 0 0 0 0 0 0 0 0 0 0 0 0 
0 0 1 0 0 1 0 1 1 1 0 0 0 1 0 0 1 
1 1 0 0 0 1 0 1 0 0 0 0 1 0 0 0 0 
0 1 0 0 1 0 1 0 1 0 0 1 0 0 1 1 0 
0 0 0 0 0 0 0 0 0 0 1 1 0 0 1 1 0 
0 0 0 0 0 0 0 0 0 0 0 1 0 1 1 0 1 
0 0 0 1 1 1 1 1 0 1 1 0 1 1 0 0 0 

JOBS [17] - [17, 11, 4, 3, 0, 5, 9, 7, 12, 14, 16, 19, 1, 2, 8, 6, 10]
TOOL SWITCHES : 7
MAKESPAN : 118

# -------------------------- #

--- TOTAL TOOL SWITCHES : 7
--- HIGHEST MAKESPAN : 118
--- TOTAL FLOWTIME : 1065
--- RUNNING TIME : 9.81986

# -------------------------- #
RUN : 1 - instancias_txt/SSP-NPM-I/ins147_m=3_j=20_t=20_var=7.txt

- MACHINE [0]

0 
0 
1 
0 
1 
0 
1 
0 
0 
0 
0 
1 
0 
0 
0 
0 
1 
0 
0 
0 

JOBS [1] - [16]
TOOL SWITCHES : 0
MAKESPAN : 9

- MACHINE [1]

1 0 0 
0 0 0 
0 0 0 
0 0 0 
0 0 0 
0 1 1 
0 0 0 
1 1 0 
1 1 0 
0 0 0 
0 0 0 
0 1 1 
0 0 0 
1 0 0 
0 0 0 
1 0 1 
0 0 1 
0 0 1 
0 0 0 
0 1 0 

JOBS [3] - [13, 4, 14]
TOOL SWITCHES : 0
MAKESPAN : 25

- MACHINE [2]

0 0 0 1 1 0 0 0 0 0 0 0 1 1 0 1 
0 0 0 0 0 0 0 0 0 1 1 1 0 1 0 1 
1 0 0 0 0 0 0 1 1 0 0 0 0 0 0 0 
1 0 0 1 1 0 0 0 0 1 0 0 0 0 0 0 
1 1 0 0 1 0 0 0 0 0 0 0 0 0 0 0 
0 0 0 0 0 1 1 1 1 0 0 1 0 1 0 0 
0 0 0 0 0 0 0 0 0 1 0 0 1 0 0 0 
1 0 1 0 0 0 0 0 0 0 0 0 0 0 0 0 
0 0 0 0 0 0 0 0 0 0 0 0 0 0 1 0 
0 1 0 1 0 0 1 0 1 0 0 0 0 0 1 0 
1 1 0 0 0 1 0 0 0 0 0 1 1 0 1 0 
0 1 0 0 1 1 1 0 0 0 0 0 0 0 0 0 
0 0 0 0 0 0 0 1 1 1 0 1 0 0 0 0 
0 0 1 0 0 0 0 0 1 1 1 0 0 0 0 1 
0 0 1 1 0 0 1 0 0 1 0 0 0 1 1 1 
0 0 0 0 0 0 0 0 0 0 1 0 1 0 1 1 
0 1 1 0 0 1 0 0 0 1 1 1 1 0 1 0 
0 0 1 1 0 1 0 1 0 0 1 0 1 0 0 1 
0 0 1 0 1 0 1 1 1 0 1 0 0 1 1 0 
1 1 0 0 0 1 0 1 0 0 0 0 0 0 0 0 

JOBS [16] - [10, 1, 9, 5, 0, 8, 3, 19, 6, 11, 17, 12, 18, 2, 15, 7]
TOOL SWITCHES : 7
MAKESPAN : 114

# -------------------------- #

--- TOTAL TOOL SWITCHES : 7
--- HIGHEST MAKESPAN : 114
--- TOTAL FLOWTIME : 998
--- RUNNING TIME : 7.78787

# -------------------------- #
RUN : 1 - instancias_txt/SSP-NPM-I/ins148_m=3_j=20_t=20_var=8.txt

- MACHINE [0]

0 
0 
1 
1 
1 
1 
1 
0 
0 
0 
1 
0 
0 
0 
0 
0 
0 
0 
0 
0 

JOBS [1] - [15]
TOOL SWITCHES : 0
MAKESPAN : 7

- MACHINE [1]

0 0 0 0 
1 1 1 1 
0 0 0 0 
0 0 0 0 
0 0 0 1 
1 0 0 0 
0 1 1 0 
1 0 0 0 
0 1 1 0 
0 0 0 0 
1 1 0 0 
1 1 0 1 
0 0 0 1 
1 1 1 1 
0 0 0 0 
0 0 0 0 
0 0 1 1 
0 0 0 0 
0 0 0 0 
0 0 0 0 

JOBS [4] - [4, 5, 8, 9]
TOOL SWITCHES : 1
MAKESPAN : 16

- MACHINE [2]

0 0 0 1 1 1 1 1 0 0 0 0 0 0 0 
1 0 0 0 1 0 0 0 1 1 0 0 0 0 0 
0 0 0 0 0 0 0 0 0 0 1 1 1 0 1 
0 1 1 0 0 0 0 0 0 0 0 0 0 0 0 
1 1 0 1 0 1 1 0 0 0 0 0 0 0 0 
0 0 0 0 0 0 0 1 1 0 0 0 1 0 0 
0 1 0 1 0 1 0 0 0 1 0 0 0 0 0 
1 1 1 1 0 0 0 1 1 0 1 0 0 0 0 
0 0 0 0 0 0 0 0 1 0 1 1 0 0 0 
0 0 0 0 0 0 1 0 0 1 0 0 0 1 0 
1 0 1 0 1 0 0 0 0 0 0 1 0 1 0 
0 0 0 0 0 0 0 0 0 0 0 0 0 0 0 
0 0 0 0 0 0 0 0 0 0 0 1 1 1 0 
0 0 0 0 0 0 0 0 0 0 0 0 0 1 1 
0 1 0 1 0 0 0 1 1 1 0 1 1 1 1 
0 1 1 0 0 1 0 1 0 1 1 0 0 1 1 
0 0 0 0 0 1 0 1 1 0 0 0 1 0 0 
1 0 1 0 1 1 1 0 0 1 1 0 1 0 1 
1 0 0 0 0 0 1 0 0 0 1 0 0 0 1 
0 0 1 1 1 0 1 0 1 0 0 0 0 0 0 

JOBS [15] - [2, 19, 0, 10, 11, 1, 3, 14, 12, 17, 13, 18, 16, 7, 6]
TOOL SWITCHES : 6
MAKESPAN : 108

# -------------------------- #

--- TOTAL TOOL SWITCHES : 7
--- HIGHEST MAKESPAN : 108
--- TOTAL FLOWTIME : 859
--- RUNNING TIME : 7.5981

# -------------------------- #
RUN : 1 - instancias_txt/SSP-NPM-I/ins149_m=3_j=20_t=20_var=9.txt

- MACHINE [0]

0 
0 
0 
0 
0 
0 
0 
1 
1 
1 
0 
0 
0 
0 
1 
1 
1 
0 
1 
0 

JOBS [1] - [0]
TOOL SWITCHES : 0
MAKESPAN : 7

- MACHINE [1]

0 0 
1 1 
0 0 
0 1 
0 0 
0 0 
1 0 
0 0 
0 0 
0 1 
0 0 
1 0 
1 1 
0 0 
0 1 
1 0 
0 0 
0 1 
0 1 
0 0 

JOBS [2] - [15, 7]
TOOL SWITCHES : 0
MAKESPAN : 19

- MACHINE [2]

1 0 0 1 0 0 0 0 1 1 1 1 0 0 0 0 0 
0 0 0 1 1 0 0 1 1 0 0 1 0 1 1 0 1 
0 0 0 0 0 1 1 1 0 0 0 0 0 1 0 1 0 
1 0 0 0 0 0 0 0 0 0 0 0 0 0 1 1 0 
0 0 1 0 1 0 0 1 1 0 0 0 1 1 0 0 0 
0 1 1 0 0 0 1 1 0 0 0 0 0 0 0 0 0 
1 1 0 0 1 1 1 0 0 0 0 0 0 0 0 0 0 
0 1 0 0 0 0 1 0 0 1 0 0 0 1 1 0 1 
0 0 0 0 0 0 0 0 0 0 0 0 1 0 1 1 0 
0 1 0 0 0 1 1 1 0 0 1 1 0 1 0 0 1 
0 0 0 0 0 0 0 1 1 1 0 0 1 0 0 0 1 
0 1 1 0 1 0 0 0 0 1 1 0 0 0 1 0 1 
0 0 0 0 0 0 0 0 0 0 0 0 0 0 0 0 0 
1 0 0 1 1 1 1 0 1 0 1 1 1 1 1 0 0 
0 0 1 0 0 1 0 1 0 0 0 1 1 1 0 1 0 
0 0 0 0 0 1 0 0 1 1 1 0 0 0 1 0 1 
0 0 0 0 0 0 0 0 0 1 0 1 0 0 0 1 0 
0 1 0 1 1 0 1 0 0 1 0 0 0 0 0 1 0 
1 0 1 1 0 0 0 0 0 0 0 0 0 0 0 0 0 
1 1 1 1 0 0 0 0 0 0 0 0 0 0 0 0 0 

JOBS [17] - [1, 18, 14, 2, 11, 12, 8, 6, 16, 17, 19, 9, 4, 3, 5, 13, 10]
TOOL SWITCHES : 7
MAKESPAN : 100

# -------------------------- #

--- TOTAL TOOL SWITCHES : 7
--- HIGHEST MAKESPAN : 100
--- TOTAL FLOWTIME : 947
--- RUNNING TIME : 10.8606

# -------------------------- #
RUN : 1 - instancias_txt/SSP-NPM-I/ins150_m=3_j=20_t=20_var=10.txt

- MACHINE [0]

1 
1 
0 
1 
0 
0 
1 
0 
0 
1 
0 
0 
0 
0 
0 
0 
0 
0 
1 
1 

JOBS [1] - [9]
TOOL SWITCHES : 0
MAKESPAN : 7

- MACHINE [1]

1 1 0 0 
0 0 0 0 
0 1 0 0 
0 0 0 0 
0 0 0 0 
0 0 0 0 
0 0 0 0 
1 0 1 0 
0 0 0 0 
0 0 0 0 
0 0 1 1 
0 1 1 1 
0 0 0 1 
1 0 1 1 
1 1 1 0 
0 0 0 0 
1 1 0 1 
0 0 0 0 
0 0 0 0 
1 0 0 0 

JOBS [4] - [19, 1, 15, 4]
TOOL SWITCHES : 0
MAKESPAN : 19

- MACHINE [2]

0 0 0 1 0 0 0 0 0 0 0 0 0 0 0 
0 0 0 0 0 0 0 0 0 1 1 0 0 0 1 
0 0 0 0 0 1 0 0 1 0 0 1 1 1 0 
1 0 1 0 0 0 1 0 0 0 0 0 1 1 1 
0 0 0 0 0 0 1 0 0 0 0 1 0 1 1 
1 0 1 1 0 1 0 1 0 1 0 0 1 1 0 
0 1 0 0 0 0 0 1 0 0 1 1 1 0 1 
0 0 0 0 0 0 0 0 0 0 1 0 0 0 0 
1 1 0 1 0 0 1 1 0 0 0 0 0 0 0 
0 0 0 0 0 0 0 0 0 0 0 0 1 1 0 
0 1 0 0 1 1 1 0 1 1 0 1 0 0 0 
0 0 0 1 1 0 0 0 1 1 0 1 0 0 0 
0 0 1 1 0 1 0 1 0 1 0 1 0 0 0 
0 1 1 0 1 0 0 0 0 0 0 0 0 0 0 
0 0 0 0 0 0 0 0 0 0 0 0 1 1 0 
1 0 0 0 0 1 1 0 0 1 1 0 0 1 0 
0 0 1 1 0 1 0 0 0 0 0 0 0 0 0 
1 1 0 0 0 0 0 1 1 1 1 0 0 0 1 
0 0 0 0 1 0 1 1 1 0 0 0 0 0 0 
1 1 1 0 1 0 1 1 0 0 1 0 0 0 1 

JOBS [15] - [13, 5, 18, 17, 14, 0, 6, 7, 3, 12, 11, 8, 10, 2, 16]
TOOL SWITCHES : 7
MAKESPAN : 103

# -------------------------- #

--- TOTAL TOOL SWITCHES : 7
--- HIGHEST MAKESPAN : 103
--- TOTAL FLOWTIME : 940
--- RUNNING TIME : 9.58306

# -------------------------- #
RUN : 1 - instancias_txt/SSP-NPM-I/ins151_m=3_j=20_t=20_var=11.txt

- MACHINE [0]

1 
1 
0 
0 
0 
0 
0 
1 
0 
1 
0 
0 
1 
0 
0 
0 
1 
0 
0 
0 

JOBS [1] - [18]
TOOL SWITCHES : 0
MAKESPAN : 10

- MACHINE [1]

0 0 
0 0 
0 0 
0 1 
0 0 
1 0 
0 1 
1 0 
1 0 
0 0 
0 1 
0 0 
0 0 
1 0 
0 1 
1 1 
0 0 
0 0 
0 1 
0 0 

JOBS [2] - [13, 12]
TOOL SWITCHES : 0
MAKESPAN : 10

- MACHINE [2]

0 0 0 0 1 0 1 0 0 0 0 1 0 0 0 1 1 
1 1 1 1 0 1 0 0 0 0 0 0 0 0 0 0 0 
0 0 0 0 0 0 0 0 0 0 1 1 0 1 1 0 0 
0 0 0 0 0 0 0 0 0 1 1 1 1 0 0 1 0 
0 1 0 0 0 1 0 0 1 0 0 1 0 1 1 0 0 
0 0 0 0 0 0 0 0 0 0 0 0 0 0 0 0 0 
0 1 0 0 1 0 0 1 0 0 1 0 1 1 1 0 1 
0 0 1 1 1 1 1 1 0 1 0 0 0 1 1 1 0 
0 0 0 0 0 0 0 0 0 0 0 0 0 0 1 1 0 
0 0 0 0 1 0 0 1 1 0 0 0 1 0 1 0 1 
0 0 1 0 1 0 1 1 0 1 0 0 1 0 0 0 0 
0 0 1 1 0 0 0 0 0 0 0 1 0 0 0 1 0 
1 1 0 0 1 0 0 0 0 0 0 0 0 0 0 0 0 
1 0 0 0 0 0 1 0 0 1 1 1 0 0 0 0 0 
0 0 0 0 0 0 0 0 0 0 0 1 0 1 0 0 1 
0 0 0 0 0 0 1 1 1 1 0 0 0 0 0 0 0 
1 1 0 1 0 1 0 0 0 1 0 0 0 0 0 0 0 
0 0 0 0 0 1 0 1 1 0 0 0 1 1 0 1 0 
1 1 1 1 0 0 0 0 1 0 0 0 0 0 0 0 0 
1 1 0 1 0 0 0 0 1 1 1 0 1 0 0 0 1 

JOBS [17] - [16, 9, 1, 4, 7, 11, 6, 2, 14, 19, 17, 15, 5, 0, 3, 10, 8]
TOOL SWITCHES : 6
MAKESPAN : 133

# -------------------------- #

--- TOTAL TOOL SWITCHES : 6
--- HIGHEST MAKESPAN : 133
--- TOTAL FLOWTIME : 1204
--- RUNNING TIME : 7.90866

# -------------------------- #
RUN : 1 - instancias_txt/SSP-NPM-I/ins152_m=3_j=20_t=20_var=12.txt

- MACHINE [0]

0 
0 
0 
0 
0 
0 
1 
0 
0 
1 
1 
1 
0 
0 
0 
0 
1 
1 
1 
0 

JOBS [1] - [4]
TOOL SWITCHES : 0
MAKESPAN : 2

- MACHINE [1]

1 1 0 0 0 
0 0 1 1 1 
1 1 1 1 1 
0 0 1 0 1 
0 0 0 0 0 
0 0 0 0 0 
1 1 0 1 0 
0 0 0 0 0 
0 0 1 1 0 
0 0 0 0 0 
1 1 0 0 1 
0 0 0 0 0 
0 0 0 0 0 
0 0 0 0 0 
0 1 0 0 0 
1 1 0 0 1 
0 0 1 0 0 
0 0 0 1 1 
0 0 0 0 0 
1 0 1 1 1 

JOBS [5] - [11, 5, 6, 7, 16]
TOOL SWITCHES : 2
MAKESPAN : 31

- MACHINE [2]

0 0 0 1 1 1 1 0 0 1 1 0 0 1 
0 0 0 0 0 1 1 1 0 1 0 1 1 0 
0 0 0 0 0 0 0 0 0 0 0 0 0 0 
0 1 0 0 0 1 0 0 1 1 0 1 0 1 
0 0 1 1 0 0 1 0 0 1 1 0 1 0 
0 0 0 0 0 0 0 0 0 0 1 0 0 1 
0 1 0 0 1 0 0 0 0 0 0 0 0 0 
0 0 1 1 0 1 1 0 0 0 0 0 0 0 
1 0 1 0 1 0 0 0 1 1 0 1 1 0 
1 0 0 0 0 1 0 0 0 1 0 1 1 1 
0 0 0 0 0 0 0 0 0 0 0 0 0 0 
1 0 1 0 0 0 0 1 0 0 0 0 0 0 
0 1 0 1 0 1 0 0 1 0 1 1 0 0 
0 1 0 0 1 0 1 1 0 0 0 1 1 0 
0 0 0 0 0 0 0 0 1 0 0 1 0 0 
1 0 0 1 0 0 1 1 0 0 0 0 0 1 
1 1 0 0 0 0 0 0 1 0 1 0 0 0 
0 0 0 0 0 0 0 1 1 0 0 0 0 1 
0 0 1 1 1 0 0 1 0 0 0 0 0 0 
1 1 1 0 0 0 0 0 0 0 0 0 0 0 

JOBS [14] - [18, 8, 10, 13, 9, 3, 19, 14, 0, 15, 12, 2, 17, 1]
TOOL SWITCHES : 5
MAKESPAN : 88

# -------------------------- #

--- TOTAL TOOL SWITCHES : 7
--- HIGHEST MAKESPAN : 88
--- TOTAL FLOWTIME : 724
--- RUNNING TIME : 7.24019

# -------------------------- #
RUN : 1 - instancias_txt/SSP-NPM-I/ins153_m=3_j=20_t=20_var=13.txt

- MACHINE [0]

0 
0 
0 
0 
1 
0 
0 
1 
0 
0 
0 
1 
1 
0 
0 
1 
0 
1 
0 
0 

JOBS [1] - [18]
TOOL SWITCHES : 0
MAKESPAN : 3

- MACHINE [1]

0 0 0 0 0 0 1 1 0 0 0 0 0 0 
1 1 1 0 0 0 0 0 1 0 0 0 1 1 
1 1 1 1 0 0 1 0 0 0 0 0 0 0 
0 0 1 1 1 1 0 1 1 1 0 0 0 0 
0 0 0 0 0 0 0 1 1 0 0 1 0 1 
0 0 1 1 0 0 1 0 0 0 1 1 1 0 
0 0 0 0 0 0 0 0 1 1 0 0 0 0 
0 1 0 1 1 1 1 0 1 0 1 0 0 1 
0 1 1 1 0 1 0 1 0 0 0 0 0 0 
0 0 0 1 0 1 0 0 0 1 1 1 0 0 
0 0 0 0 0 0 1 1 1 1 0 1 0 1 
0 0 0 0 0 0 0 0 0 0 0 0 0 0 
1 1 1 0 0 0 0 0 0 0 0 0 0 0 
0 0 1 1 1 0 1 1 0 1 0 0 1 1 
0 0 0 0 0 0 0 0 0 0 0 0 0 0 
1 1 0 0 0 0 0 0 0 0 1 1 1 0 
0 1 0 0 1 0 0 0 0 0 0 0 0 0 
0 0 0 0 0 0 0 0 0 0 0 0 1 1 
1 0 0 0 1 1 0 0 0 0 1 0 1 0 
1 0 0 0 0 0 0 0 0 1 0 0 0 1 

JOBS [14] - [19, 8, 15, 12, 16, 4, 10, 2, 1, 3, 14, 17, 11, 7]
TOOL SWITCHES : 11
MAKESPAN : 118

- MACHINE [2]

1 0 1 1 0 
1 0 0 1 0 
0 0 0 0 0 
0 0 0 0 0 
0 0 0 0 0 
0 0 1 0 0 
0 0 1 1 0 
0 0 0 0 0 
0 1 1 0 1 
0 1 0 0 1 
0 0 0 0 0 
1 1 0 0 1 
1 0 0 0 0 
0 0 0 0 0 
1 0 0 0 1 
0 0 0 1 1 
0 1 1 1 1 
0 1 1 0 0 
0 0 0 0 0 
1 1 0 0 0 

JOBS [5] - [6, 13, 9, 5, 0]
TOOL SWITCHES : 0
MAKESPAN : 31

# -------------------------- #

--- TOTAL TOOL SWITCHES : 11
--- HIGHEST MAKESPAN : 118
--- TOTAL FLOWTIME : 925
--- RUNNING TIME : 4.34612

# -------------------------- #
RUN : 1 - instancias_txt/SSP-NPM-I/ins154_m=3_j=20_t=20_var=14.txt

- MACHINE [0]

1 
1 
0 
0 
1 
0 
0 
1 
1 
0 
1 
0 
0 
0 
0 
0 
0 
0 
0 
0 

JOBS [1] - [2]
TOOL SWITCHES : 0
MAKESPAN : 10

- MACHINE [1]

0 0 0 0 0 0 0 0 0 0 0 0 0 0 
0 0 0 0 0 0 0 0 0 0 0 1 1 0 
0 0 1 1 1 1 0 0 0 0 0 0 0 0 
1 0 0 0 0 0 0 0 0 1 1 0 1 1 
0 0 0 0 0 0 1 0 0 1 0 0 1 1 
0 0 0 0 0 0 0 1 1 0 0 1 1 0 
0 0 0 0 0 0 0 0 0 0 1 1 0 0 
0 0 0 0 0 0 0 0 1 1 0 1 1 1 
0 1 0 0 0 0 0 1 0 0 0 0 0 0 
0 1 0 1 1 0 0 0 0 1 1 0 1 1 
0 1 1 1 0 1 0 0 0 0 1 0 0 0 
0 0 0 0 0 1 0 1 1 0 0 1 0 0 
1 0 1 1 1 0 1 1 0 0 1 1 0 1 
0 0 0 0 0 1 1 1 1 1 0 0 0 0 
0 0 0 0 1 1 1 0 0 0 0 0 0 0 
1 1 0 0 0 1 0 1 1 0 0 0 0 0 
0 1 0 0 1 0 0 0 0 0 0 0 0 0 
1 0 1 1 0 0 0 0 0 0 0 0 0 0 
1 0 0 1 1 0 0 0 0 0 0 0 1 0 
1 1 1 0 0 1 1 0 1 0 1 0 0 1 

JOBS [14] - [17, 7, 16, 10, 4, 15, 0, 6, 19, 12, 18, 8, 1, 11]
TOOL SWITCHES : 11
MAKESPAN : 122

- MACHINE [2]

0 1 0 0 1 
0 0 0 1 0 
0 1 0 0 1 
0 0 0 0 1 
1 0 1 1 0 
1 0 0 1 1 
1 1 1 0 0 
0 0 0 0 0 
1 1 1 0 0 
0 0 0 0 0 
0 0 0 0 0 
0 0 1 0 0 
0 0 0 0 0 
1 0 0 1 1 
0 0 0 0 0 
1 0 0 1 0 
0 1 1 0 0 
0 0 0 1 0 
0 0 0 0 0 
0 1 0 0 0 

JOBS [5] - [5, 13, 14, 3, 9]
TOOL SWITCHES : 1
MAKESPAN : 33

# -------------------------- #

--- TOTAL TOOL SWITCHES : 12
--- HIGHEST MAKESPAN : 122
--- TOTAL FLOWTIME : 1011
--- RUNNING TIME : 3.99603

# -------------------------- #
RUN : 1 - instancias_txt/SSP-NPM-I/ins155_m=3_j=20_t=20_var=15.txt

- MACHINE [0]

1 
0 
0 
1 
1 
1 
0 
0 
0 
1 
0 
0 
0 
1 
0 
1 
0 
0 
0 
0 

JOBS [1] - [14]
TOOL SWITCHES : 0
MAKESPAN : 3

- MACHINE [1]

0 0 0 
0 1 1 
0 0 0 
1 1 0 
0 1 0 
1 0 1 
0 0 0 
0 0 0 
0 0 0 
1 1 0 
0 0 0 
0 0 0 
0 0 1 
0 1 1 
0 0 0 
0 0 1 
0 0 0 
1 1 1 
1 1 0 
0 0 0 

JOBS [3] - [10, 1, 7]
TOOL SWITCHES : 0
MAKESPAN : 12

- MACHINE [2]

0 0 0 0 0 0 0 1 1 1 0 0 1 1 0 1 
0 0 0 0 0 0 1 1 0 0 0 0 1 0 0 1 
0 0 1 0 1 0 0 1 1 0 1 0 0 1 0 1 
1 1 0 0 0 0 1 1 1 1 0 0 1 0 0 0 
0 1 0 0 1 1 0 1 1 0 1 0 0 0 0 0 
0 0 0 0 0 0 0 0 0 0 0 0 1 0 1 1 
1 0 0 1 1 0 0 0 0 0 0 0 0 0 0 0 
0 0 0 0 0 0 0 0 0 0 1 1 0 0 1 0 
1 1 0 1 0 0 1 0 0 0 0 0 1 0 0 1 
0 1 1 0 1 1 0 0 0 0 0 0 0 0 0 0 
0 1 0 0 0 1 1 0 0 1 0 0 0 0 1 1 
0 0 0 1 1 0 1 0 0 0 0 0 0 0 0 0 
0 0 0 0 0 0 0 0 0 0 0 1 0 0 0 0 
0 1 1 0 0 0 0 0 0 0 0 0 0 0 0 0 
1 0 0 1 1 0 0 0 1 0 1 0 0 1 1 0 
1 0 1 0 0 1 0 0 0 0 1 0 0 1 1 0 
1 0 0 0 0 0 1 1 0 1 1 1 1 1 0 0 
1 0 1 1 0 0 0 0 1 0 0 1 0 1 1 0 
0 0 1 0 0 0 0 1 1 1 0 0 0 0 0 0 
0 0 0 0 0 1 1 0 0 1 1 1 0 0 1 0 

JOBS [16] - [6, 8, 12, 13, 15, 17, 11, 2, 5, 4, 18, 16, 3, 19, 0, 9]
TOOL SWITCHES : 7
MAKESPAN : 109

# -------------------------- #

--- TOTAL TOOL SWITCHES : 7
--- HIGHEST MAKESPAN : 109
--- TOTAL FLOWTIME : 1064
--- RUNNING TIME : 7.35032

# -------------------------- #
RUN : 1 - instancias_txt/SSP-NPM-I/ins156_m=3_j=20_t=20_var=16.txt

- MACHINE [0]

0 
0 
0 
1 
0 
0 
0 
0 
0 
0 
0 
0 
1 
0 
1 
0 
1 
1 
0 
1 

JOBS [1] - [6]
TOOL SWITCHES : 0
MAKESPAN : 4

- MACHINE [1]

0 0 0 
0 1 1 
0 0 0 
0 0 0 
0 0 0 
0 1 0 
1 0 1 
0 0 1 
0 0 0 
0 0 0 
1 1 1 
0 0 0 
1 1 0 
1 1 0 
1 0 0 
0 0 0 
1 0 0 
0 0 0 
1 0 1 
0 0 0 

JOBS [3] - [8, 19, 7]
TOOL SWITCHES : 0
MAKESPAN : 19

- MACHINE [2]

1 1 0 0 1 1 0 0 1 0 1 0 0 0 1 0 
1 0 0 1 1 1 1 0 0 1 0 1 0 0 0 1 
0 0 0 0 0 0 0 0 0 0 0 0 1 1 1 1 
1 1 1 0 0 0 0 0 0 0 0 0 0 0 0 0 
0 0 0 0 0 0 1 0 1 1 0 1 1 1 0 0 
0 1 0 0 0 1 1 0 0 1 0 0 0 1 0 0 
1 1 0 0 0 0 0 0 0 1 1 0 0 0 0 0 
1 0 0 0 0 0 0 0 0 0 0 0 0 0 0 0 
0 0 0 0 0 0 1 0 0 1 1 1 1 1 0 0 
0 0 1 1 0 1 0 1 0 0 0 0 0 1 0 0 
0 1 1 1 1 1 0 0 0 0 0 0 0 0 0 0 
0 0 1 0 1 1 1 1 0 1 1 0 0 0 1 1 
0 0 0 0 0 0 0 0 0 0 0 1 1 0 1 0 
0 0 0 0 0 0 0 0 0 0 0 0 0 0 0 0 
1 0 0 1 0 0 0 1 0 0 0 0 0 0 0 0 
0 1 1 0 0 0 0 0 1 0 0 1 1 0 0 1 
0 0 0 0 0 0 0 0 1 0 1 0 0 0 0 0 
0 1 0 1 1 0 0 0 1 0 0 0 0 0 0 1 
0 0 1 1 0 0 0 1 0 0 1 1 1 1 0 1 
0 0 0 0 0 0 0 1 1 0 0 0 0 0 1 0 

JOBS [16] - [2, 18, 3, 17, 4, 14, 15, 13, 11, 0, 5, 1, 9, 10, 12, 16]
TOOL SWITCHES : 6
MAKESPAN : 98

# -------------------------- #

--- TOTAL TOOL SWITCHES : 6
--- HIGHEST MAKESPAN : 98
--- TOTAL FLOWTIME : 891
--- RUNNING TIME : 6.73332

# -------------------------- #
RUN : 1 - instancias_txt/SSP-NPM-I/ins157_m=3_j=20_t=20_var=17.txt

- MACHINE [0]

0 
0 
0 
1 
1 
0 
0 
0 
0 
0 
0 
1 
0 
1 
0 
1 
0 
0 
0 
0 

JOBS [1] - [0]
TOOL SWITCHES : 0
MAKESPAN : 9

- MACHINE [1]

0 0 
0 1 
1 0 
1 0 
0 0 
0 1 
0 0 
0 0 
0 0 
0 0 
1 1 
0 0 
1 1 
0 0 
1 0 
0 0 
0 1 
0 1 
0 0 
0 0 

JOBS [2] - [12, 1]
TOOL SWITCHES : 0
MAKESPAN : 13

- MACHINE [2]

0 0 1 0 0 1 1 0 0 1 1 1 0 0 1 0 0 
0 0 0 0 0 0 0 0 0 0 0 0 0 1 1 0 0 
1 1 0 1 0 0 1 1 1 0 1 0 0 0 0 0 0 
0 0 0 0 0 1 0 0 0 1 0 1 0 1 0 1 0 
0 1 1 1 1 1 0 0 1 0 1 0 0 0 0 0 1 
1 0 1 1 1 0 1 0 1 0 0 0 0 0 0 0 0 
0 0 0 0 0 0 1 0 1 1 0 0 1 0 1 1 0 
1 1 1 1 1 0 0 0 0 0 0 0 0 0 0 0 0 
0 0 1 0 0 0 1 1 1 1 0 1 1 0 0 0 0 
1 0 0 1 1 0 0 0 0 0 0 0 0 0 0 1 0 
0 0 0 0 0 0 0 0 1 1 0 0 0 1 0 0 1 
0 0 0 0 0 0 0 0 0 0 0 0 0 0 0 0 0 
0 0 0 0 0 0 0 0 0 0 1 1 0 0 0 1 1 
0 1 0 0 0 0 0 1 0 1 0 0 1 1 1 1 1 
0 0 0 0 1 1 0 1 0 0 0 0 0 0 0 0 0 
1 0 1 0 0 1 0 0 1 0 0 1 1 0 0 0 1 
0 1 1 0 0 1 0 1 0 0 1 0 0 1 0 0 0 
0 0 0 1 1 0 1 1 0 0 0 1 0 0 1 0 0 
0 0 0 0 0 0 0 0 0 0 0 1 1 1 1 1 1 
1 0 0 0 0 0 0 0 0 1 1 0 1 0 0 0 1 

JOBS [17] - [19, 17, 16, 14, 11, 8, 7, 15, 3, 18, 13, 2, 9, 10, 6, 4, 5]
TOOL SWITCHES : 7
MAKESPAN : 115

# -------------------------- #

--- TOTAL TOOL SWITCHES : 7
--- HIGHEST MAKESPAN : 115
--- TOTAL FLOWTIME : 964
--- RUNNING TIME : 7.83587

# -------------------------- #
RUN : 1 - instancias_txt/SSP-NPM-I/ins158_m=3_j=20_t=20_var=18.txt

- MACHINE [0]

1 
0 
0 
1 
0 
1 
0 
1 
0 
0 
1 
0 
0 
0 
1 
0 
0 
0 
0 
0 

JOBS [1] - [1]
TOOL SWITCHES : 0
MAKESPAN : 5

- MACHINE [1]

0 0 0 
0 1 0 
0 0 0 
0 0 0 
1 0 0 
0 0 0 
0 0 0 
0 1 1 
0 0 0 
1 1 0 
0 0 1 
1 0 0 
1 1 1 
0 0 1 
0 1 1 
1 1 1 
0 0 0 
0 0 0 
0 0 0 
0 0 0 

JOBS [3] - [17, 3, 10]
TOOL SWITCHES : 0
MAKESPAN : 18

- MACHINE [2]

1 0 1 0 1 0 0 0 1 0 0 1 0 1 1 1 
1 1 0 1 0 1 0 0 0 0 0 0 0 0 0 0 
0 0 0 0 0 0 0 0 1 0 1 0 0 0 0 1 
0 1 1 1 0 0 0 0 0 0 0 0 0 0 0 0 
1 0 0 0 0 0 0 0 0 0 0 0 0 0 0 0 
0 0 0 0 0 0 0 0 0 1 0 1 1 0 0 1 
0 0 0 0 1 1 1 1 0 0 1 0 0 0 0 0 
0 0 0 0 0 0 0 0 0 0 0 0 0 0 0 0 
0 1 0 1 0 1 0 1 0 1 1 1 1 0 0 0 
0 0 0 0 0 0 0 0 0 0 0 0 1 0 1 1 
0 0 0 1 1 0 1 1 1 0 0 0 0 1 0 0 
0 1 1 0 0 0 0 0 1 1 0 1 1 1 0 0 
1 1 0 0 1 0 0 0 0 0 0 0 0 0 0 1 
0 1 1 0 1 0 0 0 1 1 0 0 0 0 0 0 
0 0 0 0 0 0 0 0 0 0 1 0 0 1 0 0 
0 0 0 0 1 1 0 1 0 0 1 0 0 0 1 0 
0 0 1 0 0 1 1 1 0 0 0 0 0 0 0 0 
0 0 0 1 1 1 0 0 0 1 0 1 1 0 1 0 
0 0 1 1 0 1 1 1 1 1 0 0 1 1 0 1 
1 0 0 1 0 0 1 0 0 0 1 1 0 1 1 0 

JOBS [16] - [8, 12, 11, 6, 15, 4, 19, 0, 2, 5, 18, 14, 16, 9, 13, 7]
TOOL SWITCHES : 6
MAKESPAN : 104

# -------------------------- #

--- TOTAL TOOL SWITCHES : 6
--- HIGHEST MAKESPAN : 104
--- TOTAL FLOWTIME : 876
--- RUNNING TIME : 6.52011

# -------------------------- #
RUN : 1 - instancias_txt/SSP-NPM-I/ins159_m=3_j=20_t=20_var=19.txt

- MACHINE [0]

0 
0 
0 
1 
1 
0 
0 
0 
0 
0 
0 
1 
0 
0 
0 
1 
0 
1 
0 
0 

JOBS [1] - [17]
TOOL SWITCHES : 0
MAKESPAN : 5

- MACHINE [1]

0 0 
0 1 
0 1 
1 0 
0 0 
0 0 
0 1 
1 1 
0 0 
1 0 
0 0 
0 0 
1 1 
0 0 
0 0 
0 0 
1 0 
1 1 
0 0 
1 1 

JOBS [2] - [6, 12]
TOOL SWITCHES : 0
MAKESPAN : 8

- MACHINE [2]

1 1 0 0 1 0 0 0 0 1 0 0 1 1 1 1 1 
0 1 0 0 0 0 0 1 1 0 0 0 0 0 0 0 0 
0 0 0 0 1 1 1 0 0 0 1 1 1 0 0 0 0 
1 1 0 0 0 1 1 0 0 1 1 0 0 0 0 0 0 
1 0 0 0 0 0 0 0 1 0 0 1 0 0 1 0 0 
0 0 0 0 0 0 0 1 0 0 1 1 0 0 1 1 0 
1 1 0 0 0 0 0 0 0 0 0 0 0 0 0 0 0 
0 0 0 0 0 0 0 0 0 0 1 0 1 1 0 0 0 
0 1 1 1 0 0 0 1 1 0 1 0 0 1 0 0 0 
0 0 1 1 0 0 0 0 0 0 0 0 0 0 0 0 0 
0 0 0 0 0 0 0 0 0 0 0 0 1 0 0 1 1 
0 1 1 0 0 0 1 0 0 0 0 0 0 0 0 1 1 
0 0 0 1 0 1 1 1 0 0 1 0 0 0 0 1 0 
1 0 1 0 0 0 0 0 0 0 0 1 1 0 0 0 1 
0 0 1 1 1 1 0 1 1 1 0 0 0 0 1 1 1 
0 0 0 0 1 0 1 1 1 1 0 0 0 0 0 0 0 
0 0 1 1 1 1 1 0 1 0 0 1 1 1 0 0 0 
0 0 0 0 0 0 0 0 0 0 0 0 0 1 0 1 1 
0 0 0 0 0 0 0 0 0 1 0 1 0 1 1 0 0 
1 0 1 1 1 1 0 0 0 0 0 0 0 0 0 0 0 

JOBS [17] - [18, 16, 3, 11, 19, 7, 15, 8, 2, 1, 4, 9, 13, 14, 10, 0, 5]
TOOL SWITCHES : 7
MAKESPAN : 111

# -------------------------- #

--- TOTAL TOOL SWITCHES : 7
--- HIGHEST MAKESPAN : 111
--- TOTAL FLOWTIME : 1022
--- RUNNING TIME : 8.13355

# -------------------------- #
RUN : 1 - instancias_txt/SSP-NPM-I/ins160_m=3_j=20_t=20_var=20.txt

- MACHINE [0]

0 0 
1 0 
0 0 
0 0 
0 0 
0 1 
0 0 
0 0 
0 0 
0 0 
0 0 
0 0 
1 1 
0 1 
0 0 
0 0 
1 0 
1 1 
0 0 
1 1 

JOBS [2] - [18, 11]
TOOL SWITCHES : 0
MAKESPAN : 9

- MACHINE [1]

0 0 0 
1 1 1 
0 0 1 
0 1 1 
0 0 0 
0 0 0 
0 0 0 
1 1 1 
0 0 0 
0 0 0 
0 0 0 
1 0 1 
0 0 0 
0 0 0 
0 0 0 
1 1 1 
0 1 0 
1 1 0 
1 0 0 
0 0 0 

JOBS [3] - [4, 17, 16]
TOOL SWITCHES : 0
MAKESPAN : 9

- MACHINE [2]

0 0 0 0 0 0 0 0 0 0 1 0 1 0 1 
1 0 0 1 0 0 1 0 0 1 1 0 0 0 0 
0 0 0 0 0 0 1 0 1 1 1 0 1 1 0 
0 0 0 0 1 0 0 1 0 0 1 1 0 0 0 
0 1 1 0 0 1 0 1 1 0 0 0 0 1 1 
0 0 0 0 0 0 0 0 0 0 0 0 0 1 1 
0 1 1 0 0 0 0 1 0 0 0 1 0 0 1 
0 1 0 1 0 1 0 0 1 1 0 0 1 1 0 
1 0 0 1 0 1 1 1 0 0 0 0 0 0 0 
0 0 0 0 1 0 0 0 1 0 0 1 1 0 1 
0 0 1 1 0 1 0 1 0 0 0 0 0 0 1 
1 0 0 1 0 0 0 0 0 0 0 0 0 0 0 
1 1 0 1 1 0 0 0 0 0 0 0 0 0 0 
0 0 0 0 0 0 0 1 1 1 0 0 0 0 0 
1 0 1 0 1 0 1 0 0 0 0 0 0 0 0 
0 0 0 0 0 0 0 0 1 0 0 0 1 0 0 
1 1 0 0 1 0 1 0 0 1 1 1 0 1 0 
0 0 0 0 0 0 0 0 0 0 0 0 0 0 0 
0 0 1 0 1 0 1 0 0 0 0 0 1 0 0 
0 1 0 0 0 1 0 0 0 0 0 1 0 1 1 

JOBS [15] - [3, 6, 9, 7, 10, 19, 5, 0, 12, 13, 14, 1, 15, 2, 8]
TOOL SWITCHES : 6
MAKESPAN : 115

# -------------------------- #

--- TOTAL TOOL SWITCHES : 6
--- HIGHEST MAKESPAN : 115
--- TOTAL FLOWTIME : 884
--- RUNNING TIME : 5.77801

# -------------------------- #


avg : 7.55
