RUN : 1 - instancias_txt/SSP-NPM-I/ins141_m=3_j=20_t=20_var=1.txt

- MACHINE [0]

0 
0 
0 
1 
1 
1 
0 
0 
0 
0 
1 
0 
0 
0 
0 
0 
0 
1 
0 
1 

JOBS [1] - [16]
TOOL SWITCHES : 0
MAKESPAN : 1

- MACHINE [1]

1 0 1 
0 0 0 
0 0 0 
0 0 0 
0 0 0 
0 0 0 
1 0 0 
1 0 0 
0 0 0 
0 1 1 
0 1 0 
0 0 0 
0 0 1 
0 0 0 
1 1 1 
0 1 1 
0 0 0 
1 1 0 
1 0 1 
0 0 0 

JOBS [3] - [2, 19, 1]
TOOL SWITCHES : 0
MAKESPAN : 13

- MACHINE [2]

1 1 0 0 1 0 0 0 0 0 0 0 0 0 0 0 
1 0 1 0 0 0 1 0 0 0 0 0 1 1 0 1 
1 1 1 0 0 0 1 0 1 0 1 1 0 0 0 0 
1 0 0 1 0 0 0 0 0 0 0 0 0 0 0 0 
0 0 0 0 0 0 0 0 0 1 0 0 0 0 1 1 
0 0 0 0 0 1 1 1 1 1 0 0 0 0 0 0 
0 0 1 1 0 1 1 1 1 0 0 0 0 0 0 0 
0 0 0 0 0 0 0 0 0 0 1 1 0 1 0 1 
1 1 0 1 1 1 0 0 0 0 0 1 0 0 0 1 
0 0 0 0 1 1 0 0 0 0 0 0 0 1 1 0 
0 1 0 0 1 1 0 1 0 1 1 0 0 0 0 0 
0 0 0 0 0 0 1 0 1 0 1 1 1 0 1 0 
0 0 1 1 0 0 0 0 0 1 1 0 1 1 1 0 
0 1 0 0 1 1 1 1 0 1 0 1 0 1 0 0 
0 0 1 0 0 1 0 0 0 1 1 1 0 0 1 1 
0 0 0 0 0 0 0 0 0 0 0 1 1 0 1 1 
0 0 0 0 1 0 0 1 1 0 0 0 1 1 0 0 
1 0 0 0 0 0 0 0 0 0 0 0 0 0 0 0 
0 0 0 1 0 0 1 1 0 0 0 0 1 0 0 1 
0 1 1 0 0 0 0 0 0 0 0 0 0 0 0 0 

JOBS [16] - [4, 14, 0, 6, 17, 10, 5, 13, 3, 15, 7, 9, 12, 8, 11, 18]
TOOL SWITCHES : 7
MAKESPAN : 120

# -------------------------- #

--- TOTAL TOOL SWITCHES : 7
--- HIGHEST MAKESPAN : 120
--- TOTAL FLOWTIME : 1010
--- RUNNING TIME : 8.99789

# -------------------------- #
RUN : 1 - instancias_txt/SSP-NPM-I/ins142_m=3_j=20_t=20_var=2.txt

- MACHINE [0]

0 
0 
1 
0 
0 
0 
0 
1 
0 
1 
0 
0 
0 
0 
1 
1 
1 
0 
1 
0 

JOBS [1] - [11]
TOOL SWITCHES : 0
MAKESPAN : 9

- MACHINE [1]

0 0 0 
0 0 0 
1 0 1 
1 1 1 
1 1 0 
0 0 0 
1 0 1 
0 1 0 
0 0 0 
0 0 0 
0 0 0 
0 0 1 
0 0 1 
0 0 0 
0 0 0 
1 1 0 
0 1 0 
0 0 0 
0 0 0 
1 0 0 

JOBS [3] - [4, 9, 16]
TOOL SWITCHES : 0
MAKESPAN : 23

- MACHINE [2]

0 1 0 0 0 0 1 0 1 0 1 1 0 0 0 1 
0 0 0 0 0 0 0 0 0 1 1 0 1 1 0 0 
1 0 0 1 0 1 0 0 0 0 0 0 0 0 0 0 
0 0 0 0 0 0 0 0 0 0 1 0 0 0 0 1 
0 0 0 0 0 1 0 0 0 0 0 1 1 1 0 0 
0 0 0 0 1 1 0 1 0 1 0 1 0 0 1 1 
0 0 1 0 0 1 0 0 0 0 0 0 0 1 1 0 
1 1 0 0 1 0 1 1 0 1 1 0 1 1 0 1 
1 1 1 1 0 0 0 0 0 0 0 0 0 0 0 0 
0 0 0 0 1 0 0 0 0 1 0 1 0 0 0 0 
0 0 0 0 0 0 0 0 0 1 1 0 1 1 1 0 
0 0 1 0 0 0 1 0 0 0 0 0 0 0 0 0 
1 0 0 0 1 1 1 0 0 0 0 0 0 0 0 0 
1 0 1 1 0 0 0 1 1 0 1 0 1 0 1 0 
0 0 0 0 0 0 0 0 1 1 0 1 0 1 1 0 
0 0 0 0 0 0 0 0 0 0 0 0 0 0 0 0 
1 0 0 0 0 0 1 0 1 0 0 0 0 0 0 0 
0 1 0 1 1 1 1 1 0 1 0 0 0 0 0 0 
1 1 1 1 1 0 0 0 0 0 0 1 0 1 1 0 
0 0 0 0 0 0 0 1 1 0 0 1 1 0 0 1 

JOBS [16] - [2, 0, 5, 17, 12, 13, 19, 6, 7, 1, 3, 18, 10, 15, 14, 8]
TOOL SWITCHES : 6
MAKESPAN : 112

# -------------------------- #

--- TOTAL TOOL SWITCHES : 6
--- HIGHEST MAKESPAN : 112
--- TOTAL FLOWTIME : 1018
--- RUNNING TIME : 8.59257

# -------------------------- #
RUN : 1 - instancias_txt/SSP-NPM-I/ins143_m=3_j=20_t=20_var=3.txt

- MACHINE [0]

1 
1 
0 
1 
0 
0 
1 
1 
0 
0 
0 
0 
1 
0 
0 
0 
1 
0 
0 
0 

JOBS [1] - [7]
TOOL SWITCHES : 0
MAKESPAN : 10

- MACHINE [1]

0 1 0 
0 0 0 
0 0 1 
0 1 0 
1 0 1 
1 1 1 
0 0 0 
0 0 0 
1 1 1 
0 0 0 
0 0 0 
0 0 0 
1 0 0 
1 0 1 
0 0 0 
1 1 0 
0 0 0 
0 0 1 
0 0 0 
0 0 0 

JOBS [3] - [5, 14, 19]
TOOL SWITCHES : 0
MAKESPAN : 13

- MACHINE [2]

0 0 0 0 0 0 0 0 0 0 0 0 0 1 1 1 
0 0 0 0 0 0 0 0 0 1 0 1 0 1 0 1 
1 0 1 0 0 1 0 0 0 0 1 0 0 0 0 0 
0 0 0 0 1 1 1 0 0 1 0 0 0 0 0 1 
1 1 1 1 0 1 0 0 0 0 1 0 1 0 0 0 
0 0 0 0 0 0 0 0 1 1 1 0 1 1 0 1 
0 1 0 0 1 0 0 0 0 0 0 0 0 1 0 0 
1 0 1 1 0 0 0 0 0 0 0 1 0 0 0 1 
0 1 0 1 0 1 1 1 1 0 0 0 0 0 0 0 
0 0 0 0 0 0 0 0 0 0 1 1 0 0 1 0 
0 0 0 0 0 0 0 1 0 0 0 1 1 1 0 0 
1 0 0 0 1 0 0 1 1 1 0 0 0 0 0 0 
0 0 0 0 0 0 0 0 0 0 0 0 0 0 0 0 
0 0 0 0 0 0 1 0 0 0 0 1 1 0 0 0 
1 0 0 0 0 1 0 0 1 1 0 1 1 0 1 0 
1 0 1 0 1 0 1 1 0 0 0 0 0 0 0 0 
0 0 1 0 0 0 1 1 1 0 0 0 0 0 1 0 
0 0 0 1 1 0 1 0 0 0 0 0 0 0 0 0 
1 1 0 1 0 0 0 1 0 1 1 0 1 0 0 0 
0 1 1 1 0 1 0 0 1 0 0 0 0 1 1 1 

JOBS [16] - [0, 16, 13, 11, 15, 18, 10, 3, 17, 8, 6, 12, 2, 4, 1, 9]
TOOL SWITCHES : 7
MAKESPAN : 113

# -------------------------- #

--- TOTAL TOOL SWITCHES : 7
--- HIGHEST MAKESPAN : 113
--- TOTAL FLOWTIME : 1037
--- RUNNING TIME : 10.3493

# -------------------------- #
RUN : 1 - instancias_txt/SSP-NPM-I/ins144_m=3_j=20_t=20_var=4.txt

- MACHINE [0]

0 
1 
0 
0 
1 
1 
0 
0 
1 
1 
0 
0 
0 
0 
1 
0 
0 
1 
0 
0 

JOBS [1] - [12]
TOOL SWITCHES : 0
MAKESPAN : 8

- MACHINE [1]

0 0 1 
0 0 0 
1 1 1 
0 1 0 
0 0 0 
1 0 1 
0 0 0 
1 1 1 
1 1 0 
0 0 0 
0 0 0 
1 0 1 
0 0 0 
0 0 0 
0 0 0 
0 1 0 
0 0 0 
1 1 0 
0 0 0 
0 1 0 

JOBS [3] - [10, 6, 18]
TOOL SWITCHES : 0
MAKESPAN : 13

- MACHINE [2]

1 0 0 0 0 1 0 0 0 0 1 1 0 0 1 1 
0 1 0 1 0 0 1 0 0 0 0 0 0 0 0 0 
1 0 1 0 0 0 0 1 1 0 0 0 0 0 0 0 
0 0 1 1 0 1 0 1 1 1 1 1 0 0 0 0 
0 0 0 0 0 0 0 0 0 0 0 0 1 0 0 0 
0 0 0 0 0 0 0 0 0 0 0 0 1 0 0 1 
1 1 0 0 0 0 0 0 1 0 0 0 0 1 1 1 
0 0 0 0 1 0 0 0 0 1 0 0 1 1 1 0 
1 0 0 0 0 0 1 0 0 1 0 1 1 1 0 0 
0 0 0 0 0 0 0 1 1 0 1 1 1 1 0 1 
0 1 0 1 1 0 0 1 0 0 0 1 1 1 0 0 
0 0 0 0 0 0 1 1 0 0 0 0 0 0 0 0 
0 0 0 0 0 1 0 0 1 0 0 0 0 1 0 1 
0 1 1 0 1 0 1 0 0 0 0 0 0 0 0 1 
0 0 1 0 1 1 0 1 1 0 1 0 0 0 1 0 
0 1 1 1 0 0 1 0 0 1 1 0 0 0 1 0 
1 1 0 1 1 0 0 0 0 0 0 0 0 0 0 0 
1 0 1 0 0 1 0 0 0 0 0 0 0 0 0 0 
0 0 0 0 0 1 1 1 0 1 1 0 0 0 0 0 
0 0 0 0 0 0 0 0 0 1 1 1 0 1 1 1 

JOBS [16] - [11, 14, 3, 0, 15, 5, 19, 13, 16, 8, 9, 2, 17, 4, 7, 1]
TOOL SWITCHES : 8
MAKESPAN : 88

# -------------------------- #

--- TOTAL TOOL SWITCHES : 8
--- HIGHEST MAKESPAN : 88
--- TOTAL FLOWTIME : 777
--- RUNNING TIME : 9.42039

# -------------------------- #
RUN : 1 - instancias_txt/SSP-NPM-I/ins145_m=3_j=20_t=20_var=5.txt

- MACHINE [0]

1 
0 
1 
0 
0 
0 
1 
1 
1 
0 
0 
0 
0 
0 
0 
0 
0 
0 
0 
0 

JOBS [1] - [10]
TOOL SWITCHES : 0
MAKESPAN : 10

- MACHINE [1]

0 0 0 
0 0 1 
0 0 0 
0 1 1 
1 0 0 
0 0 0 
0 1 1 
0 0 0 
0 0 0 
1 1 0 
1 1 1 
0 0 0 
0 0 0 
0 0 0 
0 1 0 
1 1 1 
0 0 0 
0 0 0 
1 0 1 
0 1 0 

JOBS [3] - [11, 1, 15]
TOOL SWITCHES : 0
MAKESPAN : 6

- MACHINE [2]

1 1 1 0 1 0 0 0 0 0 0 0 0 0 0 0 
0 0 0 0 0 0 1 1 1 0 0 0 0 0 1 1 
1 0 0 1 1 0 0 0 0 1 0 1 0 0 0 1 
0 0 0 0 0 0 0 0 0 0 0 1 0 0 0 0 
1 0 0 1 0 1 1 0 1 0 0 1 0 0 1 0 
0 1 0 0 0 1 0 0 0 1 1 1 1 0 0 0 
0 0 0 0 0 0 0 0 0 0 0 0 0 0 0 0 
0 1 1 0 1 0 1 1 1 0 0 0 0 0 0 0 
0 0 0 0 1 0 0 1 0 1 0 0 0 0 1 0 
1 1 0 1 0 0 1 1 0 0 0 0 0 1 1 1 
0 0 0 0 1 1 1 0 0 0 1 0 1 1 0 0 
0 0 0 0 1 0 0 0 0 0 1 1 1 0 1 1 
0 0 0 0 0 0 0 0 1 0 1 0 1 1 1 1 
1 0 1 0 1 0 0 0 1 1 1 0 0 1 0 0 
0 0 1 0 0 0 0 0 0 0 0 0 0 0 0 0 
0 0 0 1 0 1 0 0 0 0 1 1 0 1 0 1 
0 0 0 1 0 0 1 1 0 1 1 0 0 0 0 0 
0 1 1 1 0 0 0 0 0 0 0 0 1 1 0 0 
1 1 0 0 0 0 0 0 0 1 0 0 1 0 1 1 
0 0 1 1 0 1 0 1 0 0 0 0 0 0 0 0 

JOBS [16] - [19, 7, 2, 12, 0, 13, 8, 5, 4, 6, 18, 17, 16, 14, 3, 9]
TOOL SWITCHES : 8
MAKESPAN : 120

# -------------------------- #

--- TOTAL TOOL SWITCHES : 8
--- HIGHEST MAKESPAN : 120
--- TOTAL FLOWTIME : 1058
--- RUNNING TIME : 10.6974

# -------------------------- #
RUN : 1 - instancias_txt/SSP-NPM-I/ins146_m=3_j=20_t=20_var=6.txt

- MACHINE [0]

0 
0 
0 
1 
0 
0 
1 
0 
0 
1 
0 
0 
0 
0 
0 
0 
1 
1 
1 
0 

JOBS [1] - [19]
TOOL SWITCHES : 0
MAKESPAN : 6

- MACHINE [1]

0 1 0 
0 0 0 
0 0 0 
1 1 1 
1 0 1 
0 0 0 
1 0 0 
0 0 0 
0 0 0 
0 0 0 
0 0 1 
0 0 0 
1 0 0 
0 1 0 
0 0 0 
0 0 0 
1 1 1 
1 1 1 
1 1 0 
0 0 0 

JOBS [3] - [8, 13, 6]
TOOL SWITCHES : 0
MAKESPAN : 18

- MACHINE [2]

1 1 0 1 0 0 0 0 0 0 0 0 0 0 0 0 
0 1 0 0 1 0 0 0 0 0 0 0 1 0 0 0 
1 0 0 1 0 0 1 0 0 1 1 1 0 1 0 0 
0 0 0 0 1 0 0 1 0 0 0 1 0 0 0 0 
0 1 1 0 0 0 0 0 0 0 0 0 0 0 0 0 
1 1 0 1 1 1 1 0 0 0 1 1 1 1 1 1 
1 0 0 0 0 0 0 1 1 0 0 0 1 0 0 0 
0 0 0 0 0 0 1 1 1 0 0 0 0 0 0 0 
1 0 0 1 1 1 1 0 0 0 0 1 0 0 1 1 
0 0 0 0 0 0 0 0 0 0 0 0 0 1 0 1 
0 0 1 0 0 1 0 0 0 0 1 0 1 1 1 1 
0 0 0 0 0 0 0 0 1 0 0 0 1 1 0 0 
0 1 1 0 0 0 1 0 1 1 0 0 1 0 1 0 
0 0 0 0 0 0 0 0 0 0 0 1 0 1 0 0 
0 0 1 0 0 1 1 0 1 1 1 1 0 0 1 0 
0 1 0 0 0 0 0 1 0 1 1 0 0 0 0 1 
0 0 0 1 1 0 1 1 0 0 0 0 0 0 0 0 
1 0 0 0 0 0 0 0 0 0 0 0 0 0 0 0 
0 0 1 0 0 1 0 0 0 0 0 0 0 0 0 0 
1 0 1 1 1 0 0 0 0 1 1 0 1 1 1 1 

JOBS [16] - [16, 17, 2, 9, 0, 10, 12, 11, 4, 5, 7, 15, 3, 18, 14, 1]
TOOL SWITCHES : 7
MAKESPAN : 111

# -------------------------- #

--- TOTAL TOOL SWITCHES : 7
--- HIGHEST MAKESPAN : 111
--- TOTAL FLOWTIME : 934
--- RUNNING TIME : 8.56564

# -------------------------- #
RUN : 1 - instancias_txt/SSP-NPM-I/ins147_m=3_j=20_t=20_var=7.txt

- MACHINE [0]

1 
0 
0 
1 
1 
0 
0 
0 
0 
0 
0 
1 
0 
0 
0 
0 
0 
0 
1 
0 

JOBS [1] - [0]
TOOL SWITCHES : 0
MAKESPAN : 9

- MACHINE [1]

0 0 0 
0 0 0 
0 1 1 
0 1 0 
1 1 1 
0 0 0 
0 0 1 
0 1 0 
0 0 0 
1 0 0 
1 1 0 
1 0 1 
0 0 0 
0 0 0 
0 0 0 
0 0 0 
1 0 1 
0 0 0 
0 0 0 
1 1 0 

JOBS [3] - [1, 10, 16]
TOOL SWITCHES : 0
MAKESPAN : 12

- MACHINE [2]

0 0 1 1 1 1 0 1 0 0 0 0 0 0 0 0 
1 1 0 1 1 0 1 0 0 0 0 0 0 0 0 0 
0 0 0 0 0 0 0 0 0 0 0 0 1 0 1 0 
1 0 0 0 0 1 0 0 0 0 0 0 0 0 0 0 
0 0 0 0 0 0 0 0 0 0 0 0 0 0 0 0 
0 1 0 1 0 0 0 0 1 0 1 1 1 0 1 1 
1 0 1 0 0 0 0 0 0 0 0 0 0 0 0 0 
0 0 0 0 0 0 0 1 0 0 0 0 0 1 0 1 
0 0 0 0 0 0 0 1 0 1 0 0 0 0 0 1 
0 0 0 0 0 1 0 0 0 1 1 0 0 0 1 0 
0 1 1 0 0 0 0 0 0 1 0 1 0 0 0 0 
0 0 0 0 0 0 0 0 1 0 1 1 0 0 0 1 
1 1 0 0 0 0 0 0 0 0 0 0 1 0 1 0 
1 0 0 0 1 0 1 1 0 0 0 0 0 1 1 0 
1 0 0 1 1 1 0 0 0 1 1 0 0 1 0 0 
0 0 1 0 1 0 1 1 1 1 0 0 0 0 0 0 
1 1 1 0 0 0 1 0 1 1 0 1 0 1 0 0 
0 0 1 0 1 1 1 0 1 0 0 1 1 1 0 0 
0 0 0 1 0 0 1 0 0 1 1 0 1 1 1 0 
0 0 0 0 0 0 0 0 0 0 0 1 1 0 0 1 

JOBS [16] - [11, 12, 18, 2, 7, 5, 17, 13, 14, 15, 3, 8, 19, 9, 6, 4]
TOOL SWITCHES : 6
MAKESPAN : 116

# -------------------------- #

--- TOTAL TOOL SWITCHES : 6
--- HIGHEST MAKESPAN : 116
--- TOTAL FLOWTIME : 959
--- RUNNING TIME : 7.38146

# -------------------------- #
RUN : 1 - instancias_txt/SSP-NPM-I/ins148_m=3_j=20_t=20_var=8.txt

- MACHINE [0]

0 
1 
0 
0 
0 
1 
0 
1 
1 
0 
0 
0 
0 
0 
1 
0 
1 
0 
0 
1 

JOBS [1] - [12]
TOOL SWITCHES : 0
MAKESPAN : 6

- MACHINE [1]

0 0 0 
0 0 0 
1 0 1 
0 0 0 
0 0 0 
0 0 0 
0 0 0 
0 0 0 
1 0 0 
0 1 0 
1 1 0 
0 0 0 
1 1 0 
0 1 1 
1 1 1 
0 1 1 
0 0 0 
0 0 1 
0 0 1 
0 0 0 

JOBS [3] - [18, 7, 6]
TOOL SWITCHES : 0
MAKESPAN : 16

- MACHINE [2]

0 0 0 0 0 1 1 0 0 0 1 1 1 0 0 0 
1 0 1 1 1 0 0 0 1 0 0 0 1 0 1 0 
0 1 0 0 0 0 0 1 0 1 0 0 0 0 0 0 
0 0 0 0 0 0 0 1 0 0 0 0 0 1 0 1 
1 0 0 0 0 1 0 1 1 0 1 1 0 0 0 1 
0 1 1 0 0 0 1 1 0 0 0 0 0 0 0 0 
0 0 0 1 1 1 0 1 0 0 1 0 0 0 1 1 
0 0 1 0 0 0 1 0 1 1 1 0 0 1 0 1 
0 0 0 1 1 0 0 0 0 1 0 0 0 0 0 0 
0 0 0 0 0 0 0 0 0 0 0 1 0 0 1 0 
0 0 1 1 0 0 0 1 1 0 0 0 1 1 0 0 
1 0 1 1 0 0 0 0 0 0 0 0 0 0 0 0 
1 1 0 0 0 0 0 0 0 0 0 0 0 0 0 0 
1 0 1 1 1 0 0 0 0 0 0 0 0 0 0 0 
0 1 0 0 0 0 1 0 0 0 1 0 0 0 1 1 
0 0 0 0 0 1 1 0 0 1 0 0 0 1 1 1 
1 1 0 0 1 1 1 0 0 0 0 0 0 0 0 0 
0 1 0 0 0 1 0 0 1 1 0 1 1 1 1 0 
0 0 0 0 0 0 0 0 1 1 0 1 0 0 0 0 
0 0 0 0 0 0 0 0 0 0 1 1 1 1 0 0 

JOBS [16] - [9, 16, 4, 5, 8, 1, 14, 15, 2, 13, 10, 3, 11, 0, 17, 19]
TOOL SWITCHES : 7
MAKESPAN : 117

# -------------------------- #

--- TOTAL TOOL SWITCHES : 7
--- HIGHEST MAKESPAN : 117
--- TOTAL FLOWTIME : 991
--- RUNNING TIME : 9.75683

# -------------------------- #
RUN : 1 - instancias_txt/SSP-NPM-I/ins149_m=3_j=20_t=20_var=9.txt

- MACHINE [0]

0 
1 
0 
1 
0 
0 
0 
1 
1 
0 
0 
1 
0 
1 
0 
1 
0 
0 
0 
0 

JOBS [1] - [5]
TOOL SWITCHES : 0
MAKESPAN : 9

- MACHINE [1]

0 0 
0 0 
1 0 
1 0 
0 0 
0 0 
0 0 
0 1 
1 1 
0 1 
0 0 
0 0 
0 0 
0 0 
1 1 
0 1 
1 1 
1 0 
0 1 
0 0 

JOBS [2] - [13, 0]
TOOL SWITCHES : 0
MAKESPAN : 12

- MACHINE [2]

1 1 0 0 1 0 0 0 0 0 0 0 1 1 1 0 0 
0 1 1 0 1 1 0 1 1 0 0 0 0 1 0 1 1 
0 0 0 0 0 1 1 1 0 1 0 0 0 0 0 0 0 
0 0 0 0 0 0 0 0 0 0 0 0 1 0 0 0 1 
0 0 0 1 1 1 0 1 1 0 0 1 0 0 0 0 0 
0 0 0 0 0 1 0 0 0 1 1 1 0 0 0 0 0 
0 0 0 0 0 0 1 0 1 1 1 0 1 0 0 1 0 
1 0 1 0 0 0 0 1 0 1 1 0 0 0 0 0 0 
0 0 0 1 0 0 0 0 0 0 0 0 0 0 0 0 0 
0 1 1 0 0 1 1 1 0 1 1 0 0 0 1 0 1 
1 0 1 1 1 1 0 0 0 0 0 0 0 0 0 0 0 
1 0 1 0 0 0 0 0 1 0 1 1 0 0 1 1 0 
0 0 0 0 0 0 0 0 0 0 0 0 0 0 0 1 1 
0 1 0 1 1 0 1 1 1 1 0 0 1 1 1 0 0 
0 1 0 1 0 1 1 1 0 0 0 1 0 0 0 0 1 
1 0 1 0 1 0 1 0 0 0 0 0 0 0 1 1 0 
1 1 0 0 0 0 0 0 0 0 0 0 0 0 0 0 0 
1 0 0 0 0 0 0 0 1 1 1 0 0 1 0 0 1 
0 0 0 0 0 0 0 0 0 0 0 1 1 1 0 0 1 
0 0 0 0 0 0 0 0 0 0 1 1 1 1 0 0 0 

JOBS [17] - [17, 9, 10, 4, 16, 6, 12, 3, 11, 8, 18, 14, 1, 2, 19, 15, 7]
TOOL SWITCHES : 7
MAKESPAN : 104

# -------------------------- #

--- TOTAL TOOL SWITCHES : 7
--- HIGHEST MAKESPAN : 104
--- TOTAL FLOWTIME : 869
--- RUNNING TIME : 9.65539

# -------------------------- #
RUN : 1 - instancias_txt/SSP-NPM-I/ins150_m=3_j=20_t=20_var=10.txt

- MACHINE [0]

1 
1 
0 
1 
0 
0 
1 
0 
0 
1 
0 
0 
0 
0 
0 
0 
0 
0 
1 
1 

JOBS [1] - [9]
TOOL SWITCHES : 0
MAKESPAN : 7

- MACHINE [1]

1 1 0 0 
0 0 0 0 
0 1 0 0 
0 0 0 0 
0 0 0 0 
0 0 0 0 
0 0 0 0 
1 0 0 1 
0 0 0 0 
0 0 0 0 
0 0 1 1 
0 1 1 1 
0 0 0 0 
1 0 1 1 
1 1 0 1 
0 0 0 0 
1 1 0 0 
0 0 0 0 
0 0 1 0 
1 0 1 0 

JOBS [4] - [19, 1, 14, 15]
TOOL SWITCHES : 0
MAKESPAN : 15

- MACHINE [2]

0 0 0 0 0 0 0 0 0 0 0 1 0 0 0 
0 0 0 0 0 0 0 0 1 0 1 0 0 1 0 
1 0 1 0 0 1 1 1 0 0 0 0 0 0 0 
1 1 1 0 1 0 0 0 1 1 0 0 0 0 0 
0 0 1 0 1 0 1 0 1 0 0 0 0 0 0 
1 1 1 1 0 0 0 1 0 1 0 1 0 1 0 
1 0 0 1 0 0 1 0 1 0 1 0 1 0 0 
0 0 0 0 0 0 0 0 0 0 1 0 0 0 0 
0 1 0 1 1 0 0 0 0 0 0 1 1 0 0 
1 0 1 0 0 0 0 0 0 0 0 0 0 0 0 
0 0 0 0 1 1 1 1 0 0 0 0 1 1 1 
0 0 0 0 0 1 1 0 0 0 0 1 0 1 1 
0 0 0 1 0 0 1 1 0 1 0 1 0 1 1 
0 0 0 0 0 0 0 0 0 1 0 0 1 0 1 
1 0 1 0 0 0 0 0 0 0 0 0 0 0 0 
0 1 1 0 1 0 0 1 0 0 1 0 0 1 0 
0 0 0 0 0 0 0 1 0 1 0 1 0 0 1 
0 1 0 1 0 1 0 0 1 0 1 0 1 1 0 
0 0 0 1 1 1 0 0 0 0 0 0 0 0 0 
0 1 0 1 1 0 0 0 1 1 1 0 1 0 0 

JOBS [15] - [10, 13, 2, 7, 6, 3, 8, 0, 16, 18, 11, 17, 5, 12, 4]
TOOL SWITCHES : 7
MAKESPAN : 102

# -------------------------- #

--- TOTAL TOOL SWITCHES : 7
--- HIGHEST MAKESPAN : 102
--- TOTAL FLOWTIME : 819
--- RUNNING TIME : 7.73106

# -------------------------- #
RUN : 1 - instancias_txt/SSP-NPM-I/ins151_m=3_j=20_t=20_var=11.txt

- MACHINE [0]

0 1 
0 0 
0 0 
0 0 
0 0 
1 0 
0 0 
1 1 
1 0 
0 0 
0 1 
0 0 
0 0 
1 1 
0 0 
1 1 
0 0 
0 0 
0 0 
0 0 

JOBS [2] - [13, 6]
TOOL SWITCHES : 0
MAKESPAN : 16

- MACHINE [1]

1 1 
1 0 
0 0 
0 0 
0 0 
0 0 
0 1 
1 1 
0 0 
1 1 
0 1 
0 0 
1 1 
0 0 
0 0 
0 0 
1 0 
0 0 
0 0 
0 0 

JOBS [2] - [18, 7]
TOOL SWITCHES : 0
MAKESPAN : 16

- MACHINE [2]

0 0 0 0 0 0 0 0 0 1 0 0 0 1 1 0 
0 1 1 1 1 1 0 0 0 0 0 0 0 0 0 0 
0 0 0 0 0 0 0 0 0 0 1 0 1 1 0 1 
1 0 0 0 0 0 0 1 0 0 0 1 1 1 1 0 
0 1 0 0 0 1 1 0 0 0 1 0 0 1 0 1 
0 0 0 0 0 0 0 0 0 0 0 0 0 0 0 0 
0 1 0 0 0 0 0 1 1 1 1 1 1 0 0 1 
1 0 0 1 1 1 0 0 1 0 1 0 0 0 1 1 
0 0 0 0 0 0 0 0 0 0 0 0 0 0 1 1 
0 0 0 0 0 0 1 0 1 1 0 1 0 0 0 1 
1 0 0 1 0 0 0 1 1 0 0 1 0 0 0 0 
0 0 0 1 1 0 0 0 0 0 0 0 0 1 1 0 
0 1 1 0 0 0 0 0 0 0 0 0 0 0 0 0 
1 0 1 0 0 0 0 0 0 0 0 0 1 1 0 0 
0 0 0 0 0 0 0 1 0 1 1 0 0 1 0 0 
1 0 0 0 0 0 1 1 1 0 0 0 0 0 0 0 
1 1 1 0 1 1 0 0 0 0 0 0 0 0 0 0 
0 0 0 0 0 1 1 0 1 0 1 1 0 0 1 0 
0 1 1 1 1 0 1 1 0 0 0 0 0 0 0 0 
1 1 1 0 1 0 1 0 0 1 0 1 1 0 0 0 

JOBS [16] - [19, 9, 16, 1, 4, 11, 14, 12, 2, 8, 0, 5, 17, 15, 10, 3]
TOOL SWITCHES : 6
MAKESPAN : 126

# -------------------------- #

--- TOTAL TOOL SWITCHES : 6
--- HIGHEST MAKESPAN : 126
--- TOTAL FLOWTIME : 1132
--- RUNNING TIME : 8.93903

# -------------------------- #
RUN : 1 - instancias_txt/SSP-NPM-I/ins152_m=3_j=20_t=20_var=12.txt

- MACHINE [0]

0 
0 
0 
0 
0 
0 
1 
0 
0 
1 
1 
1 
0 
0 
0 
0 
1 
1 
1 
0 

JOBS [1] - [4]
TOOL SWITCHES : 0
MAKESPAN : 2

- MACHINE [1]

1 1 
0 0 
0 0 
1 0 
0 1 
1 1 
0 0 
0 0 
0 0 
1 0 
0 0 
0 0 
0 1 
0 0 
0 0 
1 0 
0 1 
1 0 
0 0 
0 0 

JOBS [2] - [1, 12]
TOOL SWITCHES : 0
MAKESPAN : 6

- MACHINE [2]

1 0 1 1 0 0 1 0 0 0 1 0 1 1 0 0 0 
1 0 0 1 1 1 1 0 0 1 0 0 0 0 1 1 1 
0 0 0 0 0 0 0 0 0 0 0 0 1 1 1 1 1 
1 0 0 0 0 0 1 0 1 1 0 1 0 0 1 0 1 
0 1 1 1 1 0 1 0 0 0 0 0 0 0 0 0 0 
0 0 0 0 0 0 0 0 0 0 0 0 0 0 0 0 0 
0 0 0 0 0 0 0 0 0 0 1 1 1 1 0 1 0 
1 1 1 1 0 0 0 0 0 0 0 0 0 0 0 0 0 
0 1 0 0 1 0 1 1 1 1 1 0 0 0 0 1 1 
1 0 0 0 1 0 1 1 0 1 0 0 0 0 0 0 0 
0 0 0 0 0 0 0 0 0 0 0 0 1 1 1 0 0 
0 1 0 0 0 1 0 1 0 0 0 0 0 0 0 0 0 
1 0 1 0 0 0 0 0 1 1 0 1 0 0 0 0 0 
0 0 0 1 1 1 0 0 0 1 1 1 0 0 0 0 0 
0 0 0 0 0 0 0 0 1 1 0 0 0 1 0 0 0 
0 0 1 1 0 1 0 1 0 0 0 0 1 1 1 0 0 
0 0 0 0 0 0 0 1 1 0 0 1 0 0 0 0 1 
0 0 0 0 0 1 0 0 1 0 0 0 0 0 1 1 0 
0 1 1 0 0 1 0 0 0 0 1 0 0 0 0 0 0 
0 1 0 0 0 0 0 1 0 0 0 1 1 0 1 1 1 

JOBS [17] - [3, 10, 13, 19, 17, 14, 15, 18, 0, 2, 9, 8, 11, 5, 16, 7, 6]
TOOL SWITCHES : 6
MAKESPAN : 110

# -------------------------- #

--- TOTAL TOOL SWITCHES : 6
--- HIGHEST MAKESPAN : 110
--- TOTAL FLOWTIME : 948
--- RUNNING TIME : 7.95605

# -------------------------- #
RUN : 1 - instancias_txt/SSP-NPM-I/ins153_m=3_j=20_t=20_var=13.txt

- MACHINE [0]

0 0 
0 0 
0 0 
1 1 
0 0 
0 0 
0 0 
1 1 
0 1 
0 1 
0 0 
0 0 
0 0 
1 0 
0 0 
0 0 
1 0 
0 0 
1 1 
0 0 

JOBS [2] - [16, 4]
TOOL SWITCHES : 0
MAKESPAN : 17

- MACHINE [1]

1 0 1 
1 1 0 
0 0 0 
0 0 0 
0 0 0 
0 1 1 
1 0 1 
0 0 0 
0 0 1 
0 0 0 
0 0 0 
0 0 0 
0 0 0 
0 1 0 
0 0 0 
1 1 0 
1 0 1 
0 1 1 
0 1 0 
0 0 0 

JOBS [3] - [5, 11, 9]
TOOL SWITCHES : 0
MAKESPAN : 10

- MACHINE [2]

0 1 1 0 0 0 0 0 0 0 0 0 1 0 0 
0 0 0 1 1 0 1 0 0 0 1 1 1 0 0 
0 0 1 0 1 1 0 0 0 0 1 1 0 0 0 
1 1 0 1 1 1 0 0 0 0 0 0 0 0 0 
0 1 0 1 0 0 1 1 0 1 0 0 0 0 0 
0 0 1 0 1 1 0 1 1 0 0 0 0 0 0 
1 0 0 1 0 0 0 0 0 0 0 0 0 0 0 
0 0 1 1 0 1 1 0 1 1 1 0 0 0 0 
0 1 0 0 1 1 0 0 0 0 1 0 0 1 1 
1 0 0 0 0 1 0 1 1 0 0 0 0 1 1 
1 1 1 1 0 0 1 1 0 0 0 0 0 0 0 
0 0 0 0 0 0 0 0 0 1 0 0 1 1 1 
0 0 0 0 1 0 0 0 0 1 1 1 1 0 0 
1 1 1 0 1 1 1 0 0 0 0 0 0 0 0 
0 0 0 0 0 0 0 0 0 0 0 0 1 0 1 
0 0 0 0 0 0 0 1 1 1 1 1 0 0 1 
0 0 0 0 0 0 0 0 0 0 1 0 0 1 1 
0 0 0 0 0 0 1 0 0 1 0 0 0 1 0 
0 0 0 0 0 0 0 0 1 0 0 1 0 0 0 
1 0 0 0 0 0 1 0 0 0 0 1 1 1 0 

JOBS [15] - [3, 2, 10, 1, 15, 12, 7, 17, 14, 18, 8, 19, 6, 13, 0]
TOOL SWITCHES : 7
MAKESPAN : 116

# -------------------------- #

--- TOTAL TOOL SWITCHES : 7
--- HIGHEST MAKESPAN : 116
--- TOTAL FLOWTIME : 1000
--- RUNNING TIME : 5.49883

# -------------------------- #
RUN : 1 - instancias_txt/SSP-NPM-I/ins154_m=3_j=20_t=20_var=14.txt

- MACHINE [0]

1 
0 
1 
0 
0 
0 
1 
0 
1 
0 
0 
0 
0 
0 
0 
0 
1 
0 
0 
1 

JOBS [1] - [13]
TOOL SWITCHES : 0
MAKESPAN : 4

- MACHINE [1]

1 1 
1 0 
0 1 
0 1 
1 0 
0 1 
0 0 
1 0 
1 0 
0 0 
1 0 
0 0 
0 0 
0 1 
0 0 
0 0 
0 0 
0 0 
0 0 
0 0 

JOBS [2] - [2, 9]
TOOL SWITCHES : 0
MAKESPAN : 15

- MACHINE [2]

0 0 0 0 0 0 0 0 0 0 0 0 0 0 0 0 0 
1 0 1 1 0 0 0 0 0 0 0 0 0 0 0 0 0 
0 0 0 0 0 0 0 0 0 0 0 1 0 1 0 1 1 
0 1 0 1 0 1 1 0 0 1 0 0 0 0 0 0 0 
1 1 0 1 0 1 0 1 0 0 1 0 0 0 1 0 0 
1 0 1 1 1 0 0 1 1 0 0 0 0 0 0 0 0 
0 0 1 0 0 0 0 1 0 1 1 0 0 0 0 0 0 
0 1 1 1 1 1 0 0 0 0 0 0 0 0 0 0 0 
0 0 0 0 0 0 0 1 1 0 1 0 1 0 0 0 0 
0 1 0 1 0 1 0 0 0 1 0 1 1 0 0 0 1 
0 0 0 0 0 0 0 0 0 1 0 1 1 1 0 1 0 
0 0 1 0 1 0 0 0 1 0 1 0 0 1 0 0 0 
0 0 1 0 0 1 1 0 1 1 0 1 0 0 1 1 1 
1 1 0 0 1 0 0 1 1 0 0 0 0 1 1 0 0 
0 0 0 0 0 0 0 0 0 0 0 0 0 1 1 0 1 
1 0 0 0 1 0 1 1 1 0 0 0 1 1 0 0 0 
0 0 0 0 0 0 0 0 0 0 1 0 1 0 0 0 1 
1 0 0 0 0 0 1 0 0 0 0 1 0 0 0 1 0 
0 0 0 1 0 0 1 0 0 0 0 1 0 0 0 0 1 
0 0 0 0 1 1 1 0 0 1 0 0 1 1 1 1 0 

JOBS [17] - [3, 12, 8, 1, 19, 11, 17, 5, 6, 18, 14, 10, 7, 15, 0, 16, 4]
TOOL SWITCHES : 6
MAKESPAN : 113

# -------------------------- #

--- TOTAL TOOL SWITCHES : 6
--- HIGHEST MAKESPAN : 113
--- TOTAL FLOWTIME : 1072
--- RUNNING TIME : 7.18203

# -------------------------- #
RUN : 1 - instancias_txt/SSP-NPM-I/ins155_m=3_j=20_t=20_var=15.txt

- MACHINE [0]

0 
1 
0 
1 
0 
0 
0 
0 
1 
0 
1 
1 
0 
0 
0 
0 
1 
0 
0 
1 

JOBS [1] - [11]
TOOL SWITCHES : 0
MAKESPAN : 3

- MACHINE [1]

0 0 0 
0 0 0 
0 0 1 
1 0 0 
0 0 1 
0 0 0 
1 1 1 
0 0 0 
1 1 0 
0 0 1 
0 0 0 
0 1 1 
0 0 0 
0 0 0 
1 1 1 
1 0 0 
1 0 0 
1 1 0 
0 0 0 
0 0 0 

JOBS [3] - [6, 13, 15]
TOOL SWITCHES : 1
MAKESPAN : 20

- MACHINE [2]

1 1 0 0 0 0 1 1 0 0 1 1 0 0 1 0 
1 1 0 0 0 0 1 0 1 1 0 0 0 0 0 0 
0 1 0 0 1 0 1 0 0 0 1 1 1 0 0 0 
1 0 0 1 0 1 1 1 1 0 0 1 0 0 1 0 
0 0 1 1 0 0 1 1 1 0 0 1 1 0 0 0 
1 1 0 0 0 1 0 1 0 1 0 0 0 1 0 0 
0 0 0 0 0 0 0 0 0 0 0 0 0 0 0 0 
0 0 0 0 0 0 0 0 0 0 0 0 1 1 0 1 
1 1 0 1 0 0 0 0 0 0 0 0 0 0 0 0 
0 0 1 1 1 1 0 1 1 0 0 0 0 0 0 0 
0 1 1 1 0 0 0 0 0 0 0 0 0 1 1 0 
0 0 0 0 0 0 0 0 0 0 0 0 0 0 0 0 
0 0 0 0 0 0 0 0 0 1 0 0 0 0 0 1 
0 0 0 1 1 0 0 1 1 1 0 0 0 0 0 0 
0 0 0 0 0 0 0 0 0 0 1 1 1 1 0 0 
0 0 1 0 1 0 0 1 0 1 1 0 1 1 0 0 
1 0 0 0 0 0 1 0 0 0 1 0 1 0 1 1 
0 0 0 0 1 1 0 0 1 1 1 1 0 1 0 1 
0 0 0 0 1 1 1 0 1 0 0 1 0 0 1 0 
0 0 1 0 0 0 0 0 0 0 0 0 1 1 1 1 

JOBS [16] - [3, 9, 17, 8, 12, 10, 2, 14, 1, 7, 19, 5, 18, 0, 4, 16]
TOOL SWITCHES : 6
MAKESPAN : 106

# -------------------------- #

--- TOTAL TOOL SWITCHES : 7
--- HIGHEST MAKESPAN : 106
--- TOTAL FLOWTIME : 881
--- RUNNING TIME : 8.68251

# -------------------------- #
RUN : 1 - instancias_txt/SSP-NPM-I/ins156_m=3_j=20_t=20_var=16.txt

- MACHINE [0]

1 
0 
0 
0 
0 
0 
1 
0 
1 
0 
0 
1 
0 
0 
0 
0 
1 
0 
1 
0 

JOBS [1] - [5]
TOOL SWITCHES : 0
MAKESPAN : 10

- MACHINE [1]

0 0 0 1 0 1 1 0 0 0 0 0 
0 1 1 1 0 1 0 0 1 1 1 0 
0 1 0 0 0 0 1 1 0 0 0 1 
0 0 0 0 1 0 0 0 0 0 0 0 
0 0 0 0 0 0 0 1 1 1 1 1 
0 0 0 0 0 1 0 0 1 0 1 1 
0 0 0 0 0 0 0 0 0 0 1 0 
0 0 0 0 0 0 0 0 0 0 0 0 
0 0 0 0 0 0 0 1 1 1 1 1 
1 0 1 0 1 1 0 0 0 0 0 1 
0 0 1 1 1 1 0 0 0 0 0 0 
1 1 0 1 1 1 1 0 1 0 1 0 
0 0 0 0 0 0 1 1 0 1 0 0 
0 0 0 0 0 0 0 0 0 0 0 0 
1 0 1 0 0 0 0 0 0 0 0 0 
0 1 0 0 1 0 0 1 0 1 0 0 
0 0 0 0 0 0 0 0 0 0 0 0 
0 1 1 1 0 0 0 0 0 0 0 0 
1 1 1 0 1 0 0 1 0 1 0 1 
1 0 0 0 0 0 1 0 0 0 0 0 

JOBS [12] - [13, 16, 17, 4, 3, 14, 12, 9, 15, 1, 0, 10]
TOOL SWITCHES : 7
MAKESPAN : 94

- MACHINE [2]

1 0 0 0 0 1 1 
1 0 0 1 1 0 0 
0 0 0 0 0 0 0 
1 0 1 0 0 1 0 
0 0 0 0 0 0 1 
0 0 0 1 0 1 0 
1 1 0 0 1 1 0 
1 0 0 0 1 0 0 
0 0 0 0 0 0 0 
0 0 0 0 0 0 0 
0 1 0 1 1 1 0 
0 0 0 0 0 0 0 
0 1 1 1 0 0 0 
0 1 0 1 0 0 0 
1 1 1 0 0 0 0 
0 0 0 0 0 1 1 
0 1 1 0 0 0 1 
0 0 1 0 0 1 1 
0 1 0 0 1 0 0 
0 0 1 0 0 0 1 

JOBS [7] - [2, 8, 6, 19, 7, 18, 11]
TOOL SWITCHES : 3
MAKESPAN : 50

# -------------------------- #

--- TOTAL TOOL SWITCHES : 10
--- HIGHEST MAKESPAN : 94
--- TOTAL FLOWTIME : 800
--- RUNNING TIME : 4.00149

# -------------------------- #
RUN : 1 - instancias_txt/SSP-NPM-I/ins157_m=3_j=20_t=20_var=17.txt

- MACHINE [0]

1 0 
0 0 
0 0 
1 1 
1 1 
0 0 
0 0 
0 0 
0 0 
0 0 
0 0 
0 1 
0 0 
0 1 
1 0 
1 1 
1 0 
0 0 
0 0 
0 0 

JOBS [2] - [8, 0]
TOOL SWITCHES : 1
MAKESPAN : 16

- MACHINE [1]

0 0 
0 0 
0 1 
1 1 
0 0 
0 0 
1 0 
0 0 
0 0 
1 0 
0 1 
0 0 
1 1 
1 0 
0 1 
0 0 
0 0 
0 0 
1 0 
0 0 

JOBS [2] - [4, 12]
TOOL SWITCHES : 0
MAKESPAN : 12

- MACHINE [2]

0 0 0 0 0 1 1 0 1 0 0 1 1 0 0 1 
0 0 0 0 0 0 0 0 0 0 0 0 0 1 1 1 
1 1 0 1 1 1 0 1 1 0 0 0 0 0 0 0 
0 0 0 0 0 0 0 0 0 0 0 1 1 1 0 0 
0 1 1 1 0 1 1 1 0 0 1 0 0 0 0 0 
1 1 1 0 0 0 1 1 1 0 0 0 0 0 1 0 
0 0 0 0 0 0 0 1 1 1 0 0 1 0 0 1 
1 1 1 1 0 0 1 0 0 0 0 0 0 0 0 0 
0 0 0 0 1 0 1 1 1 1 0 1 1 0 0 0 
1 1 1 0 0 0 0 0 0 0 0 0 0 0 0 0 
0 0 0 0 0 0 0 1 0 0 1 0 1 1 1 0 
0 0 0 0 0 0 0 0 0 0 0 0 0 0 0 0 
0 0 0 0 0 1 0 0 0 0 1 1 0 0 1 0 
0 0 0 1 1 0 0 0 0 1 1 0 1 1 0 1 
0 0 1 0 1 0 0 0 0 0 0 0 0 0 0 0 
1 0 0 0 0 0 1 1 0 1 1 1 0 0 0 0 
0 0 0 1 1 1 1 0 0 0 0 0 0 1 1 0 
0 1 1 0 1 0 0 0 1 0 0 1 0 0 1 1 
0 0 0 0 0 0 0 0 0 1 1 1 0 1 0 1 
1 0 0 0 0 1 0 0 0 1 1 0 1 0 0 0 

JOBS [16] - [19, 14, 11, 17, 15, 13, 16, 3, 7, 9, 5, 2, 18, 10, 1, 6]
TOOL SWITCHES : 6
MAKESPAN : 108

# -------------------------- #

--- TOTAL TOOL SWITCHES : 7
--- HIGHEST MAKESPAN : 108
--- TOTAL FLOWTIME : 886
--- RUNNING TIME : 7.19087

# -------------------------- #
RUN : 1 - instancias_txt/SSP-NPM-I/ins158_m=3_j=20_t=20_var=18.txt

- MACHINE [0]

0 
0 
1 
0 
0 
0 
1 
0 
1 
0 
0 
0 
0 
0 
1 
1 
0 
0 
0 
1 

JOBS [1] - [18]
TOOL SWITCHES : 0
MAKESPAN : 6

- MACHINE [1]

0 0 1 
0 1 1 
0 0 0 
0 0 0 
1 0 1 
0 0 0 
0 0 0 
0 1 0 
0 0 0 
1 1 0 
0 0 0 
1 0 0 
1 1 1 
0 0 0 
0 1 0 
1 1 0 
0 0 0 
0 0 0 
0 0 0 
0 0 1 

JOBS [3] - [17, 3, 8]
TOOL SWITCHES : 0
MAKESPAN : 12

- MACHINE [2]

0 0 0 0 1 0 1 1 0 0 1 1 0 1 1 1 
0 1 1 0 0 1 0 0 0 0 0 0 0 0 0 0 
0 0 0 0 0 0 0 0 0 0 0 1 0 1 0 0 
0 0 1 0 0 1 1 0 0 0 0 0 0 0 1 0 
0 0 0 0 0 0 0 0 0 0 0 0 0 0 0 0 
0 0 0 0 0 0 0 1 1 1 0 1 0 0 1 0 
1 1 0 1 1 0 0 0 0 0 0 0 0 0 0 0 
0 0 0 0 0 0 0 0 0 0 0 0 1 0 1 0 
1 1 1 0 0 1 0 1 1 1 0 0 0 0 0 0 
0 0 0 0 0 0 0 0 0 1 1 1 0 0 0 0 
1 0 1 1 1 0 0 0 0 0 0 0 1 1 1 1 
0 0 0 0 0 1 1 1 1 1 0 0 0 1 0 1 
0 0 0 0 1 1 0 0 0 0 0 1 1 0 0 0 
0 0 0 0 1 1 1 0 1 0 0 0 1 1 0 0 
0 0 0 0 0 0 0 0 0 0 0 0 1 0 1 1 
1 1 0 0 1 0 0 0 0 0 1 0 1 0 0 0 
1 1 0 1 0 0 1 0 0 0 0 0 0 0 0 0 
0 1 1 0 1 0 0 1 1 1 1 0 0 0 0 0 
1 1 1 1 0 0 1 0 1 1 0 1 0 1 0 1 
0 0 1 1 0 0 0 1 0 0 1 0 0 0 0 1 

JOBS [16] - [0, 4, 6, 19, 15, 12, 11, 14, 5, 16, 13, 7, 10, 2, 1, 9]
TOOL SWITCHES : 6
MAKESPAN : 100

# -------------------------- #

--- TOTAL TOOL SWITCHES : 6
--- HIGHEST MAKESPAN : 100
--- TOTAL FLOWTIME : 855
--- RUNNING TIME : 6.5218

# -------------------------- #
RUN : 1 - instancias_txt/SSP-NPM-I/ins159_m=3_j=20_t=20_var=19.txt

- MACHINE [0]

1 
0 
0 
1 
0 
0 
0 
0 
0 
0 
0 
0 
0 
0 
1 
1 
0 
0 
1 
0 

JOBS [1] - [1]
TOOL SWITCHES : 0
MAKESPAN : 3

- MACHINE [1]

0 0 
0 1 
0 1 
1 0 
0 0 
0 0 
0 1 
1 1 
0 0 
1 0 
0 0 
0 0 
1 1 
0 0 
0 0 
0 0 
1 0 
1 1 
0 0 
1 1 

JOBS [2] - [6, 12]
TOOL SWITCHES : 0
MAKESPAN : 8

- MACHINE [2]

1 0 0 1 0 0 1 0 0 0 0 1 1 1 1 0 1 
1 0 0 0 1 1 0 0 0 0 0 0 0 0 0 0 0 
0 0 0 0 0 0 1 1 0 1 1 0 0 0 0 1 1 
1 0 0 1 0 0 0 1 1 1 0 0 0 0 0 1 0 
0 0 0 1 1 0 0 0 1 0 1 1 0 0 0 0 0 
0 0 0 0 0 1 0 0 0 0 1 1 1 0 0 1 0 
1 0 0 1 0 0 0 0 0 0 0 0 0 0 0 0 0 
0 0 0 0 0 0 0 0 0 0 0 0 0 0 1 1 1 
1 1 1 0 1 1 0 0 0 0 0 0 0 0 1 1 0 
0 1 1 0 0 0 0 0 0 0 0 0 0 0 0 0 0 
0 0 0 0 0 0 0 0 0 0 0 0 1 1 0 0 1 
1 1 0 0 0 0 0 0 1 1 0 0 1 1 0 0 0 
0 0 1 0 0 1 0 1 0 1 0 0 1 0 0 1 0 
0 1 0 1 0 0 0 0 0 0 1 0 0 1 0 0 1 
0 1 1 0 1 1 1 1 0 0 0 1 1 1 0 0 0 
0 0 0 0 1 1 1 0 1 1 0 0 0 0 0 0 0 
0 1 1 0 1 0 1 1 0 1 1 0 0 0 1 0 1 
0 0 0 0 0 0 0 0 1 0 0 0 1 1 1 0 0 
0 0 0 0 0 0 0 0 0 0 1 1 0 0 1 0 0 
0 1 1 1 0 0 1 1 0 0 0 0 0 0 0 0 0 

JOBS [17] - [16, 3, 11, 18, 2, 8, 19, 7, 17, 15, 9, 10, 0, 5, 14, 4, 13]
TOOL SWITCHES : 7
MAKESPAN : 110

# -------------------------- #

--- TOTAL TOOL SWITCHES : 7
--- HIGHEST MAKESPAN : 110
--- TOTAL FLOWTIME : 1017
--- RUNNING TIME : 8.36847

# -------------------------- #
RUN : 1 - instancias_txt/SSP-NPM-I/ins160_m=3_j=20_t=20_var=20.txt

- MACHINE [0]

0 0 
1 0 
0 0 
0 0 
0 0 
0 1 
0 0 
0 0 
0 0 
0 0 
0 0 
0 0 
1 1 
0 1 
0 0 
0 0 
1 0 
1 1 
0 0 
1 1 

JOBS [2] - [18, 11]
TOOL SWITCHES : 0
MAKESPAN : 9

- MACHINE [1]

0 0 0 
1 1 1 
0 1 0 
1 1 0 
0 0 0 
0 0 0 
0 0 0 
1 1 1 
0 0 0 
0 0 0 
0 0 0 
0 1 1 
0 0 0 
0 0 0 
0 0 0 
1 1 1 
1 0 0 
1 0 1 
0 0 1 
0 0 0 

JOBS [3] - [17, 16, 4]
TOOL SWITCHES : 0
MAKESPAN : 9

- MACHINE [2]

0 0 0 0 0 0 0 0 0 0 1 0 1 1 0 
1 0 1 1 0 0 0 0 1 0 0 0 0 1 0 
1 0 0 0 0 0 0 0 1 1 1 1 0 1 0 
0 0 0 0 1 0 0 1 0 0 0 0 0 1 1 
0 1 0 0 0 1 1 1 0 1 0 1 1 0 0 
0 0 0 0 0 0 0 0 0 0 0 1 1 0 0 
0 1 0 0 0 0 1 1 0 0 0 0 1 0 1 
0 0 1 0 0 1 1 0 1 1 1 1 0 0 0 
1 0 1 1 0 1 0 1 0 0 0 0 0 0 0 
0 0 0 0 1 0 0 0 0 1 1 0 1 0 1 
0 1 1 0 0 1 0 1 0 0 0 0 1 0 0 
0 0 1 1 0 0 0 0 0 0 0 0 0 0 0 
0 0 1 1 1 0 1 0 0 0 0 0 0 0 0 
0 0 0 0 0 0 0 1 1 1 0 0 0 0 0 
1 1 0 1 1 0 0 0 0 0 0 0 0 0 0 
0 0 0 0 0 0 0 0 0 1 1 0 0 0 0 
1 0 0 1 1 0 1 0 1 0 0 1 0 1 1 
0 0 0 0 0 0 0 0 0 0 0 0 0 0 0 
1 1 0 0 1 0 0 0 0 0 1 0 0 0 0 
0 0 0 0 0 1 1 0 0 0 0 1 1 0 1 

JOBS [15] - [5, 9, 7, 3, 10, 19, 6, 0, 13, 12, 15, 2, 8, 14, 1]
TOOL SWITCHES : 6
MAKESPAN : 115

# -------------------------- #

--- TOTAL TOOL SWITCHES : 6
--- HIGHEST MAKESPAN : 115
--- TOTAL FLOWTIME : 896
--- RUNNING TIME : 5.62456

# -------------------------- #


avg : 6.9
