RUN : 1 - instancias_txt/SSP-NPM-I/ins141_m=3_j=20_t=20_var=1.txt

- MACHINE [0]

0 
1 
0 
0 
1 
0 
0 
1 
1 
0 
0 
0 
0 
0 
1 
1 
0 
0 
1 
0 

JOBS [1] - [18]
TOOL SWITCHES : 0
MAKESPAN : 3

- MACHINE [1]

1 0 0 
0 0 0 
0 0 0 
0 0 0 
0 0 1 
0 0 0 
0 0 0 
0 0 0 
0 0 0 
1 1 1 
0 1 0 
0 0 1 
1 0 1 
0 0 0 
1 1 1 
1 1 1 
0 0 0 
0 1 0 
1 0 0 
0 0 0 

JOBS [3] - [1, 19, 11]
TOOL SWITCHES : 0
MAKESPAN : 17

- MACHINE [2]

0 0 0 0 1 1 0 1 0 1 0 0 0 0 0 0 
0 0 1 0 1 0 0 0 0 0 1 0 0 1 1 0 
0 0 1 0 1 1 0 0 0 0 0 1 1 1 0 1 
1 0 0 1 1 0 0 0 0 0 0 0 0 0 0 0 
1 1 0 0 0 0 0 0 0 0 0 0 0 0 0 0 
1 1 0 0 0 0 1 0 1 0 0 1 0 1 0 0 
0 0 1 1 0 0 1 1 1 0 0 1 0 1 0 0 
0 0 0 0 0 0 0 1 0 0 1 0 1 0 0 1 
0 0 0 1 1 1 1 0 0 1 0 0 0 0 0 1 
0 0 0 0 0 0 1 0 0 1 1 0 0 0 0 0 
1 1 0 0 0 1 1 0 1 1 0 0 1 0 0 0 
0 0 0 0 0 0 0 0 0 0 0 1 1 1 1 1 
0 1 1 1 0 0 0 0 0 0 1 0 1 0 1 0 
0 1 0 0 0 1 1 0 1 1 1 0 0 1 0 1 
0 1 1 0 0 0 1 1 0 0 0 0 1 0 0 1 
0 0 0 0 0 0 0 0 0 0 0 0 0 0 1 1 
0 0 0 0 0 0 0 0 1 1 1 1 0 0 1 0 
1 0 0 0 1 0 0 1 0 0 0 0 0 0 0 0 
0 0 0 1 0 0 0 1 1 0 0 0 0 1 1 0 
1 0 1 0 0 1 0 0 0 0 0 0 0 0 0 0 

JOBS [16] - [16, 15, 0, 6, 4, 14, 10, 2, 13, 17, 8, 3, 7, 5, 12, 9]
TOOL SWITCHES : 8
MAKESPAN : 115

# -------------------------- #

--- TOTAL TOOL SWITCHES : 8
--- HIGHEST MAKESPAN : 115
--- TOTAL FLOWTIME : 940
--- RUNNING TIME : 4.09221

# -------------------------- #
RUN : 1 - instancias_txt/SSP-NPM-I/ins142_m=3_j=20_t=20_var=2.txt

- MACHINE [0]

0 
0 
0 
0 
0 
0 
1 
0 
1 
0 
0 
1 
0 
1 
0 
0 
0 
0 
1 
0 

JOBS [1] - [5]
TOOL SWITCHES : 0
MAKESPAN : 7

- MACHINE [1]

0 0 1 1 
0 0 0 0 
1 1 0 0 
0 0 0 0 
0 0 0 0 
0 0 0 0 
0 0 0 0 
1 0 1 1 
1 1 0 1 
0 0 0 0 
0 0 0 0 
0 0 1 0 
1 0 1 0 
1 1 0 0 
0 0 0 0 
0 0 0 0 
1 0 1 0 
0 1 1 1 
1 1 0 1 
0 0 0 0 

JOBS [4] - [2, 17, 19, 0]
TOOL SWITCHES : 0
MAKESPAN : 23

- MACHINE [2]

0 0 0 0 1 0 1 0 0 0 0 1 1 0 0 
0 0 0 0 0 0 0 0 0 0 1 0 1 1 1 
1 0 1 1 0 1 0 0 0 0 0 0 0 0 0 
0 1 1 1 0 0 0 0 0 0 0 1 1 0 0 
0 1 1 0 1 1 0 0 0 0 1 0 0 0 1 
0 0 0 0 1 1 0 1 1 1 0 1 0 1 0 
0 0 1 1 0 1 0 0 0 1 1 0 0 0 0 
1 1 0 0 0 0 0 1 1 0 1 1 1 1 1 
0 0 0 0 0 0 0 0 0 0 0 0 0 0 0 
1 0 0 0 1 0 0 0 1 0 0 0 0 1 0 
0 0 0 0 0 0 0 0 0 1 1 0 1 1 1 
0 0 0 1 0 0 0 0 0 0 0 0 0 0 0 
0 0 0 1 0 1 0 0 1 0 0 0 0 0 0 
0 0 0 0 0 0 1 1 0 1 0 0 1 0 1 
1 0 0 0 1 0 1 0 0 1 1 0 0 1 0 
1 1 1 0 0 0 0 0 0 0 0 0 0 0 0 
1 1 0 0 0 0 1 0 0 0 0 0 0 0 0 
0 0 0 0 0 1 0 1 1 0 0 0 0 1 0 
1 0 0 0 1 0 0 0 1 1 1 0 0 0 0 
0 0 1 0 1 0 1 1 0 0 0 1 0 0 1 

JOBS [15] - [11, 9, 4, 16, 18, 13, 7, 6, 12, 14, 15, 8, 3, 1, 10]
TOOL SWITCHES : 7
MAKESPAN : 105

# -------------------------- #

--- TOTAL TOOL SWITCHES : 7
--- HIGHEST MAKESPAN : 105
--- TOTAL FLOWTIME : 870
--- RUNNING TIME : 3.63015

# -------------------------- #
RUN : 1 - instancias_txt/SSP-NPM-I/ins143_m=3_j=20_t=20_var=3.txt

- MACHINE [0]

0 
0 
0 
1 
0 
0 
0 
0 
1 
0 
0 
0 
0 
1 
0 
1 
1 
1 
0 
0 

JOBS [1] - [10]
TOOL SWITCHES : 0
MAKESPAN : 7

- MACHINE [1]

0 0 1 
0 0 0 
0 1 0 
0 0 1 
1 1 0 
1 1 1 
0 0 0 
0 0 0 
1 1 1 
0 0 0 
0 0 0 
0 0 0 
1 0 0 
1 1 0 
0 0 0 
1 0 1 
0 0 0 
0 1 0 
0 0 0 
0 0 0 

JOBS [3] - [5, 19, 14]
TOOL SWITCHES : 0
MAKESPAN : 13

- MACHINE [2]

0 0 0 0 0 0 0 0 0 0 0 1 0 1 1 1 
0 0 0 0 0 0 0 0 1 0 0 0 1 1 1 1 
0 1 1 0 0 0 1 0 0 1 0 0 0 0 0 0 
0 0 1 0 1 0 0 0 1 0 0 0 0 0 1 1 
1 1 1 1 0 0 1 0 0 1 1 0 0 0 0 0 
0 0 0 0 0 0 0 1 1 1 1 0 0 1 1 0 
0 0 0 1 1 0 0 0 0 0 0 0 0 1 0 1 
1 1 0 0 0 0 1 0 0 0 0 0 1 0 1 1 
1 0 1 1 0 1 0 1 0 0 0 0 0 0 0 0 
0 0 0 0 0 0 0 0 0 1 0 1 1 0 0 0 
0 0 0 0 0 1 0 0 0 0 1 0 1 1 0 0 
0 0 0 0 1 1 1 1 1 0 0 0 0 0 0 0 
0 0 0 0 0 0 0 0 0 0 0 0 0 0 0 1 
0 0 0 0 0 0 0 0 0 0 1 0 1 0 0 0 
0 0 1 0 0 0 1 1 1 0 1 1 1 0 0 0 
0 1 0 0 1 1 1 0 0 0 0 0 0 0 0 0 
0 1 0 0 0 1 0 1 0 0 0 1 0 0 0 1 
1 0 0 0 1 0 0 0 0 0 0 0 0 0 0 0 
1 0 0 1 0 1 1 0 1 1 1 0 0 0 0 0 
1 1 1 1 0 0 0 1 0 0 0 1 0 1 1 0 

JOBS [16] - [11, 13, 18, 16, 15, 3, 0, 17, 8, 6, 2, 1, 12, 4, 9, 7]
TOOL SWITCHES : 7
MAKESPAN : 109

# -------------------------- #

--- TOTAL TOOL SWITCHES : 7
--- HIGHEST MAKESPAN : 109
--- TOTAL FLOWTIME : 981
--- RUNNING TIME : 4.12833

# -------------------------- #
RUN : 1 - instancias_txt/SSP-NPM-I/ins144_m=3_j=20_t=20_var=4.txt

- MACHINE [0]

1 
0 
0 
0 
0 
1 
1 
0 
0 
1 
0 
0 
1 
1 
0 
0 
0 
0 
0 
1 

JOBS [1] - [1]
TOOL SWITCHES : 0
MAKESPAN : 3

- MACHINE [1]

0 0 
1 0 
0 0 
0 0 
1 1 
1 1 
0 0 
0 1 
1 1 
1 1 
0 1 
0 0 
0 0 
0 0 
1 0 
0 0 
0 0 
1 0 
0 0 
0 0 

JOBS [2] - [12, 17]
TOOL SWITCHES : 0
MAKESPAN : 4

- MACHINE [2]

0 0 0 0 0 1 0 1 0 1 1 0 0 0 0 1 1 
1 1 0 1 0 0 0 0 0 0 0 0 0 0 0 0 0 
0 0 1 0 0 1 1 1 1 0 0 1 0 1 0 0 0 
0 1 1 0 0 0 0 0 1 0 1 1 1 1 0 1 1 
0 0 0 0 0 0 0 0 0 0 0 0 0 0 0 0 0 
0 0 0 0 0 0 1 1 0 0 0 0 0 0 0 0 0 
0 0 0 1 0 1 0 0 0 1 0 0 0 1 1 0 0 
0 0 0 0 1 0 1 1 0 1 0 1 1 0 1 0 0 
1 0 0 0 0 1 1 0 0 0 0 1 1 0 1 0 1 
0 0 0 0 0 0 0 0 1 0 1 0 0 1 1 0 1 
0 1 0 1 1 0 0 0 1 0 0 0 0 0 1 0 1 
1 0 0 0 0 0 1 1 1 0 0 0 0 0 0 0 0 
0 0 0 0 0 0 0 0 0 0 0 0 0 1 1 1 0 
1 0 1 1 1 0 0 0 0 0 0 0 0 0 0 0 0 
0 0 1 0 1 0 0 0 1 1 1 0 0 1 0 1 0 
1 1 1 1 0 0 0 0 0 1 1 1 1 0 0 0 0 
0 1 0 1 1 1 0 0 0 0 0 0 0 0 0 0 0 
0 0 1 0 0 1 1 0 0 0 0 1 0 0 0 1 0 
1 0 0 0 0 0 0 0 1 0 1 0 1 0 0 1 0 
0 0 0 0 0 0 0 0 0 1 1 1 1 0 1 0 1 

JOBS [17] - [19, 0, 3, 14, 15, 11, 10, 18, 13, 7, 9, 6, 8, 16, 4, 5, 2]
TOOL SWITCHES : 6
MAKESPAN : 91

# -------------------------- #

--- TOTAL TOOL SWITCHES : 6
--- HIGHEST MAKESPAN : 91
--- TOTAL FLOWTIME : 855
--- RUNNING TIME : 4.52452

# -------------------------- #
RUN : 1 - instancias_txt/SSP-NPM-I/ins145_m=3_j=20_t=20_var=5.txt

- MACHINE [0]

0 
0 
0 
1 
0 
0 
1 
0 
0 
1 
1 
0 
0 
0 
1 
1 
0 
0 
0 
1 

JOBS [1] - [1]
TOOL SWITCHES : 0
MAKESPAN : 7

- MACHINE [1]

1 1 1 
0 0 0 
1 1 0 
0 0 0 
0 0 0 
0 0 0 
0 1 0 
1 1 1 
1 1 0 
0 0 0 
1 0 0 
1 0 0 
0 0 0 
1 0 1 
0 0 1 
0 0 0 
0 0 0 
0 0 1 
0 0 0 
0 0 1 

JOBS [3] - [0, 10, 2]
TOOL SWITCHES : 1
MAKESPAN : 27

- MACHINE [2]

0 1 0 1 0 0 0 0 0 0 0 0 0 0 0 0 
1 0 1 0 0 1 0 0 0 0 0 1 0 0 1 1 
0 1 0 0 1 0 0 1 0 0 0 0 1 0 0 1 
0 0 0 0 0 0 0 0 0 0 0 0 1 0 1 0 
1 1 1 0 0 0 1 1 0 0 0 1 1 1 0 0 
0 0 0 1 1 0 1 0 0 1 1 0 1 0 0 0 
0 0 0 0 0 0 0 0 0 0 0 0 0 0 1 0 
1 0 1 1 0 1 0 0 0 0 0 0 0 0 0 0 
0 0 0 0 1 1 0 0 0 0 0 1 0 0 0 0 
0 1 1 1 0 1 0 1 1 0 0 1 0 1 0 1 
0 0 1 0 0 0 1 0 1 1 1 0 0 1 1 0 
0 0 0 0 0 0 0 0 0 1 1 1 1 0 0 1 
1 0 0 0 0 0 0 0 1 1 1 1 0 0 0 1 
1 1 0 0 1 0 0 0 1 1 0 0 0 0 0 0 
0 0 0 0 0 0 0 0 0 0 0 0 0 0 0 0 
0 0 0 0 0 0 1 1 1 1 0 0 1 1 1 1 
0 0 1 0 1 1 0 1 0 1 0 0 0 0 0 0 
0 0 0 1 0 0 0 1 1 0 1 0 0 0 0 0 
0 1 0 1 1 0 0 0 0 0 1 1 0 1 1 1 
0 0 0 0 0 1 1 1 0 0 0 0 0 0 0 0 

JOBS [16] - [4, 19, 8, 7, 6, 5, 13, 12, 14, 18, 16, 3, 17, 11, 15, 9]
TOOL SWITCHES : 7
MAKESPAN : 117

# -------------------------- #

--- TOTAL TOOL SWITCHES : 8
--- HIGHEST MAKESPAN : 117
--- TOTAL FLOWTIME : 1079
--- RUNNING TIME : 4.33468

# -------------------------- #
RUN : 1 - instancias_txt/SSP-NPM-I/ins146_m=3_j=20_t=20_var=6.txt

- MACHINE [0]

1 
0 
1 
0 
0 
1 
1 
0 
1 
0 
0 
0 
0 
0 
0 
0 
0 
1 
0 
1 

JOBS [1] - [16]
TOOL SWITCHES : 0
MAKESPAN : 9

- MACHINE [1]

0 0 0 1 
0 0 0 0 
0 0 0 0 
1 1 1 1 
1 1 0 0 
0 0 0 0 
1 0 1 0 
0 0 0 0 
0 0 0 0 
0 0 1 0 
0 1 0 0 
0 0 0 0 
1 0 0 0 
0 0 0 1 
0 0 0 0 
0 0 0 0 
1 1 1 1 
1 1 1 1 
1 0 1 1 
0 0 0 0 

JOBS [4] - [8, 6, 19, 13]
TOOL SWITCHES : 1
MAKESPAN : 26

- MACHINE [2]

0 0 0 0 1 0 0 0 0 1 0 0 0 0 0 
0 0 0 0 1 0 0 1 0 0 0 0 1 0 0 
0 0 1 0 0 0 1 0 0 1 1 1 0 1 0 
0 0 0 0 0 0 0 0 0 0 0 0 1 1 1 
0 1 0 0 1 0 0 0 0 0 0 0 0 0 0 
1 0 1 1 1 1 1 1 0 1 0 1 1 1 0 
0 0 0 0 0 0 0 1 1 0 0 0 0 0 1 
0 0 0 0 0 0 0 0 1 0 0 1 0 0 1 
1 0 0 1 0 1 0 0 0 1 0 1 1 1 0 
0 0 0 0 0 1 1 0 0 0 0 0 0 0 0 
1 1 1 1 0 1 1 1 0 0 0 0 0 0 0 
0 0 0 0 0 0 1 1 1 0 0 0 0 0 0 
0 1 0 1 1 0 0 1 1 0 1 1 0 0 0 
0 0 0 0 0 0 1 0 0 0 0 0 0 1 0 
1 1 1 1 0 0 0 0 1 0 1 1 0 1 0 
0 0 1 0 1 1 0 0 0 0 1 0 0 0 1 
0 0 0 0 0 0 0 0 0 1 0 1 1 0 1 
0 0 0 0 0 0 0 0 0 0 0 0 0 0 0 
1 1 0 0 0 0 0 0 0 0 0 0 0 0 0 
0 1 1 1 0 1 1 1 0 1 1 0 1 0 0 

JOBS [15] - [10, 2, 7, 14, 17, 1, 18, 3, 4, 9, 5, 12, 0, 15, 11]
TOOL SWITCHES : 6
MAKESPAN : 102

# -------------------------- #

--- TOTAL TOOL SWITCHES : 7
--- HIGHEST MAKESPAN : 102
--- TOTAL FLOWTIME : 872
--- RUNNING TIME : 3.90975

# -------------------------- #
RUN : 1 - instancias_txt/SSP-NPM-I/ins147_m=3_j=20_t=20_var=7.txt

- MACHINE [0]

1 
0 
0 
1 
1 
0 
0 
0 
0 
0 
0 
1 
0 
0 
0 
0 
0 
0 
1 
0 

JOBS [1] - [0]
TOOL SWITCHES : 0
MAKESPAN : 9

- MACHINE [1]

0 0 0 
0 0 0 
1 1 0 
0 1 0 
1 1 1 
0 0 0 
1 0 0 
0 1 0 
0 0 0 
0 0 1 
0 1 1 
1 0 1 
0 0 0 
0 0 0 
0 0 0 
0 0 0 
1 0 1 
0 0 0 
0 0 0 
0 1 1 

JOBS [3] - [16, 10, 1]
TOOL SWITCHES : 0
MAKESPAN : 12

- MACHINE [2]

1 0 0 0 0 0 0 0 0 1 1 1 0 0 1 0 
0 0 0 0 0 0 0 0 0 0 0 1 1 1 1 1 
0 0 0 0 0 0 0 1 1 0 0 0 0 0 0 0 
0 0 0 0 0 0 0 0 0 1 0 0 0 0 0 1 
0 0 0 0 0 0 0 0 0 0 0 0 0 0 0 0 
0 1 1 0 0 1 1 1 1 0 0 1 0 1 0 0 
0 0 0 0 0 0 0 0 0 0 1 0 0 0 0 1 
1 0 1 0 1 0 0 0 0 0 0 0 0 0 0 0 
1 0 1 1 0 0 0 0 0 0 0 0 0 0 0 0 
0 1 0 1 0 0 0 0 1 1 0 0 0 0 0 0 
0 0 0 1 0 0 1 0 0 0 1 0 0 1 0 0 
0 1 1 0 0 1 1 0 0 0 0 0 0 0 0 0 
0 0 0 0 0 0 0 1 1 0 0 0 0 1 0 1 
1 0 0 0 1 0 0 0 1 0 0 0 1 0 1 1 
0 1 0 1 1 0 0 0 0 1 0 1 0 0 1 1 
1 0 0 1 0 1 0 0 0 0 1 0 1 0 1 0 
0 0 0 1 1 1 1 0 0 0 1 0 1 1 0 1 
0 0 0 0 1 1 1 1 0 1 1 0 1 0 1 0 
0 1 0 1 1 0 0 1 1 0 0 1 1 0 0 0 
0 0 1 0 0 0 1 1 0 0 0 0 0 0 0 0 

JOBS [16] - [13, 3, 4, 15, 9, 14, 8, 19, 6, 5, 18, 2, 17, 12, 7, 11]
TOOL SWITCHES : 6
MAKESPAN : 116

# -------------------------- #

--- TOTAL TOOL SWITCHES : 6
--- HIGHEST MAKESPAN : 116
--- TOTAL FLOWTIME : 1002
--- RUNNING TIME : 3.79587

# -------------------------- #
RUN : 1 - instancias_txt/SSP-NPM-I/ins148_m=3_j=20_t=20_var=8.txt

- MACHINE [0]

0 
0 
0 
0 
0 
0 
0 
0 
0 
1 
1 
0 
1 
1 
1 
1 
0 
0 
0 
0 

JOBS [1] - [7]
TOOL SWITCHES : 0
MAKESPAN : 2

- MACHINE [1]

0 0 
0 0 
1 1 
0 0 
0 0 
0 0 
0 0 
1 0 
1 0 
0 0 
0 0 
0 0 
0 0 
0 1 
0 1 
1 1 
0 0 
1 1 
1 1 
0 0 

JOBS [2] - [13, 6]
TOOL SWITCHES : 0
MAKESPAN : 11

- MACHINE [2]

0 1 1 0 0 0 0 1 1 1 0 0 0 0 0 0 0 
0 0 0 1 1 0 0 1 0 0 0 0 1 1 1 1 1 
0 0 0 0 0 0 1 0 0 0 1 1 0 0 0 0 0 
1 0 0 0 0 1 1 0 0 0 0 0 0 0 0 0 0 
1 1 1 0 1 0 1 0 0 1 0 0 0 1 0 0 0 
0 0 0 0 0 0 1 0 1 0 0 1 1 0 0 0 1 
1 0 1 1 0 0 1 0 0 1 0 0 0 0 1 1 0 
1 0 1 0 1 1 0 0 1 0 0 0 1 0 0 0 1 
0 0 0 0 0 0 0 0 0 0 1 0 1 0 1 1 0 
0 1 0 1 0 0 0 0 0 0 0 0 0 0 0 0 0 
0 0 0 0 1 1 1 1 0 0 1 0 0 0 1 0 1 
0 0 0 0 0 0 0 0 0 0 0 0 0 1 1 0 1 
0 0 0 0 0 0 0 0 0 0 1 1 0 1 0 0 0 
0 0 0 0 0 0 0 0 0 0 0 0 0 1 1 1 1 
1 0 1 1 0 0 0 0 1 0 1 1 1 0 0 0 0 
1 0 0 1 0 1 0 0 1 1 0 0 0 0 0 0 0 
0 0 0 0 0 0 0 0 1 1 0 1 1 1 0 1 0 
0 1 0 1 1 1 0 1 0 1 0 1 0 0 0 0 0 
0 1 0 0 1 0 0 0 0 0 0 0 0 0 0 0 0 
0 1 1 0 0 1 0 1 0 0 0 0 1 0 0 0 0 

JOBS [17] - [19, 3, 10, 17, 2, 0, 15, 11, 14, 1, 18, 16, 12, 9, 5, 8, 4]
TOOL SWITCHES : 7
MAKESPAN : 123

# -------------------------- #

--- TOTAL TOOL SWITCHES : 7
--- HIGHEST MAKESPAN : 123
--- TOTAL FLOWTIME : 1130
--- RUNNING TIME : 3.99485

# -------------------------- #
RUN : 1 - instancias_txt/SSP-NPM-I/ins149_m=3_j=20_t=20_var=9.txt

- MACHINE [0]

0 
1 
0 
1 
0 
0 
0 
0 
0 
1 
0 
0 
1 
0 
1 
0 
0 
1 
1 
0 

JOBS [1] - [7]
TOOL SWITCHES : 0
MAKESPAN : 3

- MACHINE [1]

1 0 
0 1 
0 0 
1 0 
0 0 
0 0 
1 1 
0 0 
0 0 
0 0 
0 0 
0 1 
0 1 
1 0 
0 0 
0 1 
0 0 
0 0 
1 0 
1 0 

JOBS [2] - [1, 15]
TOOL SWITCHES : 0
MAKESPAN : 17

- MACHINE [2]

0 0 0 0 0 0 1 1 0 0 0 0 1 0 0 1 1 
0 1 0 0 0 1 1 1 1 0 0 0 1 1 1 0 0 
1 0 1 0 0 1 0 0 1 0 0 1 0 0 0 0 0 
0 0 0 0 0 0 0 0 0 0 0 1 0 1 0 0 0 
0 1 0 0 1 1 0 1 1 1 0 0 0 0 0 0 0 
0 0 1 1 1 1 0 0 0 0 0 0 0 0 0 0 0 
1 1 1 1 0 0 0 0 0 0 0 0 0 0 0 0 0 
0 0 1 1 0 0 0 0 1 0 1 0 0 1 1 0 1 
0 0 0 0 0 0 0 0 0 1 1 1 0 1 0 0 0 
1 0 1 1 0 1 0 0 1 0 1 0 1 0 1 1 0 
0 0 0 0 0 1 0 1 0 1 0 0 0 0 1 0 1 
0 1 0 1 1 0 0 0 0 0 0 0 0 1 1 1 1 
0 0 0 0 0 0 0 0 0 0 0 0 0 0 0 0 0 
1 1 1 0 0 0 1 1 1 1 0 0 1 1 0 1 0 
1 0 0 0 1 1 0 0 1 1 1 1 1 0 0 0 0 
1 0 0 0 0 0 0 1 0 0 1 0 0 1 1 1 1 
0 0 0 0 0 0 0 0 0 0 1 1 1 0 0 0 1 
0 1 1 1 0 0 1 0 0 0 0 1 0 0 0 0 1 
0 0 0 0 1 0 1 0 0 0 1 0 0 0 0 0 0 
0 0 0 1 1 0 1 0 0 0 0 0 0 0 0 0 0 

JOBS [17] - [12, 11, 8, 18, 14, 6, 2, 16, 3, 4, 0, 13, 9, 5, 10, 19, 17]
TOOL SWITCHES : 7
MAKESPAN : 97

# -------------------------- #

--- TOTAL TOOL SWITCHES : 7
--- HIGHEST MAKESPAN : 97
--- TOTAL FLOWTIME : 831
--- RUNNING TIME : 4.06318

# -------------------------- #
RUN : 1 - instancias_txt/SSP-NPM-I/ins150_m=3_j=20_t=20_var=10.txt

- MACHINE [0]

1 
1 
0 
1 
0 
0 
1 
0 
0 
1 
0 
0 
0 
0 
0 
0 
0 
0 
1 
1 

JOBS [1] - [9]
TOOL SWITCHES : 0
MAKESPAN : 7

- MACHINE [1]

0 0 
0 0 
1 1 
1 1 
0 1 
1 1 
1 0 
0 0 
0 0 
1 1 
0 0 
0 0 
0 0 
0 0 
1 1 
0 1 
0 0 
0 0 
0 0 
0 0 

JOBS [2] - [10, 2]
TOOL SWITCHES : 0
MAKESPAN : 14

- MACHINE [2]

1 0 0 1 0 0 1 0 0 0 0 0 0 0 0 0 0 
0 0 0 0 0 0 0 0 0 0 0 0 0 1 0 1 1 
1 0 0 0 0 0 0 1 0 1 0 0 0 0 1 0 0 
0 0 0 0 1 0 0 0 0 0 1 0 1 0 0 0 1 
0 0 0 0 0 0 0 0 0 1 1 0 0 0 0 0 1 
0 0 0 0 1 0 1 1 0 0 0 1 1 1 0 0 0 
0 0 0 0 0 0 0 0 1 1 0 1 0 0 0 1 1 
0 1 0 1 0 0 0 0 0 0 0 0 0 0 0 1 0 
0 0 0 0 0 0 1 0 1 0 1 1 1 0 0 0 0 
0 0 0 0 0 0 0 0 0 0 0 0 0 0 0 0 0 
0 1 1 0 0 1 0 1 1 1 1 0 0 1 1 0 0 
1 1 1 0 0 1 1 0 0 1 0 0 0 1 1 0 0 
0 0 1 0 1 0 1 1 0 1 0 1 0 1 0 0 0 
0 1 1 1 1 1 0 0 1 0 0 0 0 0 0 0 0 
1 1 0 1 0 0 0 0 0 0 0 0 0 0 0 0 0 
0 0 0 0 0 0 0 1 0 0 1 0 1 1 0 1 0 
1 0 1 1 1 0 1 1 0 0 0 0 0 0 0 0 0 
0 0 0 0 0 0 0 0 1 0 0 1 1 1 1 1 1 
0 0 0 0 0 1 0 0 0 0 1 1 0 0 1 0 0 
0 0 0 1 1 1 0 0 1 0 1 1 1 0 0 1 1 

JOBS [17] - [1, 15, 4, 19, 18, 14, 17, 0, 5, 8, 6, 7, 13, 12, 3, 11, 16]
TOOL SWITCHES : 7
MAKESPAN : 121

# -------------------------- #

--- TOTAL TOOL SWITCHES : 7
--- HIGHEST MAKESPAN : 121
--- TOTAL FLOWTIME : 1113
--- RUNNING TIME : 4.31008

# -------------------------- #
RUN : 1 - instancias_txt/SSP-NPM-I/ins151_m=3_j=20_t=20_var=11.txt

- MACHINE [0]

0 
0 
0 
0 
0 
1 
0 
1 
1 
0 
0 
0 
0 
1 
0 
1 
0 
0 
0 
0 

JOBS [1] - [13]
TOOL SWITCHES : 0
MAKESPAN : 6

- MACHINE [1]

0 0 
0 1 
0 0 
1 0 
0 0 
0 0 
0 0 
1 0 
0 0 
0 0 
1 0 
0 0 
0 1 
1 1 
0 0 
1 0 
1 1 
0 0 
0 1 
1 1 

JOBS [2] - [19, 16]
TOOL SWITCHES : 0
MAKESPAN : 18

- MACHINE [2]

0 1 1 0 0 0 0 1 0 1 0 1 0 0 0 0 1 
0 0 0 0 0 0 0 0 0 0 0 1 1 1 1 1 0 
1 0 1 1 1 0 0 0 0 0 0 0 0 0 0 0 0 
0 1 1 0 1 0 1 0 1 0 0 0 0 0 0 0 0 
1 0 1 1 0 0 0 0 0 0 1 0 1 1 0 0 0 
0 0 0 0 0 0 0 0 0 0 0 0 0 0 0 0 0 
1 0 0 1 1 1 1 0 1 1 0 0 0 1 0 0 1 
1 1 0 1 0 1 0 1 0 0 0 1 1 0 1 1 1 
1 1 0 0 0 0 0 0 0 0 0 0 0 0 0 0 0 
1 0 0 0 0 1 1 0 0 1 1 1 0 0 0 0 1 
0 0 0 0 0 1 1 1 1 0 0 0 0 0 0 1 1 
0 1 1 0 0 0 0 0 0 0 0 0 0 0 1 1 0 
0 0 0 0 0 0 0 0 0 0 0 1 0 1 0 0 1 
0 0 1 0 1 0 0 1 0 0 0 0 0 0 0 0 0 
0 0 1 1 0 0 0 0 1 1 0 0 0 0 0 0 0 
0 0 0 0 0 1 0 1 1 0 1 0 0 0 0 0 0 
0 0 0 0 0 0 0 0 0 0 0 1 1 1 1 0 0 
0 1 0 1 0 1 1 0 0 0 1 0 1 0 0 0 0 
0 0 0 0 0 0 0 0 1 0 1 0 0 1 1 1 0 
0 0 0 0 1 0 1 0 0 1 1 0 0 1 1 0 0 

JOBS [17] - [3, 10, 15, 0, 17, 2, 5, 6, 12, 8, 14, 18, 11, 9, 4, 1, 7]
TOOL SWITCHES : 6
MAKESPAN : 125

# -------------------------- #

--- TOTAL TOOL SWITCHES : 6
--- HIGHEST MAKESPAN : 125
--- TOTAL FLOWTIME : 1156
--- RUNNING TIME : 3.90373

# -------------------------- #
RUN : 1 - instancias_txt/SSP-NPM-I/ins152_m=3_j=20_t=20_var=12.txt

- MACHINE [0]

1 1 
0 0 
1 1 
0 0 
0 0 
0 0 
1 1 
0 0 
0 0 
0 0 
1 1 
0 0 
0 0 
0 0 
0 1 
1 1 
0 0 
0 0 
0 0 
1 0 

JOBS [2] - [11, 5]
TOOL SWITCHES : 0
MAKESPAN : 15

- MACHINE [1]

0 0 0 
1 1 1 
1 1 1 
1 1 0 
0 0 0 
0 0 0 
0 0 1 
0 0 0 
1 0 1 
0 0 0 
0 1 0 
0 0 0 
0 0 0 
0 0 0 
0 0 0 
0 1 0 
1 0 0 
0 1 1 
0 0 0 
1 1 1 

JOBS [3] - [6, 16, 7]
TOOL SWITCHES : 0
MAKESPAN : 15

- MACHINE [2]

0 0 1 0 0 1 1 0 0 1 1 0 1 1 0 
0 1 0 0 1 0 0 0 0 1 0 0 1 1 1 
0 0 0 0 0 0 0 0 0 0 0 0 0 0 0 
1 1 0 0 0 1 0 0 1 0 0 0 1 1 0 
0 0 0 0 0 0 1 0 0 1 1 1 0 1 1 
0 0 0 0 0 1 1 0 0 0 0 0 0 0 0 
0 0 1 1 0 0 0 0 1 0 0 0 0 0 0 
0 0 0 0 0 0 0 0 0 1 1 1 1 0 0 
1 1 1 0 0 0 0 1 0 0 0 1 0 1 1 
0 1 0 1 0 1 0 1 0 0 0 0 1 1 1 
0 0 0 1 0 0 0 0 0 0 0 0 0 0 0 
0 0 0 1 1 0 0 1 0 0 0 1 0 0 0 
1 1 0 0 0 0 1 0 1 0 1 0 1 0 0 
0 1 1 0 1 0 0 0 1 1 0 0 0 0 1 
1 1 0 0 0 0 0 0 0 0 0 0 0 0 0 
0 0 0 0 1 1 0 1 0 1 1 0 0 0 0 
1 0 0 1 0 0 1 1 1 0 0 0 0 0 0 
1 0 0 1 1 1 0 0 0 0 0 0 0 0 0 
0 0 1 1 1 0 0 0 0 0 1 1 0 0 0 
0 0 0 0 0 0 0 1 1 0 0 1 0 0 0 

JOBS [15] - [0, 2, 9, 4, 14, 1, 12, 18, 8, 19, 13, 10, 3, 15, 17]
TOOL SWITCHES : 7
MAKESPAN : 104

# -------------------------- #

--- TOTAL TOOL SWITCHES : 7
--- HIGHEST MAKESPAN : 104
--- TOTAL FLOWTIME : 890
--- RUNNING TIME : 3.99408

# -------------------------- #
RUN : 1 - instancias_txt/SSP-NPM-I/ins153_m=3_j=20_t=20_var=13.txt

- MACHINE [0]

0 0 
0 0 
0 0 
0 0 
0 0 
0 0 
0 0 
0 0 
1 1 
1 1 
0 0 
1 1 
0 0 
0 0 
0 1 
0 1 
1 1 
1 0 
0 0 
1 0 

JOBS [2] - [13, 0]
TOOL SWITCHES : 1
MAKESPAN : 15

- MACHINE [1]

0 1 
0 1 
0 0 
0 0 
1 0 
0 0 
0 0 
1 0 
0 0 
0 0 
0 0 
1 1 
1 1 
0 0 
0 1 
1 0 
0 0 
1 0 
0 0 
0 1 

JOBS [2] - [18, 6]
TOOL SWITCHES : 0
MAKESPAN : 7

- MACHINE [2]

0 0 0 1 0 1 1 1 0 0 0 0 0 0 0 0 
0 1 0 0 1 0 0 1 0 0 0 1 1 1 1 0 
0 0 0 0 0 1 0 0 0 1 0 1 1 0 1 0 
1 1 0 1 0 0 0 0 1 1 0 0 0 0 1 1 
0 1 1 1 1 0 0 0 0 0 0 0 0 0 0 0 
0 0 1 0 0 1 1 0 0 1 1 0 0 1 1 0 
1 1 0 0 0 0 1 1 0 0 0 0 0 0 0 0 
0 1 0 0 1 1 0 0 1 1 1 0 1 0 0 1 
0 0 0 1 0 0 1 0 1 1 0 0 1 0 1 0 
1 0 1 0 0 0 0 0 1 1 1 0 0 0 0 0 
1 1 1 1 1 1 0 0 0 0 0 0 0 0 0 0 
0 0 0 0 0 0 0 0 0 0 0 0 0 0 0 0 
0 0 0 0 0 0 0 0 0 0 0 1 1 0 1 0 
1 0 0 1 1 1 0 0 0 1 0 0 0 1 1 1 
0 0 0 0 0 0 0 0 0 0 0 0 0 0 0 0 
0 0 1 0 0 0 0 1 0 0 1 1 1 1 0 0 
0 0 0 0 0 0 1 1 0 0 0 0 1 0 0 1 
0 0 0 0 1 0 1 0 0 0 0 0 0 1 0 0 
0 0 0 0 0 0 0 0 1 0 1 1 0 1 0 1 
1 0 0 0 1 0 0 0 0 0 0 1 0 0 0 0 

JOBS [16] - [3, 1, 17, 2, 7, 10, 9, 5, 4, 12, 14, 19, 8, 11, 15, 16]
TOOL SWITCHES : 6
MAKESPAN : 119

# -------------------------- #

--- TOTAL TOOL SWITCHES : 7
--- HIGHEST MAKESPAN : 119
--- TOTAL FLOWTIME : 1087
--- RUNNING TIME : 3.0272

# -------------------------- #
RUN : 1 - instancias_txt/SSP-NPM-I/ins154_m=3_j=20_t=20_var=14.txt

- MACHINE [0]

1 
0 
1 
0 
0 
0 
1 
0 
1 
0 
0 
0 
0 
0 
0 
0 
1 
0 
0 
1 

JOBS [1] - [13]
TOOL SWITCHES : 0
MAKESPAN : 4

- MACHINE [1]

1 1 
0 1 
1 0 
1 0 
0 1 
1 0 
0 0 
0 1 
0 1 
0 0 
0 1 
0 0 
0 0 
1 0 
0 0 
0 0 
0 0 
0 0 
0 0 
0 0 

JOBS [2] - [9, 2]
TOOL SWITCHES : 0
MAKESPAN : 15

- MACHINE [2]

0 0 0 0 0 0 0 0 0 0 0 0 0 0 0 0 0 
0 0 0 0 0 0 1 0 1 0 0 1 0 0 0 0 0 
1 0 1 1 0 1 0 0 0 0 0 0 0 0 0 0 0 
0 0 0 0 1 0 0 1 1 0 1 0 0 0 0 1 0 
0 1 0 0 0 0 1 1 1 0 1 0 0 1 1 0 0 
0 0 0 0 0 0 1 0 1 1 0 1 0 1 0 0 1 
0 0 0 0 0 0 0 0 0 0 0 1 0 1 1 1 0 
0 0 0 0 0 0 0 1 1 1 1 1 0 0 0 0 0 
0 0 0 0 0 0 0 0 0 0 0 0 1 1 1 0 1 
1 0 0 0 0 1 0 1 1 0 1 0 1 0 0 1 0 
0 0 1 1 0 1 0 0 0 0 0 0 1 0 0 1 0 
0 0 1 0 0 0 0 0 0 1 0 1 0 0 1 0 1 
1 1 0 1 1 1 0 1 0 0 0 1 0 0 0 1 1 
0 1 1 0 0 0 1 0 0 1 1 0 0 1 0 0 1 
1 1 1 0 0 0 0 0 0 0 0 0 0 0 0 0 0 
0 0 1 0 1 0 1 0 0 1 0 0 1 1 0 0 1 
1 0 0 0 0 0 0 0 0 0 0 0 1 0 1 0 0 
0 0 0 1 1 1 1 0 0 0 0 0 0 0 0 0 0 
1 0 0 0 1 1 0 0 1 0 0 0 0 0 0 0 0 
0 1 1 1 1 0 0 1 0 1 0 0 1 0 0 1 0 

JOBS [17] - [4, 0, 15, 16, 17, 10, 3, 11, 1, 19, 12, 8, 7, 5, 14, 18, 6]
TOOL SWITCHES : 7
MAKESPAN : 117

# -------------------------- #

--- TOTAL TOOL SWITCHES : 7
--- HIGHEST MAKESPAN : 117
--- TOTAL FLOWTIME : 1011
--- RUNNING TIME : 4.26344

# -------------------------- #
RUN : 1 - instancias_txt/SSP-NPM-I/ins155_m=3_j=20_t=20_var=15.txt

- MACHINE [0]

0 
0 
1 
0 
1 
0 
1 
0 
0 
1 
0 
1 
0 
0 
1 
0 
0 
0 
0 
0 

JOBS [1] - [15]
TOOL SWITCHES : 0
MAKESPAN : 4

- MACHINE [1]

0 1 0 
0 0 0 
0 1 0 
0 0 1 
0 0 0 
0 0 0 
1 0 1 
0 0 0 
1 0 1 
0 0 0 
0 0 0 
1 0 0 
0 0 0 
0 0 0 
1 1 1 
0 1 1 
0 1 1 
1 1 1 
0 0 0 
0 0 0 

JOBS [3] - [13, 19, 6]
TOOL SWITCHES : 0
MAKESPAN : 10

- MACHINE [2]

0 0 0 0 1 0 0 0 1 0 0 0 1 1 1 1 
0 0 0 1 0 0 0 1 0 0 0 1 1 0 1 1 
0 0 1 0 1 0 1 0 0 0 0 0 1 0 1 0 
0 0 0 0 1 1 0 1 1 0 1 1 0 1 1 1 
0 0 1 0 1 0 0 1 1 1 1 0 0 0 1 0 
0 1 0 1 0 1 0 0 1 0 0 0 1 0 0 1 
0 0 0 0 0 0 0 0 0 0 0 0 0 0 0 0 
1 1 1 0 0 0 0 0 0 0 0 0 0 0 0 0 
0 0 0 0 0 0 0 0 0 0 1 1 1 0 0 1 
0 0 0 0 0 1 1 1 1 1 1 0 0 0 0 0 
0 1 0 0 0 0 0 0 0 1 1 1 1 1 0 0 
0 0 0 0 0 0 0 0 0 0 0 1 0 0 0 0 
1 0 0 1 0 0 0 0 0 0 0 0 0 0 0 0 
0 0 0 1 0 0 1 1 1 0 1 0 0 0 0 0 
0 1 1 0 1 0 0 0 0 0 0 0 0 0 0 0 
0 1 1 1 0 0 1 0 1 1 0 0 0 0 0 0 
1 0 1 0 0 0 0 0 0 0 0 1 0 1 1 1 
1 1 0 1 1 1 1 1 0 0 0 0 0 0 0 0 
0 0 0 0 1 1 1 1 0 0 0 0 0 1 1 0 
1 1 1 0 0 0 0 0 0 1 0 1 0 1 0 0 

JOBS [16] - [16, 0, 18, 7, 5, 10, 12, 1, 14, 17, 8, 11, 9, 4, 2, 3]
TOOL SWITCHES : 7
MAKESPAN : 112

# -------------------------- #

--- TOTAL TOOL SWITCHES : 7
--- HIGHEST MAKESPAN : 112
--- TOTAL FLOWTIME : 1036
--- RUNNING TIME : 4.23755

# -------------------------- #
RUN : 1 - instancias_txt/SSP-NPM-I/ins156_m=3_j=20_t=20_var=16.txt

- MACHINE [0]

0 
0 
0 
1 
0 
0 
0 
0 
0 
0 
0 
0 
1 
0 
1 
0 
1 
1 
0 
1 

JOBS [1] - [6]
TOOL SWITCHES : 0
MAKESPAN : 4

- MACHINE [1]

0 0 0 
0 1 1 
0 0 0 
0 0 0 
0 0 0 
0 0 1 
1 1 0 
0 1 0 
0 0 0 
0 0 0 
1 1 1 
0 0 0 
1 0 1 
1 0 1 
1 0 0 
0 0 0 
1 0 0 
0 0 0 
1 1 0 
0 0 0 

JOBS [3] - [8, 7, 19]
TOOL SWITCHES : 0
MAKESPAN : 19

- MACHINE [2]

0 1 0 1 1 0 0 0 0 1 0 1 1 1 0 0 
1 0 0 0 0 0 1 1 1 1 0 0 1 1 0 1 
0 0 1 0 1 1 0 0 1 0 0 0 0 0 0 0 
0 0 0 0 0 0 0 0 0 0 0 1 1 0 1 0 
1 0 1 1 0 1 1 1 0 0 0 0 0 0 0 0 
0 0 0 0 0 1 1 1 0 1 0 1 0 0 0 0 
0 1 0 0 0 0 1 0 0 0 0 1 1 0 0 0 
0 0 0 0 0 0 0 0 0 0 0 0 1 0 0 0 
1 1 1 0 0 1 1 1 0 0 0 0 0 0 0 0 
0 0 0 0 0 1 0 0 0 1 1 0 0 0 1 1 
0 0 0 0 0 0 0 0 0 1 0 1 0 1 1 1 
0 1 0 0 1 0 1 1 1 1 1 0 0 1 1 0 
1 0 1 0 1 0 0 0 0 0 0 0 0 0 0 0 
0 0 0 0 0 0 0 0 0 0 0 0 0 0 0 0 
0 0 0 0 0 0 0 0 0 0 1 0 1 0 0 1 
1 0 1 1 0 0 0 0 1 0 0 1 0 0 1 0 
0 1 0 1 0 0 0 0 0 0 0 0 0 0 0 0 
0 0 0 1 0 0 0 0 1 0 0 1 0 1 0 1 
1 1 1 0 0 1 0 0 1 0 1 0 0 0 1 1 
0 0 0 1 1 0 0 0 0 0 1 0 0 0 0 0 

JOBS [16] - [1, 5, 9, 11, 12, 10, 0, 15, 16, 14, 13, 18, 2, 4, 3, 17]
TOOL SWITCHES : 6
MAKESPAN : 98

# -------------------------- #

--- TOTAL TOOL SWITCHES : 6
--- HIGHEST MAKESPAN : 98
--- TOTAL FLOWTIME : 788
--- RUNNING TIME : 4.10362

# -------------------------- #
RUN : 1 - instancias_txt/SSP-NPM-I/ins157_m=3_j=20_t=20_var=17.txt

- MACHINE [0]

0 
1 
0 
1 
0 
0 
0 
0 
0 
0 
1 
0 
0 
1 
0 
0 
1 
0 
1 
0 

JOBS [1] - [10]
TOOL SWITCHES : 0
MAKESPAN : 10

- MACHINE [1]

1 0 
1 1 
0 0 
0 0 
0 0 
0 1 
1 0 
0 0 
0 0 
0 0 
0 1 
0 0 
0 1 
1 0 
0 0 
0 0 
0 1 
1 1 
1 0 
0 0 

JOBS [2] - [6, 1]
TOOL SWITCHES : 0
MAKESPAN : 14

- MACHINE [2]

1 0 1 0 0 0 1 0 0 0 1 1 1 0 0 0 0 
0 0 0 0 0 0 0 0 0 0 0 0 0 0 0 0 0 
0 0 0 0 0 1 1 1 0 1 0 1 0 0 1 1 1 
1 0 1 0 1 0 0 1 1 0 1 0 0 0 0 0 0 
0 1 0 0 0 1 0 0 1 0 1 1 1 1 1 1 0 
0 0 0 0 0 1 1 0 0 0 0 0 1 1 1 0 1 
1 0 0 1 1 1 1 0 0 0 0 0 0 0 0 0 0 
0 0 0 0 0 0 0 0 0 0 0 0 1 1 1 1 1 
1 0 1 1 0 1 1 0 0 1 0 0 1 0 0 0 0 
0 0 0 0 1 0 0 0 0 0 0 0 0 1 1 0 1 
1 1 0 0 0 1 0 1 0 0 0 0 0 0 0 0 0 
0 0 0 0 0 0 0 0 1 0 0 0 0 0 0 0 0 
0 1 1 0 1 0 0 1 0 0 0 1 0 0 0 0 0 
1 1 0 1 1 0 0 0 1 1 0 0 0 0 0 1 0 
0 0 0 0 0 0 0 1 0 1 1 0 0 1 0 0 0 
0 1 1 1 0 1 0 0 1 0 1 0 1 0 0 0 1 
0 0 0 0 0 0 0 0 0 1 1 1 1 0 0 1 0 
0 0 1 0 0 0 1 0 0 1 0 0 0 1 1 0 0 
0 1 1 1 1 0 0 0 0 0 0 0 0 0 0 0 0 
1 1 0 1 0 0 0 0 0 0 0 1 0 0 0 0 1 

JOBS [17] - [18, 5, 2, 9, 4, 3, 7, 12, 0, 15, 8, 13, 16, 11, 14, 17, 19]
TOOL SWITCHES : 7
MAKESPAN : 113

# -------------------------- #

--- TOTAL TOOL SWITCHES : 7
--- HIGHEST MAKESPAN : 113
--- TOTAL FLOWTIME : 1046
--- RUNNING TIME : 3.98983

# -------------------------- #
RUN : 1 - instancias_txt/SSP-NPM-I/ins158_m=3_j=20_t=20_var=18.txt

- MACHINE [0]

0 
0 
1 
0 
0 
0 
1 
0 
1 
0 
0 
0 
0 
0 
1 
1 
0 
0 
0 
1 

JOBS [1] - [18]
TOOL SWITCHES : 0
MAKESPAN : 6

- MACHINE [1]

1 1 0 0 1 1 1 0 0 
0 0 0 0 0 0 0 1 0 
0 0 0 0 1 1 0 0 0 
0 0 0 0 0 0 1 0 0 
0 0 0 0 0 0 0 0 0 
0 1 1 1 1 0 1 0 0 
0 0 0 0 0 0 0 0 0 
0 0 0 0 0 0 1 1 1 
0 1 1 1 0 0 0 0 0 
0 0 0 1 1 0 0 1 0 
1 0 0 0 0 1 1 0 1 
1 1 1 1 0 1 0 0 0 
0 0 0 0 1 0 0 1 1 
0 0 1 0 0 1 0 0 1 
1 0 0 0 0 0 1 1 1 
0 0 0 0 0 0 0 1 1 
0 0 0 0 0 0 0 0 0 
0 1 1 1 0 0 0 0 0 
1 0 1 1 1 1 0 0 0 
1 1 0 0 0 0 0 0 0 

JOBS [9] - [9, 14, 5, 16, 7, 2, 1, 3, 10]
TOOL SWITCHES : 7
MAKESPAN : 74

- MACHINE [2]

0 1 0 0 1 1 0 0 1 0 
1 0 1 0 0 0 1 0 1 0 
0 0 0 0 0 0 0 0 0 0 
1 1 1 0 0 0 0 0 0 0 
0 0 0 0 0 0 0 1 1 0 
0 0 0 0 0 0 0 0 0 0 
0 0 0 1 1 0 1 0 0 1 
0 0 0 0 0 0 0 0 0 0 
1 0 1 1 0 0 1 0 0 0 
0 0 0 0 0 1 0 1 0 0 
1 0 0 1 1 0 0 0 0 1 
0 1 1 0 0 0 0 1 0 0 
0 0 1 0 1 0 0 1 1 0 
0 1 1 0 1 0 0 0 0 0 
0 0 0 0 0 0 0 0 0 0 
0 0 0 1 1 1 1 1 0 0 
0 1 0 1 0 0 1 0 0 1 
1 0 0 0 1 1 1 0 0 0 
1 1 0 1 0 0 1 0 0 1 
1 0 0 0 0 1 0 0 1 1 

JOBS [10] - [6, 11, 12, 0, 15, 13, 4, 17, 8, 19]
TOOL SWITCHES : 3
MAKESPAN : 62

# -------------------------- #

--- TOTAL TOOL SWITCHES : 10
--- HIGHEST MAKESPAN : 74
--- TOTAL FLOWTIME : 696
--- RUNNING TIME : 2.70599

# -------------------------- #
RUN : 1 - instancias_txt/SSP-NPM-I/ins159_m=3_j=20_t=20_var=19.txt

- MACHINE [0]

0 
1 
0 
0 
0 
1 
0 
0 
1 
0 
0 
0 
1 
0 
1 
1 
0 
0 
0 
0 

JOBS [1] - [8]
TOOL SWITCHES : 0
MAKESPAN : 10

- MACHINE [1]

0 0 
1 0 
1 0 
0 1 
0 0 
0 0 
1 0 
1 1 
0 0 
0 1 
0 0 
0 0 
1 1 
0 0 
0 0 
0 0 
0 1 
1 1 
0 0 
1 1 

JOBS [2] - [12, 6]
TOOL SWITCHES : 0
MAKESPAN : 8

- MACHINE [2]

1 1 1 1 0 1 0 1 0 0 0 1 1 1 0 0 0 
0 0 0 0 0 0 0 0 0 0 0 0 0 1 0 0 1 
0 0 0 1 1 0 1 0 0 0 0 1 0 0 1 1 0 
0 0 0 0 1 0 0 1 1 0 0 0 1 1 1 1 0 
0 0 0 0 0 1 1 0 1 0 0 0 1 0 0 0 1 
0 0 1 0 1 1 1 0 0 0 0 0 0 0 0 0 0 
0 0 0 0 0 0 0 0 0 0 0 0 1 1 0 0 0 
0 1 0 1 1 0 0 0 0 0 0 0 0 0 0 0 0 
0 1 0 0 1 0 0 0 0 1 1 0 0 1 0 0 1 
0 0 0 0 0 0 0 0 0 1 1 0 0 0 0 0 0 
1 0 1 1 0 0 0 0 0 0 0 0 0 0 0 0 0 
1 0 1 0 0 0 0 0 1 0 1 0 0 1 1 0 0 
0 0 1 0 1 0 0 0 0 1 0 0 0 0 1 1 0 
1 0 0 1 0 0 1 0 0 0 1 0 1 0 0 0 0 
1 0 1 0 0 1 0 1 0 1 1 1 0 0 0 1 1 
0 0 0 0 0 0 0 1 1 0 0 1 0 0 1 0 1 
0 1 0 1 0 0 1 0 0 1 1 1 0 0 1 1 1 
1 1 1 0 0 0 0 0 1 0 0 0 0 0 0 0 0 
0 1 0 0 0 1 1 1 0 0 0 0 0 0 0 0 0 
0 0 0 0 0 0 0 0 0 1 1 1 1 0 0 1 0 

JOBS [17] - [5, 14, 0, 13, 4, 10, 9, 1, 17, 11, 3, 19, 18, 16, 15, 7, 2]
TOOL SWITCHES : 7
MAKESPAN : 109

# -------------------------- #

--- TOTAL TOOL SWITCHES : 7
--- HIGHEST MAKESPAN : 109
--- TOTAL FLOWTIME : 921
--- RUNNING TIME : 3.3495

# -------------------------- #
RUN : 1 - instancias_txt/SSP-NPM-I/ins160_m=3_j=20_t=20_var=20.txt

- MACHINE [0]

1 
0 
0 
0 
1 
1 
1 
0 
0 
1 
1 
0 
0 
0 
0 
0 
0 
0 
0 
1 

JOBS [1] - [8]
TOOL SWITCHES : 0
MAKESPAN : 9

- MACHINE [1]

0 0 0 0 0 0 0 0 0 0 1 0 1 
0 1 0 1 1 1 1 0 1 1 0 1 1 
1 0 0 0 1 0 1 1 1 0 1 0 1 
0 0 0 0 0 0 0 0 1 0 0 1 1 
1 0 0 0 0 0 0 1 0 0 0 0 0 
1 0 1 0 0 0 0 0 0 0 0 0 0 
0 0 0 0 0 0 0 0 0 0 0 0 0 
1 0 0 1 1 0 0 1 1 1 1 1 0 
0 0 0 1 0 1 1 0 0 0 0 0 0 
0 0 0 0 0 0 0 1 0 0 1 0 0 
0 0 0 1 0 0 0 0 0 0 0 0 0 
0 0 0 1 0 1 0 0 1 1 0 0 0 
0 1 1 1 0 1 0 0 0 0 0 0 0 
0 0 1 0 1 0 0 1 0 0 0 0 0 
0 0 0 0 0 1 1 0 0 0 0 0 0 
0 0 0 0 0 0 0 1 1 1 1 1 0 
1 1 0 0 1 1 1 0 0 0 0 1 1 
0 1 1 0 0 0 0 0 0 1 0 1 0 
0 0 0 0 0 0 1 0 0 1 1 0 0 
1 1 1 0 0 0 0 0 0 0 0 0 0 

JOBS [13] - [2, 18, 11, 7, 13, 3, 5, 12, 16, 4, 15, 17, 14]
TOOL SWITCHES : 10
MAKESPAN : 106

- MACHINE [2]

0 0 0 0 0 0 
0 0 0 0 0 0 
0 0 0 0 0 0 
1 0 1 1 0 0 
0 1 0 1 1 1 
0 0 0 0 0 0 
0 1 1 1 0 1 
0 1 0 0 1 0 
0 0 0 1 1 0 
1 0 1 0 0 0 
0 0 0 1 1 1 
0 0 0 0 0 0 
1 1 0 0 0 0 
0 0 0 1 0 0 
1 0 0 0 0 1 
0 0 0 0 0 0 
1 1 1 0 0 0 
0 0 0 0 0 0 
1 0 0 0 0 1 
0 1 1 0 1 0 

JOBS [6] - [10, 6, 1, 0, 19, 9]
TOOL SWITCHES : 0
MAKESPAN : 30

# -------------------------- #

--- TOTAL TOOL SWITCHES : 10
--- HIGHEST MAKESPAN : 106
--- TOTAL FLOWTIME : 923
--- RUNNING TIME : 2.81077

# -------------------------- #


avg : 7.2
