RUN : 1 - instancias_txt/SSP-NPM-I/ins61_m=2_j=15_t=15_var=1.txt

- MACHINE [0]

0 0 0 0 0 1 1 1 1 
1 1 0 1 0 1 0 0 0 
0 0 0 0 0 0 1 0 0 
0 0 1 1 0 1 1 0 0 
1 1 0 0 0 0 0 0 0 
0 0 0 0 0 0 0 1 0 
0 0 0 0 0 0 0 1 1 
1 0 0 0 0 0 0 0 0 
0 0 0 0 0 1 0 0 0 
1 1 1 0 1 0 0 0 1 
0 0 0 0 0 0 0 1 0 
0 0 0 0 1 1 0 0 0 
0 1 1 1 1 0 0 0 1 
0 0 0 1 0 0 0 0 0 
0 1 1 0 0 0 1 1 1 

JOBS [9] - [4, 7, 13, 8, 3, 11, 14, 12, 1]
TOOL SWITCHES : 13
MAKESPAN : 58

- MACHINE [1]

0 0 0 0 1 1 
0 1 0 1 1 1 
1 0 1 0 1 0 
0 1 1 0 0 1 
0 0 0 0 0 0 
1 0 1 0 0 0 
0 0 0 0 0 0 
0 0 1 1 1 0 
0 0 0 1 0 0 
0 0 0 0 0 1 
0 1 1 0 0 1 
1 1 0 1 1 0 
0 0 0 0 0 0 
0 0 0 0 0 0 
0 0 0 0 1 0 

JOBS [6] - [5, 2, 0, 9, 10, 6]
TOOL SWITCHES : 5
MAKESPAN : 47

# -------------------------- #

--- TOTAL TOOL SWITCHES : 18
--- HIGHEST MAKESPAN : 58
--- TOTAL FLOWTIME : 305
--- RUNNING TIME : 3.38867

# -------------------------- #
RUN : 1 - instancias_txt/SSP-NPM-I/ins62_m=2_j=15_t=15_var=2.txt

- MACHINE [0]

0 0 0 1 1 0 1 0 
0 0 0 0 0 0 1 0 
0 1 0 0 0 0 0 0 
0 0 0 0 0 0 0 0 
0 0 0 0 1 1 0 0 
1 1 1 0 0 0 1 0 
1 0 0 0 0 0 1 1 
0 0 0 0 1 1 1 0 
0 0 1 0 1 0 0 1 
1 1 0 0 1 0 0 0 
0 1 1 1 0 0 0 1 
1 1 1 0 0 0 0 1 
0 0 0 1 0 0 0 0 
0 0 0 0 0 1 0 1 
1 0 0 0 0 0 0 0 

JOBS [8] - [0, 1, 10, 5, 7, 12, 2, 6]
TOOL SWITCHES : 15
MAKESPAN : 60

- MACHINE [1]

0 0 0 0 0 0 0 
0 0 1 0 0 0 0 
1 0 1 1 1 0 0 
0 0 0 0 1 1 1 
0 0 0 0 1 0 0 
0 0 0 0 0 1 0 
0 0 0 0 0 0 0 
0 0 0 0 0 0 0 
1 1 0 0 0 0 0 
0 0 0 0 0 0 0 
1 1 0 0 1 1 1 
0 1 0 1 0 0 0 
0 1 0 0 0 0 1 
1 1 1 1 0 0 0 
0 0 0 0 0 1 1 

JOBS [7] - [3, 4, 11, 14, 9, 13, 8]
TOOL SWITCHES : 4
MAKESPAN : 51

# -------------------------- #

--- TOTAL TOOL SWITCHES : 19
--- HIGHEST MAKESPAN : 60
--- TOTAL FLOWTIME : 345
--- RUNNING TIME : 3.1944

# -------------------------- #
RUN : 1 - instancias_txt/SSP-NPM-I/ins63_m=2_j=15_t=15_var=3.txt

- MACHINE [0]

0 0 0 0 0 0 0 1 
0 1 1 0 1 0 0 0 
0 0 0 0 0 0 0 1 
0 0 0 0 0 0 1 0 
0 0 0 0 0 1 0 0 
0 0 0 0 0 1 1 0 
1 0 0 0 1 1 0 1 
0 0 0 0 1 0 0 0 
1 1 1 0 0 0 0 0 
1 0 0 0 0 0 0 0 
0 0 1 1 1 0 1 0 
0 0 1 1 0 0 0 0 
1 1 0 0 0 0 1 0 
0 0 0 0 0 0 0 1 
0 0 0 1 0 1 0 0 

JOBS [8] - [2, 8, 1, 13, 11, 0, 4, 14]
TOOL SWITCHES : 11
MAKESPAN : 50

- MACHINE [1]

1 0 1 0 0 0 0 
1 0 1 1 0 0 1 
1 0 1 1 1 0 0 
0 0 0 0 0 0 0 
0 0 1 0 0 1 0 
0 1 0 0 0 1 0 
0 0 0 0 0 0 0 
0 0 0 0 1 1 0 
0 0 0 0 0 0 0 
0 0 0 0 1 0 0 
0 0 0 0 0 0 1 
0 0 0 0 0 1 1 
0 0 0 0 0 0 0 
0 1 0 1 0 0 1 
1 1 0 0 1 0 0 

JOBS [7] - [5, 10, 6, 7, 3, 9, 12]
TOOL SWITCHES : 5
MAKESPAN : 43

# -------------------------- #

--- TOTAL TOOL SWITCHES : 16
--- HIGHEST MAKESPAN : 50
--- TOTAL FLOWTIME : 279
--- RUNNING TIME : 3.03561

# -------------------------- #
RUN : 1 - instancias_txt/SSP-NPM-I/ins64_m=2_j=15_t=15_var=4.txt

- MACHINE [0]

0 0 1 0 1 0 1 
0 0 1 1 0 0 0 
1 0 0 0 0 0 0 
0 0 0 0 0 0 1 
0 0 1 1 0 1 0 
1 1 0 0 0 0 0 
0 0 0 0 0 0 1 
0 1 1 0 0 0 0 
0 0 0 0 0 1 1 
1 0 1 1 0 0 0 
0 0 0 1 1 1 0 
0 1 0 0 0 1 0 
0 0 0 0 0 0 0 
1 0 0 0 1 1 1 
0 0 0 0 1 0 0 

JOBS [7] - [10, 14, 11, 13, 0, 9, 12]
TOOL SWITCHES : 12
MAKESPAN : 54

- MACHINE [1]

0 0 0 0 0 0 0 0 
1 1 0 0 1 0 0 1 
0 1 1 0 0 0 0 0 
0 0 0 1 0 0 1 1 
1 1 0 1 1 1 1 0 
0 0 0 0 0 0 0 1 
0 0 0 0 1 1 1 0 
0 0 0 0 0 0 0 0 
1 0 1 0 1 0 0 0 
0 0 0 0 0 0 0 1 
0 0 0 0 0 0 0 0 
0 0 0 0 0 1 0 0 
0 0 1 1 0 0 0 0 
0 1 1 1 0 0 1 0 
1 0 1 0 0 1 0 1 

JOBS [8] - [8, 2, 1, 5, 7, 4, 3, 6]
TOOL SWITCHES : 5
MAKESPAN : 54

# -------------------------- #

--- TOTAL TOOL SWITCHES : 17
--- HIGHEST MAKESPAN : 54
--- TOTAL FLOWTIME : 348
--- RUNNING TIME : 3.46684

# -------------------------- #
RUN : 1 - instancias_txt/SSP-NPM-I/ins65_m=2_j=15_t=15_var=5.txt

- MACHINE [0]

0 1 0 0 0 0 0 1 
0 0 0 1 0 0 0 1 
0 0 0 0 0 0 1 1 
1 0 0 0 0 0 0 0 
0 0 0 0 0 0 0 0 
0 0 0 0 0 1 1 1 
0 0 0 0 1 1 0 0 
0 0 0 0 0 0 1 0 
0 1 0 1 0 0 0 0 
0 0 1 0 1 0 0 0 
0 0 1 1 1 0 0 1 
0 0 0 0 0 0 0 0 
1 1 1 0 1 1 0 0 
1 0 1 0 0 0 0 0 
1 1 0 0 0 1 0 0 

JOBS [8] - [13, 7, 9, 11, 10, 5, 6, 4]
TOOL SWITCHES : 11
MAKESPAN : 57

- MACHINE [1]

1 1 0 0 0 1 0 
0 0 0 1 1 1 0 
0 1 1 0 0 0 0 
0 0 0 0 0 0 0 
0 0 0 1 1 0 1 
1 0 1 0 0 0 0 
0 0 0 0 0 0 0 
0 0 0 0 0 0 0 
0 0 0 0 0 0 1 
0 0 0 0 0 0 1 
0 0 1 0 1 0 0 
0 0 1 1 0 0 0 
0 0 0 1 1 0 1 
1 1 0 0 0 1 0 
0 1 0 0 0 0 0 

JOBS [7] - [3, 0, 8, 14, 2, 12, 1]
TOOL SWITCHES : 5
MAKESPAN : 41

# -------------------------- #

--- TOTAL TOOL SWITCHES : 16
--- HIGHEST MAKESPAN : 57
--- TOTAL FLOWTIME : 316
--- RUNNING TIME : 2.64456

# -------------------------- #
RUN : 1 - instancias_txt/SSP-NPM-I/ins66_m=2_j=15_t=15_var=6.txt

- MACHINE [0]

0 0 1 0 0 0 0 
0 0 0 1 1 0 0 
0 1 0 0 1 0 0 
0 0 0 0 0 0 0 
1 0 0 0 0 0 0 
1 1 0 0 1 1 0 
0 0 0 0 0 1 1 
0 1 1 1 0 0 0 
1 0 1 1 0 0 1 
0 0 0 0 1 1 1 
0 0 0 0 0 0 0 
0 0 0 0 0 0 0 
1 1 1 0 0 1 0 
0 0 0 0 0 1 1 
0 0 0 0 0 0 0 

JOBS [7] - [10, 8, 4, 13, 1, 2, 12]
TOOL SWITCHES : 8
MAKESPAN : 55

- MACHINE [1]

0 1 1 0 1 1 0 0 
0 0 0 0 0 0 1 0 
1 1 0 1 1 0 0 0 
1 0 0 0 0 0 0 1 
0 0 0 0 0 0 0 0 
0 0 0 0 0 1 0 0 
0 1 1 0 0 0 1 0 
0 0 0 1 0 0 1 1 
0 0 0 0 0 0 0 1 
0 0 0 0 0 0 0 1 
0 0 1 0 0 1 0 0 
0 1 0 0 0 0 0 0 
0 0 0 0 0 0 0 0 
0 0 0 0 0 0 1 1 
1 0 0 1 1 1 1 1 

JOBS [8] - [9, 7, 0, 6, 5, 11, 3, 14]
TOOL SWITCHES : 6
MAKESPAN : 60

# -------------------------- #

--- TOTAL TOOL SWITCHES : 14
--- HIGHEST MAKESPAN : 60
--- TOTAL FLOWTIME : 343
--- RUNNING TIME : 3.09332

# -------------------------- #
RUN : 1 - instancias_txt/SSP-NPM-I/ins67_m=2_j=15_t=15_var=7.txt

- MACHINE [0]

0 0 0 0 0 0 1 
1 1 1 1 1 0 0 
1 0 0 0 0 0 0 
0 0 0 0 0 1 1 
0 1 1 1 0 0 0 
0 0 0 0 0 0 0 
0 0 0 0 0 0 1 
0 1 1 0 0 0 0 
0 0 0 0 1 0 1 
0 0 0 1 1 1 0 
1 0 0 0 0 0 1 
0 0 0 0 0 1 0 
1 0 1 1 0 1 0 
1 1 1 1 1 0 0 
0 0 0 0 0 0 0 

JOBS [7] - [13, 0, 7, 9, 4, 5, 12]
TOOL SWITCHES : 9
MAKESPAN : 51

- MACHINE [1]

0 0 0 1 0 0 1 0 
0 0 0 0 0 0 0 0 
0 0 0 0 0 0 1 1 
0 0 0 0 0 0 0 0 
0 0 0 1 1 0 1 1 
0 0 0 0 1 1 0 1 
1 1 0 0 0 1 1 0 
1 1 0 0 0 0 0 0 
1 0 1 0 0 0 0 0 
0 0 0 0 0 0 0 0 
0 1 1 1 0 0 0 0 
0 1 0 0 1 0 0 0 
0 0 0 0 1 1 0 0 
0 0 0 0 0 1 0 0 
1 1 1 0 0 1 1 0 

JOBS [8] - [10, 11, 14, 6, 3, 8, 1, 2]
TOOL SWITCHES : 5
MAKESPAN : 61

# -------------------------- #

--- TOTAL TOOL SWITCHES : 14
--- HIGHEST MAKESPAN : 61
--- TOTAL FLOWTIME : 391
--- RUNNING TIME : 3.04806

# -------------------------- #
RUN : 1 - instancias_txt/SSP-NPM-I/ins68_m=2_j=15_t=15_var=8.txt

- MACHINE [0]

0 0 0 0 1 0 0 0 
1 0 0 0 0 0 0 0 
1 0 1 1 0 1 0 0 
0 0 0 0 0 0 1 0 
0 1 1 0 0 1 1 1 
0 0 0 0 0 1 0 0 
1 1 0 0 0 0 1 0 
1 1 0 0 1 0 0 1 
0 0 0 0 0 0 0 0 
0 0 0 0 0 0 0 0 
1 0 0 1 0 0 0 0 
0 0 0 0 1 1 1 1 
0 0 1 0 0 0 0 0 
0 1 1 1 0 0 0 1 
0 0 0 1 1 0 1 1 

JOBS [8] - [6, 3, 7, 14, 12, 10, 2, 0]
TOOL SWITCHES : 13
MAKESPAN : 54

- MACHINE [1]

0 0 0 1 1 0 0 
0 1 0 0 1 1 0 
0 0 0 0 0 0 1 
1 0 1 1 0 0 1 
0 0 0 0 0 0 0 
0 0 0 0 1 0 0 
1 0 0 1 0 0 0 
0 0 0 0 0 0 0 
1 1 0 0 0 0 1 
1 1 0 0 0 0 0 
0 0 1 0 1 1 0 
0 1 1 0 1 0 0 
0 0 0 0 0 1 0 
0 0 0 0 0 1 0 
0 0 0 0 0 1 0 

JOBS [7] - [8, 1, 5, 9, 4, 13, 11]
TOOL SWITCHES : 6
MAKESPAN : 56

# -------------------------- #

--- TOTAL TOOL SWITCHES : 19
--- HIGHEST MAKESPAN : 56
--- TOTAL FLOWTIME : 338
--- RUNNING TIME : 3.25524

# -------------------------- #
RUN : 1 - instancias_txt/SSP-NPM-I/ins69_m=2_j=15_t=15_var=9.txt

- MACHINE [0]

0 0 0 0 0 0 1 
1 0 1 1 1 0 0 
0 0 0 1 1 1 1 
0 0 0 0 0 1 0 
0 1 0 0 0 0 0 
1 1 0 0 0 1 1 
0 0 0 0 0 0 0 
0 0 0 0 0 0 0 
0 0 1 0 1 0 0 
0 0 0 0 0 0 0 
1 0 0 0 0 0 0 
0 0 0 0 0 0 0 
0 1 1 1 0 0 0 
0 0 1 0 0 0 0 
0 0 1 1 1 1 0 

JOBS [7] - [10, 5, 9, 8, 6, 4, 7]
TOOL SWITCHES : 7
MAKESPAN : 51

- MACHINE [1]

1 0 0 1 1 1 1 0 
0 0 0 0 0 0 0 1 
0 0 0 0 1 1 1 0 
0 0 0 0 0 0 0 0 
1 0 0 0 1 0 0 1 
0 0 0 0 0 0 0 0 
0 0 0 0 0 1 1 0 
1 0 0 0 0 0 0 0 
0 0 0 0 0 0 0 0 
0 0 1 0 0 0 1 0 
0 1 0 1 0 0 0 0 
0 0 0 0 0 0 0 0 
0 0 1 1 1 1 0 1 
1 1 0 0 0 1 0 0 
0 1 1 1 0 0 0 1 

JOBS [8] - [13, 3, 1, 2, 11, 12, 14, 0]
TOOL SWITCHES : 5
MAKESPAN : 59

# -------------------------- #

--- TOTAL TOOL SWITCHES : 12
--- HIGHEST MAKESPAN : 59
--- TOTAL FLOWTIME : 348
--- RUNNING TIME : 2.93329

# -------------------------- #
RUN : 1 - instancias_txt/SSP-NPM-I/ins70_m=2_j=15_t=15_var=10.txt

- MACHINE [0]

0 0 0 0 1 1 0 0 0 
0 1 0 1 0 0 0 0 0 
0 0 0 0 0 0 0 1 0 
1 0 0 0 0 0 0 0 0 
1 0 1 0 1 1 0 0 0 
1 1 0 0 0 0 0 0 0 
0 0 0 0 0 1 1 0 0 
0 0 0 0 0 1 0 0 1 
0 0 0 1 1 0 0 1 1 
0 0 0 0 0 0 1 1 0 
0 0 0 0 1 0 0 0 0 
1 1 1 1 0 0 1 1 1 
0 0 0 0 0 0 0 0 0 
1 0 0 1 1 0 0 1 0 
0 0 1 0 0 0 0 0 1 

JOBS [9] - [1, 4, 9, 2, 0, 8, 6, 12, 11]
TOOL SWITCHES : 13
MAKESPAN : 54

- MACHINE [1]

0 0 0 0 0 0 
0 0 1 0 1 0 
0 0 0 1 1 0 
0 1 1 0 1 1 
0 0 1 1 0 0 
1 0 0 0 0 0 
0 1 0 1 0 1 
0 0 0 0 0 0 
0 0 0 0 0 1 
0 1 1 0 0 0 
0 0 0 0 1 1 
0 0 0 0 0 0 
0 0 0 1 0 0 
1 0 0 0 0 0 
1 1 0 0 1 0 

JOBS [6] - [3, 7, 10, 5, 13, 14]
TOOL SWITCHES : 5
MAKESPAN : 43

# -------------------------- #

--- TOTAL TOOL SWITCHES : 18
--- HIGHEST MAKESPAN : 54
--- TOTAL FLOWTIME : 310
--- RUNNING TIME : 2.43806

# -------------------------- #
RUN : 1 - instancias_txt/SSP-NPM-I/ins71_m=2_j=15_t=15_var=11.txt

- MACHINE [0]

1 0 1 0 0 0 0 
1 1 0 0 0 0 0 
1 0 0 1 0 0 0 
0 0 0 0 1 0 1 
0 0 0 0 0 0 1 
0 0 0 0 0 0 0 
0 0 0 0 1 0 1 
0 0 0 0 1 1 1 
0 0 0 0 0 0 0 
0 0 0 0 0 1 0 
1 1 1 1 0 0 0 
0 0 1 1 1 1 0 
0 0 1 1 0 0 0 
1 1 1 0 1 1 1 
0 0 0 1 0 0 0 

JOBS [7] - [8, 3, 6, 13, 1, 12, 11]
TOOL SWITCHES : 11
MAKESPAN : 54

- MACHINE [1]

0 0 0 0 0 0 1 0 
1 1 0 0 0 0 0 0 
0 0 0 0 1 1 0 0 
0 0 0 0 0 1 1 0 
0 0 0 0 0 0 1 1 
0 1 1 1 0 1 0 1 
0 0 1 0 1 1 0 0 
0 0 1 1 1 0 0 0 
0 0 0 1 1 0 1 0 
1 0 1 0 0 0 0 0 
1 1 0 0 1 0 0 0 
1 1 1 0 0 0 0 0 
0 1 1 0 0 0 0 0 
0 0 0 0 0 0 0 0 
0 0 0 1 0 0 0 1 

JOBS [8] - [10, 9, 5, 7, 2, 4, 14, 0]
TOOL SWITCHES : 7
MAKESPAN : 55

# -------------------------- #

--- TOTAL TOOL SWITCHES : 18
--- HIGHEST MAKESPAN : 55
--- TOTAL FLOWTIME : 378
--- RUNNING TIME : 2.74397

# -------------------------- #
RUN : 1 - instancias_txt/SSP-NPM-I/ins72_m=2_j=15_t=15_var=12.txt

- MACHINE [0]

0 0 1 1 1 1 0 
1 1 0 0 0 0 0 
1 0 1 0 0 1 0 
0 0 0 0 0 1 1 
1 0 0 0 0 0 1 
1 1 0 0 1 0 1 
0 0 0 0 0 0 0 
0 1 0 0 0 0 0 
1 0 1 1 0 1 0 
0 0 0 0 0 0 0 
0 0 0 0 0 1 1 
0 0 1 0 0 0 1 
0 0 0 0 0 0 0 
0 0 0 0 0 0 0 
0 0 0 1 1 0 0 

JOBS [7] - [7, 5, 1, 14, 4, 3, 10]
TOOL SWITCHES : 9
MAKESPAN : 49

- MACHINE [1]

1 0 0 1 0 0 1 1 
0 0 0 1 0 0 0 0 
0 0 0 0 0 0 1 1 
1 1 0 0 1 0 0 1 
0 1 1 1 0 1 1 0 
1 0 1 0 0 0 0 0 
1 0 1 0 0 0 1 0 
0 0 0 0 0 1 0 0 
1 1 1 0 0 0 0 0 
0 0 0 0 0 0 1 0 
0 0 0 0 0 0 0 0 
0 0 0 1 1 0 0 0 
0 1 0 0 1 0 0 1 
0 0 0 0 1 1 0 0 
0 0 0 0 0 0 0 1 

JOBS [8] - [6, 8, 11, 12, 2, 13, 0, 9]
TOOL SWITCHES : 7
MAKESPAN : 50

# -------------------------- #

--- TOTAL TOOL SWITCHES : 16
--- HIGHEST MAKESPAN : 50
--- TOTAL FLOWTIME : 326
--- RUNNING TIME : 3.31346

# -------------------------- #
RUN : 1 - instancias_txt/SSP-NPM-I/ins73_m=2_j=15_t=15_var=13.txt

- MACHINE [0]

0 0 1 1 1 1 
0 0 0 1 0 0 
0 0 0 0 0 0 
1 0 0 0 0 1 
1 0 0 0 0 1 
0 0 1 0 0 0 
0 1 1 0 1 1 
0 0 0 0 0 0 
0 1 0 0 1 0 
0 0 0 0 0 0 
0 0 0 0 0 0 
1 0 0 1 0 0 
0 0 0 0 1 0 
1 1 0 0 0 0 
0 1 1 1 0 1 

JOBS [6] - [1, 3, 9, 12, 6, 11]
TOOL SWITCHES : 9
MAKESPAN : 63

- MACHINE [1]

0 1 0 1 1 0 0 0 0 
1 0 0 1 0 1 0 0 1 
1 1 0 1 0 1 0 0 0 
0 0 0 0 0 0 0 1 0 
0 0 0 0 0 1 0 0 0 
0 0 1 1 0 0 0 0 0 
0 0 0 1 1 0 0 1 0 
1 0 1 0 0 0 0 0 0 
0 0 0 0 0 0 0 0 0 
1 1 0 0 1 0 0 1 0 
0 0 0 0 1 1 0 1 1 
0 1 1 0 1 0 1 0 0 
0 0 0 0 0 0 1 0 1 
0 0 0 0 0 0 0 0 1 
0 0 0 0 0 0 1 1 0 

JOBS [9] - [14, 5, 8, 0, 2, 4, 13, 7, 10]
TOOL SWITCHES : 7
MAKESPAN : 58

# -------------------------- #

--- TOTAL TOOL SWITCHES : 16
--- HIGHEST MAKESPAN : 63
--- TOTAL FLOWTIME : 413
--- RUNNING TIME : 3.35966

# -------------------------- #
RUN : 1 - instancias_txt/SSP-NPM-I/ins74_m=2_j=15_t=15_var=14.txt

- MACHINE [0]

0 0 1 1 1 1 0 
1 1 0 0 0 0 0 
0 0 0 0 0 0 0 
0 0 1 1 1 0 0 
0 0 1 0 1 1 0 
0 0 0 0 0 0 1 
0 0 0 0 0 0 1 
1 1 0 0 0 0 0 
0 1 0 0 0 0 1 
1 0 0 1 0 0 0 
0 1 1 1 1 0 0 
0 0 0 0 1 1 1 
0 0 0 0 0 1 0 
0 0 0 0 0 0 0 
1 0 0 0 0 0 1 

JOBS [7] - [7, 13, 2, 11, 3, 4, 5]
TOOL SWITCHES : 10
MAKESPAN : 54

- MACHINE [1]

0 0 0 0 1 1 1 0 
1 0 1 0 0 0 0 0 
0 0 0 0 0 1 0 0 
0 0 0 0 0 0 0 0 
0 1 1 0 0 0 0 0 
0 0 0 1 1 0 0 1 
1 0 0 1 0 0 0 0 
1 1 1 0 0 0 0 1 
1 1 0 0 1 1 1 0 
0 0 0 0 0 0 0 0 
0 0 0 0 0 0 0 1 
0 1 1 0 0 0 1 1 
0 1 1 1 0 0 0 0 
0 0 0 0 1 1 0 0 
0 0 0 0 0 0 0 1 

JOBS [8] - [9, 1, 0, 6, 12, 8, 14, 10]
TOOL SWITCHES : 6
MAKESPAN : 42

# -------------------------- #

--- TOTAL TOOL SWITCHES : 16
--- HIGHEST MAKESPAN : 54
--- TOTAL FLOWTIME : 319
--- RUNNING TIME : 2.6539

# -------------------------- #
RUN : 1 - instancias_txt/SSP-NPM-I/ins75_m=2_j=15_t=15_var=15.txt

- MACHINE [0]

0 1 1 1 1 0 1 
0 0 0 1 0 1 1 
0 0 0 0 0 0 0 
1 0 1 1 0 0 0 
0 0 0 0 0 0 0 
0 0 0 0 0 0 0 
0 0 0 0 0 1 1 
1 1 0 1 1 0 0 
1 1 1 0 0 0 0 
0 0 0 0 0 0 1 
0 0 0 0 0 0 0 
0 0 0 0 1 1 0 
0 0 0 0 0 0 0 
0 1 1 0 0 1 0 
0 0 0 0 0 0 0 

JOBS [7] - [2, 0, 13, 6, 7, 3, 9]
TOOL SWITCHES : 4
MAKESPAN : 44

- MACHINE [1]

1 0 0 1 0 0 0 0 
0 0 0 0 0 0 0 0 
0 1 1 0 1 0 0 1 
0 0 0 0 0 0 1 1 
0 1 0 1 0 0 0 0 
0 0 0 0 0 1 0 0 
0 0 0 0 0 1 0 0 
0 0 0 1 1 0 0 0 
0 1 1 0 0 0 1 1 
1 0 1 0 0 0 0 0 
1 1 0 1 0 0 1 0 
0 0 0 0 1 1 0 0 
1 0 0 0 1 1 1 1 
0 0 0 0 0 0 0 0 
0 0 0 0 0 0 0 0 

JOBS [8] - [12, 14, 4, 5, 8, 1, 10, 11]
TOOL SWITCHES : 5
MAKESPAN : 51

# -------------------------- #

--- TOTAL TOOL SWITCHES : 9
--- HIGHEST MAKESPAN : 51
--- TOTAL FLOWTIME : 322
--- RUNNING TIME : 3.72395

# -------------------------- #
RUN : 1 - instancias_txt/SSP-NPM-I/ins76_m=2_j=15_t=15_var=16.txt

- MACHINE [0]

0 0 0 1 0 0 0 
1 0 0 0 0 1 0 
0 0 1 0 0 0 0 
1 0 0 1 0 0 0 
0 0 0 0 0 0 0 
0 0 0 0 0 0 1 
0 1 1 1 0 0 0 
1 0 1 0 1 1 1 
0 0 0 0 0 1 1 
0 0 0 1 1 1 0 
0 0 0 0 0 0 0 
1 1 1 0 0 0 1 
0 0 0 0 1 0 0 
0 0 0 0 1 0 0 
1 1 0 0 0 0 1 

JOBS [7] - [14, 0, 13, 7, 4, 11, 12]
TOOL SWITCHES : 11
MAKESPAN : 53

- MACHINE [1]

0 0 0 0 0 1 1 0 
1 0 1 0 0 0 0 0 
0 1 0 1 0 0 0 0 
0 0 0 0 0 0 1 0 
0 0 0 0 0 0 0 0 
0 0 1 0 0 0 0 1 
0 0 0 0 0 0 0 0 
1 1 0 1 0 0 0 0 
0 0 0 0 0 0 0 1 
0 1 1 0 0 1 0 1 
0 0 1 0 1 1 0 1 
0 0 0 0 0 0 0 0 
0 0 0 0 1 1 1 0 
0 0 0 1 1 0 0 0 
1 0 0 1 1 0 1 0 

JOBS [8] - [8, 3, 1, 10, 2, 6, 9, 5]
TOOL SWITCHES : 5
MAKESPAN : 44

# -------------------------- #

--- TOTAL TOOL SWITCHES : 16
--- HIGHEST MAKESPAN : 53
--- TOTAL FLOWTIME : 299
--- RUNNING TIME : 1.90244

# -------------------------- #
RUN : 1 - instancias_txt/SSP-NPM-I/ins77_m=2_j=15_t=15_var=17.txt

- MACHINE [0]

1 0 0 1 1 1 0 
1 1 0 0 0 0 0 
0 0 0 0 0 0 0 
0 0 0 1 1 0 0 
1 0 0 1 1 0 1 
0 0 0 0 1 1 0 
0 0 0 0 0 0 1 
0 0 0 0 0 0 0 
0 1 1 0 0 0 0 
0 1 1 0 1 0 0 
0 0 0 0 0 1 0 
1 0 0 0 0 1 1 
0 0 0 0 0 0 0 
0 0 1 0 0 0 1 
1 1 0 1 0 0 0 

JOBS [7] - [7, 13, 0, 12, 6, 2, 1]
TOOL SWITCHES : 10
MAKESPAN : 51

- MACHINE [1]

0 0 0 0 0 0 0 0 
0 1 1 0 0 1 0 0 
0 0 0 0 1 1 0 1 
0 0 0 0 0 1 0 0 
1 0 1 1 0 0 0 0 
0 1 1 0 1 0 0 0 
0 0 0 1 0 0 0 0 
1 1 0 1 1 0 0 0 
1 1 1 0 0 0 0 0 
1 0 0 0 0 0 0 1 
0 0 0 0 1 0 1 1 
0 0 0 0 0 0 0 0 
0 1 0 0 0 1 1 1 
0 0 0 0 0 1 1 1 
0 0 0 0 0 0 1 0 

JOBS [8] - [5, 4, 9, 3, 8, 14, 11, 10]
TOOL SWITCHES : 6
MAKESPAN : 45

# -------------------------- #

--- TOTAL TOOL SWITCHES : 16
--- HIGHEST MAKESPAN : 51
--- TOTAL FLOWTIME : 339
--- RUNNING TIME : 1.66952

# -------------------------- #
RUN : 1 - instancias_txt/SSP-NPM-I/ins78_m=2_j=15_t=15_var=18.txt

- MACHINE [0]

0 1 1 1 1 0 0 
0 0 0 0 1 0 0 
0 0 0 1 1 0 1 
0 0 0 0 0 0 0 
0 0 0 0 0 0 0 
1 0 1 1 0 0 0 
0 0 0 0 0 1 0 
1 0 1 0 0 0 1 
0 0 0 0 0 0 0 
0 0 1 1 0 1 1 
0 1 1 0 0 0 0 
1 1 0 0 1 0 0 
0 0 0 0 0 1 1 
1 0 0 0 0 1 1 
1 0 0 0 0 0 0 

JOBS [7] - [14, 4, 10, 5, 8, 1, 6]
TOOL SWITCHES : 10
MAKESPAN : 51

- MACHINE [1]

0 0 0 0 0 1 1 0 
0 0 0 0 1 1 0 0 
0 0 0 0 0 0 1 0 
1 1 1 1 0 0 0 1 
0 0 0 0 0 0 0 0 
0 1 0 1 1 0 0 0 
0 0 0 0 0 0 0 0 
0 1 0 0 0 1 0 0 
0 0 1 1 1 1 1 0 
0 0 0 0 0 0 0 1 
1 0 0 0 1 0 1 0 
1 0 1 0 0 0 0 0 
0 0 0 0 0 0 0 1 
0 0 0 0 0 0 0 0 
0 0 1 1 0 1 0 1 

JOBS [8] - [0, 3, 13, 12, 7, 9, 11, 2]
TOOL SWITCHES : 5
MAKESPAN : 59

# -------------------------- #

--- TOTAL TOOL SWITCHES : 15
--- HIGHEST MAKESPAN : 59
--- TOTAL FLOWTIME : 362
--- RUNNING TIME : 1.29007

# -------------------------- #
RUN : 1 - instancias_txt/SSP-NPM-I/ins79_m=2_j=15_t=15_var=19.txt

- MACHINE [0]

0 0 1 0 0 1 
0 1 0 0 0 0 
0 0 0 0 0 0 
0 0 0 0 0 0 
1 1 1 0 0 1 
0 0 0 0 1 0 
0 0 1 1 0 0 
0 0 0 1 1 1 
1 1 0 0 0 1 
0 0 0 0 1 1 
0 1 1 1 0 0 
0 0 1 0 0 0 
1 0 0 0 0 0 
0 0 0 0 0 0 
0 0 0 1 0 0 

JOBS [6] - [7, 0, 5, 11, 13, 2]
TOOL SWITCHES : 9
MAKESPAN : 56

- MACHINE [1]

0 0 0 0 0 0 1 0 0 
0 0 0 0 0 1 1 0 1 
0 1 1 1 0 0 0 0 0 
1 1 0 0 1 0 0 1 1 
0 0 0 0 0 0 0 0 1 
0 0 0 0 1 0 1 0 0 
0 0 0 0 0 0 1 1 1 
0 0 0 0 1 1 0 0 0 
1 0 1 1 0 0 0 0 0 
1 0 0 0 0 0 0 0 0 
0 0 0 0 0 0 0 0 0 
0 0 1 0 1 0 0 0 0 
0 0 0 0 0 1 1 0 0 
0 1 1 1 0 1 0 0 0 
1 1 0 1 1 0 0 1 0 

JOBS [9] - [8, 12, 6, 14, 9, 3, 10, 1, 4]
TOOL SWITCHES : 7
MAKESPAN : 57

# -------------------------- #

--- TOTAL TOOL SWITCHES : 16
--- HIGHEST MAKESPAN : 57
--- TOTAL FLOWTIME : 363
--- RUNNING TIME : 1.79894

# -------------------------- #
RUN : 1 - instancias_txt/SSP-NPM-I/ins80_m=2_j=15_t=15_var=20.txt

- MACHINE [0]

0 1 1 0 1 0 0 0 
0 0 0 0 0 0 1 0 
1 1 1 0 0 0 0 1 
1 0 0 0 1 0 1 0 
0 1 0 0 0 0 0 0 
0 0 0 1 1 1 0 0 
0 0 1 1 1 1 0 0 
0 0 0 0 0 0 0 1 
0 0 0 0 0 1 1 1 
0 0 0 0 0 0 0 0 
0 0 0 0 0 1 1 1 
0 0 0 0 0 0 0 0 
0 1 0 0 0 0 0 1 
1 0 0 0 0 0 0 0 
0 0 1 1 1 0 0 0 

JOBS [8] - [2, 11, 3, 5, 0, 14, 8, 12]
TOOL SWITCHES : 10
MAKESPAN : 57

- MACHINE [1]

0 0 0 0 0 0 1 
0 0 1 0 1 0 0 
0 0 0 0 0 0 0 
0 0 0 0 0 0 0 
0 0 0 0 0 1 1 
0 0 0 1 1 1 1 
0 0 0 0 1 1 0 
0 1 0 0 0 1 0 
0 0 0 0 0 0 0 
0 1 0 0 0 0 0 
0 1 0 1 0 0 0 
1 1 1 0 1 0 1 
1 0 0 0 1 1 0 
0 0 0 1 0 0 1 
1 1 1 0 0 0 0 

JOBS [7] - [6, 1, 4, 9, 7, 10, 13]
TOOL SWITCHES : 5
MAKESPAN : 55

# -------------------------- #

--- TOTAL TOOL SWITCHES : 15
--- HIGHEST MAKESPAN : 57
--- TOTAL FLOWTIME : 364
--- RUNNING TIME : 1.52537

# -------------------------- #


avg : 340.4
