RUN : 1 - instancias_txt/SSP-NPM-I/ins61_m=2_j=15_t=15_var=1.txt

- MACHINE [0]

0 0 0 0 0 1 1 1 1 
1 1 0 1 0 1 0 0 0 
0 0 0 0 0 0 1 0 0 
0 0 1 1 0 1 1 0 0 
1 1 0 0 0 0 0 0 0 
0 0 0 0 0 0 0 1 0 
0 0 0 0 0 0 0 1 1 
1 0 0 0 0 0 0 0 0 
0 0 0 0 0 1 0 0 0 
1 1 1 0 1 0 0 0 1 
0 0 0 0 0 0 0 1 0 
0 0 0 0 1 1 0 0 0 
0 1 1 1 1 0 0 0 1 
0 0 0 1 0 0 0 0 0 
0 1 1 0 0 0 1 1 1 

JOBS [9] - [4, 7, 13, 8, 3, 11, 14, 12, 1]
TOOL SWITCHES : 13
MAKESPAN : 58

- MACHINE [1]

0 0 0 0 1 1 
0 1 0 1 1 1 
1 0 1 0 1 0 
0 1 1 0 0 1 
0 0 0 0 0 0 
1 0 1 0 0 0 
0 0 0 0 0 0 
0 0 1 1 1 0 
0 0 0 1 0 0 
0 0 0 0 0 1 
0 1 1 0 0 1 
1 1 0 1 1 0 
0 0 0 0 0 0 
0 0 0 0 0 0 
0 0 0 0 1 0 

JOBS [6] - [5, 2, 0, 9, 10, 6]
TOOL SWITCHES : 5
MAKESPAN : 47

# -------------------------- #

--- TOTAL TOOL SWITCHES : 18
--- HIGHEST MAKESPAN : 58
--- TOTAL FLOWTIME : 305
--- RUNNING TIME : 2.89313

# -------------------------- #
RUN : 1 - instancias_txt/SSP-NPM-I/ins62_m=2_j=15_t=15_var=2.txt

- MACHINE [0]

0 0 0 0 1 1 0 1 
0 0 0 0 0 0 0 1 
0 1 0 0 0 0 0 0 
0 0 0 0 0 0 1 0 
0 0 0 1 1 0 0 0 
1 1 1 0 0 0 0 1 
1 0 0 0 0 0 0 1 
0 0 0 1 1 0 0 1 
0 0 1 0 1 0 0 0 
1 1 0 0 1 0 0 0 
0 1 1 0 0 1 1 0 
1 1 1 0 0 0 0 0 
0 0 0 0 0 1 1 0 
0 0 0 1 0 0 0 0 
1 0 0 0 0 0 1 0 

JOBS [8] - [0, 1, 10, 12, 7, 5, 8, 2]
TOOL SWITCHES : 15
MAKESPAN : 57

- MACHINE [1]

0 0 0 0 0 0 0 
0 0 1 0 0 0 0 
1 0 1 1 1 0 0 
0 0 0 0 1 1 0 
0 0 0 0 1 0 0 
0 0 0 0 0 1 0 
0 0 0 0 0 0 1 
0 0 0 0 0 0 0 
1 1 0 0 0 0 1 
0 0 0 0 0 0 0 
1 1 0 0 1 1 1 
0 1 0 1 0 0 1 
0 1 0 0 0 0 0 
1 1 1 1 0 0 1 
0 0 0 0 0 1 0 

JOBS [7] - [3, 4, 11, 14, 9, 13, 6]
TOOL SWITCHES : 5
MAKESPAN : 55

# -------------------------- #

--- TOTAL TOOL SWITCHES : 20
--- HIGHEST MAKESPAN : 57
--- TOTAL FLOWTIME : 349
--- RUNNING TIME : 3.07921

# -------------------------- #
RUN : 1 - instancias_txt/SSP-NPM-I/ins63_m=2_j=15_t=15_var=3.txt

- MACHINE [0]

0 0 0 0 0 0 0 1 
0 1 1 0 1 0 0 0 
0 0 0 0 0 0 0 1 
0 0 0 0 0 0 1 0 
0 0 0 0 0 1 0 0 
0 0 0 0 0 1 1 0 
1 0 0 0 1 1 0 1 
0 0 0 0 1 0 0 0 
1 1 1 0 0 0 0 0 
1 0 0 0 0 0 0 0 
0 0 1 1 1 0 1 0 
0 0 1 1 0 0 0 0 
1 1 0 0 0 0 1 0 
0 0 0 0 0 0 0 1 
0 0 0 1 0 1 0 0 

JOBS [8] - [2, 8, 1, 13, 11, 0, 4, 14]
TOOL SWITCHES : 11
MAKESPAN : 50

- MACHINE [1]

1 0 1 0 0 0 0 
1 0 1 1 0 0 1 
1 0 1 1 1 0 0 
0 0 0 0 0 0 0 
0 0 1 0 0 1 0 
0 1 0 0 0 1 0 
0 0 0 0 0 0 0 
0 0 0 0 1 1 0 
0 0 0 0 0 0 0 
0 0 0 0 1 0 0 
0 0 0 0 0 0 1 
0 0 0 0 0 1 1 
0 0 0 0 0 0 0 
0 1 0 1 0 0 1 
1 1 0 0 1 0 0 

JOBS [7] - [5, 10, 6, 7, 3, 9, 12]
TOOL SWITCHES : 5
MAKESPAN : 43

# -------------------------- #

--- TOTAL TOOL SWITCHES : 16
--- HIGHEST MAKESPAN : 50
--- TOTAL FLOWTIME : 279
--- RUNNING TIME : 2.95703

# -------------------------- #
RUN : 1 - instancias_txt/SSP-NPM-I/ins64_m=2_j=15_t=15_var=4.txt

- MACHINE [0]

0 0 1 1 0 0 1 
0 0 1 0 0 0 0 
1 0 0 0 0 0 0 
0 0 0 0 0 1 1 
0 0 1 0 1 1 0 
1 1 0 0 0 0 0 
0 0 0 0 0 1 1 
0 1 1 0 0 0 0 
0 0 0 0 1 0 1 
1 0 1 0 0 0 0 
0 0 0 1 1 0 0 
0 1 0 0 1 0 0 
0 0 0 0 0 0 0 
1 0 0 1 1 1 1 
0 0 0 1 0 0 0 

JOBS [7] - [10, 14, 11, 0, 9, 3, 12]
TOOL SWITCHES : 12
MAKESPAN : 50

- MACHINE [1]

0 0 0 0 0 0 0 0 
1 1 0 1 0 0 1 1 
0 0 0 1 1 0 0 0 
0 0 0 0 0 1 0 1 
1 1 1 1 0 1 1 0 
0 0 0 0 0 0 0 1 
1 0 1 0 0 0 0 0 
0 0 0 0 0 0 0 0 
1 1 0 0 1 0 0 0 
0 0 0 0 0 0 1 1 
0 0 0 0 0 0 1 0 
0 0 1 0 0 0 0 0 
0 0 0 0 1 1 0 0 
0 0 0 1 1 1 0 0 
0 1 1 0 1 0 0 1 

JOBS [8] - [7, 8, 4, 2, 1, 5, 13, 6]
TOOL SWITCHES : 6
MAKESPAN : 54

# -------------------------- #

--- TOTAL TOOL SWITCHES : 18
--- HIGHEST MAKESPAN : 54
--- TOTAL FLOWTIME : 341
--- RUNNING TIME : 2.53944

# -------------------------- #
RUN : 1 - instancias_txt/SSP-NPM-I/ins65_m=2_j=15_t=15_var=5.txt

- MACHINE [0]

0 1 1 0 0 0 0 
0 0 1 1 0 0 0 
0 0 0 0 0 1 0 
1 0 0 0 0 0 0 
0 0 0 0 0 0 0 
0 0 0 0 0 1 1 
0 0 0 0 0 0 1 
0 0 0 0 0 1 0 
0 1 0 1 0 0 0 
0 0 0 0 1 0 0 
0 0 0 1 1 0 0 
0 0 0 0 0 0 0 
1 1 0 0 1 0 1 
1 0 1 0 1 0 0 
1 1 0 0 0 0 1 

JOBS [7] - [13, 7, 12, 11, 9, 6, 5]
TOOL SWITCHES : 9
MAKESPAN : 46

- MACHINE [1]

0 0 0 0 0 1 1 1 
0 1 1 0 0 0 0 1 
0 0 0 0 1 0 1 1 
0 0 0 0 0 0 0 0 
1 1 1 0 0 0 0 0 
0 0 0 0 1 1 0 1 
0 0 0 1 0 0 0 0 
0 0 0 0 0 0 0 0 
1 0 0 0 0 0 0 0 
1 0 0 1 0 0 0 0 
0 0 1 1 1 0 0 1 
0 1 0 0 1 0 0 0 
1 1 1 1 0 0 0 0 
0 0 0 0 0 1 1 0 
0 0 0 0 0 0 1 0 

JOBS [8] - [1, 14, 2, 10, 8, 3, 0, 4]
TOOL SWITCHES : 6
MAKESPAN : 49

# -------------------------- #

--- TOTAL TOOL SWITCHES : 15
--- HIGHEST MAKESPAN : 49
--- TOTAL FLOWTIME : 315
--- RUNNING TIME : 3.09975

# -------------------------- #
RUN : 1 - instancias_txt/SSP-NPM-I/ins66_m=2_j=15_t=15_var=6.txt

- MACHINE [0]

0 1 0 0 0 0 0 
0 0 0 1 1 0 0 
0 0 1 0 1 0 0 
0 0 0 0 0 0 0 
1 0 0 0 0 0 0 
1 0 1 0 1 0 1 
0 0 0 0 0 1 1 
0 1 1 1 0 0 0 
1 1 0 1 0 1 0 
0 0 0 0 1 1 1 
0 0 0 0 0 0 0 
0 0 0 0 0 0 0 
1 1 1 0 0 0 1 
0 0 0 0 0 1 1 
0 0 0 0 0 0 0 

JOBS [7] - [10, 4, 8, 13, 1, 12, 2]
TOOL SWITCHES : 7
MAKESPAN : 53

- MACHINE [1]

1 0 1 0 1 1 0 0 
0 0 0 0 0 0 1 0 
1 1 0 1 1 0 0 0 
0 1 0 0 0 0 0 1 
0 0 0 0 0 0 0 0 
0 0 0 0 0 1 0 0 
1 0 1 0 0 0 1 0 
0 0 0 1 0 0 1 1 
0 0 0 0 0 0 0 1 
0 0 0 0 0 0 0 1 
0 0 1 0 0 1 0 0 
1 0 0 0 0 0 0 0 
0 0 0 0 0 0 0 0 
0 0 0 0 0 0 1 1 
0 1 0 1 1 1 1 1 

JOBS [8] - [7, 9, 0, 6, 5, 11, 3, 14]
TOOL SWITCHES : 6
MAKESPAN : 60

# -------------------------- #

--- TOTAL TOOL SWITCHES : 13
--- HIGHEST MAKESPAN : 60
--- TOTAL FLOWTIME : 345
--- RUNNING TIME : 2.92037

# -------------------------- #
RUN : 1 - instancias_txt/SSP-NPM-I/ins67_m=2_j=15_t=15_var=7.txt

- MACHINE [0]

0 0 0 0 0 0 1 
1 1 1 1 1 0 0 
1 0 0 0 0 0 0 
0 0 0 0 0 1 1 
0 1 1 1 0 0 0 
0 0 0 0 0 0 0 
0 0 0 0 0 0 1 
0 1 1 0 0 0 0 
0 0 0 0 1 0 1 
0 0 0 1 1 1 0 
1 0 0 0 0 0 1 
0 0 0 0 0 1 0 
1 0 1 1 0 1 0 
1 1 1 1 1 0 0 
0 0 0 0 0 0 0 

JOBS [7] - [13, 0, 7, 9, 4, 5, 12]
TOOL SWITCHES : 9
MAKESPAN : 51

- MACHINE [1]

0 0 0 1 1 0 0 0 
0 0 0 0 0 0 0 0 
0 0 0 0 1 1 0 0 
0 0 0 0 0 0 0 0 
0 0 0 1 1 1 1 0 
0 0 0 0 0 1 1 1 
1 1 0 0 1 0 0 1 
1 1 0 0 0 0 0 0 
1 0 1 0 0 0 0 0 
0 0 0 0 0 0 0 0 
0 1 1 1 0 0 0 0 
0 1 0 0 0 0 1 0 
0 0 0 0 0 0 1 1 
0 0 0 0 0 0 0 1 
1 1 1 0 1 0 0 1 

JOBS [8] - [10, 11, 14, 6, 1, 2, 3, 8]
TOOL SWITCHES : 5
MAKESPAN : 61

# -------------------------- #

--- TOTAL TOOL SWITCHES : 14
--- HIGHEST MAKESPAN : 61
--- TOTAL FLOWTIME : 391
--- RUNNING TIME : 2.60948

# -------------------------- #
RUN : 1 - instancias_txt/SSP-NPM-I/ins68_m=2_j=15_t=15_var=8.txt

- MACHINE [0]

0 0 0 0 1 0 0 0 
1 0 0 0 0 0 0 0 
1 0 1 1 0 1 0 0 
0 0 0 0 0 0 1 0 
0 1 1 0 0 1 1 1 
0 0 0 0 0 1 0 0 
1 1 0 0 0 0 1 0 
1 1 0 0 1 0 0 1 
0 0 0 0 0 0 0 0 
0 0 0 0 0 0 0 0 
1 0 0 1 0 0 0 0 
0 0 0 0 1 1 1 1 
0 0 1 0 0 0 0 0 
0 1 1 1 0 0 0 1 
0 0 0 1 1 0 1 1 

JOBS [8] - [6, 3, 7, 14, 12, 10, 2, 0]
TOOL SWITCHES : 13
MAKESPAN : 54

- MACHINE [1]

0 0 0 1 1 0 0 
1 0 0 0 1 1 0 
0 0 0 0 0 0 1 
0 1 1 1 0 0 1 
0 0 0 0 0 0 0 
0 0 0 0 1 0 0 
0 1 0 1 0 0 0 
0 0 0 0 0 0 0 
1 1 0 0 0 0 1 
1 1 0 0 0 0 0 
0 0 1 0 1 1 0 
1 0 1 0 1 0 0 
0 0 0 0 0 1 0 
0 0 0 0 0 1 0 
0 0 0 0 0 1 0 

JOBS [7] - [1, 8, 5, 9, 4, 13, 11]
TOOL SWITCHES : 6
MAKESPAN : 56

# -------------------------- #

--- TOTAL TOOL SWITCHES : 19
--- HIGHEST MAKESPAN : 56
--- TOTAL FLOWTIME : 338
--- RUNNING TIME : 3.8746

# -------------------------- #
RUN : 1 - instancias_txt/SSP-NPM-I/ins69_m=2_j=15_t=15_var=9.txt

- MACHINE [0]

0 0 0 0 0 0 1 
1 0 1 1 1 0 0 
0 0 0 1 1 1 1 
0 0 0 0 0 1 0 
0 1 0 0 0 0 0 
1 1 0 0 0 1 1 
0 0 0 0 0 0 0 
0 0 0 0 0 0 0 
0 0 1 0 1 0 0 
0 0 0 0 0 0 0 
1 0 0 0 0 0 0 
0 0 0 0 0 0 0 
0 1 1 1 0 0 0 
0 0 1 0 0 0 0 
0 0 1 1 1 1 0 

JOBS [7] - [10, 5, 9, 8, 6, 4, 7]
TOOL SWITCHES : 7
MAKESPAN : 51

- MACHINE [1]

0 0 1 1 0 1 1 1 
0 0 0 0 1 0 0 0 
0 0 0 0 0 1 1 1 
0 0 0 0 0 0 0 0 
0 0 0 1 1 1 0 0 
0 0 0 0 0 0 0 0 
0 0 0 0 0 0 1 1 
0 0 0 1 0 0 0 0 
0 0 0 0 0 0 0 0 
1 0 0 0 0 0 1 0 
0 1 1 0 0 0 0 0 
0 0 0 0 0 0 0 0 
1 0 1 0 1 1 0 1 
0 1 0 1 0 0 0 1 
1 1 1 0 1 0 0 0 

JOBS [8] - [1, 3, 2, 13, 0, 11, 14, 12]
TOOL SWITCHES : 4
MAKESPAN : 55

# -------------------------- #

--- TOTAL TOOL SWITCHES : 11
--- HIGHEST MAKESPAN : 55
--- TOTAL FLOWTIME : 349
--- RUNNING TIME : 2.35982

# -------------------------- #
RUN : 1 - instancias_txt/SSP-NPM-I/ins70_m=2_j=15_t=15_var=10.txt

- MACHINE [0]

0 0 0 0 1 1 0 0 0 
0 1 0 1 0 0 0 0 0 
0 0 0 0 0 0 0 1 0 
1 0 0 0 0 0 0 0 0 
1 0 1 0 1 1 0 0 0 
1 1 0 0 0 0 0 0 0 
0 0 0 0 0 1 1 0 0 
0 0 0 0 0 1 0 0 1 
0 0 0 1 1 0 0 1 1 
0 0 0 0 0 0 1 1 0 
0 0 0 0 1 0 0 0 0 
1 1 1 1 0 0 1 1 1 
0 0 0 0 0 0 0 0 0 
1 0 0 1 1 0 0 1 0 
0 0 1 0 0 0 0 0 1 

JOBS [9] - [1, 4, 9, 2, 0, 8, 6, 12, 11]
TOOL SWITCHES : 13
MAKESPAN : 54

- MACHINE [1]

0 0 0 0 0 0 
0 0 1 0 1 0 
0 0 0 1 1 0 
0 1 1 0 1 1 
0 0 1 1 0 0 
1 0 0 0 0 0 
0 1 0 1 0 1 
0 0 0 0 0 0 
0 0 0 0 0 1 
0 1 1 0 0 0 
0 0 0 0 1 1 
0 0 0 0 0 0 
0 0 0 1 0 0 
1 0 0 0 0 0 
1 1 0 0 1 0 

JOBS [6] - [3, 7, 10, 5, 13, 14]
TOOL SWITCHES : 5
MAKESPAN : 43

# -------------------------- #

--- TOTAL TOOL SWITCHES : 18
--- HIGHEST MAKESPAN : 54
--- TOTAL FLOWTIME : 310
--- RUNNING TIME : 2.19923

# -------------------------- #
RUN : 1 - instancias_txt/SSP-NPM-I/ins71_m=2_j=15_t=15_var=11.txt

- MACHINE [0]

1 0 1 0 0 0 0 
1 1 0 0 0 0 0 
1 0 0 1 0 0 0 
0 0 0 0 1 0 1 
0 0 0 0 0 0 1 
0 0 0 0 0 0 0 
0 0 0 0 1 0 1 
0 0 0 0 1 1 1 
0 0 0 0 0 0 0 
0 0 0 0 0 1 0 
1 1 1 1 0 0 0 
0 0 1 1 1 1 0 
0 0 1 1 0 0 0 
1 1 1 0 1 1 1 
0 0 0 1 0 0 0 

JOBS [7] - [8, 3, 6, 13, 1, 12, 11]
TOOL SWITCHES : 11
MAKESPAN : 54

- MACHINE [1]

0 0 0 0 0 0 1 0 
1 1 0 0 0 0 0 0 
0 0 0 0 1 1 0 0 
0 0 0 0 0 1 1 0 
0 0 0 0 0 0 1 1 
0 1 1 1 0 1 0 1 
0 0 1 0 1 1 0 0 
0 0 1 1 1 0 0 0 
0 0 0 1 1 0 1 0 
1 0 1 0 0 0 0 0 
1 1 0 0 1 0 0 0 
1 1 1 0 0 0 0 0 
0 1 1 0 0 0 0 0 
0 0 0 0 0 0 0 0 
0 0 0 1 0 0 0 1 

JOBS [8] - [10, 9, 5, 7, 2, 4, 14, 0]
TOOL SWITCHES : 7
MAKESPAN : 55

# -------------------------- #

--- TOTAL TOOL SWITCHES : 18
--- HIGHEST MAKESPAN : 55
--- TOTAL FLOWTIME : 378
--- RUNNING TIME : 3.03205

# -------------------------- #
RUN : 1 - instancias_txt/SSP-NPM-I/ins72_m=2_j=15_t=15_var=12.txt

- MACHINE [0]

0 0 1 1 1 1 0 
0 1 0 0 0 0 0 
0 1 1 0 0 1 0 
0 0 0 0 0 1 1 
1 1 0 0 0 0 1 
1 1 0 0 1 0 1 
1 0 0 0 0 0 0 
0 0 0 0 0 0 0 
1 1 1 1 0 1 0 
0 0 0 0 0 0 0 
0 0 0 0 0 1 1 
0 0 1 0 0 0 1 
0 0 0 0 0 0 0 
0 0 0 0 0 0 0 
0 0 0 1 1 0 0 

JOBS [7] - [11, 7, 1, 14, 4, 3, 10]
TOOL SWITCHES : 9
MAKESPAN : 49

- MACHINE [1]

1 0 0 0 0 1 1 1 
1 1 0 0 0 0 0 0 
0 0 0 0 0 0 1 1 
0 0 0 1 1 1 0 1 
1 0 1 0 1 0 1 0 
0 1 0 0 0 1 0 0 
0 0 0 0 0 1 1 0 
0 1 1 0 0 0 0 0 
0 0 0 0 1 1 0 0 
0 0 0 0 0 0 1 0 
0 0 0 0 0 0 0 0 
1 0 0 1 0 0 0 0 
0 0 0 1 1 0 0 1 
0 0 1 1 0 0 0 0 
0 0 0 0 0 0 0 1 

JOBS [8] - [12, 5, 13, 2, 8, 6, 0, 9]
TOOL SWITCHES : 7
MAKESPAN : 48

# -------------------------- #

--- TOTAL TOOL SWITCHES : 16
--- HIGHEST MAKESPAN : 49
--- TOTAL FLOWTIME : 327
--- RUNNING TIME : 2.75222

# -------------------------- #
RUN : 1 - instancias_txt/SSP-NPM-I/ins73_m=2_j=15_t=15_var=13.txt

- MACHINE [0]

0 1 0 1 1 1 
0 1 0 0 0 0 
0 0 0 0 0 0 
1 0 0 0 0 1 
1 0 0 0 0 1 
0 0 0 1 0 0 
0 0 1 1 1 1 
0 0 0 0 0 0 
0 0 1 0 1 0 
0 0 0 0 0 0 
0 0 0 0 0 0 
1 1 0 0 0 0 
0 0 0 0 1 0 
1 0 1 0 0 0 
0 1 1 1 0 1 

JOBS [6] - [1, 12, 3, 9, 6, 11]
TOOL SWITCHES : 8
MAKESPAN : 61

- MACHINE [1]

1 0 0 1 1 0 0 0 0 
0 1 0 1 0 1 0 0 1 
1 1 0 1 0 1 0 0 0 
0 0 0 0 0 0 0 1 0 
0 0 0 0 0 1 0 0 0 
0 0 1 1 0 0 0 0 0 
0 0 0 1 1 0 0 1 0 
0 1 1 0 0 0 0 0 0 
0 0 0 0 0 0 0 0 0 
1 1 0 0 1 0 0 1 0 
0 0 0 0 1 1 0 1 1 
1 0 1 0 1 0 1 0 0 
0 0 0 0 0 0 1 0 1 
0 0 0 0 0 0 0 0 1 
0 0 0 0 0 0 1 1 0 

JOBS [9] - [5, 14, 8, 0, 2, 4, 13, 7, 10]
TOOL SWITCHES : 7
MAKESPAN : 58

# -------------------------- #

--- TOTAL TOOL SWITCHES : 15
--- HIGHEST MAKESPAN : 61
--- TOTAL FLOWTIME : 411
--- RUNNING TIME : 2.85205

# -------------------------- #
RUN : 1 - instancias_txt/SSP-NPM-I/ins74_m=2_j=15_t=15_var=14.txt

- MACHINE [0]

1 1 0 0 0 0 
0 0 1 1 0 0 
0 0 0 0 0 0 
1 1 0 0 0 0 
1 0 0 0 0 0 
0 0 0 0 1 1 
0 0 0 0 1 0 
0 0 1 1 0 1 
0 0 0 1 1 0 
0 1 1 0 0 0 
1 1 0 1 0 1 
0 0 0 0 1 1 
0 0 0 0 0 0 
0 0 0 0 0 0 
0 0 1 0 1 1 

JOBS [6] - [2, 11, 7, 13, 5, 10]
TOOL SWITCHES : 9
MAKESPAN : 45

- MACHINE [1]

0 0 0 0 1 1 1 1 1 
1 0 1 0 0 0 0 0 0 
0 0 0 0 0 0 1 0 0 
0 0 0 0 0 0 0 0 1 
0 1 1 0 0 0 0 1 1 
0 0 0 1 0 1 0 0 0 
1 0 0 1 0 0 0 0 0 
1 1 1 0 0 0 0 0 0 
1 1 0 0 1 1 1 0 0 
0 0 0 0 0 0 0 0 0 
0 0 0 0 0 0 0 0 1 
0 1 1 0 1 0 0 1 1 
0 1 1 1 0 0 0 1 0 
0 0 0 0 0 1 1 0 0 
0 0 0 0 0 0 0 0 0 

JOBS [9] - [9, 1, 0, 6, 14, 12, 8, 4, 3]
TOOL SWITCHES : 6
MAKESPAN : 53

# -------------------------- #

--- TOTAL TOOL SWITCHES : 15
--- HIGHEST MAKESPAN : 53
--- TOTAL FLOWTIME : 314
--- RUNNING TIME : 2.72231

# -------------------------- #
RUN : 1 - instancias_txt/SSP-NPM-I/ins75_m=2_j=15_t=15_var=15.txt

- MACHINE [0]

0 1 1 1 1 0 1 
0 0 0 0 1 1 1 
0 0 0 0 0 0 0 
1 0 0 1 1 0 0 
0 0 0 0 0 0 0 
0 0 0 0 0 0 0 
0 0 0 0 0 1 1 
1 1 1 0 1 0 0 
1 0 1 1 0 0 0 
0 0 0 0 0 0 1 
0 0 0 0 0 0 0 
0 1 0 0 0 1 0 
0 0 0 0 0 0 0 
0 0 1 1 0 1 0 
0 0 0 0 0 0 0 

JOBS [7] - [2, 7, 0, 13, 6, 3, 9]
TOOL SWITCHES : 5
MAKESPAN : 46

- MACHINE [1]

1 0 0 1 0 0 0 0 
0 0 0 0 0 0 0 0 
0 1 1 0 1 0 0 1 
0 0 0 0 0 0 1 1 
0 1 0 1 0 0 0 0 
0 0 0 0 0 1 0 0 
0 0 0 0 0 1 0 0 
0 0 0 1 1 0 0 0 
0 1 1 0 0 0 1 1 
1 0 1 0 0 0 0 0 
1 1 0 1 0 0 1 0 
0 0 0 0 1 1 0 0 
1 0 0 0 1 1 1 1 
0 0 0 0 0 0 0 0 
0 0 0 0 0 0 0 0 

JOBS [8] - [12, 14, 4, 5, 8, 1, 10, 11]
TOOL SWITCHES : 5
MAKESPAN : 51

# -------------------------- #

--- TOTAL TOOL SWITCHES : 10
--- HIGHEST MAKESPAN : 51
--- TOTAL FLOWTIME : 321
--- RUNNING TIME : 3.32241

# -------------------------- #
RUN : 1 - instancias_txt/SSP-NPM-I/ins76_m=2_j=15_t=15_var=16.txt

- MACHINE [0]

0 0 0 1 0 0 0 
1 0 0 0 0 1 0 
0 0 1 0 0 0 0 
1 0 0 1 0 0 0 
0 0 0 0 0 0 0 
0 0 0 0 0 0 1 
0 1 1 1 0 0 0 
1 0 1 0 1 1 1 
0 0 0 0 0 1 1 
0 0 0 1 1 1 0 
0 0 0 0 0 0 0 
1 1 1 0 0 0 1 
0 0 0 0 1 0 0 
0 0 0 0 1 0 0 
1 1 0 0 0 0 1 

JOBS [7] - [14, 0, 13, 7, 4, 11, 12]
TOOL SWITCHES : 11
MAKESPAN : 53

- MACHINE [1]

0 0 0 0 0 1 1 0 
1 0 1 0 0 0 0 0 
0 1 0 1 0 0 0 0 
0 0 0 0 0 0 1 0 
0 0 0 0 0 0 0 0 
0 0 1 0 0 0 0 1 
0 0 0 0 0 0 0 0 
1 1 0 1 0 0 0 0 
0 0 0 0 0 0 0 1 
0 1 1 0 0 1 0 1 
0 0 1 0 1 1 0 1 
0 0 0 0 0 0 0 0 
0 0 0 0 1 1 1 0 
0 0 0 1 1 0 0 0 
1 0 0 1 1 0 1 0 

JOBS [8] - [8, 3, 1, 10, 2, 6, 9, 5]
TOOL SWITCHES : 5
MAKESPAN : 44

# -------------------------- #

--- TOTAL TOOL SWITCHES : 16
--- HIGHEST MAKESPAN : 53
--- TOTAL FLOWTIME : 299
--- RUNNING TIME : 2.63612

# -------------------------- #
RUN : 1 - instancias_txt/SSP-NPM-I/ins77_m=2_j=15_t=15_var=17.txt

- MACHINE [0]

1 0 0 1 1 1 0 
1 1 0 0 0 0 0 
0 0 0 0 0 0 0 
0 0 0 1 1 0 0 
1 0 0 1 1 0 1 
0 0 0 0 1 1 0 
0 0 0 0 0 0 1 
0 0 0 0 0 0 0 
0 1 1 0 0 0 0 
0 1 1 0 1 0 0 
0 0 0 0 0 1 0 
1 0 0 0 0 1 1 
0 0 0 0 0 0 0 
0 0 1 0 0 0 1 
1 1 0 1 0 0 0 

JOBS [7] - [7, 13, 0, 12, 6, 2, 1]
TOOL SWITCHES : 10
MAKESPAN : 51

- MACHINE [1]

0 0 0 0 0 0 0 0 
0 1 1 0 0 1 0 0 
0 0 0 0 1 1 0 1 
0 0 0 0 0 1 0 0 
1 0 1 1 0 0 0 0 
0 1 1 0 1 0 0 0 
0 0 0 1 0 0 0 0 
1 1 0 1 1 0 0 0 
1 1 1 0 0 0 0 0 
1 0 0 0 0 0 0 1 
0 0 0 0 1 0 1 1 
0 0 0 0 0 0 0 0 
0 1 0 0 0 1 1 1 
0 0 0 0 0 1 1 1 
0 0 0 0 0 0 1 0 

JOBS [8] - [5, 4, 9, 3, 8, 14, 11, 10]
TOOL SWITCHES : 6
MAKESPAN : 45

# -------------------------- #

--- TOTAL TOOL SWITCHES : 16
--- HIGHEST MAKESPAN : 51
--- TOTAL FLOWTIME : 339
--- RUNNING TIME : 2.16552

# -------------------------- #
RUN : 1 - instancias_txt/SSP-NPM-I/ins78_m=2_j=15_t=15_var=18.txt

- MACHINE [0]

0 0 1 1 1 1 1 1 
0 0 0 0 0 1 0 1 
0 0 0 0 1 1 1 0 
0 1 0 0 0 0 0 0 
0 0 0 0 0 0 0 0 
1 0 0 1 1 0 0 0 
0 0 0 0 0 0 0 0 
1 0 0 1 0 0 0 1 
0 0 0 0 0 0 1 1 
0 0 0 1 1 0 0 0 
0 1 1 1 0 0 1 0 
1 1 1 0 0 1 0 0 
0 0 0 0 0 0 0 0 
1 0 0 0 0 0 0 0 
1 0 0 0 0 0 0 1 

JOBS [8] - [14, 0, 4, 10, 5, 8, 11, 9]
TOOL SWITCHES : 10
MAKESPAN : 52

- MACHINE [1]

0 0 0 0 0 0 0 
0 0 0 0 0 0 1 
0 1 0 0 0 0 0 
0 0 1 1 1 1 0 
0 0 0 0 0 0 0 
0 0 1 0 1 0 1 
1 0 0 0 0 0 0 
0 1 1 0 0 0 0 
0 0 0 0 1 1 1 
1 1 0 1 0 0 0 
0 0 0 0 0 0 1 
0 0 0 0 0 1 0 
1 1 0 1 0 0 0 
1 1 0 0 0 0 0 
0 0 0 1 1 1 0 

JOBS [7] - [1, 6, 3, 2, 12, 13, 7]
TOOL SWITCHES : 6
MAKESPAN : 54

# -------------------------- #

--- TOTAL TOOL SWITCHES : 16
--- HIGHEST MAKESPAN : 54
--- TOTAL FLOWTIME : 351
--- RUNNING TIME : 1.46522

# -------------------------- #
RUN : 1 - instancias_txt/SSP-NPM-I/ins79_m=2_j=15_t=15_var=19.txt

- MACHINE [0]

0 0 0 1 0 1 
0 1 1 0 0 0 
0 0 0 0 0 0 
0 0 1 0 0 0 
1 1 1 1 0 1 
0 0 0 0 0 0 
0 0 1 1 1 0 
0 0 0 0 1 1 
1 1 0 0 0 1 
0 0 0 0 0 1 
0 1 0 1 1 0 
0 0 0 1 0 0 
1 0 0 0 0 0 
0 0 0 0 0 0 
0 0 0 0 1 0 

JOBS [6] - [7, 0, 4, 5, 11, 2]
TOOL SWITCHES : 9
MAKESPAN : 55

- MACHINE [1]

0 0 0 0 0 0 0 1 0 
0 0 0 0 0 0 1 1 0 
0 1 1 1 0 0 0 0 0 
1 1 0 0 1 1 0 0 0 
0 0 0 0 0 0 0 0 0 
0 0 0 0 1 0 0 1 1 
0 0 0 0 0 1 0 1 0 
0 0 0 0 1 0 1 0 1 
1 0 1 1 0 0 0 0 0 
1 0 0 0 0 0 0 0 1 
0 0 0 0 0 0 0 0 0 
0 0 0 1 1 0 0 0 0 
0 0 0 0 0 0 1 1 0 
0 1 1 1 0 0 1 0 0 
1 1 1 0 1 1 0 0 0 

JOBS [9] - [8, 12, 14, 6, 9, 1, 3, 10, 13]
TOOL SWITCHES : 6
MAKESPAN : 54

# -------------------------- #

--- TOTAL TOOL SWITCHES : 15
--- HIGHEST MAKESPAN : 55
--- TOTAL FLOWTIME : 356
--- RUNNING TIME : 1.89624

# -------------------------- #
RUN : 1 - instancias_txt/SSP-NPM-I/ins80_m=2_j=15_t=15_var=20.txt

- MACHINE [0]

0 1 1 0 1 0 0 0 
0 0 0 0 0 0 1 0 
1 1 1 0 0 0 0 1 
1 0 0 0 1 0 1 0 
0 1 0 0 0 0 0 0 
0 0 0 1 1 1 0 0 
0 0 1 1 1 1 0 0 
0 0 0 0 0 0 0 1 
0 0 0 0 0 1 1 1 
0 0 0 0 0 0 0 0 
0 0 0 0 0 1 1 1 
0 0 0 0 0 0 0 0 
0 1 0 0 0 0 0 1 
1 0 0 0 0 0 0 0 
0 0 1 1 1 0 0 0 

JOBS [8] - [2, 11, 3, 5, 0, 14, 8, 12]
TOOL SWITCHES : 10
MAKESPAN : 57

- MACHINE [1]

0 0 0 0 0 0 1 
0 0 1 0 1 0 0 
0 0 0 0 0 0 0 
0 0 0 0 0 0 0 
0 0 0 0 0 1 1 
0 0 0 1 1 1 1 
0 0 0 0 1 1 0 
0 1 0 0 0 1 0 
0 0 0 0 0 0 0 
0 1 0 0 0 0 0 
0 1 0 1 0 0 0 
1 1 1 0 1 0 1 
1 0 0 0 1 1 0 
0 0 0 1 0 0 1 
1 1 1 0 0 0 0 

JOBS [7] - [6, 1, 4, 9, 7, 10, 13]
TOOL SWITCHES : 5
MAKESPAN : 55

# -------------------------- #

--- TOTAL TOOL SWITCHES : 15
--- HIGHEST MAKESPAN : 57
--- TOTAL FLOWTIME : 364
--- RUNNING TIME : 1.58781

# -------------------------- #


avg : 339.1
