RUN : 1 - instancias_txt/SSP-NPM-I/ins61_m=2_j=15_t=15_var=1.txt

- MACHINE [0]

0 0 0 0 1 0 1 1 
1 1 0 1 0 0 0 0 
0 0 0 0 1 0 0 0 
0 0 1 1 1 0 0 0 
1 1 0 0 0 0 0 0 
0 0 0 0 0 0 0 1 
0 0 0 0 0 0 1 1 
1 0 0 0 0 0 0 0 
0 0 0 0 0 0 0 0 
1 1 1 0 0 1 1 0 
0 0 0 0 0 0 0 1 
0 0 0 0 0 1 0 0 
0 1 1 1 0 1 1 0 
0 0 0 1 0 0 0 0 
0 1 1 0 1 0 1 1 

JOBS [8] - [4, 7, 13, 8, 14, 3, 1, 12]
TOOL SWITCHES : 10
MAKESPAN : 50

- MACHINE [1]

0 0 0 0 1 1 1 
0 1 0 1 1 1 1 
1 0 1 0 0 1 0 
0 1 1 0 1 0 1 
0 0 0 0 0 0 0 
1 0 1 0 0 0 0 
0 0 0 0 0 0 0 
0 0 1 1 0 1 0 
0 0 0 1 1 0 0 
0 0 0 0 0 0 1 
0 1 1 0 0 0 1 
1 1 0 1 1 1 0 
0 0 0 0 0 0 0 
0 0 0 0 0 0 0 
0 0 0 0 0 1 0 

JOBS [7] - [5, 2, 0, 9, 11, 10, 6]
TOOL SWITCHES : 5
MAKESPAN : 54

# -------------------------- #

--- TOTAL TOOL SWITCHES : 15
--- HIGHEST MAKESPAN : 54
--- TOTAL FLOWTIME : 305
--- RUNNING TIME : 3.24093

# -------------------------- #
RUN : 1 - instancias_txt/SSP-NPM-I/ins62_m=2_j=15_t=15_var=2.txt

- MACHINE [0]

0 0 0 1 1 0 1 0 
0 0 0 0 0 0 1 0 
0 1 0 0 0 0 0 0 
0 0 0 0 0 0 0 0 
0 0 0 0 1 1 0 0 
1 1 1 0 0 0 1 0 
1 0 0 0 0 0 1 1 
0 0 0 0 1 1 1 0 
0 0 1 0 1 0 0 1 
1 1 0 0 1 0 0 0 
0 1 1 1 0 0 0 1 
1 1 1 0 0 0 0 1 
0 0 0 1 0 0 0 0 
0 0 0 0 0 1 0 1 
1 0 0 0 0 0 0 0 

JOBS [8] - [0, 1, 10, 5, 7, 12, 2, 6]
TOOL SWITCHES : 15
MAKESPAN : 60

- MACHINE [1]

0 0 0 0 0 0 0 
0 0 1 0 0 0 0 
1 0 1 1 1 0 0 
0 0 0 0 1 1 1 
0 0 0 0 1 0 0 
0 0 0 0 0 1 0 
0 0 0 0 0 0 0 
0 0 0 0 0 0 0 
1 1 0 0 0 0 0 
0 0 0 0 0 0 0 
1 1 0 0 1 1 1 
0 1 0 1 0 0 0 
0 1 0 0 0 0 1 
1 1 1 1 0 0 0 
0 0 0 0 0 1 1 

JOBS [7] - [3, 4, 11, 14, 9, 13, 8]
TOOL SWITCHES : 4
MAKESPAN : 51

# -------------------------- #

--- TOTAL TOOL SWITCHES : 19
--- HIGHEST MAKESPAN : 60
--- TOTAL FLOWTIME : 345
--- RUNNING TIME : 2.88987

# -------------------------- #
RUN : 1 - instancias_txt/SSP-NPM-I/ins63_m=2_j=15_t=15_var=3.txt

- MACHINE [0]

0 0 0 0 0 0 0 1 
1 0 1 0 1 0 0 0 
0 0 0 0 0 0 0 1 
0 0 0 0 0 0 1 0 
0 0 0 0 0 1 0 0 
0 0 0 0 0 1 1 0 
0 1 0 0 1 1 0 1 
0 0 0 0 1 0 0 0 
1 1 1 0 0 0 0 0 
0 1 0 0 0 0 0 0 
0 0 1 1 1 0 1 0 
0 0 1 1 0 0 0 0 
1 1 0 0 0 0 1 0 
0 0 0 0 0 0 0 1 
0 0 0 1 0 1 0 0 

JOBS [8] - [8, 2, 1, 13, 11, 0, 4, 14]
TOOL SWITCHES : 11
MAKESPAN : 50

- MACHINE [1]

1 0 1 0 0 0 0 
1 0 1 1 0 0 1 
1 0 1 1 1 0 0 
0 0 0 0 0 0 0 
0 0 1 0 0 1 0 
0 1 0 0 0 1 0 
0 0 0 0 0 0 0 
0 0 0 0 1 1 0 
0 0 0 0 0 0 0 
0 0 0 0 1 0 0 
0 0 0 0 0 0 1 
0 0 0 0 0 1 1 
0 0 0 0 0 0 0 
0 1 0 1 0 0 1 
1 1 0 0 1 0 0 

JOBS [7] - [5, 10, 6, 7, 3, 9, 12]
TOOL SWITCHES : 5
MAKESPAN : 43

# -------------------------- #

--- TOTAL TOOL SWITCHES : 16
--- HIGHEST MAKESPAN : 50
--- TOTAL FLOWTIME : 279
--- RUNNING TIME : 3.15162

# -------------------------- #
RUN : 1 - instancias_txt/SSP-NPM-I/ins64_m=2_j=15_t=15_var=4.txt

- MACHINE [0]

0 0 0 1 0 1 1 
0 0 0 0 0 0 1 
1 0 0 0 0 0 0 
0 0 0 0 1 1 0 
0 0 1 0 1 0 1 
1 1 0 0 0 0 0 
0 0 0 0 1 1 0 
0 1 0 0 0 0 1 
0 0 1 0 0 1 0 
1 0 0 0 0 0 1 
0 0 1 1 0 0 0 
0 1 1 0 0 0 0 
0 0 0 0 0 0 0 
1 0 1 1 1 1 0 
0 0 0 1 0 0 0 

JOBS [7] - [10, 14, 9, 0, 3, 12, 11]
TOOL SWITCHES : 13
MAKESPAN : 52

- MACHINE [1]

0 0 0 0 0 0 0 0 
1 1 0 1 0 0 1 1 
0 0 0 1 1 0 0 0 
0 0 0 0 0 1 0 1 
1 1 1 1 0 1 1 0 
0 0 0 0 0 0 0 1 
0 1 1 0 0 0 0 0 
0 0 0 0 0 0 0 0 
1 1 0 0 1 0 0 0 
0 0 0 0 0 0 1 1 
0 0 0 0 0 0 1 0 
0 0 1 0 0 0 0 0 
0 0 0 0 1 1 0 0 
0 0 0 1 1 1 0 0 
1 0 1 0 1 0 0 1 

JOBS [8] - [8, 7, 4, 2, 1, 5, 13, 6]
TOOL SWITCHES : 6
MAKESPAN : 54

# -------------------------- #

--- TOTAL TOOL SWITCHES : 19
--- HIGHEST MAKESPAN : 54
--- TOTAL FLOWTIME : 342
--- RUNNING TIME : 2.6468

# -------------------------- #
RUN : 1 - instancias_txt/SSP-NPM-I/ins65_m=2_j=15_t=15_var=5.txt

- MACHINE [0]

0 1 0 0 1 0 1 
0 0 0 1 1 0 1 
0 0 0 0 0 1 1 
1 0 0 0 0 0 0 
0 0 0 0 0 0 0 
0 0 0 0 0 1 1 
0 0 0 0 0 0 0 
0 0 0 0 0 1 0 
0 1 0 1 0 0 0 
0 0 1 0 0 0 0 
0 0 1 1 0 0 1 
0 0 0 0 0 0 0 
1 1 1 0 0 0 0 
1 0 1 0 1 0 0 
1 1 0 0 0 0 0 

JOBS [7] - [13, 7, 9, 11, 12, 6, 4]
TOOL SWITCHES : 9
MAKESPAN : 49

- MACHINE [1]

0 0 0 0 0 1 1 0 
1 0 1 0 0 0 0 0 
0 0 0 0 1 0 1 0 
0 0 0 0 0 0 0 0 
1 1 1 0 0 0 0 0 
0 0 0 0 1 1 0 1 
0 0 0 1 0 0 0 1 
0 0 0 0 0 0 0 0 
0 1 0 0 0 0 0 0 
0 1 0 1 0 0 0 0 
0 0 1 1 1 0 0 0 
1 0 0 0 1 0 0 0 
1 1 1 1 0 0 0 1 
0 0 0 0 0 1 1 0 
0 0 0 0 0 0 1 1 

JOBS [8] - [14, 1, 2, 10, 8, 3, 0, 5]
TOOL SWITCHES : 6
MAKESPAN : 48

# -------------------------- #

--- TOTAL TOOL SWITCHES : 15
--- HIGHEST MAKESPAN : 49
--- TOTAL FLOWTIME : 315
--- RUNNING TIME : 2.66855

# -------------------------- #
RUN : 1 - instancias_txt/SSP-NPM-I/ins66_m=2_j=15_t=15_var=6.txt

- MACHINE [0]

0 0 1 0 0 0 0 
0 0 0 1 1 0 1 
1 0 0 0 0 0 1 
0 0 0 0 0 0 0 
0 1 0 0 0 0 0 
1 1 0 0 0 1 1 
0 0 0 0 1 1 0 
1 0 1 1 1 0 0 
0 1 1 1 0 0 0 
0 0 0 0 0 1 1 
0 0 0 0 0 0 0 
0 0 0 0 0 0 0 
1 1 1 0 0 1 0 
0 0 0 0 1 1 0 
0 0 0 0 1 0 0 

JOBS [7] - [8, 10, 4, 13, 3, 2, 1]
TOOL SWITCHES : 11
MAKESPAN : 53

- MACHINE [1]

1 0 1 0 1 1 0 0 
0 0 0 0 0 0 0 0 
1 1 0 1 1 0 0 0 
0 1 0 0 0 0 0 1 
0 0 0 0 0 0 0 0 
0 0 0 0 0 1 0 0 
1 0 1 0 0 0 1 0 
0 0 0 1 0 0 0 1 
0 0 0 0 0 0 1 1 
0 0 0 0 0 0 1 1 
0 0 1 0 0 1 0 0 
1 0 0 0 0 0 0 0 
0 0 0 0 0 0 0 0 
0 0 0 0 0 0 1 1 
0 1 0 1 1 1 0 1 

JOBS [8] - [7, 9, 0, 6, 5, 11, 12, 14]
TOOL SWITCHES : 5
MAKESPAN : 60

# -------------------------- #

--- TOTAL TOOL SWITCHES : 16
--- HIGHEST MAKESPAN : 60
--- TOTAL FLOWTIME : 345
--- RUNNING TIME : 2.95718

# -------------------------- #
RUN : 1 - instancias_txt/SSP-NPM-I/ins67_m=2_j=15_t=15_var=7.txt

- MACHINE [0]

0 0 0 0 0 0 1 
1 1 1 1 1 0 0 
1 0 0 0 0 0 0 
0 0 0 0 0 1 1 
0 1 1 1 0 0 0 
0 0 0 0 0 0 0 
0 0 0 0 0 0 1 
0 1 1 0 0 0 0 
0 0 0 0 1 0 1 
0 0 0 1 1 1 0 
1 0 0 0 0 0 1 
0 0 0 0 0 1 0 
1 0 1 1 0 1 0 
1 1 1 1 1 0 0 
0 0 0 0 0 0 0 

JOBS [7] - [13, 0, 7, 9, 4, 5, 12]
TOOL SWITCHES : 9
MAKESPAN : 51

- MACHINE [1]

0 0 0 1 0 0 1 0 
0 0 0 0 0 0 0 0 
0 0 0 0 0 0 1 1 
0 0 0 0 0 0 0 0 
0 0 0 1 1 0 1 1 
0 0 0 0 1 1 0 1 
1 1 0 0 0 1 1 0 
1 1 0 0 0 0 0 0 
1 0 1 0 0 0 0 0 
0 0 0 0 0 0 0 0 
0 1 1 1 0 0 0 0 
0 1 0 0 1 0 0 0 
0 0 0 0 1 1 0 0 
0 0 0 0 0 1 0 0 
1 1 1 0 0 1 1 0 

JOBS [8] - [10, 11, 14, 6, 3, 8, 1, 2]
TOOL SWITCHES : 5
MAKESPAN : 61

# -------------------------- #

--- TOTAL TOOL SWITCHES : 14
--- HIGHEST MAKESPAN : 61
--- TOTAL FLOWTIME : 391
--- RUNNING TIME : 2.85587

# -------------------------- #
RUN : 1 - instancias_txt/SSP-NPM-I/ins68_m=2_j=15_t=15_var=8.txt

- MACHINE [0]

0 0 0 0 0 1 0 0 
0 1 0 0 0 0 0 0 
1 1 0 1 1 0 0 0 
0 0 0 0 0 0 0 1 
0 0 1 1 1 0 1 1 
0 0 0 0 1 0 0 0 
0 1 1 0 0 0 0 1 
0 1 1 0 0 1 1 0 
0 0 0 0 0 0 0 0 
0 0 0 0 0 0 0 0 
1 1 0 0 0 0 0 0 
0 0 0 0 1 1 1 1 
0 0 0 1 0 0 0 0 
1 0 1 1 0 0 1 0 
1 0 0 0 0 1 1 1 

JOBS [8] - [14, 6, 3, 7, 10, 12, 0, 2]
TOOL SWITCHES : 12
MAKESPAN : 52

- MACHINE [1]

0 0 0 1 1 0 0 
1 0 0 0 1 0 1 
0 0 0 0 0 1 0 
0 1 1 1 0 1 0 
0 0 0 0 0 0 0 
0 0 0 0 1 0 0 
0 1 0 1 0 0 0 
0 0 0 0 0 0 0 
1 1 0 0 0 1 0 
1 1 0 0 0 0 0 
0 0 1 0 1 0 1 
1 0 1 0 1 0 0 
0 0 0 0 0 0 1 
0 0 0 0 0 0 1 
0 0 0 0 0 0 1 

JOBS [7] - [1, 8, 5, 9, 4, 11, 13]
TOOL SWITCHES : 6
MAKESPAN : 56

# -------------------------- #

--- TOTAL TOOL SWITCHES : 18
--- HIGHEST MAKESPAN : 56
--- TOTAL FLOWTIME : 340
--- RUNNING TIME : 4.06281

# -------------------------- #
RUN : 1 - instancias_txt/SSP-NPM-I/ins69_m=2_j=15_t=15_var=9.txt

- MACHINE [0]

0 0 0 0 0 0 1 
1 0 1 1 1 0 0 
0 0 0 1 1 1 1 
0 0 0 0 0 1 0 
0 1 0 0 0 0 0 
1 1 0 0 0 1 1 
0 0 0 0 0 0 0 
0 0 0 0 0 0 0 
0 0 1 0 1 0 0 
0 0 0 0 0 0 0 
1 0 0 0 0 0 0 
0 0 0 0 0 0 0 
0 1 1 1 0 0 0 
0 0 1 0 0 0 0 
0 0 1 1 1 1 0 

JOBS [7] - [10, 5, 9, 8, 6, 4, 7]
TOOL SWITCHES : 7
MAKESPAN : 51

- MACHINE [1]

1 0 0 1 0 1 1 1 
0 0 0 0 1 0 0 0 
0 0 0 0 0 1 1 1 
0 0 0 0 0 0 0 0 
1 0 0 0 1 1 0 0 
0 0 0 0 0 0 0 0 
0 0 0 0 0 0 1 1 
1 0 0 0 0 0 0 0 
0 0 0 0 0 0 0 0 
0 1 0 0 0 0 0 1 
0 0 1 1 0 0 0 0 
0 0 0 0 0 0 0 0 
0 1 0 1 1 1 1 0 
1 0 1 0 0 0 1 0 
0 1 1 1 1 0 0 0 

JOBS [8] - [13, 1, 3, 2, 0, 11, 12, 14]
TOOL SWITCHES : 4
MAKESPAN : 55

# -------------------------- #

--- TOTAL TOOL SWITCHES : 11
--- HIGHEST MAKESPAN : 55
--- TOTAL FLOWTIME : 347
--- RUNNING TIME : 2.664

# -------------------------- #
RUN : 1 - instancias_txt/SSP-NPM-I/ins70_m=2_j=15_t=15_var=10.txt

- MACHINE [0]

0 0 0 0 0 0 0 1 0 
0 0 1 0 1 0 0 0 0 
0 0 0 0 0 1 0 0 0 
1 0 0 0 0 0 0 0 0 
1 1 0 0 0 0 0 1 0 
1 0 1 1 0 0 0 0 0 
0 0 0 0 0 0 1 1 0 
0 0 0 0 0 0 0 1 1 
0 0 0 0 1 1 0 0 1 
0 0 0 0 0 1 1 0 0 
0 0 0 0 0 0 0 0 0 
1 1 1 0 1 1 1 0 1 
0 0 0 0 0 0 0 0 0 
1 0 0 1 1 1 0 0 0 
0 1 0 1 0 0 0 0 1 

JOBS [9] - [1, 9, 4, 3, 2, 12, 6, 8, 11]
TOOL SWITCHES : 11
MAKESPAN : 53

- MACHINE [1]

0 0 0 0 0 1 
0 1 0 1 0 0 
0 0 1 1 0 0 
1 1 0 1 1 0 
0 1 1 0 0 1 
0 0 0 0 0 0 
1 0 1 0 1 0 
0 0 0 0 0 0 
0 0 0 0 1 1 
1 1 0 0 0 0 
0 0 0 1 1 1 
0 0 0 0 0 0 
0 0 1 0 0 0 
0 0 0 0 0 1 
1 0 0 1 0 0 

JOBS [6] - [7, 10, 5, 13, 14, 0]
TOOL SWITCHES : 5
MAKESPAN : 43

# -------------------------- #

--- TOTAL TOOL SWITCHES : 16
--- HIGHEST MAKESPAN : 53
--- TOTAL FLOWTIME : 313
--- RUNNING TIME : 3.15164

# -------------------------- #
RUN : 1 - instancias_txt/SSP-NPM-I/ins71_m=2_j=15_t=15_var=11.txt

- MACHINE [0]

1 0 1 0 0 0 0 
1 1 0 0 0 0 0 
1 0 0 1 0 0 0 
0 0 0 0 1 0 1 
0 0 0 0 0 0 1 
0 0 0 0 0 0 0 
0 0 0 0 1 0 1 
0 0 0 0 1 1 1 
0 0 0 0 0 0 0 
0 0 0 0 0 1 0 
1 1 1 1 0 0 0 
0 0 1 1 1 1 0 
0 0 1 1 0 0 0 
1 1 1 0 1 1 1 
0 0 0 1 0 0 0 

JOBS [7] - [8, 3, 6, 13, 1, 12, 11]
TOOL SWITCHES : 11
MAKESPAN : 54

- MACHINE [1]

0 0 0 0 0 0 1 0 
1 1 0 0 0 0 0 0 
0 0 0 0 1 1 0 0 
0 0 0 0 0 1 1 0 
0 0 0 0 0 0 1 1 
0 1 1 1 0 1 0 1 
0 0 1 0 1 1 0 0 
0 0 1 1 1 0 0 0 
0 0 0 1 1 0 1 0 
1 0 1 0 0 0 0 0 
1 1 0 0 1 0 0 0 
1 1 1 0 0 0 0 0 
0 1 1 0 0 0 0 0 
0 0 0 0 0 0 0 0 
0 0 0 1 0 0 0 1 

JOBS [8] - [10, 9, 5, 7, 2, 4, 14, 0]
TOOL SWITCHES : 7
MAKESPAN : 55

# -------------------------- #

--- TOTAL TOOL SWITCHES : 18
--- HIGHEST MAKESPAN : 55
--- TOTAL FLOWTIME : 378
--- RUNNING TIME : 2.21547

# -------------------------- #
RUN : 1 - instancias_txt/SSP-NPM-I/ins72_m=2_j=15_t=15_var=12.txt

- MACHINE [0]

0 0 1 1 1 1 0 
1 1 0 0 0 0 0 
1 0 1 0 0 1 0 
0 0 0 0 0 1 1 
1 0 0 0 0 0 1 
1 1 0 0 1 0 1 
0 0 0 0 0 0 0 
0 1 0 0 0 0 0 
1 0 1 1 0 1 0 
0 0 0 0 0 0 0 
0 0 0 0 0 1 1 
0 0 1 0 0 0 1 
0 0 0 0 0 0 0 
0 0 0 0 0 0 0 
0 0 0 1 1 0 0 

JOBS [7] - [7, 5, 1, 14, 4, 3, 10]
TOOL SWITCHES : 9
MAKESPAN : 49

- MACHINE [1]

1 0 0 1 1 1 0 0 
0 0 0 0 0 1 0 0 
0 0 0 1 1 0 0 0 
1 1 0 0 1 0 1 0 
0 1 1 1 0 1 0 1 
1 0 1 0 0 0 0 0 
1 0 1 1 0 0 0 0 
0 0 0 0 0 0 0 1 
1 1 1 0 0 0 0 0 
0 0 0 1 0 0 0 0 
0 0 0 0 0 0 0 0 
0 0 0 0 0 1 1 0 
0 1 0 0 1 0 1 0 
0 0 0 0 0 0 1 1 
0 0 0 0 1 0 0 0 

JOBS [8] - [6, 8, 11, 0, 9, 12, 2, 13]
TOOL SWITCHES : 7
MAKESPAN : 50

# -------------------------- #

--- TOTAL TOOL SWITCHES : 16
--- HIGHEST MAKESPAN : 50
--- TOTAL FLOWTIME : 325
--- RUNNING TIME : 3.83775

# -------------------------- #
RUN : 1 - instancias_txt/SSP-NPM-I/ins73_m=2_j=15_t=15_var=13.txt

- MACHINE [0]

0 0 0 1 1 1 
0 0 0 0 0 0 
0 0 0 0 0 0 
1 0 1 0 0 1 
1 0 0 0 0 1 
0 0 0 0 0 0 
0 1 1 1 1 1 
0 0 0 0 0 0 
0 1 0 0 1 0 
0 0 1 1 0 0 
0 0 1 1 0 0 
1 0 0 1 0 0 
0 0 0 0 1 0 
1 1 0 0 0 0 
0 1 1 0 0 1 

JOBS [6] - [1, 3, 7, 2, 6, 11]
TOOL SWITCHES : 11
MAKESPAN : 65

- MACHINE [1]

1 0 0 0 1 1 1 0 0 
0 1 0 0 1 1 0 1 1 
1 1 0 0 0 1 0 1 0 
0 0 0 0 0 0 0 0 0 
0 0 0 0 0 0 0 1 0 
0 0 1 0 0 1 1 0 0 
0 0 0 0 0 1 1 0 0 
0 1 1 0 0 0 0 0 0 
0 0 0 0 0 0 0 0 0 
1 1 0 0 0 0 0 0 0 
0 0 0 0 0 0 0 1 1 
1 0 1 1 1 0 0 0 0 
0 0 0 1 0 0 0 0 1 
0 0 0 0 0 0 0 0 1 
0 0 0 1 1 0 1 0 0 

JOBS [9] - [5, 14, 8, 13, 12, 0, 9, 4, 10]
TOOL SWITCHES : 6
MAKESPAN : 61

# -------------------------- #

--- TOTAL TOOL SWITCHES : 17
--- HIGHEST MAKESPAN : 65
--- TOTAL FLOWTIME : 421
--- RUNNING TIME : 4.64485

# -------------------------- #
RUN : 1 - instancias_txt/SSP-NPM-I/ins74_m=2_j=15_t=15_var=14.txt

- MACHINE [0]

0 0 1 1 1 1 
1 1 0 0 0 0 
0 0 0 0 0 0 
0 0 1 1 1 0 
0 0 1 0 1 1 
0 0 0 0 0 0 
0 0 0 0 0 0 
1 1 0 0 0 0 
0 1 0 0 0 0 
1 0 0 1 0 0 
0 1 1 1 1 0 
0 0 0 0 1 1 
0 0 0 0 0 1 
0 0 0 0 0 0 
1 0 0 0 0 0 

JOBS [6] - [7, 13, 2, 11, 3, 4]
TOOL SWITCHES : 6
MAKESPAN : 43

- MACHINE [1]

0 0 0 0 1 1 1 0 0 
1 0 1 0 0 0 0 0 0 
0 0 0 0 0 0 1 0 0 
0 0 0 0 0 0 0 0 0 
1 1 0 0 0 0 0 0 0 
0 0 0 1 1 0 0 1 1 
0 0 1 1 0 0 0 0 1 
1 1 1 0 0 0 0 1 0 
0 1 1 0 1 1 1 0 1 
0 0 0 0 0 0 0 0 0 
0 0 0 0 0 0 0 1 0 
1 1 0 0 0 1 0 1 1 
1 1 0 1 0 0 0 0 0 
0 0 0 0 1 0 1 0 0 
0 0 0 0 0 0 0 1 1 

JOBS [9] - [0, 1, 9, 6, 12, 14, 8, 10, 5]
TOOL SWITCHES : 7
MAKESPAN : 54

# -------------------------- #

--- TOTAL TOOL SWITCHES : 13
--- HIGHEST MAKESPAN : 54
--- TOTAL FLOWTIME : 319
--- RUNNING TIME : 2.66398

# -------------------------- #
RUN : 1 - instancias_txt/SSP-NPM-I/ins75_m=2_j=15_t=15_var=15.txt

- MACHINE [0]

0 1 1 1 1 0 1 
0 0 0 0 1 1 1 
0 0 0 0 0 0 0 
1 0 0 1 1 0 0 
0 0 0 0 0 0 0 
0 0 0 0 0 0 0 
0 0 0 0 0 1 1 
1 1 1 0 1 0 0 
1 0 1 1 0 0 0 
0 0 0 0 0 0 1 
0 0 0 0 0 0 0 
0 1 0 0 0 1 0 
0 0 0 0 0 0 0 
0 0 1 1 0 1 0 
0 0 0 0 0 0 0 

JOBS [7] - [2, 7, 0, 13, 6, 3, 9]
TOOL SWITCHES : 5
MAKESPAN : 46

- MACHINE [1]

1 0 0 1 0 0 0 0 
0 0 0 0 0 0 0 0 
0 1 1 0 1 0 0 1 
0 0 0 0 0 0 1 1 
0 1 0 1 0 0 0 0 
0 0 0 0 0 1 0 0 
0 0 0 0 0 1 0 0 
0 0 0 1 1 0 0 0 
0 1 1 0 0 0 1 1 
1 0 1 0 0 0 0 0 
1 1 0 1 0 0 1 0 
0 0 0 0 1 1 0 0 
1 0 0 0 1 1 1 1 
0 0 0 0 0 0 0 0 
0 0 0 0 0 0 0 0 

JOBS [8] - [12, 14, 4, 5, 8, 1, 10, 11]
TOOL SWITCHES : 5
MAKESPAN : 51

# -------------------------- #

--- TOTAL TOOL SWITCHES : 10
--- HIGHEST MAKESPAN : 51
--- TOTAL FLOWTIME : 321
--- RUNNING TIME : 3.33845

# -------------------------- #
RUN : 1 - instancias_txt/SSP-NPM-I/ins76_m=2_j=15_t=15_var=16.txt

- MACHINE [0]

0 0 0 1 0 0 0 
1 0 0 0 0 1 0 
0 0 1 0 0 0 0 
1 0 0 1 0 0 0 
0 0 0 0 0 0 0 
0 0 0 0 0 0 1 
0 1 1 1 0 0 0 
1 0 1 0 1 1 1 
0 0 0 0 0 1 1 
0 0 0 1 1 1 0 
0 0 0 0 0 0 0 
1 1 1 0 0 0 1 
0 0 0 0 1 0 0 
0 0 0 0 1 0 0 
1 1 0 0 0 0 1 

JOBS [7] - [14, 0, 13, 7, 4, 11, 12]
TOOL SWITCHES : 11
MAKESPAN : 53

- MACHINE [1]

0 0 0 0 0 1 1 0 
1 0 1 0 0 0 0 0 
0 1 0 1 0 0 0 0 
0 0 0 0 0 0 1 0 
0 0 0 0 0 0 0 0 
0 0 1 0 0 0 0 1 
0 0 0 0 0 0 0 0 
1 1 0 1 0 0 0 0 
0 0 0 0 0 0 0 1 
0 1 1 0 0 1 0 1 
0 0 1 0 1 1 0 1 
0 0 0 0 0 0 0 0 
0 0 0 0 1 1 1 0 
0 0 0 1 1 0 0 0 
1 0 0 1 1 0 1 0 

JOBS [8] - [8, 3, 1, 10, 2, 6, 9, 5]
TOOL SWITCHES : 5
MAKESPAN : 44

# -------------------------- #

--- TOTAL TOOL SWITCHES : 16
--- HIGHEST MAKESPAN : 53
--- TOTAL FLOWTIME : 299
--- RUNNING TIME : 1.70134

# -------------------------- #
RUN : 1 - instancias_txt/SSP-NPM-I/ins77_m=2_j=15_t=15_var=17.txt

- MACHINE [0]

1 0 0 1 1 1 0 
1 1 0 0 0 0 0 
0 0 0 0 0 0 0 
0 0 0 1 1 0 0 
1 0 0 1 1 0 1 
0 0 0 0 1 1 0 
0 0 0 0 0 0 1 
0 0 0 0 0 0 0 
0 1 1 0 0 0 0 
0 1 1 0 1 0 0 
0 0 0 0 0 1 0 
1 0 0 0 0 1 1 
0 0 0 0 0 0 0 
0 0 1 0 0 0 1 
1 1 0 1 0 0 0 

JOBS [7] - [7, 13, 0, 12, 6, 2, 1]
TOOL SWITCHES : 10
MAKESPAN : 51

- MACHINE [1]

0 0 0 0 0 0 0 0 
0 1 1 0 0 1 0 0 
0 0 0 0 1 1 0 1 
0 0 0 0 0 1 0 0 
1 0 1 1 0 0 0 0 
0 1 1 0 1 0 0 0 
0 0 0 1 0 0 0 0 
1 1 0 1 1 0 0 0 
1 1 1 0 0 0 0 0 
1 0 0 0 0 0 0 1 
0 0 0 0 1 0 1 1 
0 0 0 0 0 0 0 0 
0 1 0 0 0 1 1 1 
0 0 0 0 0 1 1 1 
0 0 0 0 0 0 1 0 

JOBS [8] - [5, 4, 9, 3, 8, 14, 11, 10]
TOOL SWITCHES : 6
MAKESPAN : 45

# -------------------------- #

--- TOTAL TOOL SWITCHES : 16
--- HIGHEST MAKESPAN : 51
--- TOTAL FLOWTIME : 339
--- RUNNING TIME : 1.72524

# -------------------------- #
RUN : 1 - instancias_txt/SSP-NPM-I/ins78_m=2_j=15_t=15_var=18.txt

- MACHINE [0]

1 1 0 0 0 1 1 0 
0 0 0 0 0 1 1 1 
0 0 0 0 0 0 1 0 
0 0 1 0 1 0 0 0 
0 0 0 0 0 0 0 0 
1 0 0 1 0 0 0 1 
0 0 0 0 0 0 0 0 
1 0 0 1 0 1 0 0 
0 0 0 0 1 1 0 1 
1 0 0 0 0 0 0 0 
1 1 1 0 0 0 0 1 
0 1 1 1 1 0 1 0 
0 0 0 0 0 0 0 0 
0 0 0 1 0 0 0 0 
0 0 0 1 1 1 0 0 

JOBS [8] - [10, 4, 0, 14, 13, 9, 8, 7]
TOOL SWITCHES : 12
MAKESPAN : 54

- MACHINE [1]

0 0 0 0 1 0 1 
0 0 0 0 0 0 0 
0 1 0 0 1 0 1 
0 0 1 1 0 1 0 
0 0 0 0 0 0 0 
0 0 1 0 1 1 0 
1 0 0 0 0 0 0 
0 1 1 0 0 0 0 
0 0 0 0 0 1 1 
1 1 0 1 1 0 0 
0 0 0 0 0 0 1 
0 0 0 0 0 0 0 
1 1 0 1 0 0 0 
1 1 0 0 0 0 0 
0 0 0 1 0 1 0 

JOBS [7] - [1, 6, 3, 2, 5, 12, 11]
TOOL SWITCHES : 5
MAKESPAN : 49

# -------------------------- #

--- TOTAL TOOL SWITCHES : 17
--- HIGHEST MAKESPAN : 54
--- TOTAL FLOWTIME : 353
--- RUNNING TIME : 1.66382

# -------------------------- #
RUN : 1 - instancias_txt/SSP-NPM-I/ins79_m=2_j=15_t=15_var=19.txt

- MACHINE [0]

0 0 0 1 0 1 
0 1 1 0 0 0 
0 0 0 0 0 0 
0 0 1 0 0 0 
1 1 1 1 0 1 
0 0 0 0 0 0 
0 0 1 1 1 0 
0 0 0 0 1 1 
1 1 0 0 0 1 
0 0 0 0 0 1 
0 1 0 1 1 0 
0 0 0 1 0 0 
1 0 0 0 0 0 
0 0 0 0 0 0 
0 0 0 0 1 0 

JOBS [6] - [7, 0, 4, 5, 11, 2]
TOOL SWITCHES : 9
MAKESPAN : 55

- MACHINE [1]

0 0 0 0 0 0 0 0 1 
0 0 0 0 0 0 0 1 1 
0 1 1 1 0 0 0 0 0 
1 1 0 0 1 0 1 0 0 
0 0 0 0 0 0 0 0 0 
0 0 0 0 1 1 0 0 1 
0 0 0 0 0 0 1 0 1 
0 0 0 0 1 1 0 1 0 
1 0 1 1 0 0 0 0 0 
1 0 0 0 0 1 0 0 0 
0 0 0 0 0 0 0 0 0 
0 0 0 1 1 0 0 0 0 
0 0 0 0 0 0 0 1 1 
0 1 1 1 0 0 0 1 0 
1 1 1 0 1 0 1 0 0 

JOBS [9] - [8, 12, 14, 6, 9, 13, 1, 3, 10]
TOOL SWITCHES : 6
MAKESPAN : 54

# -------------------------- #

--- TOTAL TOOL SWITCHES : 15
--- HIGHEST MAKESPAN : 55
--- TOTAL FLOWTIME : 358
--- RUNNING TIME : 2.1986

# -------------------------- #
RUN : 1 - instancias_txt/SSP-NPM-I/ins80_m=2_j=15_t=15_var=20.txt

- MACHINE [0]

0 1 1 0 1 0 0 0 
0 0 0 0 0 0 1 0 
1 1 1 0 0 0 0 1 
1 0 0 0 1 0 1 0 
0 1 0 0 0 0 0 0 
0 0 0 1 1 1 0 0 
0 0 1 1 1 1 0 0 
0 0 0 0 0 0 0 1 
0 0 0 0 0 1 1 1 
0 0 0 0 0 0 0 0 
0 0 0 0 0 1 1 1 
0 0 0 0 0 0 0 0 
0 1 0 0 0 0 0 1 
1 0 0 0 0 0 0 0 
0 0 1 1 1 0 0 0 

JOBS [8] - [2, 11, 3, 5, 0, 14, 8, 12]
TOOL SWITCHES : 10
MAKESPAN : 57

- MACHINE [1]

0 0 0 0 0 0 1 
0 0 1 0 1 0 0 
0 0 0 0 0 0 0 
0 0 0 0 0 0 0 
0 0 0 0 0 1 1 
0 0 0 1 1 1 1 
0 0 0 0 1 1 0 
0 1 0 0 0 1 0 
0 0 0 0 0 0 0 
0 1 0 0 0 0 0 
0 1 0 1 0 0 0 
1 1 1 0 1 0 1 
1 0 0 0 1 1 0 
0 0 0 1 0 0 1 
1 1 1 0 0 0 0 

JOBS [7] - [6, 1, 4, 9, 7, 10, 13]
TOOL SWITCHES : 5
MAKESPAN : 55

# -------------------------- #

--- TOTAL TOOL SWITCHES : 15
--- HIGHEST MAKESPAN : 57
--- TOTAL FLOWTIME : 364
--- RUNNING TIME : 1.38016

# -------------------------- #


avg : 339.95
