RUN : 1 - instancias_txt/SSP-NPM-I/ins121_m=3_j=15_t=20_var=1.txt

- MACHINE [0]

0 1 0 0 
1 1 1 0 
0 0 1 0 
0 0 0 0 
0 0 0 1 
1 0 0 1 
0 0 0 0 
0 0 1 0 
0 0 0 0 
0 0 0 0 
1 0 0 0 
0 1 1 0 
1 0 1 1 
0 0 0 0 
1 0 1 1 
1 1 1 1 
0 1 0 0 
0 1 0 1 
1 0 0 1 
0 0 0 0 

JOBS [4] - [4, 8, 5, 3]
TOOL SWITCHES : 11
MAKESPAN : 41

- MACHINE [1]

1 1 0 0 0 
1 0 0 0 0 
0 0 0 0 0 
0 1 1 1 0 
0 1 1 1 1 
0 0 1 0 0 
0 0 0 1 0 
0 0 0 1 1 
0 0 0 0 0 
0 0 0 0 1 
1 0 0 0 1 
0 1 0 1 0 
0 0 0 0 0 
0 0 0 0 0 
0 0 0 1 1 
0 0 0 0 0 
1 1 1 0 0 
1 1 1 0 0 
0 1 0 0 1 
1 0 1 1 0 

JOBS [5] - [6, 14, 0, 2, 11]
TOOL SWITCHES : 5
MAKESPAN : 39

- MACHINE [2]

1 0 1 0 0 0 
0 1 0 0 0 0 
0 0 1 0 0 0 
0 0 0 0 0 0 
0 0 1 0 0 1 
0 0 1 0 0 0 
0 0 1 1 0 1 
0 0 0 0 1 0 
1 1 0 0 0 1 
0 0 0 0 1 1 
0 0 0 1 0 0 
0 0 0 0 1 0 
0 1 0 1 1 1 
1 1 1 0 1 0 
1 1 0 1 0 0 
0 0 0 0 0 0 
0 0 1 0 0 1 
0 0 0 1 0 0 
1 1 0 1 1 0 
0 0 0 0 1 1 

JOBS [6] - [13, 1, 9, 10, 12, 7]
TOOL SWITCHES : 5
MAKESPAN : 41

# -------------------------- #

--- TOTAL TOOL SWITCHES : 21
--- HIGHEST MAKESPAN : 41
--- TOTAL FLOWTIME : 319
--- RUNNING TIME : 0.934658

# -------------------------- #
RUN : 1 - instancias_txt/SSP-NPM-I/ins122_m=3_j=15_t=20_var=2.txt

- MACHINE [0]

0 0 0 0 
0 0 0 0 
0 1 0 1 
0 0 0 1 
1 1 1 0 
0 0 0 0 
0 0 0 1 
1 1 1 0 
0 0 0 1 
0 0 0 0 
0 0 0 0 
0 0 0 0 
1 0 1 0 
0 0 0 0 
0 0 0 1 
1 0 1 1 
1 1 0 0 
0 0 1 0 
1 0 0 0 
0 1 0 1 

JOBS [4] - [13, 3, 9, 0]
TOOL SWITCHES : 6
MAKESPAN : 27

- MACHINE [1]

0 1 1 1 0 0 
0 0 0 0 0 0 
0 1 0 1 1 1 
0 0 0 0 0 0 
1 0 1 0 1 0 
0 1 1 0 0 1 
0 0 0 0 0 0 
0 0 0 0 0 0 
0 0 0 1 1 1 
1 0 1 0 0 0 
1 0 1 0 0 0 
0 0 0 0 0 1 
0 0 0 0 0 0 
0 0 1 0 1 1 
0 0 0 0 0 0 
0 1 0 0 1 0 
1 1 0 1 1 1 
0 0 0 0 0 0 
1 1 0 0 0 0 
0 0 0 1 0 1 

JOBS [6] - [8, 14, 7, 12, 1, 2]
TOOL SWITCHES : 3
MAKESPAN : 26

- MACHINE [2]

1 0 1 0 0 
0 0 1 1 1 
0 0 0 0 1 
0 0 0 1 0 
0 0 0 0 0 
0 0 0 1 1 
0 1 1 0 0 
0 0 0 0 0 
0 0 0 0 1 
0 1 1 0 1 
0 0 0 0 0 
1 1 0 0 0 
0 0 0 0 0 
0 0 0 1 0 
1 1 0 0 0 
1 0 0 1 1 
0 0 0 0 0 
1 1 1 0 0 
0 0 0 0 0 
1 0 0 0 1 

JOBS [5] - [11, 4, 5, 10, 6]
TOOL SWITCHES : 1
MAKESPAN : 27

# -------------------------- #

--- TOTAL TOOL SWITCHES : 10
--- HIGHEST MAKESPAN : 27
--- TOTAL FLOWTIME : 199
--- RUNNING TIME : 0.987302

# -------------------------- #
RUN : 1 - instancias_txt/SSP-NPM-I/ins123_m=3_j=15_t=20_var=3.txt

- MACHINE [0]

0 0 0 0 
0 1 1 0 
0 0 1 0 
1 1 0 0 
0 0 0 0 
1 0 1 0 
1 0 0 1 
0 0 1 1 
1 0 0 0 
0 1 0 0 
1 0 0 0 
0 0 0 1 
0 0 0 0 
0 0 0 0 
0 0 0 0 
0 1 1 0 
1 1 0 1 
0 0 0 0 
1 0 0 0 
0 1 1 1 

JOBS [4] - [7, 5, 6, 4]
TOOL SWITCHES : 8
MAKESPAN : 30

- MACHINE [1]

1 0 0 0 0 
0 1 0 0 0 
1 0 0 0 0 
0 1 0 0 1 
0 0 1 1 0 
0 0 1 1 1 
1 0 1 0 0 
0 1 1 1 1 
0 0 0 0 0 
1 1 0 0 0 
0 0 1 0 0 
0 0 0 1 0 
0 0 0 0 0 
1 1 0 0 0 
1 0 1 1 1 
0 1 0 1 0 
0 0 0 0 1 
0 1 0 0 1 
0 0 0 0 0 
1 0 0 0 0 

JOBS [5] - [13, 1, 3, 11, 14]
TOOL SWITCHES : 7
MAKESPAN : 29

- MACHINE [2]

0 0 0 0 0 0 
1 0 0 1 0 0 
0 0 0 0 0 0 
0 1 0 1 1 0 
0 0 1 1 0 0 
0 1 0 1 1 1 
0 0 0 0 0 0 
0 0 1 0 1 0 
0 1 0 0 0 0 
0 0 0 0 0 1 
1 1 1 0 0 0 
0 0 1 0 0 0 
0 0 1 0 0 1 
1 1 1 0 0 1 
0 0 0 0 1 0 
1 0 0 0 0 0 
1 0 0 1 1 0 
0 0 1 0 0 0 
0 0 0 0 0 1 
0 0 0 0 0 0 

JOBS [6] - [10, 9, 0, 12, 2, 8]
TOOL SWITCHES : 3
MAKESPAN : 29

# -------------------------- #

--- TOTAL TOOL SWITCHES : 18
--- HIGHEST MAKESPAN : 30
--- TOTAL FLOWTIME : 222
--- RUNNING TIME : 0.906133

# -------------------------- #
RUN : 1 - instancias_txt/SSP-NPM-I/ins124_m=3_j=15_t=20_var=4.txt

- MACHINE [0]

0 0 1 0 
0 0 0 1 
0 0 0 0 
0 0 0 0 
0 0 0 0 
0 0 0 0 
0 1 1 1 
0 0 0 1 
1 1 0 0 
0 0 0 0 
1 0 1 0 
1 1 0 0 
0 0 0 0 
0 0 1 1 
1 1 0 0 
0 1 1 0 
0 0 0 1 
1 0 0 0 
0 0 0 1 
0 0 0 0 

JOBS [4] - [10, 3, 0, 2]
TOOL SWITCHES : 6
MAKESPAN : 28

- MACHINE [1]

0 0 1 0 1 1 
0 1 0 0 0 0 
1 1 1 0 1 1 
0 0 1 0 1 0 
0 0 0 0 0 0 
0 0 0 0 0 0 
0 0 0 0 1 0 
0 1 1 1 0 0 
0 1 0 1 0 0 
1 1 0 1 0 1 
1 1 1 0 0 1 
1 0 1 1 0 0 
0 0 0 1 1 1 
0 0 0 0 0 0 
0 0 0 0 0 0 
0 0 0 0 0 0 
0 0 0 0 0 1 
0 0 0 0 0 0 
0 0 0 1 0 1 
1 0 1 0 0 0 

JOBS [6] - [5, 11, 4, 13, 9, 14]
TOOL SWITCHES : 4
MAKESPAN : 28

- MACHINE [2]

0 1 0 0 0 
1 1 1 0 0 
0 0 0 1 1 
0 0 0 0 1 
0 0 1 0 0 
0 0 1 0 1 
1 1 0 0 1 
0 0 0 0 0 
0 1 0 0 1 
0 0 1 0 0 
0 0 0 0 0 
1 0 0 1 0 
0 0 0 1 0 
1 0 0 1 0 
0 0 1 1 0 
0 0 0 0 0 
0 0 0 0 1 
0 0 0 1 0 
1 0 0 0 1 
1 1 0 0 0 

JOBS [5] - [12, 7, 6, 8, 1]
TOOL SWITCHES : 4
MAKESPAN : 28

# -------------------------- #

--- TOTAL TOOL SWITCHES : 14
--- HIGHEST MAKESPAN : 28
--- TOTAL FLOWTIME : 175
--- RUNNING TIME : 1.03405

# -------------------------- #
RUN : 1 - instancias_txt/SSP-NPM-I/ins125_m=3_j=15_t=20_var=5.txt

- MACHINE [0]

1 0 0 1 0 
1 0 0 0 0 
0 0 0 0 0 
0 0 1 1 0 
1 1 1 0 0 
0 1 0 0 0 
0 0 0 0 0 
0 0 0 0 0 
0 0 1 1 0 
0 0 0 1 1 
0 0 0 0 0 
1 1 0 0 0 
0 0 0 0 1 
0 0 1 0 1 
0 0 1 0 1 
1 0 0 0 1 
0 0 0 1 0 
1 1 0 0 0 
0 0 0 1 1 
1 1 1 0 0 

JOBS [5] - [14, 12, 6, 2, 7]
TOOL SWITCHES : 11
MAKESPAN : 34

- MACHINE [1]

0 0 0 1 1 
0 0 0 1 1 
0 0 1 1 0 
0 0 0 0 0 
0 0 0 0 1 
1 0 0 1 0 
1 1 1 0 0 
0 1 1 0 0 
1 0 1 0 1 
1 0 0 0 1 
0 1 1 0 0 
0 0 0 0 0 
0 0 0 0 0 
1 1 0 0 0 
0 0 0 0 0 
0 0 1 1 0 
0 1 1 1 0 
0 1 0 0 1 
0 0 0 1 0 
0 0 0 0 0 

JOBS [5] - [13, 4, 9, 5, 3]
TOOL SWITCHES : 5
MAKESPAN : 33

- MACHINE [2]

1 0 0 0 1 
0 1 0 0 0 
0 0 0 0 0 
0 1 1 0 1 
0 0 0 0 0 
1 1 0 0 1 
0 1 1 1 0 
0 1 1 1 0 
1 0 0 0 0 
0 0 1 0 0 
1 0 0 0 0 
0 0 0 1 0 
1 0 1 0 0 
1 1 0 0 1 
0 0 0 0 0 
0 0 0 1 1 
0 0 0 1 0 
0 0 1 0 0 
0 0 0 0 0 
1 1 0 1 0 

JOBS [5] - [0, 8, 11, 1, 10]
TOOL SWITCHES : 3
MAKESPAN : 34

# -------------------------- #

--- TOTAL TOOL SWITCHES : 19
--- HIGHEST MAKESPAN : 34
--- TOTAL FLOWTIME : 254
--- RUNNING TIME : 0.826804

# -------------------------- #
RUN : 1 - instancias_txt/SSP-NPM-I/ins126_m=3_j=15_t=20_var=6.txt

- MACHINE [0]

1 1 1 0 
1 0 0 0 
0 0 1 0 
0 0 0 0 
0 0 0 1 
0 0 1 0 
1 1 1 0 
1 1 1 0 
0 0 1 1 
0 0 0 1 
0 1 0 0 
0 0 0 0 
0 0 1 1 
0 0 0 0 
1 0 0 0 
0 0 0 1 
0 0 0 0 
0 1 0 0 
1 0 0 0 
0 1 0 0 

JOBS [4] - [10, 1, 12, 6]
TOOL SWITCHES : 9
MAKESPAN : 30

- MACHINE [1]

0 0 0 1 1 
1 1 0 1 0 
0 0 0 0 0 
0 0 0 1 1 
0 0 0 0 0 
1 0 1 0 0 
0 0 0 0 0 
1 0 0 0 0 
0 0 0 0 0 
0 0 0 0 0 
0 1 1 1 1 
0 0 0 0 0 
0 0 1 1 1 
0 0 0 0 1 
0 1 1 0 0 
1 1 1 1 0 
0 1 0 0 0 
1 0 0 0 0 
0 1 1 0 1 
0 1 0 1 1 

JOBS [5] - [9, 3, 0, 5, 7]
TOOL SWITCHES : 4
MAKESPAN : 30

- MACHINE [2]

0 0 0 0 0 0 
0 0 0 0 0 0 
1 0 0 0 0 0 
0 1 0 1 0 0 
1 0 1 1 0 0 
0 0 0 0 0 0 
0 1 0 0 0 1 
0 0 1 1 1 1 
0 1 0 1 0 0 
0 0 1 1 0 1 
1 0 1 0 0 0 
1 1 0 1 1 0 
0 0 0 0 0 0 
0 0 0 0 1 1 
0 1 1 0 1 1 
0 0 0 0 0 0 
0 0 0 0 1 0 
0 0 0 0 1 0 
1 0 1 1 0 0 
0 0 0 0 0 0 

JOBS [6] - [4, 14, 13, 8, 2, 11]
TOOL SWITCHES : 1
MAKESPAN : 30

# -------------------------- #

--- TOTAL TOOL SWITCHES : 14
--- HIGHEST MAKESPAN : 30
--- TOTAL FLOWTIME : 248
--- RUNNING TIME : 1.01712

# -------------------------- #
RUN : 1 - instancias_txt/SSP-NPM-I/ins127_m=3_j=15_t=20_var=7.txt

- MACHINE [0]

0 0 1 1 0 
0 0 0 1 1 
0 0 0 0 1 
0 0 1 1 1 
0 0 0 0 1 
0 1 0 1 0 
1 1 1 0 0 
0 0 1 0 1 
0 0 0 0 0 
0 0 0 0 0 
1 1 0 1 1 
0 0 0 0 0 
1 0 1 0 0 
1 1 0 0 0 
0 0 0 0 0 
0 0 0 0 0 
0 0 0 0 0 
1 1 0 0 0 
1 0 0 0 0 
0 0 0 0 0 

JOBS [5] - [5, 6, 1, 11, 2]
TOOL SWITCHES : 6
MAKESPAN : 30

- MACHINE [1]

0 0 0 1 
0 0 0 1 
1 0 0 0 
0 0 0 1 
0 0 0 0 
1 1 1 0 
1 1 0 1 
1 0 0 1 
0 1 1 0 
1 1 0 0 
0 0 0 0 
0 0 1 0 
0 0 0 0 
0 0 0 0 
0 0 1 0 
0 0 1 0 
0 0 0 0 
0 0 0 0 
1 1 1 0 
0 0 1 1 

JOBS [4] - [10, 14, 0, 12]
TOOL SWITCHES : 4
MAKESPAN : 30

- MACHINE [2]

0 1 0 0 0 1 
1 1 0 1 0 0 
0 0 0 0 0 0 
0 1 1 0 0 0 
0 0 0 0 0 0 
0 0 0 1 1 0 
0 0 0 0 0 0 
0 0 1 0 1 0 
1 0 1 0 0 0 
0 0 0 0 0 0 
1 1 0 0 0 1 
0 0 0 1 1 0 
0 0 0 1 1 0 
1 0 0 0 0 1 
1 0 1 0 0 0 
1 1 1 0 0 1 
0 0 1 1 0 1 
1 0 0 0 0 0 
0 0 0 0 0 1 
0 1 0 0 1 0 

JOBS [6] - [8, 3, 13, 4, 9, 7]
TOOL SWITCHES : 3
MAKESPAN : 30

# -------------------------- #

--- TOTAL TOOL SWITCHES : 13
--- HIGHEST MAKESPAN : 30
--- TOTAL FLOWTIME : 225
--- RUNNING TIME : 0.851305

# -------------------------- #
RUN : 1 - instancias_txt/SSP-NPM-I/ins128_m=3_j=15_t=20_var=8.txt

- MACHINE [0]

0 0 1 0 
0 0 0 1 
0 1 0 0 
1 0 0 0 
0 0 0 0 
0 0 1 0 
0 0 0 1 
1 0 1 1 
1 1 0 0 
1 1 0 0 
0 0 0 0 
1 0 0 0 
1 0 0 0 
0 1 0 1 
0 0 1 0 
0 1 0 1 
0 0 0 0 
0 0 0 0 
0 0 1 1 
1 1 1 0 

JOBS [4] - [4, 13, 8, 7]
TOOL SWITCHES : 10
MAKESPAN : 33

- MACHINE [1]

1 1 0 0 0 
0 0 0 0 0 
1 0 0 0 0 
0 0 1 0 0 
1 1 0 0 0 
0 1 1 1 0 
0 1 0 0 0 
1 0 0 0 0 
1 0 0 0 0 
0 0 0 0 0 
0 0 1 1 0 
0 0 0 1 0 
0 1 0 0 1 
0 0 1 0 0 
0 1 1 1 1 
1 0 0 1 1 
1 0 0 0 0 
0 0 1 0 1 
0 0 1 1 1 
0 0 0 0 0 

JOBS [5] - [10, 5, 12, 14, 1]
TOOL SWITCHES : 7
MAKESPAN : 37

- MACHINE [2]

1 0 0 0 1 0 
0 1 0 1 1 0 
0 0 0 0 0 0 
0 1 0 1 0 0 
0 1 1 0 0 1 
0 0 0 0 0 0 
0 0 0 0 0 0 
0 0 0 0 0 0 
1 0 0 1 0 1 
0 0 0 1 1 1 
0 0 1 0 1 0 
0 0 0 0 0 0 
0 1 0 0 0 0 
1 0 0 1 1 0 
1 1 0 1 0 0 
0 0 0 0 0 1 
1 0 1 1 0 0 
0 0 0 0 0 1 
0 1 1 0 1 0 
1 0 1 0 0 0 

JOBS [6] - [11, 2, 3, 9, 0, 6]
TOOL SWITCHES : 2
MAKESPAN : 37

# -------------------------- #

--- TOTAL TOOL SWITCHES : 19
--- HIGHEST MAKESPAN : 37
--- TOTAL FLOWTIME : 303
--- RUNNING TIME : 1.00304

# -------------------------- #
RUN : 1 - instancias_txt/SSP-NPM-I/ins129_m=3_j=15_t=20_var=9.txt

- MACHINE [0]

1 1 0 0 
0 0 1 1 
0 0 0 1 
0 1 1 0 
0 0 0 0 
0 0 0 0 
0 0 0 0 
1 0 0 0 
0 0 0 0 
0 0 0 0 
0 1 1 0 
0 1 1 1 
0 0 0 0 
0 0 0 0 
0 1 1 1 
0 0 0 1 
1 0 0 0 
1 0 0 0 
1 0 0 0 
0 0 0 0 

JOBS [4] - [6, 9, 4, 14]
TOOL SWITCHES : 5
MAKESPAN : 25

- MACHINE [1]

0 1 0 0 0 
0 0 0 0 0 
0 1 0 0 1 
1 0 0 0 0 
0 0 0 0 1 
1 0 0 1 0 
0 0 0 0 0 
1 0 1 0 0 
0 0 0 0 1 
0 0 0 0 0 
0 0 0 0 0 
0 0 0 1 0 
0 1 1 0 1 
1 1 0 1 0 
0 0 0 0 0 
0 0 0 1 0 
1 0 1 0 0 
0 1 1 1 1 
1 0 1 0 1 
1 1 1 1 0 

JOBS [5] - [7, 10, 11, 12, 13]
TOOL SWITCHES : 5
MAKESPAN : 28

- MACHINE [2]

0 0 0 0 0 0 
1 0 0 1 0 0 
0 0 0 0 0 0 
0 0 0 0 0 0 
1 1 1 0 0 0 
0 0 0 0 1 1 
0 1 0 0 0 0 
0 0 1 1 0 0 
0 1 1 0 1 1 
0 1 0 0 0 1 
0 0 0 1 0 0 
0 0 0 0 0 1 
0 0 1 0 1 0 
1 0 0 0 0 1 
1 1 1 0 0 0 
0 0 0 0 0 0 
1 1 0 1 1 0 
0 0 1 0 1 0 
0 0 0 1 0 1 
0 0 0 0 1 0 

JOBS [6] - [8, 2, 5, 3, 0, 1]
TOOL SWITCHES : 3
MAKESPAN : 27

# -------------------------- #

--- TOTAL TOOL SWITCHES : 13
--- HIGHEST MAKESPAN : 28
--- TOTAL FLOWTIME : 184
--- RUNNING TIME : 0.951798

# -------------------------- #
RUN : 1 - instancias_txt/SSP-NPM-I/ins130_m=3_j=15_t=20_var=10.txt

- MACHINE [0]

1 0 1 
0 1 0 
0 1 1 
0 0 0 
0 1 0 
1 0 1 
0 1 0 
0 0 0 
1 0 0 
0 0 0 
0 0 1 
0 0 0 
0 0 0 
0 0 0 
0 1 0 
0 0 1 
1 0 0 
0 0 0 
0 1 1 
1 1 0 

JOBS [3] - [13, 11, 14]
TOOL SWITCHES : 8
MAKESPAN : 32

- MACHINE [1]

1 0 1 0 1 
0 0 1 1 0 
0 0 0 0 1 
0 0 0 0 0 
0 0 0 0 0 
0 0 1 1 0 
0 0 0 0 0 
1 0 1 1 0 
0 0 0 0 0 
1 0 1 0 1 
0 0 0 0 0 
1 1 0 0 0 
0 1 0 1 1 
1 0 0 1 1 
0 1 0 1 0 
1 1 0 0 0 
0 0 0 1 1 
0 0 0 0 0 
0 1 0 0 0 
0 0 0 0 0 

JOBS [5] - [8, 6, 12, 0, 1]
TOOL SWITCHES : 3
MAKESPAN : 31

- MACHINE [2]

0 0 1 0 0 1 0 
1 1 0 1 0 0 0 
0 0 0 0 0 1 1 
0 0 0 0 0 1 0 
0 1 0 0 1 0 0 
0 0 0 0 0 0 0 
0 0 0 0 0 0 0 
0 0 1 1 0 0 1 
0 0 1 1 0 1 0 
1 1 0 0 0 0 0 
0 0 0 1 1 0 1 
0 0 0 0 0 0 0 
1 0 0 0 1 1 1 
0 1 0 0 1 1 1 
0 0 0 1 1 0 0 
1 0 1 0 1 0 0 
1 0 1 0 1 0 1 
1 1 0 1 0 0 1 
0 0 0 0 0 0 0 
0 0 1 0 0 1 0 

JOBS [7] - [9, 7, 5, 10, 3, 4, 2]
TOOL SWITCHES : 3
MAKESPAN : 33

# -------------------------- #

--- TOTAL TOOL SWITCHES : 14
--- HIGHEST MAKESPAN : 33
--- TOTAL FLOWTIME : 235
--- RUNNING TIME : 1.07396

# -------------------------- #
RUN : 1 - instancias_txt/SSP-NPM-I/ins131_m=3_j=15_t=20_var=11.txt

- MACHINE [0]

0 0 0 1 
0 0 0 0 
0 0 0 0 
0 1 0 0 
0 1 0 0 
1 1 0 0 
1 0 0 0 
1 0 0 0 
0 0 0 1 
1 0 1 1 
1 1 0 0 
0 0 1 0 
1 0 0 0 
0 0 1 1 
0 0 1 0 
0 0 0 0 
0 1 1 1 
0 0 0 0 
0 0 0 0 
1 1 1 1 

JOBS [4] - [1, 8, 2, 3]
TOOL SWITCHES : 8
MAKESPAN : 32

- MACHINE [1]

1 0 0 1 0 
0 1 0 1 1 
0 0 1 0 0 
1 1 0 0 0 
1 0 1 0 1 
0 0 0 0 0 
0 1 0 1 0 
0 0 0 0 0 
0 0 0 0 0 
0 0 0 0 0 
0 0 0 0 0 
1 0 1 1 0 
1 0 1 1 1 
1 1 0 0 0 
0 1 1 0 0 
0 0 1 1 0 
0 0 0 0 0 
0 0 0 0 1 
1 0 1 1 0 
0 0 0 0 1 

JOBS [5] - [0, 4, 5, 6, 10]
TOOL SWITCHES : 4
MAKESPAN : 32

- MACHINE [2]

1 1 0 0 1 0 
0 1 1 0 0 0 
0 0 0 0 0 0 
0 0 0 0 0 0 
1 0 1 1 0 0 
1 0 0 1 0 0 
0 0 0 0 0 0 
0 0 0 1 0 1 
0 1 0 0 1 1 
0 0 1 0 0 0 
1 1 1 0 1 1 
0 0 0 0 1 0 
0 0 0 0 0 0 
0 0 0 0 0 0 
0 1 1 0 1 1 
0 0 1 0 1 0 
0 0 0 0 0 1 
0 0 0 0 0 0 
0 0 0 1 0 1 
1 1 0 1 0 0 

JOBS [6] - [12, 7, 11, 9, 14, 13]
TOOL SWITCHES : 1
MAKESPAN : 32

# -------------------------- #

--- TOTAL TOOL SWITCHES : 13
--- HIGHEST MAKESPAN : 32
--- TOTAL FLOWTIME : 236
--- RUNNING TIME : 0.974417

# -------------------------- #
RUN : 1 - instancias_txt/SSP-NPM-I/ins132_m=3_j=15_t=20_var=12.txt

- MACHINE [0]

0 0 0 1 1 
0 0 0 0 0 
1 1 0 0 0 
0 0 0 1 1 
0 0 0 0 0 
1 0 0 0 0 
0 1 1 1 0 
0 0 0 0 1 
0 0 0 0 0 
1 0 0 0 0 
1 1 0 0 0 
1 0 1 1 1 
0 0 0 0 0 
1 0 1 1 1 
0 1 1 0 0 
0 0 0 0 0 
0 0 1 0 1 
0 1 0 0 0 
0 0 1 0 0 
0 0 0 1 0 

JOBS [5] - [12, 8, 13, 11, 2]
TOOL SWITCHES : 8
MAKESPAN : 25

- MACHINE [1]

1 0 0 1 0 
1 1 0 1 0 
0 0 0 0 1 
0 1 1 1 0 
0 0 0 0 0 
0 0 0 0 0 
0 1 0 0 1 
0 0 1 1 1 
1 0 0 0 0 
0 1 1 1 1 
0 0 1 0 1 
0 0 0 0 0 
0 0 0 0 0 
1 1 0 0 0 
1 0 1 1 0 
0 1 0 0 1 
0 0 0 0 0 
0 0 0 0 0 
0 0 0 0 0 
0 0 1 0 1 

JOBS [5] - [1, 5, 10, 4, 7]
TOOL SWITCHES : 3
MAKESPAN : 27

- MACHINE [2]

0 1 1 0 1 
0 0 0 0 0 
0 0 0 0 0 
1 1 0 0 1 
1 0 1 1 1 
0 0 0 0 0 
0 0 0 0 0 
0 1 0 1 1 
1 1 1 1 0 
0 0 0 0 0 
1 0 1 0 0 
0 0 0 0 1 
0 0 0 1 0 
0 0 0 0 0 
0 0 1 0 0 
0 1 1 0 0 
0 0 0 0 1 
1 0 0 1 0 
0 0 0 0 0 
1 0 0 0 0 

JOBS [5] - [9, 0, 14, 3, 6]
TOOL SWITCHES : 0
MAKESPAN : 27

# -------------------------- #

--- TOTAL TOOL SWITCHES : 11
--- HIGHEST MAKESPAN : 27
--- TOTAL FLOWTIME : 211
--- RUNNING TIME : 0.871571

# -------------------------- #
RUN : 1 - instancias_txt/SSP-NPM-I/ins133_m=3_j=15_t=20_var=13.txt

- MACHINE [0]

0 0 0 0 0 
1 1 1 0 1 
1 0 0 0 0 
0 0 0 0 0 
0 0 0 0 1 
0 0 0 1 1 
0 1 0 0 0 
1 0 0 0 0 
0 1 0 0 0 
0 0 0 1 0 
0 0 0 0 0 
1 1 0 1 1 
0 0 0 0 1 
0 0 1 0 1 
0 0 0 0 0 
1 0 0 0 0 
1 0 1 1 0 
0 0 1 1 0 
0 0 1 0 0 
0 1 0 0 0 

JOBS [5] - [6, 4, 0, 2, 11]
TOOL SWITCHES : 9
MAKESPAN : 28

- MACHINE [1]

1 0 0 0 0 
0 0 0 0 1 
0 0 0 0 0 
0 1 0 1 1 
0 1 0 1 0 
0 0 0 0 0 
0 0 0 0 0 
0 0 1 0 1 
0 1 0 0 0 
0 0 0 0 0 
1 0 0 1 1 
1 1 0 1 1 
0 0 1 0 0 
0 1 1 0 1 
0 0 0 1 0 
0 0 0 0 0 
1 0 1 0 0 
1 0 0 0 0 
0 1 1 1 0 
1 1 1 0 0 

JOBS [5] - [13, 5, 3, 10, 12]
TOOL SWITCHES : 5
MAKESPAN : 29

- MACHINE [2]

1 0 0 1 0 
0 0 0 0 0 
0 1 0 0 0 
0 0 0 0 0 
0 0 1 0 0 
0 0 1 0 1 
1 1 0 0 0 
1 0 1 0 1 
0 0 0 0 0 
0 0 0 1 1 
0 0 0 0 0 
1 0 1 1 1 
0 0 0 0 0 
0 1 0 0 0 
0 0 0 1 1 
1 0 0 1 0 
0 0 0 0 0 
0 1 1 0 0 
0 1 0 0 0 
0 0 1 0 0 

JOBS [5] - [1, 14, 8, 7, 9]
TOOL SWITCHES : 1
MAKESPAN : 27

# -------------------------- #

--- TOTAL TOOL SWITCHES : 15
--- HIGHEST MAKESPAN : 29
--- TOTAL FLOWTIME : 223
--- RUNNING TIME : 0.776603

# -------------------------- #
RUN : 1 - instancias_txt/SSP-NPM-I/ins134_m=3_j=15_t=20_var=14.txt

- MACHINE [0]

0 0 1 1 
0 0 0 1 
0 0 0 0 
0 0 0 0 
1 1 0 1 
1 0 0 0 
0 0 0 1 
0 0 1 0 
0 0 0 0 
0 1 1 0 
1 1 0 0 
1 0 1 0 
1 1 0 0 
0 0 0 0 
0 0 0 0 
1 0 1 0 
0 1 0 0 
0 1 1 1 
0 0 0 1 
1 0 0 0 

JOBS [4] - [7, 13, 6, 8]
TOOL SWITCHES : 9
MAKESPAN : 32

- MACHINE [1]

0 0 0 1 0 
0 0 0 0 0 
0 0 0 0 0 
1 0 1 0 0 
0 0 0 0 0 
0 1 0 0 1 
1 0 0 1 0 
1 1 1 0 0 
0 0 1 0 1 
0 1 0 0 1 
0 0 0 1 1 
1 1 0 1 1 
1 0 0 0 0 
0 0 1 1 1 
0 1 1 1 0 
0 0 0 0 0 
0 1 0 0 0 
1 1 0 0 0 
0 0 0 0 0 
1 0 0 1 0 

JOBS [5] - [1, 10, 14, 0, 12]
TOOL SWITCHES : 5
MAKESPAN : 33

- MACHINE [2]

0 0 0 1 0 0 
0 0 0 0 1 1 
0 1 0 0 0 0 
1 1 0 0 0 0 
0 0 1 0 0 1 
1 0 0 0 0 1 
0 0 0 1 1 0 
1 0 1 0 1 1 
0 1 0 1 0 1 
1 1 0 0 0 0 
0 0 0 0 0 0 
0 0 1 0 1 0 
0 0 1 0 1 0 
0 0 0 0 0 0 
1 0 0 0 1 1 
0 1 1 1 0 0 
0 0 0 0 0 0 
1 1 0 0 1 0 
0 0 0 0 0 0 
0 1 1 1 0 0 

JOBS [6] - [9, 11, 2, 4, 3, 5]
TOOL SWITCHES : 3
MAKESPAN : 32

# -------------------------- #

--- TOTAL TOOL SWITCHES : 17
--- HIGHEST MAKESPAN : 33
--- TOTAL FLOWTIME : 264
--- RUNNING TIME : 0.980162

# -------------------------- #
RUN : 1 - instancias_txt/SSP-NPM-I/ins135_m=3_j=15_t=20_var=15.txt

- MACHINE [0]

1 0 0 0 0 
0 0 0 1 1 
0 0 0 0 0 
1 0 0 0 0 
0 1 0 0 0 
0 0 0 0 0 
1 1 1 1 1 
0 0 1 1 0 
0 0 0 0 0 
0 0 0 1 1 
0 1 0 0 0 
1 0 0 0 0 
0 0 0 0 1 
1 0 0 0 0 
0 0 1 0 0 
1 1 0 0 0 
0 1 1 0 1 
0 0 1 1 1 
0 0 0 0 0 
0 0 1 0 0 

JOBS [5] - [11, 2, 7, 8, 0]
TOOL SWITCHES : 9
MAKESPAN : 34

- MACHINE [1]

1 0 1 0 0 
0 0 0 0 1 
1 0 1 1 1 
0 0 0 0 0 
0 1 0 0 1 
1 0 0 1 0 
0 1 1 1 0 
0 0 0 1 1 
1 1 0 0 0 
0 0 0 1 0 
0 0 0 0 0 
0 0 0 0 0 
0 0 1 0 0 
0 1 1 0 1 
0 1 0 0 0 
1 0 1 0 0 
0 0 0 0 0 
0 1 1 0 1 
0 0 0 0 0 
1 0 0 0 0 

JOBS [5] - [10, 13, 5, 4, 14]
TOOL SWITCHES : 5
MAKESPAN : 36

- MACHINE [2]

0 1 0 1 0 
0 0 0 0 0 
0 0 1 1 0 
1 0 0 0 1 
0 0 0 1 1 
0 0 0 0 0 
0 1 0 1 1 
0 0 1 0 0 
0 1 0 0 0 
0 1 0 0 1 
1 0 0 0 0 
1 1 1 0 1 
0 0 0 1 0 
1 0 0 0 0 
0 0 0 0 1 
0 1 1 0 0 
0 0 0 0 0 
1 0 1 0 0 
1 0 1 0 1 
0 0 0 1 0 

JOBS [5] - [3, 12, 6, 9, 1]
TOOL SWITCHES : 4
MAKESPAN : 36

# -------------------------- #

--- TOTAL TOOL SWITCHES : 18
--- HIGHEST MAKESPAN : 36
--- TOTAL FLOWTIME : 253
--- RUNNING TIME : 1.03531

# -------------------------- #
RUN : 1 - instancias_txt/SSP-NPM-I/ins136_m=3_j=15_t=20_var=16.txt

- MACHINE [0]

1 0 1 1 
0 0 0 0 
1 1 0 0 
0 1 0 0 
0 0 0 1 
1 0 0 0 
1 0 0 1 
0 1 1 1 
1 1 0 0 
1 0 0 0 
0 0 1 0 
0 0 0 0 
0 0 0 1 
0 0 1 0 
0 0 0 0 
0 0 0 0 
0 0 0 0 
1 0 0 0 
0 0 0 0 
0 1 1 1 

JOBS [4] - [4, 6, 7, 10]
TOOL SWITCHES : 7
MAKESPAN : 29

- MACHINE [1]

0 1 1 0 0 
0 1 0 0 1 
0 0 0 0 0 
1 1 0 1 0 
1 0 0 0 0 
0 0 0 0 1 
1 0 1 1 0 
0 0 0 0 0 
0 0 0 0 0 
0 0 0 0 0 
1 1 1 0 0 
0 0 0 1 1 
1 1 1 1 1 
1 0 0 1 0 
1 0 0 0 1 
0 1 1 1 0 
0 0 0 0 0 
0 0 0 0 0 
0 0 0 0 0 
0 0 0 0 1 

JOBS [5] - [0, 3, 8, 9, 12]
TOOL SWITCHES : 3
MAKESPAN : 31

- MACHINE [2]

0 0 0 0 0 0 
0 0 0 0 0 0 
1 0 0 1 0 1 
0 1 0 0 1 0 
0 0 1 0 0 0 
1 1 1 1 0 0 
0 0 0 0 0 0 
1 1 0 0 0 1 
1 0 0 0 1 0 
1 1 0 1 0 0 
0 1 1 0 0 0 
0 1 1 0 0 1 
0 0 0 0 0 0 
0 0 0 1 0 0 
0 0 1 1 0 1 
1 0 0 0 0 1 
0 0 1 0 1 0 
0 0 0 0 1 0 
0 0 0 1 0 1 
0 0 0 1 1 1 

JOBS [6] - [14, 1, 2, 13, 11, 5]
TOOL SWITCHES : 3
MAKESPAN : 32

# -------------------------- #

--- TOTAL TOOL SWITCHES : 13
--- HIGHEST MAKESPAN : 32
--- TOTAL FLOWTIME : 250
--- RUNNING TIME : 0.796194

# -------------------------- #
RUN : 1 - instancias_txt/SSP-NPM-I/ins137_m=3_j=15_t=20_var=17.txt

- MACHINE [0]

0 0 0 0 
0 0 1 1 
0 1 1 1 
1 1 1 0 
0 0 0 0 
1 1 0 0 
0 0 0 0 
0 0 0 1 
0 0 0 1 
0 0 0 0 
0 0 0 0 
1 1 0 0 
1 1 0 1 
1 0 0 0 
1 1 1 0 
0 0 0 0 
0 0 0 0 
1 0 1 0 
0 0 0 0 
0 0 0 1 

JOBS [4] - [0, 14, 4, 13]
TOOL SWITCHES : 5
MAKESPAN : 27

- MACHINE [1]

0 1 0 1 1 
0 1 1 1 0 
0 0 0 0 0 
1 0 1 1 0 
1 0 0 0 0 
0 0 0 1 0 
0 0 0 1 1 
1 0 0 0 0 
0 0 0 0 0 
1 1 0 0 1 
0 0 0 0 0 
0 0 0 0 0 
0 1 1 0 1 
0 0 0 0 0 
1 0 1 0 1 
0 0 1 0 0 
0 0 0 0 0 
1 1 0 0 0 
0 0 0 0 1 
0 1 0 0 0 

JOBS [5] - [8, 10, 9, 11, 1]
TOOL SWITCHES : 4
MAKESPAN : 24

- MACHINE [2]

0 1 0 0 0 1 
1 0 0 1 0 0 
1 1 0 1 0 0 
0 0 0 0 0 0 
0 0 0 0 0 1 
1 1 0 0 0 1 
0 0 0 0 0 0 
0 0 1 0 0 1 
1 0 1 1 1 0 
1 1 0 0 1 0 
0 0 0 0 0 0 
0 0 1 1 1 0 
0 0 0 0 0 0 
0 0 1 0 0 0 
0 1 0 0 0 0 
0 1 0 1 0 1 
0 0 1 0 0 0 
0 0 0 0 0 0 
0 1 1 1 1 0 
1 0 0 0 1 1 

JOBS [6] - [2, 12, 7, 6, 5, 3]
TOOL SWITCHES : 2
MAKESPAN : 26

# -------------------------- #

--- TOTAL TOOL SWITCHES : 11
--- HIGHEST MAKESPAN : 27
--- TOTAL FLOWTIME : 192
--- RUNNING TIME : 0.956275

# -------------------------- #
RUN : 1 - instancias_txt/SSP-NPM-I/ins138_m=3_j=15_t=20_var=18.txt

- MACHINE [0]

0 0 1 0 
1 0 0 0 
1 1 0 0 
0 0 0 0 
1 0 0 0 
1 1 1 0 
0 0 0 0 
1 1 0 0 
0 0 0 0 
0 1 0 0 
0 0 1 1 
0 1 0 0 
0 0 1 0 
0 0 1 1 
0 0 0 0 
0 1 0 1 
0 0 0 1 
0 0 0 0 
0 0 0 0 
0 0 0 1 

JOBS [4] - [1, 13, 10, 3]
TOOL SWITCHES : 7
MAKESPAN : 26

- MACHINE [1]

0 1 0 0 0 
0 0 0 1 0 
0 1 0 1 0 
0 0 0 0 0 
1 0 1 0 0 
0 1 1 1 0 
0 0 1 0 0 
0 0 0 0 1 
0 0 0 1 1 
0 0 1 0 1 
1 0 1 0 0 
1 0 1 0 1 
0 0 0 1 0 
1 1 0 1 1 
0 0 0 0 0 
1 1 0 0 0 
0 0 0 0 1 
0 0 0 0 0 
0 1 1 0 0 
1 0 0 0 1 

JOBS [5] - [4, 9, 7, 12, 8]
TOOL SWITCHES : 7
MAKESPAN : 29

- MACHINE [2]

1 0 0 1 0 1 
0 1 0 1 1 0 
1 0 1 0 0 0 
0 0 1 1 1 1 
0 1 0 0 0 1 
1 1 0 1 0 0 
1 0 1 0 1 0 
1 0 1 0 1 0 
0 0 1 0 0 0 
0 0 0 0 0 0 
0 0 0 0 1 0 
1 0 0 0 0 0 
0 1 0 0 0 1 
0 0 0 0 0 0 
0 0 0 0 1 1 
0 0 1 0 0 0 
0 0 0 1 1 0 
0 0 0 0 0 0 
0 0 0 0 0 0 
0 1 1 0 0 0 

JOBS [6] - [11, 2, 6, 14, 0, 5]
TOOL SWITCHES : 3
MAKESPAN : 29

# -------------------------- #

--- TOTAL TOOL SWITCHES : 17
--- HIGHEST MAKESPAN : 29
--- TOTAL FLOWTIME : 206
--- RUNNING TIME : 0.877658

# -------------------------- #
RUN : 1 - instancias_txt/SSP-NPM-I/ins139_m=3_j=15_t=20_var=19.txt

- MACHINE [0]

0 1 1 0 
1 0 0 0 
1 0 0 1 
1 0 0 0 
0 0 0 1 
0 0 0 0 
0 1 1 0 
1 1 0 0 
0 0 0 0 
0 0 1 1 
1 1 0 0 
0 0 0 0 
0 0 1 1 
1 0 0 1 
0 1 0 0 
0 0 0 0 
1 1 1 1 
0 0 0 0 
0 0 1 0 
0 0 0 0 

JOBS [4] - [3, 1, 0, 8]
TOOL SWITCHES : 8
MAKESPAN : 36

- MACHINE [1]

0 0 1 0 
1 1 0 0 
0 0 0 0 
0 1 0 0 
0 0 0 0 
0 0 0 0 
0 0 0 1 
0 0 1 0 
1 0 1 0 
1 0 0 0 
1 1 1 0 
0 0 0 0 
0 1 1 1 
0 0 0 1 
0 1 0 1 
0 0 1 1 
0 0 0 1 
1 1 0 1 
1 1 0 0 
1 0 0 0 

JOBS [4] - [2, 7, 9, 6]
TOOL SWITCHES : 6
MAKESPAN : 35

- MACHINE [2]

0 1 1 1 0 0 1 
0 0 1 0 0 0 0 
1 0 0 0 1 0 1 
0 0 1 0 0 0 0 
0 0 1 0 0 1 0 
0 0 0 0 0 0 0 
0 0 0 1 1 1 1 
1 1 0 0 1 0 0 
0 0 0 0 1 0 0 
0 1 0 1 0 0 1 
0 1 0 0 0 1 0 
0 0 1 0 1 1 0 
0 0 0 0 0 0 0 
1 1 0 1 0 0 1 
0 0 0 0 0 0 0 
1 1 0 0 0 1 1 
0 0 0 1 0 0 0 
0 0 0 0 0 1 0 
1 0 1 0 1 1 0 
0 1 0 0 0 0 1 

JOBS [7] - [4, 5, 11, 13, 14, 10, 12]
TOOL SWITCHES : 4
MAKESPAN : 34

# -------------------------- #

--- TOTAL TOOL SWITCHES : 18
--- HIGHEST MAKESPAN : 36
--- TOTAL FLOWTIME : 262
--- RUNNING TIME : 1.0555

# -------------------------- #
RUN : 1 - instancias_txt/SSP-NPM-I/ins140_m=3_j=15_t=20_var=20.txt

- MACHINE [0]

0 0 0 0 0 
0 1 1 0 0 
1 0 0 0 0 
0 0 0 0 0 
1 0 0 0 0 
0 0 0 0 1 
0 0 0 0 1 
0 0 0 0 1 
0 0 0 0 1 
0 1 1 1 1 
0 0 1 1 0 
0 0 0 1 0 
1 1 1 0 0 
0 0 0 0 0 
1 1 1 1 0 
0 0 0 0 0 
1 1 0 0 0 
0 0 0 0 0 
0 0 0 1 1 
0 1 1 0 0 

JOBS [5] - [11, 8, 7, 2, 6]
TOOL SWITCHES : 8
MAKESPAN : 30

- MACHINE [1]

1 1 0 1 
0 0 0 0 
0 0 0 0 
0 0 1 0 
0 0 0 0 
1 0 0 0 
1 0 0 0 
0 1 0 1 
0 0 1 0 
0 0 0 0 
1 1 0 0 
0 0 0 0 
0 0 0 0 
0 1 0 0 
0 0 0 0 
0 0 1 1 
1 0 1 1 
0 0 1 0 
0 1 1 1 
0 0 0 1 

JOBS [4] - [13, 3, 9, 0]
TOOL SWITCHES : 3
MAKESPAN : 30

- MACHINE [2]

0 1 1 0 0 0 
0 1 0 0 1 1 
0 0 1 0 1 1 
1 0 1 0 0 1 
0 0 0 1 0 0 
0 0 1 0 0 0 
1 1 0 0 0 1 
0 0 1 0 1 1 
1 0 0 1 1 0 
0 0 0 1 1 0 
0 0 0 0 1 1 
0 0 0 0 0 0 
1 1 0 0 0 0 
0 0 1 1 0 0 
1 1 0 1 0 0 
1 0 0 1 0 0 
0 0 1 1 1 0 
0 0 0 0 0 0 
0 0 0 0 0 0 
0 0 0 0 0 0 

JOBS [6] - [12, 1, 10, 14, 4, 5]
TOOL SWITCHES : 3
MAKESPAN : 29

# -------------------------- #

--- TOTAL TOOL SWITCHES : 14
--- HIGHEST MAKESPAN : 30
--- TOTAL FLOWTIME : 218
--- RUNNING TIME : 0.87102

# -------------------------- #


avg : 31.45
