RUN : 1 - instancias_txt/SSP-NPM-I/ins121_m=3_j=15_t=20_var=1.txt

- MACHINE [0]

1 1 0 0 
0 1 1 0 
0 0 1 0 
0 0 0 0 
0 0 0 0 
0 0 0 0 
0 0 0 0 
0 0 1 1 
1 0 0 0 
0 0 0 1 
0 0 0 0 
0 1 1 1 
0 0 1 1 
1 0 0 1 
1 0 1 0 
0 1 1 0 
0 1 0 0 
0 1 0 0 
1 0 0 1 
0 0 0 1 

JOBS [4] - [13, 8, 5, 12]
TOOL SWITCHES : 10
MAKESPAN : 36

- MACHINE [1]

0 1 0 0 1 
0 0 0 0 1 
0 0 0 0 0 
1 1 1 0 0 
1 1 1 1 0 
0 0 1 0 0 
1 0 0 0 0 
1 0 0 1 0 
0 0 0 0 0 
0 0 0 1 0 
0 0 0 1 1 
1 1 0 0 0 
0 0 0 0 0 
0 0 0 0 0 
1 0 0 1 0 
0 0 0 0 0 
0 1 1 0 1 
0 1 1 0 1 
0 1 0 1 0 
1 0 1 0 1 

JOBS [5] - [2, 14, 0, 11, 6]
TOOL SWITCHES : 5
MAKESPAN : 39

- MACHINE [2]

0 0 1 0 0 0 
0 1 0 1 0 0 
0 0 1 0 0 0 
0 0 0 0 0 0 
1 0 1 0 0 1 
0 0 1 1 0 1 
1 0 1 0 1 0 
0 0 0 0 0 0 
1 1 0 0 0 0 
1 0 0 0 0 0 
0 0 0 1 1 0 
0 0 0 0 0 0 
1 1 0 1 1 1 
0 1 1 0 0 0 
0 1 0 1 1 1 
0 0 0 1 0 1 
1 0 1 0 0 0 
0 0 0 0 1 1 
0 1 0 1 1 1 
1 0 0 0 0 0 

JOBS [6] - [7, 1, 9, 4, 10, 3]
TOOL SWITCHES : 4
MAKESPAN : 41

# -------------------------- #

--- TOTAL TOOL SWITCHES : 19
--- HIGHEST MAKESPAN : 41
--- TOTAL FLOWTIME : 304
--- RUNNING TIME : 1.62437

# -------------------------- #
RUN : 1 - instancias_txt/SSP-NPM-I/ins122_m=3_j=15_t=20_var=2.txt

- MACHINE [0]

0 0 0 0 
0 0 0 1 
0 0 1 1 
0 0 0 0 
1 1 1 0 
0 0 0 1 
0 0 0 0 
1 1 1 0 
0 0 0 1 
0 0 0 1 
0 0 0 0 
0 0 0 0 
1 1 0 0 
0 0 0 0 
0 0 0 0 
1 1 0 1 
1 0 1 0 
0 1 0 0 
1 0 0 0 
0 0 1 1 

JOBS [4] - [13, 9, 3, 6]
TOOL SWITCHES : 6
MAKESPAN : 27

- MACHINE [1]

1 0 0 1 1 0 
0 0 0 0 0 0 
1 1 1 0 1 0 
0 0 0 0 0 0 
0 0 1 1 0 1 
0 1 0 1 1 0 
0 0 0 0 0 0 
0 0 0 0 0 0 
1 1 1 0 0 0 
0 0 0 1 0 1 
0 0 0 1 0 1 
0 1 0 0 0 0 
0 0 0 0 0 0 
0 1 1 1 0 0 
0 0 0 0 0 0 
0 0 1 0 1 0 
1 1 1 0 1 1 
0 0 0 0 0 0 
0 0 0 0 1 1 
1 1 0 0 0 0 

JOBS [6] - [12, 2, 1, 7, 14, 8]
TOOL SWITCHES : 3
MAKESPAN : 26

- MACHINE [2]

1 0 1 0 0 
0 0 1 1 0 
0 0 0 0 1 
0 0 0 1 1 
0 0 0 0 0 
0 0 0 1 0 
0 1 1 0 1 
0 0 0 0 0 
0 0 0 0 1 
0 1 1 0 0 
0 0 0 0 0 
1 1 0 0 0 
0 0 0 0 0 
0 0 0 1 0 
1 1 0 0 1 
1 0 0 1 1 
0 0 0 0 0 
1 1 1 0 0 
0 0 0 0 0 
1 0 0 0 1 

JOBS [5] - [11, 4, 5, 10, 0]
TOOL SWITCHES : 1
MAKESPAN : 26

# -------------------------- #

--- TOTAL TOOL SWITCHES : 10
--- HIGHEST MAKESPAN : 27
--- TOTAL FLOWTIME : 198
--- RUNNING TIME : 2.36338

# -------------------------- #
RUN : 1 - instancias_txt/SSP-NPM-I/ins123_m=3_j=15_t=20_var=3.txt

- MACHINE [0]

0 0 0 0 
0 1 1 0 
0 0 1 0 
1 1 0 0 
0 0 0 0 
1 0 1 0 
1 0 0 1 
0 0 1 1 
1 0 0 0 
0 1 0 0 
1 0 0 0 
0 0 0 1 
0 0 0 0 
0 0 0 0 
0 0 0 0 
0 1 1 0 
1 1 0 1 
0 0 0 0 
1 0 0 0 
0 1 1 1 

JOBS [4] - [7, 5, 6, 4]
TOOL SWITCHES : 8
MAKESPAN : 30

- MACHINE [1]

0 0 0 1 0 
0 0 1 0 0 
0 0 0 1 0 
1 0 1 0 0 
0 1 0 0 1 
1 1 0 0 1 
0 0 0 1 1 
1 1 1 0 1 
0 0 0 0 0 
0 0 1 1 0 
0 0 0 0 1 
0 1 0 0 0 
0 0 0 0 0 
0 0 1 1 0 
1 1 0 1 1 
0 1 1 0 0 
1 0 0 0 0 
1 0 1 0 0 
0 0 0 0 0 
0 0 0 1 0 

JOBS [5] - [14, 11, 1, 13, 3]
TOOL SWITCHES : 7
MAKESPAN : 29

- MACHINE [2]

0 0 0 0 0 0 
1 0 1 0 0 0 
0 0 0 0 0 0 
0 1 1 0 1 0 
0 0 1 1 0 0 
0 1 1 0 1 1 
0 0 0 0 0 0 
0 0 0 1 1 0 
0 1 0 0 0 0 
0 0 0 0 0 1 
1 1 0 1 0 0 
0 0 0 1 0 0 
0 0 0 1 0 1 
1 1 0 1 0 1 
0 0 0 0 1 0 
1 0 0 0 0 0 
1 0 1 0 1 0 
0 0 0 1 0 0 
0 0 0 0 0 1 
0 0 0 0 0 0 

JOBS [6] - [10, 9, 12, 0, 2, 8]
TOOL SWITCHES : 3
MAKESPAN : 29

# -------------------------- #

--- TOTAL TOOL SWITCHES : 18
--- HIGHEST MAKESPAN : 30
--- TOTAL FLOWTIME : 202
--- RUNNING TIME : 1.89841

# -------------------------- #
RUN : 1 - instancias_txt/SSP-NPM-I/ins124_m=3_j=15_t=20_var=4.txt

- MACHINE [0]

0 0 1 0 
0 0 0 1 
0 0 0 0 
0 0 0 0 
0 0 0 0 
0 0 0 0 
1 0 1 1 
0 0 0 1 
1 1 0 0 
0 0 0 0 
0 1 1 0 
1 1 0 0 
0 0 0 0 
0 0 1 1 
1 1 0 0 
1 0 1 0 
0 0 0 1 
0 1 0 0 
0 0 0 1 
0 0 0 0 

JOBS [4] - [3, 10, 0, 2]
TOOL SWITCHES : 6
MAKESPAN : 28

- MACHINE [1]

0 0 1 0 1 1 
1 0 0 0 0 0 
1 1 1 0 1 1 
0 0 1 0 1 0 
0 0 0 0 0 0 
0 0 0 0 0 0 
0 0 0 0 1 0 
1 0 1 1 0 0 
1 0 0 1 0 0 
1 1 0 1 0 1 
1 1 1 0 0 1 
0 1 1 1 0 0 
0 0 0 1 1 1 
0 0 0 0 0 0 
0 0 0 0 0 0 
0 0 0 0 0 0 
0 0 0 0 0 1 
0 0 0 0 0 0 
0 0 0 1 0 1 
0 1 1 0 0 0 

JOBS [6] - [11, 5, 4, 13, 9, 14]
TOOL SWITCHES : 4
MAKESPAN : 28

- MACHINE [2]

0 0 0 1 0 
1 1 0 1 0 
0 0 1 0 1 
0 0 0 0 1 
0 1 0 0 0 
0 1 0 0 1 
1 0 0 1 1 
0 0 0 0 0 
0 0 0 1 1 
0 1 0 0 0 
0 0 0 0 0 
1 0 1 0 0 
0 0 1 0 0 
1 0 1 0 0 
0 1 1 0 0 
0 0 0 0 0 
0 0 0 0 1 
0 0 1 0 0 
1 0 0 0 1 
1 0 0 1 0 

JOBS [5] - [12, 6, 8, 7, 1]
TOOL SWITCHES : 4
MAKESPAN : 28

# -------------------------- #

--- TOTAL TOOL SWITCHES : 14
--- HIGHEST MAKESPAN : 28
--- TOTAL FLOWTIME : 177
--- RUNNING TIME : 2.20076

# -------------------------- #
RUN : 1 - instancias_txt/SSP-NPM-I/ins125_m=3_j=15_t=20_var=5.txt

- MACHINE [0]

1 0 0 0 1 
1 0 0 0 0 
0 0 0 0 0 
0 0 1 0 1 
1 1 1 0 0 
0 1 0 0 0 
0 0 0 0 0 
0 0 0 0 0 
0 0 1 0 1 
0 0 0 1 1 
0 0 0 0 0 
1 1 0 0 0 
0 0 0 1 0 
0 0 1 1 0 
0 0 1 1 0 
1 0 0 1 0 
0 0 0 0 1 
1 1 0 0 0 
0 0 0 1 1 
1 1 1 0 0 

JOBS [5] - [14, 12, 6, 7, 2]
TOOL SWITCHES : 11
MAKESPAN : 34

- MACHINE [1]

0 0 0 1 1 
0 0 0 1 1 
0 1 0 0 1 
0 0 0 0 0 
0 0 0 1 0 
0 0 1 0 1 
1 1 1 0 0 
1 1 0 0 0 
0 1 1 1 0 
0 0 1 1 0 
1 1 0 0 0 
0 0 0 0 0 
0 0 0 0 0 
1 0 1 0 0 
0 0 0 0 0 
0 1 0 0 1 
1 1 0 0 1 
1 0 0 1 0 
0 0 0 0 1 
0 0 0 0 0 

JOBS [5] - [4, 9, 13, 3, 5]
TOOL SWITCHES : 5
MAKESPAN : 33

- MACHINE [2]

0 1 1 0 0 
0 0 0 0 1 
0 0 0 0 0 
0 1 0 1 1 
0 0 0 0 0 
0 1 1 0 1 
1 0 0 1 1 
1 0 0 1 1 
0 0 1 0 0 
0 0 0 1 0 
0 0 1 0 0 
1 0 0 0 0 
0 0 1 1 0 
0 1 1 0 1 
0 0 0 0 0 
1 1 0 0 0 
1 0 0 0 0 
0 0 0 1 0 
0 0 0 0 0 
1 0 1 0 1 

JOBS [5] - [1, 10, 0, 11, 8]
TOOL SWITCHES : 3
MAKESPAN : 34

# -------------------------- #

--- TOTAL TOOL SWITCHES : 19
--- HIGHEST MAKESPAN : 34
--- TOTAL FLOWTIME : 263
--- RUNNING TIME : 1.7893

# -------------------------- #
RUN : 1 - instancias_txt/SSP-NPM-I/ins126_m=3_j=15_t=20_var=6.txt

- MACHINE [0]

1 1 1 0 
1 0 0 0 
0 0 1 0 
0 0 0 0 
0 0 0 1 
0 0 1 0 
1 1 1 0 
1 1 1 0 
0 0 1 1 
0 0 0 1 
0 1 0 0 
0 0 0 0 
0 0 1 1 
0 0 0 0 
1 0 0 0 
0 0 0 1 
0 0 0 0 
0 1 0 0 
1 0 0 0 
0 1 0 0 

JOBS [4] - [10, 1, 12, 6]
TOOL SWITCHES : 9
MAKESPAN : 30

- MACHINE [1]

1 1 0 0 0 
1 0 1 1 0 
0 0 0 0 0 
1 1 0 0 0 
0 0 0 0 0 
0 0 0 1 1 
0 0 0 0 0 
0 0 0 1 0 
0 0 0 0 0 
0 0 0 0 0 
1 1 1 0 1 
0 0 0 0 0 
1 1 0 0 1 
0 1 0 0 0 
0 0 1 0 1 
1 0 1 1 1 
0 0 1 0 0 
0 0 0 1 0 
0 1 1 0 1 
1 1 1 0 0 

JOBS [5] - [5, 7, 3, 9, 0]
TOOL SWITCHES : 4
MAKESPAN : 30

- MACHINE [2]

0 0 0 0 0 0 
0 0 0 0 0 0 
0 0 0 1 0 0 
1 1 0 0 0 0 
0 1 1 1 0 0 
0 0 0 0 0 0 
1 0 0 0 1 0 
0 1 1 0 1 1 
1 1 0 0 0 0 
0 1 1 0 1 0 
0 0 1 1 0 0 
1 1 0 1 0 1 
0 0 0 0 0 0 
0 0 0 0 1 1 
1 0 1 0 1 1 
0 0 0 0 0 0 
0 0 0 0 0 1 
0 0 0 0 0 1 
0 1 1 1 0 0 
0 0 0 0 0 0 

JOBS [6] - [14, 8, 13, 4, 11, 2]
TOOL SWITCHES : 1
MAKESPAN : 30

# -------------------------- #

--- TOTAL TOOL SWITCHES : 14
--- HIGHEST MAKESPAN : 30
--- TOTAL FLOWTIME : 222
--- RUNNING TIME : 2.09399

# -------------------------- #
RUN : 1 - instancias_txt/SSP-NPM-I/ins127_m=3_j=15_t=20_var=7.txt

- MACHINE [0]

0 0 0 1 0 
0 0 0 0 1 
1 0 0 0 1 
0 0 0 1 1 
0 0 0 0 1 
1 1 0 0 0 
1 1 1 1 0 
1 0 0 1 1 
0 0 0 0 0 
1 0 0 0 0 
0 1 1 0 1 
0 0 0 0 0 
0 0 1 1 0 
0 1 1 0 0 
0 0 0 0 0 
0 0 0 0 0 
0 0 0 0 0 
0 1 1 0 0 
1 0 1 0 0 
0 0 0 0 0 

JOBS [5] - [10, 6, 5, 1, 2]
TOOL SWITCHES : 8
MAKESPAN : 31

- MACHINE [1]

0 0 1 0 
0 0 1 0 
0 0 0 0 
0 1 1 0 
0 0 0 0 
1 0 0 1 
0 0 1 1 
0 1 1 0 
1 1 0 1 
0 0 0 1 
0 0 0 0 
1 0 0 0 
0 0 0 0 
0 0 0 0 
1 1 0 0 
1 1 0 0 
0 1 0 0 
0 0 0 0 
1 0 0 1 
1 0 1 0 

JOBS [4] - [0, 13, 12, 14]
TOOL SWITCHES : 4
MAKESPAN : 28

- MACHINE [2]

0 1 1 0 0 1 
1 0 1 1 0 1 
0 0 0 0 0 0 
0 0 1 0 0 1 
0 0 0 0 0 0 
1 0 0 0 1 1 
0 0 0 0 0 0 
0 0 0 0 1 0 
0 0 0 1 0 0 
0 0 0 0 0 0 
0 1 1 1 0 1 
1 0 0 0 1 0 
1 0 0 0 1 0 
0 1 0 1 0 0 
0 0 0 1 0 0 
0 1 1 1 0 0 
1 1 0 0 0 0 
0 0 0 1 0 0 
0 1 0 0 0 0 
0 0 1 0 1 0 

JOBS [6] - [4, 7, 3, 8, 9, 11]
TOOL SWITCHES : 3
MAKESPAN : 32

# -------------------------- #

--- TOTAL TOOL SWITCHES : 15
--- HIGHEST MAKESPAN : 32
--- TOTAL FLOWTIME : 228
--- RUNNING TIME : 1.96127

# -------------------------- #
RUN : 1 - instancias_txt/SSP-NPM-I/ins128_m=3_j=15_t=20_var=8.txt

- MACHINE [0]

0 0 0 1 
0 1 0 0 
1 0 0 0 
0 0 0 0 
0 0 1 0 
0 0 0 1 
0 1 0 0 
0 1 0 1 
1 0 0 0 
1 0 0 0 
0 0 1 0 
0 0 0 0 
0 0 0 0 
1 1 0 0 
0 0 0 1 
1 1 0 0 
0 0 1 0 
0 0 0 0 
0 1 1 1 
1 0 1 1 

JOBS [4] - [13, 7, 3, 8]
TOOL SWITCHES : 9
MAKESPAN : 35

- MACHINE [1]

0 0 0 1 1 0 
0 0 0 0 1 1 
0 0 0 0 0 0 
0 1 0 0 0 1 
0 0 0 1 0 1 
0 1 1 1 0 0 
0 0 0 1 0 0 
0 0 0 0 0 0 
0 0 0 0 0 0 
0 0 0 0 1 0 
0 1 1 0 1 0 
0 0 1 0 0 0 
1 0 0 1 0 1 
0 1 0 0 1 0 
1 1 1 1 0 1 
1 0 1 0 0 0 
0 0 0 0 0 0 
1 1 0 0 0 0 
1 1 1 0 1 1 
0 0 0 0 0 0 

JOBS [6] - [1, 12, 14, 5, 0, 2]
TOOL SWITCHES : 5
MAKESPAN : 38

- MACHINE [2]

1 0 1 0 0 
0 0 0 1 0 
0 0 1 0 0 
0 0 0 1 1 
0 1 1 0 0 
0 0 0 0 0 
0 0 0 0 0 
0 0 1 0 1 
1 1 1 1 1 
0 1 0 1 1 
0 0 0 0 0 
0 0 0 0 1 
0 0 0 0 1 
1 0 0 1 0 
1 0 0 1 0 
0 1 1 0 0 
1 0 1 1 0 
0 1 0 0 0 
0 0 0 0 0 
1 0 0 0 1 

JOBS [5] - [11, 6, 10, 9, 4]
TOOL SWITCHES : 3
MAKESPAN : 38

# -------------------------- #

--- TOTAL TOOL SWITCHES : 17
--- HIGHEST MAKESPAN : 38
--- TOTAL FLOWTIME : 272
--- RUNNING TIME : 1.86707

# -------------------------- #
RUN : 1 - instancias_txt/SSP-NPM-I/ins129_m=3_j=15_t=20_var=9.txt

- MACHINE [0]

0 1 0 0 
1 0 1 1 
0 0 1 0 
1 1 0 0 
0 0 0 0 
0 0 0 0 
0 0 0 0 
0 0 0 1 
0 0 0 0 
0 0 0 0 
1 1 0 1 
1 1 1 0 
0 0 0 0 
0 0 0 0 
1 1 1 0 
0 0 1 0 
0 0 0 1 
0 0 0 0 
0 0 0 1 
0 0 0 0 

JOBS [4] - [4, 9, 14, 3]
TOOL SWITCHES : 4
MAKESPAN : 25

- MACHINE [1]

0 0 0 0 0 
0 0 0 0 0 
0 0 0 0 0 
0 0 1 0 0 
0 0 0 0 0 
0 1 1 1 1 
0 0 0 0 0 
1 0 1 0 0 
0 1 0 0 1 
0 0 0 0 1 
0 0 0 0 0 
0 0 0 1 1 
1 1 0 0 0 
0 0 1 1 1 
0 0 0 0 0 
0 0 0 1 0 
1 1 1 0 0 
1 1 0 1 0 
1 0 1 0 1 
1 1 1 1 0 

JOBS [5] - [11, 0, 7, 12, 1]
TOOL SWITCHES : 3
MAKESPAN : 27

- MACHINE [2]

0 1 1 0 0 0 
0 0 0 1 0 0 
0 0 1 0 0 1 
0 0 0 0 0 0 
1 0 0 1 1 1 
0 0 0 0 0 0 
1 0 0 0 0 0 
0 1 0 0 1 0 
1 0 0 0 1 1 
1 0 0 0 0 0 
0 0 0 0 0 0 
0 0 0 0 0 0 
0 0 1 0 1 1 
0 0 1 1 0 0 
1 0 0 1 1 0 
0 0 0 0 0 0 
1 1 0 1 0 0 
0 1 1 0 1 1 
0 1 0 0 0 1 
0 0 1 0 0 0 

JOBS [6] - [2, 6, 10, 8, 5, 13]
TOOL SWITCHES : 2
MAKESPAN : 27

# -------------------------- #

--- TOTAL TOOL SWITCHES : 9
--- HIGHEST MAKESPAN : 27
--- TOTAL FLOWTIME : 212
--- RUNNING TIME : 1.71622

# -------------------------- #
RUN : 1 - instancias_txt/SSP-NPM-I/ins130_m=3_j=15_t=20_var=10.txt

- MACHINE [0]

0 1 1 
1 0 0 
1 1 1 
0 1 0 
1 0 0 
0 0 0 
1 0 0 
0 0 0 
0 1 0 
0 0 1 
0 0 0 
0 0 0 
0 1 1 
0 1 1 
1 0 0 
0 0 0 
0 0 1 
0 0 0 
1 0 0 
1 1 0 

JOBS [3] - [11, 4, 1]
TOOL SWITCHES : 7
MAKESPAN : 26

- MACHINE [1]

0 1 0 1 1 
0 0 0 0 1 
1 0 0 1 0 
0 0 0 0 0 
0 0 0 0 0 
0 0 0 1 1 
0 0 0 0 0 
1 1 0 0 1 
0 0 0 0 0 
0 1 0 0 1 
1 0 0 1 0 
0 1 1 0 0 
1 0 1 0 0 
1 1 0 0 0 
0 0 1 0 0 
0 1 1 1 0 
1 0 0 0 0 
1 0 0 0 0 
0 0 1 1 0 
0 0 0 0 0 

JOBS [5] - [2, 8, 6, 14, 12]
TOOL SWITCHES : 5
MAKESPAN : 33

- MACHINE [2]

1 1 0 0 0 0 0 
0 0 1 1 0 1 1 
0 0 0 0 0 0 0 
0 0 0 0 0 0 0 
0 0 0 1 1 0 0 
1 0 0 0 0 0 1 
0 0 0 0 0 0 0 
0 1 0 0 0 1 1 
1 1 0 0 0 1 0 
0 0 1 1 0 0 0 
0 0 0 0 1 1 0 
0 0 0 0 0 0 0 
0 0 1 0 1 0 1 
0 0 0 1 1 0 1 
0 0 0 0 1 1 1 
0 1 1 0 1 0 0 
1 1 1 0 1 0 1 
0 0 1 1 0 1 0 
0 0 0 0 0 0 0 
1 1 0 0 0 0 0 

JOBS [7] - [13, 5, 9, 7, 3, 10, 0]
TOOL SWITCHES : 2
MAKESPAN : 33

# -------------------------- #

--- TOTAL TOOL SWITCHES : 14
--- HIGHEST MAKESPAN : 33
--- TOTAL FLOWTIME : 259
--- RUNNING TIME : 2.07958

# -------------------------- #
RUN : 1 - instancias_txt/SSP-NPM-I/ins131_m=3_j=15_t=20_var=11.txt

- MACHINE [0]

1 0 0 0 
0 0 0 0 
0 0 0 0 
0 0 1 0 
0 0 1 0 
0 0 1 1 
0 0 0 1 
0 0 0 1 
1 0 0 0 
1 1 0 1 
0 0 1 1 
0 1 0 0 
0 0 0 1 
1 1 0 0 
0 1 0 0 
0 0 0 0 
1 1 1 0 
0 0 0 0 
0 0 0 0 
1 1 1 1 

JOBS [4] - [3, 2, 8, 1]
TOOL SWITCHES : 8
MAKESPAN : 32

- MACHINE [1]

0 1 1 0 0 
1 0 1 1 0 
0 0 0 0 1 
1 1 0 0 0 
0 1 0 1 1 
0 0 0 0 0 
1 0 1 0 0 
0 0 0 0 0 
0 0 0 0 0 
0 0 0 0 0 
0 0 0 0 0 
0 1 1 0 1 
0 1 1 1 1 
1 1 0 0 0 
1 0 0 0 1 
0 0 1 0 1 
0 0 0 0 0 
0 0 0 1 0 
0 1 1 0 1 
0 0 0 1 0 

JOBS [5] - [4, 0, 6, 10, 5]
TOOL SWITCHES : 4
MAKESPAN : 32

- MACHINE [2]

1 1 0 0 1 0 
1 0 0 0 0 1 
0 0 0 0 0 0 
0 0 0 0 0 0 
0 1 1 0 0 1 
0 1 1 0 0 0 
0 0 0 0 0 0 
0 0 1 1 0 0 
1 0 0 1 1 0 
0 0 0 0 0 1 
1 1 0 1 1 1 
0 0 0 0 1 0 
0 0 0 0 0 0 
0 0 0 0 0 0 
1 0 0 1 1 1 
0 0 0 0 1 1 
0 0 0 1 0 0 
0 0 0 0 0 0 
0 0 1 1 0 0 
1 1 1 0 0 0 

JOBS [6] - [7, 12, 9, 13, 14, 11]
TOOL SWITCHES : 1
MAKESPAN : 32

# -------------------------- #

--- TOTAL TOOL SWITCHES : 13
--- HIGHEST MAKESPAN : 32
--- TOTAL FLOWTIME : 235
--- RUNNING TIME : 2.30975

# -------------------------- #
RUN : 1 - instancias_txt/SSP-NPM-I/ins132_m=3_j=15_t=20_var=12.txt

- MACHINE [0]

0 0 0 1 1 
0 0 0 0 0 
0 1 1 0 0 
0 0 0 1 1 
0 0 0 0 0 
0 0 1 0 0 
1 1 0 0 1 
0 0 0 1 0 
0 0 0 0 0 
0 0 1 0 0 
0 1 1 0 0 
1 0 1 1 1 
0 0 0 0 0 
1 0 1 1 1 
1 1 0 0 0 
0 0 0 0 0 
1 0 0 1 0 
0 1 0 0 0 
1 0 0 0 0 
0 0 0 0 1 

JOBS [5] - [13, 8, 12, 2, 11]
TOOL SWITCHES : 9
MAKESPAN : 27

- MACHINE [1]

0 1 0 0 1 
1 1 0 0 0 
0 0 0 1 0 
1 0 1 0 1 
0 0 0 0 0 
0 0 0 0 0 
1 0 0 1 0 
0 0 1 1 1 
0 1 0 0 1 
1 0 1 1 0 
0 0 1 1 0 
0 0 0 0 0 
0 0 0 0 0 
1 1 0 0 0 
0 1 1 0 0 
1 0 0 1 1 
0 0 0 0 0 
0 0 0 0 0 
0 0 0 0 0 
0 0 1 1 0 

JOBS [5] - [5, 1, 10, 7, 0]
TOOL SWITCHES : 3
MAKESPAN : 23

- MACHINE [2]

1 0 0 1 1 
0 0 0 0 1 
0 0 0 0 0 
1 0 1 0 1 
1 1 1 1 0 
0 0 0 0 0 
0 0 0 0 0 
1 1 0 0 1 
0 1 1 1 0 
0 0 0 0 1 
0 0 1 1 0 
1 0 0 0 0 
0 1 0 0 0 
0 0 0 0 0 
0 0 0 1 1 
0 0 0 1 0 
1 0 0 0 0 
0 1 1 0 0 
0 0 0 0 0 
0 0 1 0 0 

JOBS [5] - [6, 3, 9, 14, 4]
TOOL SWITCHES : 2
MAKESPAN : 27

# -------------------------- #

--- TOTAL TOOL SWITCHES : 14
--- HIGHEST MAKESPAN : 27
--- TOTAL FLOWTIME : 224
--- RUNNING TIME : 1.85056

# -------------------------- #
RUN : 1 - instancias_txt/SSP-NPM-I/ins133_m=3_j=15_t=20_var=13.txt

- MACHINE [0]

0 0 0 0 0 
1 1 0 1 1 
0 0 0 0 1 
0 0 0 0 0 
1 0 0 0 0 
1 0 1 0 0 
0 0 0 1 0 
0 0 0 0 1 
0 0 0 1 0 
0 0 1 0 0 
0 0 0 0 0 
1 0 1 1 1 
1 0 0 0 0 
1 1 0 0 0 
0 0 0 0 0 
0 0 0 0 1 
0 1 1 0 1 
0 1 1 0 0 
0 1 0 0 0 
0 0 0 1 0 

JOBS [5] - [11, 0, 2, 4, 6]
TOOL SWITCHES : 9
MAKESPAN : 28

- MACHINE [1]

0 0 0 1 0 
0 0 0 0 1 
0 0 0 0 0 
1 1 0 0 1 
1 1 0 0 0 
0 0 0 0 0 
0 0 0 0 0 
0 0 1 0 1 
0 1 0 0 0 
0 0 0 0 0 
1 0 0 1 1 
1 1 0 1 1 
0 0 1 0 0 
0 1 1 0 1 
1 0 0 0 0 
0 0 0 0 0 
0 0 1 1 0 
0 0 0 1 0 
1 1 1 0 0 
0 1 1 1 0 

JOBS [5] - [10, 5, 3, 13, 12]
TOOL SWITCHES : 5
MAKESPAN : 29

- MACHINE [2]

1 0 0 0 1 
0 0 0 0 0 
0 1 0 0 0 
0 0 0 0 0 
0 0 0 1 0 
0 0 1 1 0 
1 1 0 0 0 
1 0 1 1 0 
0 0 0 0 0 
0 0 1 0 1 
0 0 0 0 0 
1 0 1 1 1 
0 0 0 0 0 
0 1 0 0 0 
0 0 1 0 1 
1 0 0 0 1 
0 0 0 0 0 
0 1 0 1 0 
0 1 0 0 0 
0 0 0 1 0 

JOBS [5] - [1, 14, 9, 8, 7]
TOOL SWITCHES : 1
MAKESPAN : 27

# -------------------------- #

--- TOTAL TOOL SWITCHES : 15
--- HIGHEST MAKESPAN : 29
--- TOTAL FLOWTIME : 218
--- RUNNING TIME : 1.65568

# -------------------------- #
RUN : 1 - instancias_txt/SSP-NPM-I/ins134_m=3_j=15_t=20_var=14.txt

- MACHINE [0]

0 0 0 
0 0 0 
1 0 0 
1 0 0 
0 1 1 
0 0 1 
0 0 0 
0 0 0 
1 0 0 
1 1 0 
0 1 1 
0 0 1 
0 1 1 
0 0 0 
0 0 0 
1 0 1 
0 1 0 
1 1 0 
0 0 0 
1 0 1 

JOBS [3] - [11, 13, 7]
TOOL SWITCHES : 7
MAKESPAN : 32

- MACHINE [1]

1 0 0 0 0 
0 0 0 0 0 
0 0 0 0 0 
0 1 0 0 1 
0 0 0 0 0 
0 0 1 1 0 
1 1 0 0 0 
0 1 1 0 1 
0 0 0 1 1 
0 0 1 1 0 
1 0 0 1 0 
1 1 1 1 0 
0 1 0 0 0 
1 0 0 1 1 
1 0 1 0 1 
0 0 0 0 0 
0 0 1 0 0 
0 1 1 0 0 
0 0 0 0 0 
1 1 0 0 0 

JOBS [5] - [0, 1, 10, 12, 14]
TOOL SWITCHES : 5
MAKESPAN : 33

- MACHINE [2]

0 0 1 0 1 0 1 
0 0 0 1 1 1 0 
0 0 0 0 0 0 0 
1 0 0 0 0 0 0 
0 1 0 1 1 0 0 
1 0 0 1 0 0 0 
0 0 0 0 1 1 1 
1 1 1 1 0 1 0 
0 0 0 1 0 0 1 
1 0 1 0 0 0 0 
0 0 0 0 0 0 0 
0 1 1 0 0 1 0 
0 1 0 0 0 1 0 
0 0 0 0 0 0 0 
1 0 0 1 0 1 0 
0 1 1 0 0 0 1 
0 0 0 0 0 0 0 
1 0 1 0 1 1 0 
0 0 0 0 1 0 0 
0 1 0 0 0 0 1 

JOBS [7] - [9, 2, 6, 5, 8, 3, 4]
TOOL SWITCHES : 3
MAKESPAN : 30

# -------------------------- #

--- TOTAL TOOL SWITCHES : 15
--- HIGHEST MAKESPAN : 33
--- TOTAL FLOWTIME : 249
--- RUNNING TIME : 1.86694

# -------------------------- #
RUN : 1 - instancias_txt/SSP-NPM-I/ins135_m=3_j=15_t=20_var=15.txt

- MACHINE [0]

0 0 0 0 1 
0 0 1 1 0 
0 0 0 0 0 
0 0 0 0 1 
1 0 0 0 0 
0 0 0 0 0 
1 1 1 1 1 
0 1 0 1 0 
0 0 0 0 0 
0 0 1 1 0 
1 0 0 0 0 
0 0 0 0 1 
0 0 1 0 0 
0 0 0 0 1 
0 1 0 0 0 
1 0 0 0 1 
1 1 1 0 0 
0 1 1 1 0 
0 0 0 0 0 
0 1 0 0 0 

JOBS [5] - [2, 7, 0, 8, 11]
TOOL SWITCHES : 10
MAKESPAN : 36

- MACHINE [1]

0 0 1 1 0 
0 1 0 0 0 
0 1 1 1 1 
0 0 0 0 0 
1 1 0 0 0 
0 0 0 1 1 
1 0 1 0 1 
0 1 0 0 1 
1 0 0 1 0 
0 0 0 0 1 
0 0 0 0 0 
0 0 0 0 0 
0 0 1 0 0 
1 1 1 0 0 
1 0 0 0 0 
0 0 1 1 0 
0 0 0 0 0 
1 1 1 0 0 
0 0 0 0 0 
0 0 0 1 0 

JOBS [5] - [13, 14, 5, 10, 4]
TOOL SWITCHES : 5
MAKESPAN : 36

- MACHINE [2]

0 1 1 0 0 
0 0 0 0 0 
1 0 1 0 0 
0 0 0 1 1 
0 0 1 0 1 
0 0 0 0 0 
0 1 1 0 1 
1 0 0 0 0 
0 1 0 0 0 
0 1 0 0 1 
0 0 0 1 0 
1 1 0 1 1 
0 0 1 0 0 
0 0 0 1 0 
0 0 0 0 1 
1 1 0 0 0 
0 0 0 0 0 
1 0 0 1 0 
1 0 0 1 1 
0 0 1 0 0 

JOBS [5] - [6, 12, 9, 3, 1]
TOOL SWITCHES : 4
MAKESPAN : 36

# -------------------------- #

--- TOTAL TOOL SWITCHES : 19
--- HIGHEST MAKESPAN : 36
--- TOTAL FLOWTIME : 270
--- RUNNING TIME : 1.92408

# -------------------------- #
RUN : 1 - instancias_txt/SSP-NPM-I/ins136_m=3_j=15_t=20_var=16.txt

- MACHINE [0]

1 1 1 0 1 
0 0 0 0 0 
0 0 0 1 1 
0 0 0 0 0 
1 0 0 0 0 
0 0 0 1 1 
1 1 0 0 1 
1 0 1 1 0 
0 0 0 1 1 
0 0 0 1 1 
0 1 1 0 0 
0 0 0 0 0 
1 1 0 0 0 
0 0 1 0 0 
0 0 0 0 0 
0 1 0 1 0 
0 0 0 0 0 
0 0 0 0 1 
0 0 0 0 0 
1 0 1 0 0 

JOBS [5] - [10, 8, 7, 14, 4]
TOOL SWITCHES : 8
MAKESPAN : 31

- MACHINE [1]

0 0 0 1 0 
0 0 1 1 0 
0 0 0 0 0 
0 1 0 1 1 
1 1 0 0 0 
1 0 1 0 0 
0 1 0 0 1 
0 0 0 0 0 
0 0 0 0 0 
0 0 0 0 0 
1 1 0 1 0 
1 0 1 0 1 
0 1 1 1 1 
0 1 0 0 1 
1 1 1 0 0 
0 0 0 1 1 
1 0 0 0 0 
0 0 0 0 0 
0 0 0 0 0 
0 0 1 0 0 

JOBS [5] - [2, 0, 12, 3, 9]
TOOL SWITCHES : 4
MAKESPAN : 32

- MACHINE [2]

0 0 0 0 0 
0 0 0 0 0 
0 1 1 1 0 
1 0 0 1 1 
0 0 0 0 0 
1 0 1 0 0 
0 0 0 0 0 
1 1 0 1 0 
0 0 0 1 1 
1 0 1 0 0 
1 0 0 0 0 
1 1 0 0 0 
0 0 0 0 0 
0 0 1 0 0 
0 1 1 0 0 
0 1 0 0 0 
0 0 0 0 1 
0 0 0 0 1 
0 1 1 0 0 
0 1 1 1 1 

JOBS [5] - [1, 5, 13, 6, 11]
TOOL SWITCHES : 2
MAKESPAN : 31

# -------------------------- #

--- TOTAL TOOL SWITCHES : 14
--- HIGHEST MAKESPAN : 32
--- TOTAL FLOWTIME : 235
--- RUNNING TIME : 2.26392

# -------------------------- #
RUN : 1 - instancias_txt/SSP-NPM-I/ins137_m=3_j=15_t=20_var=17.txt

- MACHINE [0]

0 0 0 0 
0 0 0 0 
0 0 1 0 
0 1 1 1 
0 0 0 1 
0 1 1 0 
0 0 0 0 
1 0 0 1 
1 0 0 0 
0 0 0 1 
0 0 0 0 
1 1 1 0 
0 1 1 0 
1 1 0 0 
0 1 1 1 
0 0 0 0 
1 0 0 0 
0 1 0 1 
1 0 0 0 
0 0 0 0 

JOBS [4] - [7, 0, 14, 8]
TOOL SWITCHES : 8
MAKESPAN : 27

- MACHINE [1]

0 0 0 0 1 
1 0 1 1 1 
1 0 1 0 0 
0 0 0 1 0 
0 0 0 0 0 
0 0 0 0 0 
0 0 0 0 0 
0 0 1 0 0 
1 1 1 0 0 
0 1 0 0 1 
0 0 0 0 0 
1 1 0 0 0 
0 0 1 1 1 
0 0 0 0 0 
0 0 0 1 0 
1 0 0 1 0 
0 0 0 0 0 
0 0 0 0 1 
1 1 0 0 0 
0 1 1 0 1 

JOBS [5] - [6, 5, 13, 9, 10]
TOOL SWITCHES : 4
MAKESPAN : 26

- MACHINE [2]

0 1 1 1 1 0 
1 0 0 1 0 1 
1 0 1 0 0 1 
0 0 0 1 0 1 
0 0 0 0 1 0 
1 0 1 1 1 0 
0 1 0 1 0 0 
0 0 0 0 1 0 
1 0 0 0 0 0 
1 1 1 0 0 0 
0 0 0 0 0 0 
0 0 0 0 0 0 
0 1 0 0 0 0 
0 0 0 0 0 0 
0 1 1 0 0 1 
0 0 1 0 1 0 
0 0 0 0 0 0 
0 0 0 0 0 1 
0 1 1 0 0 0 
1 0 0 0 1 0 

JOBS [6] - [2, 1, 12, 11, 3, 4]
TOOL SWITCHES : 3
MAKESPAN : 27

# -------------------------- #

--- TOTAL TOOL SWITCHES : 15
--- HIGHEST MAKESPAN : 27
--- TOTAL FLOWTIME : 188
--- RUNNING TIME : 2.04071

# -------------------------- #
RUN : 1 - instancias_txt/SSP-NPM-I/ins138_m=3_j=15_t=20_var=18.txt

- MACHINE [0]

0 1 0 0 
0 0 1 0 
0 0 1 1 
0 0 0 0 
0 0 1 0 
0 1 1 1 
0 0 0 0 
0 0 1 1 
0 0 0 0 
0 0 0 1 
1 1 0 0 
0 0 0 1 
0 1 0 0 
1 1 0 0 
0 0 0 0 
1 0 0 1 
1 0 0 0 
0 0 0 0 
0 0 0 0 
1 0 0 0 

JOBS [4] - [3, 10, 1, 13]
TOOL SWITCHES : 7
MAKESPAN : 26

- MACHINE [1]

0 0 1 0 0 
0 0 0 0 1 
0 0 1 0 1 
0 0 0 0 0 
1 1 0 0 0 
0 1 1 0 1 
0 1 0 0 0 
0 0 0 1 0 
0 0 0 1 1 
0 1 0 1 0 
1 1 0 0 0 
1 1 0 1 0 
0 0 0 0 1 
1 0 1 1 1 
0 0 0 0 0 
1 0 1 0 0 
0 0 0 1 0 
0 0 0 0 0 
0 1 1 0 0 
1 0 0 1 0 

JOBS [5] - [4, 7, 9, 8, 12]
TOOL SWITCHES : 7
MAKESPAN : 29

- MACHINE [2]

0 1 1 0 0 1 
1 0 1 1 0 0 
0 0 0 0 1 1 
1 1 1 0 1 0 
0 1 0 1 0 0 
0 0 1 1 0 1 
1 0 0 0 1 1 
1 0 0 0 1 1 
0 0 0 0 1 0 
0 0 0 0 0 0 
1 0 0 0 0 0 
0 0 0 0 0 1 
0 1 0 1 0 0 
0 0 0 0 0 0 
1 1 0 0 0 0 
0 0 0 0 1 0 
1 0 1 0 0 0 
0 0 0 0 0 0 
0 0 0 0 0 0 
0 0 0 1 1 0 

JOBS [6] - [0, 5, 14, 2, 6, 11]
TOOL SWITCHES : 3
MAKESPAN : 29

# -------------------------- #

--- TOTAL TOOL SWITCHES : 17
--- HIGHEST MAKESPAN : 29
--- TOTAL FLOWTIME : 218
--- RUNNING TIME : 1.80033

# -------------------------- #
RUN : 1 - instancias_txt/SSP-NPM-I/ins139_m=3_j=15_t=20_var=19.txt

- MACHINE [0]

0 1 0 1 
1 0 0 0 
1 0 0 0 
1 0 0 0 
0 0 0 0 
0 0 0 0 
0 1 1 1 
1 1 0 0 
0 0 0 0 
0 0 0 1 
1 1 0 0 
0 0 0 0 
0 0 1 1 
1 0 1 0 
0 1 1 0 
0 0 1 0 
1 1 1 1 
0 0 1 0 
0 0 0 1 
0 0 0 0 

JOBS [4] - [3, 1, 6, 0]
TOOL SWITCHES : 9
MAKESPAN : 35

- MACHINE [1]

0 1 0 0 
0 1 1 1 
1 0 0 0 
0 1 1 0 
0 1 0 0 
0 0 0 0 
1 0 0 0 
1 0 0 0 
1 0 0 1 
0 0 0 1 
0 0 1 1 
1 1 0 0 
0 0 1 0 
0 0 0 0 
0 0 1 0 
0 0 0 0 
0 0 0 0 
0 0 1 1 
1 1 1 1 
0 0 0 1 

JOBS [4] - [14, 11, 7, 2]
TOOL SWITCHES : 6
MAKESPAN : 35

- MACHINE [2]

0 0 1 1 1 1 0 
0 0 0 0 0 0 0 
1 1 1 0 0 0 0 
0 0 0 0 0 0 0 
1 0 0 0 0 0 1 
0 0 0 0 0 0 0 
0 0 1 0 0 1 1 
0 1 0 1 1 0 0 
0 0 0 0 1 0 0 
1 0 1 1 0 1 0 
0 0 0 1 1 0 1 
0 0 0 0 0 0 1 
1 0 0 0 1 0 0 
1 1 1 1 0 1 0 
0 0 0 0 0 0 0 
0 1 1 1 1 0 1 
1 0 0 0 0 1 0 
0 0 0 0 0 0 1 
0 1 0 0 0 0 1 
0 0 1 1 0 0 0 

JOBS [7] - [8, 4, 12, 5, 9, 13, 10]
TOOL SWITCHES : 3
MAKESPAN : 34

# -------------------------- #

--- TOTAL TOOL SWITCHES : 18
--- HIGHEST MAKESPAN : 35
--- TOTAL FLOWTIME : 277
--- RUNNING TIME : 1.95257

# -------------------------- #
RUN : 1 - instancias_txt/SSP-NPM-I/ins140_m=3_j=15_t=20_var=20.txt

- MACHINE [0]

0 0 0 0 0 
0 1 1 1 0 
0 0 0 1 1 
0 0 0 0 0 
0 0 0 0 1 
0 0 0 0 0 
0 0 0 0 0 
0 0 0 1 0 
0 0 0 1 0 
1 1 1 1 0 
1 1 0 1 0 
1 0 0 0 0 
0 1 1 0 1 
0 0 0 0 0 
1 1 1 0 1 
0 0 0 0 0 
0 0 1 1 1 
0 0 0 0 0 
1 0 0 0 0 
0 1 1 0 0 

JOBS [5] - [2, 7, 8, 4, 11]
TOOL SWITCHES : 8
MAKESPAN : 30

- MACHINE [1]

0 1 0 1 
0 0 0 0 
0 0 0 0 
0 0 1 0 
0 0 0 0 
1 1 0 0 
1 1 0 0 
1 0 0 1 
1 0 1 0 
1 0 0 0 
0 1 0 0 
0 0 0 0 
0 0 0 0 
0 0 0 0 
0 0 0 0 
0 0 1 1 
0 1 1 1 
0 0 1 0 
1 0 1 1 
0 0 0 1 

JOBS [4] - [6, 13, 9, 0]
TOOL SWITCHES : 3
MAKESPAN : 31

- MACHINE [2]

0 1 1 1 0 0 
1 1 0 0 0 0 
1 0 0 1 0 0 
1 0 0 1 1 0 
0 0 0 0 0 1 
0 0 0 1 0 0 
1 1 0 0 1 0 
1 0 1 1 0 0 
0 0 0 0 1 1 
0 0 0 0 0 1 
1 0 1 0 0 0 
0 0 0 0 0 0 
0 1 0 0 1 0 
0 0 1 1 0 1 
0 1 0 0 1 1 
0 0 0 0 1 1 
0 0 0 1 0 1 
0 0 0 0 0 0 
0 0 1 0 0 0 
0 0 0 0 0 0 

JOBS [6] - [5, 1, 3, 10, 12, 14]
TOOL SWITCHES : 4
MAKESPAN : 31

# -------------------------- #

--- TOTAL TOOL SWITCHES : 15
--- HIGHEST MAKESPAN : 31
--- TOTAL FLOWTIME : 221
--- RUNNING TIME : 2.05303

# -------------------------- #


avg : 31.55
