RUN : 1 - instancias_txt/SSP-NPM-I/ins121_m=3_j=15_t=20_var=1.txt

- MACHINE [0]

0 1 0 0 
1 1 0 1 
1 0 0 0 
0 0 0 0 
0 0 1 0 
0 0 1 1 
0 0 0 0 
1 0 0 0 
0 0 0 0 
0 0 0 0 
0 0 0 1 
1 1 0 0 
1 0 1 1 
0 0 0 0 
1 0 1 1 
1 1 1 1 
0 1 0 0 
0 1 1 0 
0 0 1 1 
0 0 0 0 

JOBS [4] - [5, 8, 3, 4]
TOOL SWITCHES : 9
MAKESPAN : 37

- MACHINE [1]

0 0 0 0 1 
0 0 0 0 0 
0 0 0 0 0 
0 0 1 0 1 
0 1 1 1 1 
0 0 0 0 0 
0 0 1 1 0 
1 1 1 0 0 
0 0 0 1 0 
1 1 0 1 0 
0 1 0 0 0 
1 0 1 0 1 
1 0 0 1 0 
1 0 0 0 0 
0 1 1 0 0 
0 0 0 0 0 
0 0 0 1 1 
0 0 0 0 1 
1 1 0 0 1 
1 0 1 1 0 

JOBS [5] - [12, 11, 2, 7, 14]
TOOL SWITCHES : 6
MAKESPAN : 39

- MACHINE [2]

0 0 1 1 1 0 
1 0 0 1 0 0 
0 0 0 0 1 0 
0 1 0 0 0 0 
0 1 0 0 1 0 
0 1 0 0 1 0 
0 0 0 0 1 1 
0 0 0 0 0 0 
1 0 1 0 0 0 
0 0 0 0 0 0 
0 0 0 1 0 1 
0 0 0 0 0 0 
1 0 0 0 0 1 
1 0 1 0 1 0 
1 0 1 0 0 1 
0 0 0 0 0 0 
0 1 0 1 1 0 
0 1 0 1 0 1 
1 0 1 0 0 1 
0 1 0 1 0 0 

JOBS [6] - [1, 0, 13, 6, 9, 10]
TOOL SWITCHES : 3
MAKESPAN : 41

# -------------------------- #

--- TOTAL TOOL SWITCHES : 18
--- HIGHEST MAKESPAN : 41
--- TOTAL FLOWTIME : 324
--- RUNNING TIME : 1.66309

# -------------------------- #
RUN : 1 - instancias_txt/SSP-NPM-I/ins122_m=3_j=15_t=20_var=2.txt

- MACHINE [0]

0 0 0 0 
1 0 0 0 
1 1 0 0 
0 0 0 0 
0 1 1 1 
1 0 0 0 
0 0 0 0 
0 1 1 1 
1 0 0 0 
1 0 0 0 
0 0 0 0 
0 0 0 0 
0 0 1 1 
0 0 0 0 
0 0 0 0 
1 0 1 1 
0 1 0 1 
0 0 1 0 
0 0 0 1 
1 1 0 0 

JOBS [4] - [6, 3, 9, 13]
TOOL SWITCHES : 6
MAKESPAN : 27

- MACHINE [1]

0 1 1 0 1 0 
0 0 0 0 0 0 
0 0 1 1 1 1 
0 0 0 0 0 0 
1 1 0 1 0 0 
0 1 0 0 1 1 
0 0 0 0 0 0 
0 0 0 0 0 0 
0 0 1 1 0 1 
1 1 0 0 0 0 
1 1 0 0 0 0 
0 0 0 0 0 1 
0 0 0 0 0 0 
0 1 0 1 0 1 
0 0 0 0 0 0 
0 0 0 1 1 0 
1 0 1 1 1 1 
0 0 0 0 0 0 
1 0 0 0 1 0 
0 0 1 0 0 1 

JOBS [6] - [8, 7, 12, 1, 14, 2]
TOOL SWITCHES : 3
MAKESPAN : 26

- MACHINE [2]

1 0 1 0 0 
0 0 1 0 1 
0 0 0 1 0 
0 0 0 1 1 
0 0 0 0 0 
0 0 0 0 1 
0 1 1 1 0 
0 0 0 0 0 
0 0 0 1 0 
0 1 1 0 0 
0 0 0 0 0 
1 1 0 0 0 
0 0 0 0 0 
0 0 0 0 1 
1 1 0 1 0 
1 0 0 1 1 
0 0 0 0 0 
1 1 1 0 0 
0 0 0 0 0 
1 0 0 1 0 

JOBS [5] - [11, 4, 5, 0, 10]
TOOL SWITCHES : 1
MAKESPAN : 26

# -------------------------- #

--- TOTAL TOOL SWITCHES : 10
--- HIGHEST MAKESPAN : 27
--- TOTAL FLOWTIME : 185
--- RUNNING TIME : 2.27929

# -------------------------- #
RUN : 1 - instancias_txt/SSP-NPM-I/ins123_m=3_j=15_t=20_var=3.txt

- MACHINE [0]

0 0 0 0 0 
0 0 1 1 1 
0 0 0 0 1 
1 1 0 1 0 
0 0 0 0 0 
1 1 0 0 1 
1 0 0 0 0 
0 0 0 0 1 
1 1 0 0 0 
0 0 0 1 0 
1 1 1 0 0 
0 0 0 0 0 
0 0 0 0 0 
0 1 1 0 0 
0 0 0 0 0 
0 0 1 1 1 
1 0 1 1 0 
0 0 0 0 0 
1 0 0 0 0 
0 0 0 1 1 

JOBS [5] - [7, 9, 10, 5, 6]
TOOL SWITCHES : 7
MAKESPAN : 30

- MACHINE [1]

1 0 0 0 0 
0 1 0 0 0 
1 0 0 0 0 
0 1 1 0 0 
0 0 0 0 1 
0 0 1 0 1 
1 0 0 1 0 
0 1 1 1 1 
0 0 0 0 0 
1 1 0 0 0 
0 0 0 0 0 
0 0 0 1 1 
0 0 0 0 0 
1 1 0 0 0 
1 0 1 0 1 
0 1 0 0 1 
0 0 1 1 0 
0 1 1 0 0 
0 0 0 0 0 
1 0 0 1 0 

JOBS [5] - [13, 1, 14, 4, 11]
TOOL SWITCHES : 6
MAKESPAN : 30

- MACHINE [2]

0 0 0 0 0 
0 0 0 0 1 
0 0 0 0 0 
0 0 0 1 1 
1 1 0 0 1 
0 1 1 1 1 
0 1 0 0 0 
1 1 0 1 0 
0 0 0 0 0 
0 0 1 0 0 
1 1 0 0 0 
1 0 0 0 0 
1 0 1 0 0 
1 0 1 0 0 
0 1 0 1 0 
0 0 0 0 0 
0 0 0 1 1 
1 0 0 0 0 
0 0 1 0 0 
0 0 0 0 0 

JOBS [5] - [0, 3, 8, 2, 12]
TOOL SWITCHES : 2
MAKESPAN : 28

# -------------------------- #

--- TOTAL TOOL SWITCHES : 15
--- HIGHEST MAKESPAN : 30
--- TOTAL FLOWTIME : 231
--- RUNNING TIME : 2.10346

# -------------------------- #
RUN : 1 - instancias_txt/SSP-NPM-I/ins124_m=3_j=15_t=20_var=4.txt

- MACHINE [0]

0 1 0 0 
1 0 0 0 
0 0 0 0 
0 0 0 0 
0 0 0 0 
0 0 0 0 
1 1 1 0 
1 0 0 0 
0 0 1 1 
0 0 0 0 
0 1 0 1 
0 0 1 1 
0 0 0 0 
1 1 0 0 
0 0 1 1 
0 1 1 0 
1 0 0 0 
0 0 0 1 
1 0 0 0 
0 0 0 0 

JOBS [4] - [2, 0, 3, 10]
TOOL SWITCHES : 6
MAKESPAN : 28

- MACHINE [1]

0 1 1 0 1 0 
0 0 0 1 0 0 
1 1 1 1 1 0 
0 1 1 0 0 0 
0 0 0 0 0 0 
0 0 0 0 0 0 
0 1 0 0 0 0 
0 0 1 1 0 1 
0 0 0 1 0 1 
1 0 0 1 1 1 
1 0 1 1 1 0 
1 0 1 0 0 1 
0 1 0 0 1 1 
0 0 0 0 0 0 
0 0 0 0 0 0 
0 0 0 0 0 0 
0 0 0 0 1 0 
0 0 0 0 0 0 
0 0 0 0 1 1 
1 0 1 0 0 0 

JOBS [6] - [5, 9, 4, 11, 14, 13]
TOOL SWITCHES : 4
MAKESPAN : 28

- MACHINE [2]

1 0 0 0 0 
1 1 1 0 0 
0 0 0 1 1 
0 0 0 0 1 
0 0 1 0 0 
0 0 1 0 1 
1 1 0 0 1 
0 0 0 0 0 
1 0 0 0 1 
0 0 1 0 0 
0 0 0 0 0 
0 1 0 1 0 
0 0 0 1 0 
0 1 0 1 0 
0 0 1 1 0 
0 0 0 0 0 
0 0 0 0 1 
0 0 0 1 0 
0 1 0 0 1 
1 1 0 0 0 

JOBS [5] - [7, 12, 6, 8, 1]
TOOL SWITCHES : 4
MAKESPAN : 28

# -------------------------- #

--- TOTAL TOOL SWITCHES : 14
--- HIGHEST MAKESPAN : 28
--- TOTAL FLOWTIME : 185
--- RUNNING TIME : 2.24479

# -------------------------- #
RUN : 1 - instancias_txt/SSP-NPM-I/ins125_m=3_j=15_t=20_var=5.txt

- MACHINE [0]

1 0 0 0 0 
1 0 0 0 0 
0 0 0 0 0 
0 0 0 0 0 
1 1 0 0 0 
0 1 0 0 0 
0 0 1 1 0 
0 0 1 1 0 
0 0 0 0 0 
0 0 0 0 1 
0 0 0 1 0 
1 1 1 0 0 
0 0 0 0 1 
0 0 0 1 1 
0 0 0 0 1 
1 0 1 0 1 
0 0 1 1 0 
1 1 0 1 0 
0 0 0 0 1 
1 1 1 0 0 

JOBS [5] - [14, 12, 1, 4, 7]
TOOL SWITCHES : 10
MAKESPAN : 34

- MACHINE [1]

1 1 0 1 
1 1 0 0 
1 0 0 0 
0 0 1 1 
0 1 1 0 
1 0 0 0 
0 0 0 0 
0 0 0 0 
0 1 1 1 
0 1 0 1 
0 0 0 0 
0 0 0 0 
0 0 0 0 
0 0 1 0 
0 0 1 0 
1 0 0 0 
1 0 0 1 
0 1 0 0 
1 0 0 1 
0 0 1 0 

JOBS [4] - [5, 3, 6, 2]
TOOL SWITCHES : 5
MAKESPAN : 30

- MACHINE [2]

0 1 0 0 0 1 
0 0 0 0 1 0 
0 0 0 1 0 0 
0 1 1 0 1 0 
0 0 0 0 0 0 
1 1 0 0 1 1 
1 0 1 1 1 0 
0 0 1 1 1 0 
1 0 0 1 0 1 
1 0 1 0 0 0 
0 0 0 1 0 1 
0 0 0 0 0 0 
0 0 1 0 0 1 
1 1 0 0 1 1 
0 0 0 0 0 0 
0 1 0 1 0 0 
0 0 0 1 0 0 
0 0 1 0 0 0 
0 0 0 0 0 0 
0 0 0 0 1 1 

JOBS [6] - [13, 10, 11, 9, 8, 0]
TOOL SWITCHES : 3
MAKESPAN : 34

# -------------------------- #

--- TOTAL TOOL SWITCHES : 18
--- HIGHEST MAKESPAN : 34
--- TOTAL FLOWTIME : 246
--- RUNNING TIME : 2.02722

# -------------------------- #
RUN : 1 - instancias_txt/SSP-NPM-I/ins126_m=3_j=15_t=20_var=6.txt

- MACHINE [0]

1 1 1 0 
1 0 0 0 
0 0 1 0 
0 0 0 0 
0 0 0 1 
0 0 1 0 
1 1 1 0 
1 1 1 0 
0 0 1 1 
0 0 0 1 
0 1 0 0 
0 0 0 0 
0 0 1 1 
0 0 0 0 
1 0 0 0 
0 0 0 1 
0 0 0 0 
0 1 0 0 
1 0 0 0 
0 1 0 0 

JOBS [4] - [10, 1, 12, 6]
TOOL SWITCHES : 9
MAKESPAN : 30

- MACHINE [1]

0 0 0 1 1 
1 1 0 1 0 
0 0 0 0 0 
0 0 0 1 1 
0 0 0 0 0 
1 0 1 0 0 
0 0 0 0 0 
1 0 0 0 0 
0 0 0 0 0 
0 0 0 0 0 
0 1 1 1 1 
0 0 0 0 0 
0 0 1 1 1 
0 0 0 0 1 
0 1 1 0 0 
1 1 1 1 0 
0 1 0 0 0 
1 0 0 0 0 
0 1 1 0 1 
0 1 0 1 1 

JOBS [5] - [9, 3, 0, 5, 7]
TOOL SWITCHES : 4
MAKESPAN : 30

- MACHINE [2]

0 0 0 0 0 0 
0 0 0 0 0 0 
0 0 0 0 0 1 
1 0 0 1 0 0 
1 0 1 0 0 1 
0 0 0 0 0 0 
0 1 0 1 0 0 
1 1 1 0 1 0 
1 0 0 1 0 0 
1 1 1 0 0 0 
0 0 1 0 0 1 
1 0 0 1 1 1 
0 0 0 0 0 0 
0 1 0 0 1 0 
0 1 1 1 1 0 
0 0 0 0 0 0 
0 0 0 0 1 0 
0 0 0 0 1 0 
1 0 1 0 0 1 
0 0 0 0 0 0 

JOBS [6] - [8, 11, 13, 14, 2, 4]
TOOL SWITCHES : 1
MAKESPAN : 30

# -------------------------- #

--- TOTAL TOOL SWITCHES : 14
--- HIGHEST MAKESPAN : 30
--- TOTAL FLOWTIME : 207
--- RUNNING TIME : 2.4522

# -------------------------- #
RUN : 1 - instancias_txt/SSP-NPM-I/ins127_m=3_j=15_t=20_var=7.txt

- MACHINE [0]

0 0 0 0 0 
1 0 0 0 0 
1 1 0 0 0 
1 0 0 0 0 
1 0 0 0 0 
0 1 1 0 1 
0 1 1 1 0 
1 1 0 0 0 
0 0 0 0 1 
0 1 0 0 0 
1 0 1 1 0 
0 0 0 0 1 
0 0 0 1 0 
0 0 1 1 0 
0 0 0 0 1 
0 0 0 0 1 
0 0 0 0 0 
0 0 1 1 0 
0 1 0 1 1 
0 0 0 0 1 

JOBS [5] - [2, 10, 6, 5, 0]
TOOL SWITCHES : 11
MAKESPAN : 32

- MACHINE [1]

1 0 1 0 
0 0 1 0 
0 0 0 0 
1 1 1 0 
0 0 0 0 
0 0 0 1 
1 0 1 1 
1 1 1 0 
0 1 0 1 
0 0 0 1 
0 0 0 0 
0 0 0 0 
1 0 0 0 
0 0 0 0 
0 1 0 0 
0 1 0 0 
0 1 0 0 
0 0 0 0 
0 0 0 1 
0 0 1 0 

JOBS [4] - [1, 13, 12, 14]
TOOL SWITCHES : 4
MAKESPAN : 27

- MACHINE [2]

0 1 0 1 1 0 
0 0 1 1 1 1 
0 0 0 0 0 0 
0 0 0 1 1 0 
0 0 0 0 0 0 
1 0 0 0 1 1 
0 0 0 0 0 0 
1 0 0 0 0 0 
0 0 1 0 0 0 
0 0 0 0 0 0 
0 1 1 1 1 0 
1 0 0 0 0 1 
1 0 0 0 0 1 
0 1 1 0 0 0 
0 0 1 0 0 0 
0 1 1 1 0 0 
0 1 0 0 0 1 
0 0 1 0 0 0 
0 1 0 0 0 0 
1 0 0 1 0 0 

JOBS [6] - [9, 7, 8, 3, 11, 4]
TOOL SWITCHES : 3
MAKESPAN : 32

# -------------------------- #

--- TOTAL TOOL SWITCHES : 18
--- HIGHEST MAKESPAN : 32
--- TOTAL FLOWTIME : 250
--- RUNNING TIME : 2.34639

# -------------------------- #
RUN : 1 - instancias_txt/SSP-NPM-I/ins128_m=3_j=15_t=20_var=8.txt

- MACHINE [0]

0 1 0 0 
1 0 0 0 
0 0 0 1 
0 0 0 0 
0 0 1 0 
0 1 0 0 
1 0 0 0 
1 1 0 0 
0 0 0 1 
0 0 0 1 
0 0 1 0 
0 0 0 0 
0 0 0 0 
1 0 0 1 
0 1 0 0 
1 0 0 1 
0 0 1 0 
0 0 0 0 
1 1 1 0 
0 1 1 1 

JOBS [4] - [7, 8, 3, 13]
TOOL SWITCHES : 10
MAKESPAN : 37

- MACHINE [1]

0 0 0 1 1 0 
0 0 0 1 0 1 
0 0 0 0 0 0 
0 0 1 0 0 1 
0 0 0 0 1 1 
1 0 1 0 1 0 
0 0 0 0 1 0 
0 0 0 0 0 0 
0 0 0 0 0 0 
0 0 0 1 0 0 
1 0 1 1 0 0 
1 0 0 0 0 0 
0 1 0 0 1 1 
0 0 1 1 0 0 
1 1 1 0 1 1 
1 1 0 0 0 0 
0 0 0 0 0 0 
0 1 1 0 0 0 
1 1 1 1 0 1 
0 0 0 0 0 0 

JOBS [6] - [14, 1, 12, 0, 5, 2]
TOOL SWITCHES : 5
MAKESPAN : 38

- MACHINE [2]

0 1 1 0 0 
0 0 0 0 1 
0 0 1 0 0 
0 0 0 1 1 
1 0 1 0 0 
0 0 0 0 0 
0 0 0 0 0 
0 0 1 1 0 
1 1 1 1 1 
1 0 0 1 1 
0 0 0 0 0 
0 0 0 1 0 
0 0 0 1 0 
0 1 0 0 1 
0 1 0 0 1 
1 0 1 0 0 
0 1 1 0 1 
1 0 0 0 0 
0 0 0 0 0 
0 1 0 1 0 

JOBS [5] - [6, 11, 10, 4, 9]
TOOL SWITCHES : 3
MAKESPAN : 38

# -------------------------- #

--- TOTAL TOOL SWITCHES : 18
--- HIGHEST MAKESPAN : 38
--- TOTAL FLOWTIME : 270
--- RUNNING TIME : 2.06835

# -------------------------- #
RUN : 1 - instancias_txt/SSP-NPM-I/ins129_m=3_j=15_t=20_var=9.txt

- MACHINE [0]

1 0 0 0 
0 0 0 1 
0 0 0 1 
0 0 0 0 
0 1 0 0 
0 0 1 0 
0 0 0 0 
1 1 0 0 
0 1 1 0 
0 0 1 0 
0 0 0 0 
0 0 1 1 
0 1 0 0 
0 0 1 0 
0 1 0 1 
0 0 0 1 
1 0 0 0 
1 1 0 0 
1 0 1 0 
0 0 0 0 

JOBS [4] - [6, 5, 1, 14]
TOOL SWITCHES : 9
MAKESPAN : 28

- MACHINE [1]

0 0 1 0 0 
0 0 0 0 0 
1 0 1 0 0 
0 0 0 0 0 
1 0 0 0 0 
0 1 0 0 1 
0 0 0 0 0 
0 0 0 1 0 
1 1 0 0 0 
0 0 0 0 0 
0 0 0 0 0 
0 0 0 0 1 
1 1 1 1 0 
0 0 1 0 1 
0 0 0 0 0 
0 0 0 0 1 
0 1 0 1 0 
1 1 1 1 1 
1 0 0 1 0 
0 1 1 1 1 

JOBS [5] - [13, 0, 10, 11, 12]
TOOL SWITCHES : 4
MAKESPAN : 27

- MACHINE [2]

1 0 0 0 0 0 
0 1 0 0 1 1 
0 0 0 0 0 0 
1 0 0 1 0 1 
0 1 1 0 0 0 
0 0 0 1 0 0 
0 0 1 0 0 0 
0 0 0 1 1 0 
0 0 1 0 0 0 
0 0 1 0 0 0 
1 0 0 0 1 1 
1 0 0 0 0 1 
0 0 0 0 0 0 
0 1 0 1 0 0 
1 1 1 0 0 1 
0 0 0 0 0 0 
0 1 1 1 1 0 
0 0 0 0 0 0 
0 0 0 1 1 0 
0 0 0 1 0 0 

JOBS [6] - [9, 8, 2, 7, 3, 4]
TOOL SWITCHES : 3
MAKESPAN : 26

# -------------------------- #

--- TOTAL TOOL SWITCHES : 16
--- HIGHEST MAKESPAN : 28
--- TOTAL FLOWTIME : 196
--- RUNNING TIME : 2.03918

# -------------------------- #
RUN : 1 - instancias_txt/SSP-NPM-I/ins130_m=3_j=15_t=20_var=10.txt

- MACHINE [0]

0 1 0 
1 0 0 
1 1 0 
0 1 0 
1 0 0 
0 0 0 
1 0 0 
0 0 0 
0 1 0 
0 0 0 
0 0 0 
0 0 1 
0 1 1 
0 1 0 
1 0 1 
0 0 1 
0 0 0 
0 0 0 
1 0 1 
1 1 0 

JOBS [3] - [11, 4, 6]
TOOL SWITCHES : 9
MAKESPAN : 33

- MACHINE [1]

1 1 0 1 1 
0 1 0 0 0 
1 0 1 1 0 
0 0 0 0 0 
0 0 0 0 0 
1 1 0 0 0 
0 0 0 0 0 
0 1 1 0 1 
0 0 0 0 0 
0 1 0 1 1 
1 0 1 0 0 
0 0 0 0 1 
0 0 1 1 0 
0 0 1 1 1 
0 0 0 0 0 
1 0 0 0 1 
0 0 1 1 0 
0 0 1 0 0 
1 0 0 0 0 
0 0 0 0 0 

JOBS [5] - [14, 12, 2, 1, 8]
TOOL SWITCHES : 4
MAKESPAN : 32

- MACHINE [2]

0 0 0 1 0 1 0 
1 1 0 0 1 0 1 
0 0 0 0 0 0 0 
0 0 0 0 0 0 0 
1 0 1 0 0 0 0 
0 0 0 1 0 0 1 
0 0 0 0 0 0 0 
0 0 0 0 1 1 1 
0 0 0 1 1 1 0 
1 1 0 0 0 0 0 
0 0 1 0 1 0 0 
0 0 0 0 0 0 0 
0 1 1 0 0 0 1 
1 0 1 0 0 0 1 
0 0 1 0 1 0 1 
0 1 1 0 0 1 0 
0 1 1 1 0 1 1 
1 1 0 0 1 0 0 
0 0 0 0 0 0 0 
0 0 0 1 0 1 0 

JOBS [7] - [7, 9, 3, 13, 10, 5, 0]
TOOL SWITCHES : 2
MAKESPAN : 33

# -------------------------- #

--- TOTAL TOOL SWITCHES : 15
--- HIGHEST MAKESPAN : 33
--- TOTAL FLOWTIME : 273
--- RUNNING TIME : 2.43117

# -------------------------- #
RUN : 1 - instancias_txt/SSP-NPM-I/ins131_m=3_j=15_t=20_var=11.txt

- MACHINE [0]

1 0 0 0 
0 0 0 0 
0 0 0 0 
0 0 1 0 
0 0 1 0 
0 0 1 1 
0 0 0 1 
0 0 0 1 
1 0 0 0 
1 1 0 1 
0 0 1 1 
0 1 0 0 
0 0 0 1 
1 1 0 0 
0 1 0 0 
0 0 0 0 
1 1 1 0 
0 0 0 0 
0 0 0 0 
1 1 1 1 

JOBS [4] - [3, 2, 8, 1]
TOOL SWITCHES : 8
MAKESPAN : 32

- MACHINE [1]

1 0 1 0 0 
0 1 1 1 0 
0 0 0 0 1 
1 0 0 1 0 
1 1 0 0 1 
0 0 0 0 0 
0 0 1 1 0 
0 0 0 0 0 
0 0 0 0 0 
0 0 0 0 0 
0 0 0 0 0 
1 0 1 0 1 
1 1 1 0 1 
1 0 0 1 0 
0 0 0 1 1 
0 0 1 0 1 
0 0 0 0 0 
0 1 0 0 0 
1 0 1 0 1 
0 1 0 0 0 

JOBS [5] - [0, 10, 6, 4, 5]
TOOL SWITCHES : 4
MAKESPAN : 32

- MACHINE [2]

1 1 0 1 0 0 
1 0 0 0 0 1 
0 0 0 0 0 0 
0 0 0 0 0 0 
0 1 0 0 1 1 
0 1 0 0 1 0 
0 0 0 0 0 0 
0 0 1 0 1 0 
1 0 1 1 0 0 
0 0 0 0 0 1 
1 1 1 1 0 1 
0 0 0 1 0 0 
0 0 0 0 0 0 
0 0 0 0 0 0 
1 0 1 1 0 1 
0 0 0 1 0 1 
0 0 1 0 0 0 
0 0 0 0 0 0 
0 0 1 0 1 0 
1 1 0 0 1 0 

JOBS [6] - [7, 12, 13, 14, 9, 11]
TOOL SWITCHES : 1
MAKESPAN : 32

# -------------------------- #

--- TOTAL TOOL SWITCHES : 13
--- HIGHEST MAKESPAN : 32
--- TOTAL FLOWTIME : 251
--- RUNNING TIME : 1.81853

# -------------------------- #
RUN : 1 - instancias_txt/SSP-NPM-I/ins132_m=3_j=15_t=20_var=12.txt

- MACHINE [0]

0 1 1 0 0 
0 0 0 1 0 
0 0 0 0 1 
0 1 1 1 0 
0 0 0 0 0 
0 0 0 0 1 
1 0 1 1 0 
0 1 0 0 0 
0 0 0 0 0 
0 0 0 1 1 
0 0 0 0 1 
1 1 1 0 1 
0 0 0 0 0 
1 1 1 1 1 
1 0 0 0 0 
0 0 0 1 0 
1 1 0 0 0 
0 0 0 0 0 
1 0 0 0 0 
0 0 1 0 0 

JOBS [5] - [13, 2, 11, 5, 12]
TOOL SWITCHES : 9
MAKESPAN : 26

- MACHINE [1]

1 1 0 1 
0 1 0 0 
0 0 0 0 
1 0 0 1 
1 0 1 0 
0 0 0 0 
0 0 0 0 
1 0 1 1 
0 1 1 1 
0 0 0 0 
0 0 0 0 
1 0 0 0 
0 0 1 0 
0 1 0 0 
0 1 0 0 
0 0 0 1 
1 0 0 0 
0 0 1 0 
0 0 0 0 
0 0 0 0 

JOBS [4] - [6, 1, 3, 0]
TOOL SWITCHES : 3
MAKESPAN : 26

- MACHINE [2]

0 0 0 1 0 1 
0 0 0 1 0 0 
1 0 0 0 1 0 
0 1 1 1 0 0 
0 0 1 0 0 1 
0 0 0 0 0 0 
1 0 0 0 1 0 
0 1 0 1 1 0 
0 0 1 0 0 1 
0 1 0 1 1 0 
1 1 1 0 1 1 
0 0 0 0 0 0 
0 0 0 0 0 0 
0 0 0 0 0 0 
1 1 0 1 0 1 
0 0 0 0 1 1 
0 0 0 0 0 0 
1 0 1 0 0 0 
0 0 0 0 0 0 
0 1 1 0 1 0 

JOBS [6] - [8, 10, 9, 4, 7, 14]
TOOL SWITCHES : 1
MAKESPAN : 27

# -------------------------- #

--- TOTAL TOOL SWITCHES : 13
--- HIGHEST MAKESPAN : 27
--- TOTAL FLOWTIME : 222
--- RUNNING TIME : 1.68429

# -------------------------- #
RUN : 1 - instancias_txt/SSP-NPM-I/ins133_m=3_j=15_t=20_var=13.txt

- MACHINE [0]

0 0 0 0 0 
1 1 0 1 1 
1 0 0 0 0 
0 0 0 0 0 
0 0 0 0 1 
0 0 1 0 1 
0 0 0 1 0 
1 0 0 0 0 
0 0 0 1 0 
0 0 1 0 0 
0 0 0 0 0 
1 0 1 1 1 
0 0 0 0 1 
0 1 0 0 1 
0 0 0 0 0 
1 0 0 0 0 
1 1 1 0 0 
0 1 1 0 0 
0 1 0 0 0 
0 0 0 1 0 

JOBS [5] - [6, 0, 2, 4, 11]
TOOL SWITCHES : 9
MAKESPAN : 28

- MACHINE [1]

0 0 1 0 0 
1 0 0 0 0 
0 0 0 0 0 
1 0 0 1 1 
0 0 0 1 1 
0 0 0 0 0 
0 0 0 0 0 
1 1 0 0 0 
0 0 0 0 1 
0 0 0 0 0 
1 0 1 1 0 
1 0 1 1 1 
0 1 0 0 0 
1 1 0 0 1 
0 0 0 1 0 
0 0 0 0 0 
0 1 1 0 0 
0 0 1 0 0 
0 1 0 1 1 
0 1 1 0 1 

JOBS [5] - [12, 3, 13, 10, 5]
TOOL SWITCHES : 5
MAKESPAN : 29

- MACHINE [2]

1 1 0 0 0 
0 0 0 0 0 
0 0 1 0 0 
0 0 0 0 0 
0 0 0 1 0 
0 0 0 1 1 
1 0 1 0 0 
1 0 0 1 1 
0 0 0 0 0 
0 1 0 0 1 
0 0 0 0 0 
1 1 0 1 1 
0 0 0 0 0 
0 0 1 0 0 
0 1 0 0 1 
1 1 0 0 0 
0 0 0 0 0 
0 0 1 1 0 
0 0 1 0 0 
0 0 0 1 0 

JOBS [5] - [1, 7, 14, 8, 9]
TOOL SWITCHES : 1
MAKESPAN : 27

# -------------------------- #

--- TOTAL TOOL SWITCHES : 15
--- HIGHEST MAKESPAN : 29
--- TOTAL FLOWTIME : 217
--- RUNNING TIME : 1.7719

# -------------------------- #
RUN : 1 - instancias_txt/SSP-NPM-I/ins134_m=3_j=15_t=20_var=14.txt

- MACHINE [0]

1 1 0 0 
1 0 0 0 
0 0 0 0 
0 0 0 0 
1 0 1 1 
0 0 0 1 
1 0 0 0 
0 1 0 0 
0 0 0 0 
0 1 1 0 
0 0 1 1 
0 1 0 1 
0 0 1 1 
0 0 0 0 
0 0 0 0 
0 1 0 1 
0 0 1 0 
1 1 1 0 
1 0 0 0 
0 0 0 1 

JOBS [4] - [8, 6, 13, 7]
TOOL SWITCHES : 9
MAKESPAN : 32

- MACHINE [1]

1 0 0 0 0 
0 0 0 0 0 
0 0 0 0 0 
0 1 0 1 0 
0 0 0 0 0 
0 0 1 0 1 
1 1 0 0 0 
0 1 0 1 1 
0 0 1 1 0 
0 0 1 0 1 
1 0 1 0 0 
1 1 1 0 1 
0 1 0 0 0 
1 0 1 1 0 
1 0 0 1 1 
0 0 0 0 0 
0 0 0 0 1 
0 1 0 0 1 
0 0 0 0 0 
1 1 0 0 0 

JOBS [5] - [0, 1, 12, 14, 10]
TOOL SWITCHES : 5
MAKESPAN : 33

- MACHINE [2]

0 0 1 0 0 0 
0 0 0 1 0 1 
1 0 0 0 0 0 
1 1 0 0 0 0 
0 0 0 1 1 0 
0 1 0 1 0 0 
0 0 1 0 0 1 
0 1 0 1 1 1 
1 0 1 1 0 0 
1 1 0 0 0 0 
0 0 0 0 0 0 
0 0 0 0 1 1 
0 0 0 0 1 1 
0 0 0 0 0 0 
0 1 0 1 0 1 
1 0 1 0 1 0 
0 0 0 0 0 0 
1 1 0 0 0 1 
0 0 0 0 0 0 
1 0 1 0 1 0 

JOBS [6] - [11, 9, 4, 5, 2, 3]
TOOL SWITCHES : 3
MAKESPAN : 32

# -------------------------- #

--- TOTAL TOOL SWITCHES : 17
--- HIGHEST MAKESPAN : 33
--- TOTAL FLOWTIME : 262
--- RUNNING TIME : 2.12018

# -------------------------- #
RUN : 1 - instancias_txt/SSP-NPM-I/ins135_m=3_j=15_t=20_var=15.txt

- MACHINE [0]

0 0 0 0 1 
0 1 0 1 0 
0 0 0 0 0 
0 0 0 0 1 
0 0 1 0 0 
0 0 0 0 0 
1 1 1 1 1 
1 1 0 0 0 
0 0 0 0 0 
0 1 0 1 0 
0 0 1 0 0 
0 0 0 0 1 
0 0 0 1 0 
0 0 0 0 1 
1 0 0 0 0 
0 0 1 0 1 
1 0 1 1 0 
1 1 0 1 0 
0 0 0 0 0 
1 0 0 0 0 

JOBS [5] - [7, 8, 2, 0, 11]
TOOL SWITCHES : 10
MAKESPAN : 36

- MACHINE [1]

0 1 0 0 1 
0 0 1 0 0 
1 1 1 0 1 
0 0 0 0 0 
0 0 1 1 0 
1 0 0 0 1 
1 1 0 1 0 
1 0 1 0 0 
0 0 0 1 1 
1 0 0 0 0 
0 0 0 0 0 
0 0 0 0 0 
0 1 0 0 0 
0 1 1 1 0 
0 0 0 1 0 
0 1 0 0 1 
0 0 0 0 0 
0 1 1 1 0 
0 0 0 0 0 
0 0 0 0 1 

JOBS [5] - [4, 5, 14, 13, 10]
TOOL SWITCHES : 5
MAKESPAN : 36

- MACHINE [2]

0 1 0 0 1 
0 0 0 0 0 
0 0 1 0 1 
1 0 0 1 0 
0 0 0 1 1 
0 0 0 0 0 
0 1 0 1 1 
0 0 1 0 0 
0 1 0 0 0 
0 1 0 1 0 
1 0 0 0 0 
1 1 1 1 0 
0 0 0 0 1 
1 0 0 0 0 
0 0 0 1 0 
0 1 1 0 0 
0 0 0 0 0 
1 0 1 0 0 
1 0 1 1 0 
0 0 0 0 1 

JOBS [5] - [3, 12, 6, 1, 9]
TOOL SWITCHES : 4
MAKESPAN : 36

# -------------------------- #

--- TOTAL TOOL SWITCHES : 19
--- HIGHEST MAKESPAN : 36
--- TOTAL FLOWTIME : 264
--- RUNNING TIME : 2.08655

# -------------------------- #
RUN : 1 - instancias_txt/SSP-NPM-I/ins136_m=3_j=15_t=20_var=16.txt

- MACHINE [0]

1 0 0 0 0 
0 0 0 0 0 
1 0 1 1 0 
0 1 1 0 1 
0 0 0 0 0 
1 0 0 1 1 
1 0 0 0 0 
0 0 1 1 1 
1 1 1 1 0 
1 0 0 1 1 
0 0 0 0 1 
0 0 0 0 1 
0 0 0 0 0 
0 0 0 0 0 
0 0 0 0 0 
0 0 0 1 0 
0 1 0 0 0 
1 1 0 0 0 
0 0 0 0 0 
0 1 1 0 0 

JOBS [5] - [4, 11, 6, 14, 1]
TOOL SWITCHES : 8
MAKESPAN : 32

- MACHINE [1]

1 0 0 0 
0 1 0 0 
0 0 1 1 
0 0 0 0 
0 0 0 0 
0 1 1 0 
0 0 0 0 
1 0 0 1 
0 0 0 0 
0 0 1 0 
1 0 0 0 
0 1 0 1 
0 1 0 0 
1 0 1 0 
0 1 1 1 
0 0 0 1 
0 0 0 0 
0 0 0 0 
0 0 1 1 
1 1 1 1 

JOBS [4] - [7, 12, 13, 5]
TOOL SWITCHES : 4
MAKESPAN : 33

- MACHINE [2]

1 1 0 0 1 0 
1 0 0 0 0 0 
0 0 0 0 0 0 
1 0 1 0 0 1 
0 1 1 1 0 0 
0 0 0 1 0 0 
0 1 1 0 1 1 
0 1 0 0 0 0 
0 0 0 0 0 0 
0 0 0 0 0 0 
1 0 1 1 1 0 
0 0 0 1 0 1 
1 1 1 0 1 1 
0 0 1 0 0 1 
0 0 1 1 0 0 
1 0 0 0 1 1 
0 0 0 1 0 0 
0 0 0 0 0 0 
0 0 0 0 0 0 
0 1 0 0 0 0 

JOBS [6] - [3, 10, 0, 2, 8, 9]
TOOL SWITCHES : 2
MAKESPAN : 32

# -------------------------- #

--- TOTAL TOOL SWITCHES : 14
--- HIGHEST MAKESPAN : 33
--- TOTAL FLOWTIME : 256
--- RUNNING TIME : 1.8357

# -------------------------- #
RUN : 1 - instancias_txt/SSP-NPM-I/ins137_m=3_j=15_t=20_var=17.txt

- MACHINE [0]

0 0 0 0 
1 0 0 1 
1 1 0 1 
1 1 1 0 
0 0 0 0 
0 1 1 0 
0 0 0 0 
0 0 0 0 
0 0 0 1 
0 0 0 0 
0 0 0 0 
0 1 1 1 
0 1 1 0 
0 0 1 0 
1 1 1 0 
0 0 0 1 
0 0 0 0 
1 0 1 0 
0 0 0 1 
0 0 0 0 

JOBS [4] - [4, 14, 0, 6]
TOOL SWITCHES : 7
MAKESPAN : 26

- MACHINE [1]

1 1 0 1 1 0 
0 1 1 1 0 0 
0 0 0 0 0 0 
0 0 1 1 0 1 
0 0 0 0 1 1 
0 0 0 1 1 0 
1 0 0 1 0 0 
0 0 0 0 1 1 
0 0 0 0 0 0 
1 1 0 0 0 1 
0 0 0 0 0 0 
0 0 0 0 0 0 
1 1 1 0 0 0 
0 0 0 0 0 0 
1 0 1 0 0 1 
0 0 1 0 1 0 
0 0 0 0 0 0 
0 1 0 0 0 1 
1 0 0 0 0 0 
0 1 0 0 1 0 

JOBS [6] - [1, 10, 9, 11, 3, 8]
TOOL SWITCHES : 4
MAKESPAN : 27

- MACHINE [2]

1 0 0 0 0 
0 0 1 0 1 
1 0 1 0 1 
0 0 0 0 0 
0 0 0 0 0 
1 0 0 0 1 
0 0 0 0 0 
0 0 1 1 0 
0 1 1 1 1 
1 1 0 0 1 
0 0 0 0 0 
0 1 0 1 0 
0 0 1 0 0 
0 0 0 1 0 
1 0 0 0 0 
1 0 0 0 0 
0 0 0 1 0 
0 0 0 0 0 
1 1 0 1 0 
0 1 1 0 1 

JOBS [5] - [12, 5, 13, 7, 2]
TOOL SWITCHES : 2
MAKESPAN : 24

# -------------------------- #

--- TOTAL TOOL SWITCHES : 13
--- HIGHEST MAKESPAN : 27
--- TOTAL FLOWTIME : 194
--- RUNNING TIME : 2.20805

# -------------------------- #
RUN : 1 - instancias_txt/SSP-NPM-I/ins138_m=3_j=15_t=20_var=18.txt

- MACHINE [0]

0 0 1 0 
1 0 0 0 
1 1 0 0 
0 0 0 0 
1 0 0 0 
1 1 1 0 
0 0 0 0 
1 1 0 0 
0 0 0 0 
0 1 0 0 
0 0 1 1 
0 1 0 0 
0 0 1 0 
0 0 1 1 
0 0 0 0 
0 1 0 1 
0 0 0 1 
0 0 0 0 
0 0 0 0 
0 0 0 1 

JOBS [4] - [1, 13, 10, 3]
TOOL SWITCHES : 7
MAKESPAN : 26

- MACHINE [1]

1 0 0 0 0 
0 1 0 0 0 
1 1 0 0 0 
0 0 0 0 0 
0 0 1 1 0 
1 1 0 1 0 
0 0 0 1 0 
0 0 0 0 1 
0 1 0 0 1 
0 0 0 1 1 
0 0 1 1 0 
0 0 1 1 1 
0 1 0 0 0 
1 1 1 0 1 
0 0 0 0 0 
1 0 1 0 0 
0 0 0 0 1 
0 0 0 0 0 
1 0 0 1 0 
0 0 1 0 1 

JOBS [5] - [9, 12, 4, 7, 8]
TOOL SWITCHES : 7
MAKESPAN : 29

- MACHINE [2]

0 0 1 0 1 1 
1 1 1 0 0 0 
0 0 0 1 1 0 
1 0 1 1 0 1 
0 1 0 0 0 1 
0 1 1 0 1 0 
1 0 0 1 1 0 
1 0 0 1 1 0 
0 0 0 1 0 0 
0 0 0 0 0 0 
1 0 0 0 0 0 
0 0 0 0 1 0 
0 1 0 0 0 1 
0 0 0 0 0 0 
1 0 0 0 0 1 
0 0 0 1 0 0 
1 0 1 0 0 0 
0 0 0 0 0 0 
0 0 0 0 0 0 
0 1 0 1 0 0 

JOBS [6] - [0, 2, 14, 6, 11, 5]
TOOL SWITCHES : 3
MAKESPAN : 29

# -------------------------- #

--- TOTAL TOOL SWITCHES : 17
--- HIGHEST MAKESPAN : 29
--- TOTAL FLOWTIME : 227
--- RUNNING TIME : 1.95339

# -------------------------- #
RUN : 1 - instancias_txt/SSP-NPM-I/ins139_m=3_j=15_t=20_var=19.txt

- MACHINE [0]

0 1 1 0 
1 0 0 1 
1 0 0 0 
1 0 0 0 
0 0 0 0 
0 0 0 0 
0 1 1 0 
1 1 0 0 
0 0 0 1 
0 0 1 1 
1 1 0 1 
0 0 0 0 
0 0 1 0 
1 0 0 0 
0 1 0 0 
0 0 0 0 
1 1 1 0 
0 0 0 1 
0 0 1 1 
0 0 0 1 

JOBS [4] - [3, 1, 0, 2]
TOOL SWITCHES : 10
MAKESPAN : 35

- MACHINE [1]

0 0 1 0 
0 0 1 1 
0 0 0 0 
0 0 1 1 
0 1 1 0 
0 0 0 0 
1 1 0 0 
0 0 0 0 
0 0 0 0 
0 0 0 0 
0 1 0 1 
0 1 1 0 
1 0 0 1 
1 0 0 0 
1 0 0 1 
1 1 0 0 
1 0 0 0 
1 1 0 1 
0 1 1 1 
0 0 0 0 

JOBS [4] - [6, 10, 11, 7]
TOOL SWITCHES : 4
MAKESPAN : 34

- MACHINE [2]

0 1 0 1 1 1 0 
0 0 0 0 0 0 0 
1 0 1 0 1 0 1 
0 0 0 0 0 0 0 
1 0 0 0 0 0 0 
0 0 0 0 0 0 0 
0 1 0 0 1 0 1 
0 0 1 1 0 1 1 
0 0 0 0 0 1 1 
1 1 0 1 1 0 0 
0 0 0 1 0 1 0 
0 0 0 0 0 0 1 
1 0 0 0 0 1 0 
1 1 1 1 1 0 0 
0 0 0 0 0 0 0 
0 0 1 1 1 1 0 
1 1 0 0 0 0 0 
0 0 0 0 0 0 0 
0 0 1 0 0 0 1 
0 0 0 1 1 0 0 

JOBS [7] - [8, 13, 4, 5, 12, 9, 14]
TOOL SWITCHES : 2
MAKESPAN : 33

# -------------------------- #

--- TOTAL TOOL SWITCHES : 16
--- HIGHEST MAKESPAN : 35
--- TOTAL FLOWTIME : 272
--- RUNNING TIME : 1.96124

# -------------------------- #
RUN : 1 - instancias_txt/SSP-NPM-I/ins140_m=3_j=15_t=20_var=20.txt

- MACHINE [0]

0 0 0 1 1 
1 1 0 0 0 
0 0 0 0 1 
0 0 0 0 1 
0 0 0 0 0 
0 0 0 0 1 
0 0 0 0 0 
0 0 0 1 1 
0 0 0 0 0 
1 1 1 0 0 
0 1 1 1 0 
0 0 1 0 0 
1 1 0 0 0 
0 0 0 1 1 
1 1 1 0 0 
0 0 0 0 0 
1 0 0 0 1 
0 0 0 0 0 
0 0 1 1 0 
1 1 0 0 0 

JOBS [5] - [8, 7, 2, 3, 10]
TOOL SWITCHES : 8
MAKESPAN : 29

- MACHINE [1]

0 0 1 1 
0 0 0 0 
0 0 0 0 
1 0 0 0 
0 0 0 0 
0 1 1 0 
0 1 1 0 
0 1 0 1 
1 1 0 0 
0 1 0 0 
0 0 1 0 
0 0 0 0 
0 0 0 0 
0 0 0 0 
0 0 0 0 
1 0 0 1 
1 0 1 1 
1 0 0 0 
1 1 0 1 
0 0 0 1 

JOBS [4] - [9, 6, 13, 0]
TOOL SWITCHES : 3
MAKESPAN : 31

- MACHINE [2]

0 0 0 0 1 0 
1 1 0 0 1 0 
1 1 0 1 0 0 
1 0 0 0 0 1 
0 0 1 1 0 0 
0 0 0 0 0 0 
1 0 0 0 1 1 
1 1 0 0 0 0 
0 1 1 0 0 1 
0 1 1 0 0 0 
1 1 0 0 0 0 
0 0 0 0 0 0 
0 0 0 1 1 1 
0 0 1 0 0 0 
0 0 1 1 1 1 
0 0 1 0 0 1 
0 1 1 1 0 0 
0 0 0 0 0 0 
0 0 0 0 0 0 
0 0 0 0 0 0 

JOBS [6] - [5, 4, 14, 11, 1, 12]
TOOL SWITCHES : 2
MAKESPAN : 29

# -------------------------- #

--- TOTAL TOOL SWITCHES : 13
--- HIGHEST MAKESPAN : 31
--- TOTAL FLOWTIME : 237
--- RUNNING TIME : 1.86813

# -------------------------- #


avg : 31.65
