RUN : 1 - instancias_txt/SSP-NPM-I/ins121_m=3_j=15_t=20_var=1.txt

- MACHINE [0]

1 1 0 0 
0 1 0 1 
0 0 0 1 
1 0 0 0 
1 0 1 0 
0 0 1 0 
0 0 0 0 
0 0 0 1 
0 0 0 0 
0 0 0 0 
0 0 0 0 
1 1 0 1 
0 0 1 1 
0 0 0 0 
0 0 1 1 
0 1 1 1 
1 1 0 0 
1 1 1 0 
1 0 1 0 
0 0 0 0 

JOBS [4] - [14, 8, 3, 5]
TOOL SWITCHES : 10
MAKESPAN : 41

- MACHINE [1]

0 0 0 0 0 
1 0 0 0 0 
0 0 0 0 0 
0 0 0 0 1 
0 1 1 0 1 
1 0 0 0 0 
0 0 1 0 1 
0 1 0 1 1 
0 0 1 0 0 
0 1 1 1 0 
1 1 0 0 0 
0 0 0 1 1 
1 0 1 1 0 
0 0 0 1 0 
1 1 0 0 1 
1 0 0 0 0 
0 0 1 0 0 
0 0 0 0 0 
1 1 0 1 0 
0 0 1 1 1 

JOBS [5] - [4, 11, 7, 12, 2]
TOOL SWITCHES : 7
MAKESPAN : 41

- MACHINE [2]

1 0 1 0 1 0 
0 0 1 1 0 0 
0 0 0 0 1 0 
0 0 0 0 0 1 
0 0 0 0 1 1 
0 0 0 0 1 1 
0 1 0 0 1 0 
0 0 0 0 0 0 
1 0 0 1 0 0 
0 0 0 0 0 0 
0 1 1 0 0 0 
0 0 0 0 0 0 
0 1 0 1 0 0 
1 0 0 1 1 0 
1 1 0 1 0 0 
0 0 0 0 0 0 
0 0 1 0 1 1 
0 1 1 0 0 1 
1 1 0 1 0 0 
0 0 1 0 0 1 

JOBS [6] - [13, 10, 6, 1, 9, 0]
TOOL SWITCHES : 3
MAKESPAN : 41

# -------------------------- #

--- TOTAL TOOL SWITCHES : 20
--- HIGHEST MAKESPAN : 41
--- TOTAL FLOWTIME : 312
--- RUNNING TIME : 1.14681

# -------------------------- #
RUN : 1 - instancias_txt/SSP-NPM-I/ins122_m=3_j=15_t=20_var=2.txt

- MACHINE [0]

0 0 0 0 
0 0 0 0 
1 1 0 0 
1 0 0 0 
0 1 1 1 
0 0 0 0 
1 0 0 0 
0 1 1 1 
1 0 0 0 
0 0 0 0 
0 0 0 0 
0 0 0 0 
0 0 1 1 
0 0 0 0 
1 0 0 0 
1 0 1 1 
0 1 1 0 
0 0 0 1 
0 0 1 0 
1 1 0 0 

JOBS [4] - [0, 3, 13, 9]
TOOL SWITCHES : 6
MAKESPAN : 27

- MACHINE [1]

0 1 1 0 0 1 
0 0 0 0 0 0 
1 1 1 1 0 0 
0 0 0 0 0 0 
1 0 0 0 1 1 
0 0 1 1 0 1 
0 0 0 0 0 0 
0 0 0 0 0 0 
1 1 0 1 0 0 
0 0 0 0 1 1 
0 0 0 0 1 1 
0 0 0 1 0 0 
0 0 0 0 0 0 
1 0 0 1 0 1 
0 0 0 0 0 0 
1 0 1 0 0 0 
1 1 1 1 1 0 
0 0 0 0 0 0 
0 0 1 0 1 0 
0 1 0 1 0 0 

JOBS [6] - [1, 12, 14, 2, 8, 7]
TOOL SWITCHES : 3
MAKESPAN : 26

- MACHINE [2]

0 1 0 0 1 
0 0 1 1 1 
0 0 0 1 0 
0 0 1 0 0 
0 0 0 0 0 
0 0 1 1 0 
1 0 0 0 1 
0 0 0 0 0 
0 0 0 1 0 
1 0 0 1 1 
0 0 0 0 0 
1 1 0 0 0 
0 0 0 0 0 
0 0 1 0 0 
1 1 0 0 0 
0 1 1 1 0 
0 0 0 0 0 
1 1 0 0 1 
0 0 0 0 0 
0 1 0 1 0 

JOBS [5] - [4, 11, 10, 6, 5]
TOOL SWITCHES : 1
MAKESPAN : 27

# -------------------------- #

--- TOTAL TOOL SWITCHES : 10
--- HIGHEST MAKESPAN : 27
--- TOTAL FLOWTIME : 221
--- RUNNING TIME : 0.902768

# -------------------------- #
RUN : 1 - instancias_txt/SSP-NPM-I/ins123_m=3_j=15_t=20_var=3.txt

- MACHINE [0]

0 0 0 0 
1 1 0 0 
0 1 0 0 
1 0 0 1 
0 0 0 0 
0 1 0 1 
0 0 1 1 
0 1 1 0 
0 0 0 1 
1 0 0 0 
0 0 0 1 
0 0 1 0 
0 0 0 0 
0 0 0 0 
0 0 0 0 
1 1 0 0 
1 0 1 1 
0 0 0 0 
0 0 0 1 
1 1 1 0 

JOBS [4] - [5, 6, 4, 7]
TOOL SWITCHES : 8
MAKESPAN : 30

- MACHINE [1]

0 0 0 0 1 
1 0 0 0 0 
0 0 0 0 1 
1 1 0 0 0 
0 0 1 1 0 
0 1 1 1 0 
0 0 1 0 1 
1 1 1 1 0 
0 0 0 0 0 
1 0 0 0 1 
0 0 1 0 0 
0 0 0 1 0 
0 0 0 0 0 
1 0 0 0 1 
0 1 1 1 1 
1 0 0 1 0 
0 1 0 0 0 
1 1 0 0 0 
0 0 0 0 0 
0 0 0 0 1 

JOBS [5] - [1, 14, 3, 11, 13]
TOOL SWITCHES : 7
MAKESPAN : 29

- MACHINE [2]

0 0 0 0 0 0 
1 0 0 0 1 0 
0 0 0 0 0 0 
0 0 1 1 1 0 
0 0 0 0 1 1 
0 1 1 1 1 0 
0 0 0 0 0 0 
0 0 0 1 0 1 
0 0 1 0 0 0 
0 1 0 0 0 0 
1 0 1 0 0 1 
0 0 0 0 0 1 
0 1 0 0 0 1 
1 1 1 0 0 1 
0 0 0 1 0 0 
1 0 0 0 0 0 
1 0 0 1 1 0 
0 0 0 0 0 1 
0 1 0 0 0 0 
0 0 0 0 0 0 

JOBS [6] - [10, 8, 9, 2, 12, 0]
TOOL SWITCHES : 3
MAKESPAN : 29

# -------------------------- #

--- TOTAL TOOL SWITCHES : 18
--- HIGHEST MAKESPAN : 30
--- TOTAL FLOWTIME : 204
--- RUNNING TIME : 0.868359

# -------------------------- #
RUN : 1 - instancias_txt/SSP-NPM-I/ins124_m=3_j=15_t=20_var=4.txt

- MACHINE [0]

0 1 0 0 
1 0 0 0 
0 0 0 0 
0 0 0 0 
0 0 0 0 
0 0 0 0 
1 1 1 0 
1 0 0 0 
0 0 1 1 
0 0 0 0 
0 1 0 1 
0 0 1 1 
0 0 0 0 
1 1 0 0 
0 0 1 1 
0 1 1 0 
1 0 0 0 
0 0 0 1 
1 0 0 0 
0 0 0 0 

JOBS [4] - [2, 0, 3, 10]
TOOL SWITCHES : 6
MAKESPAN : 28

- MACHINE [1]

1 1 0 0 1 0 
0 0 0 1 0 0 
1 1 1 1 1 0 
1 1 0 0 0 0 
0 0 0 0 0 0 
0 0 0 0 0 0 
0 1 0 0 0 0 
1 0 0 1 0 1 
0 0 0 1 0 1 
0 0 1 1 1 1 
1 0 1 1 1 0 
1 0 1 0 0 1 
0 1 0 0 1 1 
0 0 0 0 0 0 
0 0 0 0 0 0 
0 0 0 0 0 0 
0 0 0 0 1 0 
0 0 0 0 0 0 
0 0 0 0 1 1 
1 0 1 0 0 0 

JOBS [6] - [4, 9, 5, 11, 14, 13]
TOOL SWITCHES : 4
MAKESPAN : 28

- MACHINE [2]

0 0 0 0 1 
1 1 0 0 1 
0 0 1 1 0 
0 0 0 1 0 
0 1 0 0 0 
0 1 0 1 0 
1 0 0 1 1 
0 0 0 0 0 
0 0 0 1 1 
0 1 0 0 0 
0 0 0 0 0 
1 0 1 0 0 
0 0 1 0 0 
1 0 1 0 0 
0 1 1 0 0 
0 0 0 0 0 
0 0 0 1 0 
0 0 1 0 0 
1 0 0 1 0 
1 0 0 0 1 

JOBS [5] - [12, 6, 8, 1, 7]
TOOL SWITCHES : 4
MAKESPAN : 28

# -------------------------- #

--- TOTAL TOOL SWITCHES : 14
--- HIGHEST MAKESPAN : 28
--- TOTAL FLOWTIME : 196
--- RUNNING TIME : 0.997989

# -------------------------- #
RUN : 1 - instancias_txt/SSP-NPM-I/ins125_m=3_j=15_t=20_var=5.txt

- MACHINE [0]

0 1 0 0 1 
0 0 0 0 1 
0 0 0 0 0 
1 1 0 0 0 
0 0 0 1 1 
0 0 0 1 0 
1 0 1 0 0 
1 0 1 0 0 
0 1 0 0 0 
1 1 0 0 0 
0 0 0 0 0 
0 0 1 1 1 
1 0 0 0 0 
0 0 0 0 0 
0 0 0 0 0 
0 0 1 0 1 
0 1 1 0 0 
1 0 0 1 1 
0 1 0 0 0 
0 0 1 1 1 

JOBS [5] - [11, 2, 1, 12, 14]
TOOL SWITCHES : 11
MAKESPAN : 33

- MACHINE [1]

1 1 0 0 0 
1 1 0 0 0 
0 1 0 1 0 
0 0 0 0 0 
1 0 0 0 0 
0 1 1 0 0 
0 0 1 1 1 
0 0 0 1 1 
1 0 1 1 0 
1 0 1 0 0 
0 0 0 1 1 
0 0 0 0 0 
0 0 0 0 0 
0 0 1 0 1 
0 0 0 0 0 
0 1 0 1 0 
0 1 0 1 1 
1 0 0 0 1 
0 1 0 0 0 
0 0 0 0 0 

JOBS [5] - [3, 5, 13, 9, 4]
TOOL SWITCHES : 5
MAKESPAN : 33

- MACHINE [2]

1 1 0 0 0 
0 0 1 0 0 
0 0 0 0 0 
0 1 1 0 1 
0 0 0 0 1 
1 1 1 0 0 
0 0 1 0 0 
0 0 1 0 0 
1 0 0 0 1 
0 0 0 1 0 
1 0 0 0 0 
0 0 0 0 0 
1 0 0 1 0 
1 1 1 1 1 
0 0 0 1 1 
0 1 0 1 0 
0 0 0 0 0 
0 0 0 0 0 
0 0 0 1 0 
1 0 1 0 1 

JOBS [5] - [0, 10, 8, 7, 6]
TOOL SWITCHES : 3
MAKESPAN : 34

# -------------------------- #

--- TOTAL TOOL SWITCHES : 19
--- HIGHEST MAKESPAN : 34
--- TOTAL FLOWTIME : 257
--- RUNNING TIME : 0.833676

# -------------------------- #
RUN : 1 - instancias_txt/SSP-NPM-I/ins126_m=3_j=15_t=20_var=6.txt

- MACHINE [0]

1 1 1 0 
1 0 0 0 
0 0 1 0 
0 0 0 0 
0 0 0 1 
0 0 1 0 
1 1 1 0 
1 1 1 0 
0 0 1 1 
0 0 0 1 
0 1 0 0 
0 0 0 0 
0 0 1 1 
0 0 0 0 
1 0 0 0 
0 0 0 1 
0 0 0 0 
0 1 0 0 
1 0 0 0 
0 1 0 0 

JOBS [4] - [10, 1, 12, 6]
TOOL SWITCHES : 9
MAKESPAN : 30

- MACHINE [1]

0 1 1 0 0 
1 0 1 1 0 
0 0 0 0 0 
0 1 1 0 0 
0 0 0 0 0 
1 0 0 0 1 
0 0 0 0 0 
1 0 0 0 0 
0 0 0 0 0 
0 0 0 0 0 
0 1 1 1 1 
0 0 0 0 0 
0 1 1 0 1 
0 1 0 0 0 
0 0 0 1 1 
1 0 1 1 1 
0 0 0 1 0 
1 0 0 0 0 
0 1 0 1 1 
0 1 1 1 0 

JOBS [5] - [9, 7, 5, 3, 0]
TOOL SWITCHES : 4
MAKESPAN : 30

- MACHINE [2]

0 0 0 0 0 0 
0 0 0 0 0 0 
0 1 0 0 0 0 
1 0 0 0 1 0 
0 1 1 0 1 0 
0 0 0 0 0 0 
1 0 0 1 0 0 
0 0 1 1 1 1 
1 0 0 0 1 0 
0 0 1 1 1 0 
0 1 1 0 0 0 
1 1 0 0 1 1 
0 0 0 0 0 0 
0 0 0 1 0 1 
1 0 1 1 0 1 
0 0 0 0 0 0 
0 0 0 0 0 1 
0 0 0 0 0 1 
0 1 1 0 1 0 
0 0 0 0 0 0 

JOBS [6] - [14, 4, 13, 11, 8, 2]
TOOL SWITCHES : 1
MAKESPAN : 30

# -------------------------- #

--- TOTAL TOOL SWITCHES : 14
--- HIGHEST MAKESPAN : 30
--- TOTAL FLOWTIME : 265
--- RUNNING TIME : 0.909504

# -------------------------- #
RUN : 1 - instancias_txt/SSP-NPM-I/ins127_m=3_j=15_t=20_var=7.txt

- MACHINE [0]

0 0 1 1 0 
0 0 0 1 1 
0 0 0 0 1 
0 0 1 1 1 
0 0 0 0 1 
1 0 0 1 0 
1 1 1 0 0 
0 0 1 0 1 
0 0 0 0 0 
0 0 0 0 0 
1 1 0 1 1 
0 0 0 0 0 
0 1 1 0 0 
1 1 0 0 0 
0 0 0 0 0 
0 0 0 0 0 
0 0 0 0 0 
1 1 0 0 0 
0 1 0 0 0 
0 0 0 0 0 

JOBS [5] - [6, 5, 1, 11, 2]
TOOL SWITCHES : 6
MAKESPAN : 30

- MACHINE [1]

0 0 0 1 
0 0 0 1 
0 0 1 0 
0 0 0 1 
0 0 0 0 
1 1 1 0 
0 1 1 1 
0 0 1 1 
1 1 0 0 
0 1 1 0 
0 0 0 0 
1 0 0 0 
0 0 0 0 
0 0 0 0 
1 0 0 0 
1 0 0 0 
0 0 0 0 
0 0 0 0 
1 1 1 0 
1 0 0 1 

JOBS [4] - [0, 14, 10, 12]
TOOL SWITCHES : 4
MAKESPAN : 30

- MACHINE [2]

1 0 1 0 0 0 
1 0 0 0 1 1 
0 0 0 0 0 0 
1 1 0 0 0 0 
0 0 0 0 0 0 
0 0 0 1 0 1 
0 0 0 0 0 0 
0 1 0 1 0 0 
0 1 0 0 1 0 
0 0 0 0 0 0 
1 0 1 0 1 0 
0 0 0 1 0 1 
0 0 0 1 0 1 
0 0 1 0 1 0 
0 1 0 0 1 0 
1 1 1 0 1 0 
0 1 1 0 0 1 
0 0 0 0 1 0 
0 0 1 0 0 0 
1 0 0 1 0 0 

JOBS [6] - [3, 13, 7, 9, 8, 4]
TOOL SWITCHES : 3
MAKESPAN : 30

# -------------------------- #

--- TOTAL TOOL SWITCHES : 13
--- HIGHEST MAKESPAN : 30
--- TOTAL FLOWTIME : 239
--- RUNNING TIME : 0.807771

# -------------------------- #
RUN : 1 - instancias_txt/SSP-NPM-I/ins128_m=3_j=15_t=20_var=8.txt

- MACHINE [0]

0 0 1 0 
0 1 0 0 
1 0 0 0 
0 0 0 1 
0 0 0 0 
0 0 1 0 
0 1 0 0 
0 1 1 1 
1 0 0 1 
1 0 0 1 
0 0 0 0 
0 0 0 1 
0 0 0 1 
1 1 0 0 
0 0 1 0 
1 1 0 0 
0 0 0 0 
0 0 0 0 
0 1 1 0 
1 0 1 1 

JOBS [4] - [13, 7, 8, 4]
TOOL SWITCHES : 11
MAKESPAN : 35

- MACHINE [1]

0 0 0 1 1 
0 0 0 0 0 
0 0 0 0 1 
0 0 1 0 0 
0 0 0 1 1 
1 0 1 1 0 
0 0 0 1 0 
0 0 0 0 1 
0 0 0 0 1 
0 0 0 0 0 
1 0 1 0 0 
1 0 0 0 0 
0 1 0 1 0 
0 0 1 0 0 
1 1 1 1 0 
1 1 0 0 1 
0 0 0 0 1 
0 1 1 0 0 
1 1 1 0 0 
0 0 0 0 0 

JOBS [5] - [14, 1, 12, 5, 10]
TOOL SWITCHES : 7
MAKESPAN : 37

- MACHINE [2]

1 1 0 0 0 0 
1 0 0 1 0 1 
0 0 0 0 0 0 
0 0 0 1 0 1 
0 0 1 0 1 1 
0 0 0 0 0 0 
0 0 0 0 0 0 
0 0 0 0 0 0 
0 1 0 1 1 0 
1 0 0 1 1 0 
1 0 1 0 0 0 
0 0 0 0 0 0 
0 0 0 0 0 1 
1 1 0 1 0 0 
0 1 0 1 0 1 
0 0 0 0 1 0 
0 1 1 1 0 0 
0 0 0 0 1 0 
1 0 1 0 0 1 
0 1 1 0 0 0 

JOBS [6] - [0, 11, 3, 9, 6, 2]
TOOL SWITCHES : 2
MAKESPAN : 37

# -------------------------- #

--- TOTAL TOOL SWITCHES : 20
--- HIGHEST MAKESPAN : 37
--- TOTAL FLOWTIME : 253
--- RUNNING TIME : 1.10048

# -------------------------- #
RUN : 1 - instancias_txt/SSP-NPM-I/ins129_m=3_j=15_t=20_var=9.txt

- MACHINE [0]

1 0 0 0 
0 1 1 1 
0 0 1 0 
1 1 0 0 
0 0 0 0 
0 0 0 0 
0 0 0 0 
0 0 0 1 
0 0 0 0 
0 0 0 0 
1 1 0 1 
1 1 1 0 
0 0 0 0 
0 0 0 0 
1 1 1 0 
0 0 1 0 
0 0 0 1 
0 0 0 0 
0 0 0 1 
0 0 0 0 

JOBS [4] - [9, 4, 14, 3]
TOOL SWITCHES : 4
MAKESPAN : 25

- MACHINE [1]

0 0 0 0 0 
0 0 0 0 0 
0 0 0 0 0 
1 0 0 0 0 
0 0 0 0 0 
1 1 1 1 0 
0 0 0 0 0 
1 0 0 0 1 
0 1 1 0 0 
0 1 0 0 0 
0 0 0 0 0 
0 1 0 1 0 
0 0 1 0 1 
1 1 0 1 0 
0 0 0 0 0 
0 0 0 1 0 
1 0 1 0 1 
0 0 1 1 1 
1 1 0 0 1 
1 0 1 1 1 

JOBS [5] - [7, 1, 0, 12, 11]
TOOL SWITCHES : 3
MAKESPAN : 27

- MACHINE [2]

0 1 0 1 0 0 
0 0 0 0 1 0 
0 0 0 1 0 1 
0 0 0 0 0 0 
1 0 1 0 1 1 
0 0 0 0 0 0 
0 0 1 0 0 0 
1 1 0 0 0 0 
1 0 1 0 0 1 
0 0 1 0 0 0 
0 0 0 0 0 0 
0 0 0 0 0 0 
1 0 0 1 0 1 
0 0 0 1 1 0 
1 0 1 0 1 0 
0 0 0 0 0 0 
0 1 1 0 1 0 
1 1 0 1 0 1 
0 1 0 0 0 1 
0 0 0 1 0 0 

JOBS [6] - [5, 6, 2, 10, 8, 13]
TOOL SWITCHES : 2
MAKESPAN : 27

# -------------------------- #

--- TOTAL TOOL SWITCHES : 9
--- HIGHEST MAKESPAN : 27
--- TOTAL FLOWTIME : 213
--- RUNNING TIME : 0.897481

# -------------------------- #
RUN : 1 - instancias_txt/SSP-NPM-I/ins130_m=3_j=15_t=20_var=10.txt

- MACHINE [0]

1 1 1 0 
0 0 0 0 
1 1 1 1 
0 1 0 0 
0 0 0 0 
0 0 1 0 
0 0 0 0 
0 0 0 1 
0 1 0 0 
1 0 0 0 
0 0 1 1 
0 0 0 0 
1 1 0 1 
1 1 0 1 
0 0 0 0 
0 0 1 0 
1 0 0 1 
0 0 0 1 
0 0 1 0 
0 1 0 0 

JOBS [4] - [1, 4, 14, 2]
TOOL SWITCHES : 10
MAKESPAN : 33

- MACHINE [1]

0 1 0 1 
1 1 0 0 
1 0 0 0 
0 0 0 0 
1 0 0 0 
0 1 0 0 
1 0 0 0 
0 1 0 1 
0 0 0 0 
0 1 0 1 
0 0 0 0 
0 0 1 1 
0 0 1 0 
0 0 0 1 
1 0 1 0 
0 0 1 1 
0 0 0 0 
0 0 0 0 
1 0 1 0 
1 0 0 0 

JOBS [4] - [11, 12, 6, 8]
TOOL SWITCHES : 5
MAKESPAN : 31

- MACHINE [2]

1 0 0 1 0 0 0 
0 1 1 0 0 1 1 
0 0 0 0 0 0 0 
0 0 0 0 0 0 0 
0 0 0 0 1 1 0 
0 0 1 1 0 0 0 
0 0 0 0 0 0 0 
1 0 1 0 0 0 1 
1 0 0 1 0 0 1 
0 1 0 0 0 1 0 
0 0 0 0 1 0 1 
0 0 0 0 0 0 0 
0 1 1 0 1 0 0 
0 0 1 0 1 1 0 
0 0 1 0 1 0 1 
1 1 0 0 1 0 0 
1 1 1 1 1 0 0 
0 1 0 0 0 1 1 
0 0 0 0 0 0 0 
1 0 0 1 0 0 0 

JOBS [7] - [5, 9, 0, 13, 3, 7, 10]
TOOL SWITCHES : 2
MAKESPAN : 33

# -------------------------- #

--- TOTAL TOOL SWITCHES : 17
--- HIGHEST MAKESPAN : 33
--- TOTAL FLOWTIME : 274
--- RUNNING TIME : 0.818876

# -------------------------- #
RUN : 1 - instancias_txt/SSP-NPM-I/ins131_m=3_j=15_t=20_var=11.txt

- MACHINE [0]

1 0 1 0 
0 0 0 0 
0 0 0 0 
0 1 0 0 
0 1 1 0 
0 1 1 1 
0 0 0 1 
0 0 0 1 
1 0 0 0 
0 0 0 1 
1 1 1 1 
1 0 0 0 
0 0 0 1 
0 0 0 0 
1 0 0 0 
1 0 0 0 
0 1 0 0 
0 0 0 0 
0 0 0 0 
0 1 1 1 

JOBS [4] - [14, 8, 12, 1]
TOOL SWITCHES : 8
MAKESPAN : 34

- MACHINE [1]

0 1 0 1 0 
0 1 1 0 1 
1 0 0 0 0 
0 0 1 1 0 
1 0 0 1 1 
0 0 0 0 0 
0 1 1 0 0 
0 0 0 0 0 
0 0 0 0 0 
0 0 0 0 0 
0 0 0 0 0 
1 1 0 1 0 
1 1 0 1 1 
0 0 1 1 0 
1 0 1 0 0 
1 1 0 0 0 
0 0 0 0 0 
0 0 0 0 1 
1 1 0 1 0 
0 0 0 0 1 

JOBS [5] - [5, 6, 4, 0, 10]
TOOL SWITCHES : 4
MAKESPAN : 32

- MACHINE [2]

0 1 0 1 0 0 
0 1 1 0 0 0 
0 0 0 0 0 0 
0 0 0 0 0 0 
0 0 1 0 0 1 
0 0 0 0 0 1 
0 0 0 0 0 0 
0 0 0 0 1 1 
0 1 0 1 1 0 
1 0 1 1 0 0 
0 1 1 0 1 0 
1 0 0 0 0 0 
0 0 0 0 0 0 
1 0 0 1 0 0 
1 1 1 0 1 0 
0 0 1 0 0 0 
1 0 0 1 1 0 
0 0 0 0 0 0 
0 0 0 0 1 1 
1 1 0 1 0 1 

JOBS [6] - [2, 7, 11, 3, 13, 9]
TOOL SWITCHES : 2
MAKESPAN : 33

# -------------------------- #

--- TOTAL TOOL SWITCHES : 14
--- HIGHEST MAKESPAN : 34
--- TOTAL FLOWTIME : 277
--- RUNNING TIME : 0.864405

# -------------------------- #
RUN : 1 - instancias_txt/SSP-NPM-I/ins132_m=3_j=15_t=20_var=12.txt

- MACHINE [0]

0 0 1 1 0 
0 0 0 0 0 
1 1 0 0 0 
0 0 1 1 0 
0 0 0 0 0 
0 1 0 0 0 
1 0 0 1 1 
0 0 1 0 0 
0 0 0 0 0 
0 1 0 0 0 
1 1 0 0 0 
0 1 1 1 1 
0 0 0 0 0 
0 1 1 1 1 
1 0 0 0 1 
0 0 0 0 0 
0 0 1 0 1 
1 0 0 0 0 
0 0 0 0 1 
0 0 0 1 0 

JOBS [5] - [8, 12, 2, 11, 13]
TOOL SWITCHES : 9
MAKESPAN : 27

- MACHINE [1]

0 1 1 0 0 
1 1 0 0 0 
0 0 0 1 0 
1 0 1 0 1 
0 0 0 0 0 
0 0 0 0 0 
1 0 0 1 0 
0 0 1 1 1 
0 1 1 0 0 
1 0 0 1 1 
0 0 0 1 1 
0 0 0 0 0 
0 0 0 0 0 
1 1 0 0 0 
0 1 0 0 1 
1 0 1 1 0 
0 0 0 0 0 
0 0 0 0 0 
0 0 0 0 0 
0 0 0 1 1 

JOBS [5] - [5, 1, 0, 7, 10]
TOOL SWITCHES : 3
MAKESPAN : 23

- MACHINE [2]

0 1 0 1 1 
0 1 0 0 0 
0 0 0 0 0 
0 1 1 1 0 
1 0 1 1 1 
0 0 0 0 0 
0 0 0 0 0 
1 1 0 1 0 
1 0 1 0 1 
0 1 0 0 0 
0 0 1 0 1 
0 0 0 1 0 
1 0 0 0 0 
0 0 0 0 0 
0 1 0 0 1 
0 0 0 0 1 
0 0 0 1 0 
1 0 1 0 0 
0 0 0 0 0 
0 0 1 0 0 

JOBS [5] - [3, 4, 9, 6, 14]
TOOL SWITCHES : 2
MAKESPAN : 27

# -------------------------- #

--- TOTAL TOOL SWITCHES : 14
--- HIGHEST MAKESPAN : 27
--- TOTAL FLOWTIME : 203
--- RUNNING TIME : 0.73702

# -------------------------- #
RUN : 1 - instancias_txt/SSP-NPM-I/ins133_m=3_j=15_t=20_var=13.txt

- MACHINE [0]

0 0 0 0 0 
1 1 0 1 1 
1 0 0 0 0 
0 0 0 0 0 
0 1 0 0 0 
0 1 1 0 0 
0 0 0 0 1 
1 0 0 0 0 
0 0 0 0 1 
0 0 1 0 0 
0 0 0 0 0 
1 1 1 0 1 
0 1 0 0 0 
0 1 0 1 0 
0 0 0 0 0 
1 0 0 0 0 
1 0 1 1 0 
0 0 1 1 0 
0 0 0 1 0 
0 0 0 0 1 

JOBS [5] - [6, 11, 2, 0, 4]
TOOL SWITCHES : 9
MAKESPAN : 28

- MACHINE [1]

1 0 0 0 0 
0 0 0 0 1 
0 0 0 0 0 
0 1 0 1 1 
0 1 0 1 0 
0 0 0 0 0 
0 0 0 0 0 
0 0 1 0 1 
0 0 0 1 0 
0 0 0 0 0 
1 1 0 0 1 
1 1 0 1 1 
0 0 1 0 0 
0 0 1 1 1 
0 1 0 0 0 
0 0 0 0 0 
1 0 1 0 0 
1 0 0 0 0 
0 1 1 1 0 
1 0 1 1 0 

JOBS [5] - [13, 10, 3, 5, 12]
TOOL SWITCHES : 5
MAKESPAN : 29

- MACHINE [2]

0 0 1 1 0 
0 0 0 0 0 
1 0 0 0 0 
0 0 0 0 0 
0 1 0 0 0 
0 1 0 0 1 
1 0 1 0 0 
0 1 1 0 1 
0 0 0 0 0 
0 0 0 1 1 
0 0 0 0 0 
0 1 1 1 1 
0 0 0 0 0 
1 0 0 0 0 
0 0 0 1 1 
0 0 1 1 0 
0 0 0 0 0 
1 1 0 0 0 
1 0 0 0 0 
0 1 0 0 0 

JOBS [5] - [14, 8, 1, 7, 9]
TOOL SWITCHES : 1
MAKESPAN : 27

# -------------------------- #

--- TOTAL TOOL SWITCHES : 15
--- HIGHEST MAKESPAN : 29
--- TOTAL FLOWTIME : 211
--- RUNNING TIME : 0.750419

# -------------------------- #
RUN : 1 - instancias_txt/SSP-NPM-I/ins134_m=3_j=15_t=20_var=14.txt

- MACHINE [0]

0 0 0 
0 0 0 
1 0 0 
1 0 0 
0 1 1 
0 0 1 
0 0 0 
0 0 0 
1 0 0 
1 1 0 
0 1 1 
0 0 1 
0 1 1 
0 0 0 
0 0 0 
1 0 1 
0 1 0 
1 1 0 
0 0 0 
1 0 1 

JOBS [3] - [11, 13, 7]
TOOL SWITCHES : 7
MAKESPAN : 32

- MACHINE [1]

0 0 1 0 0 
0 0 0 0 0 
0 0 0 0 0 
0 0 0 1 1 
0 0 0 0 0 
1 1 0 0 0 
0 0 1 0 1 
1 0 0 1 1 
0 1 0 1 0 
1 1 0 0 0 
0 1 1 0 0 
1 1 1 0 1 
0 0 0 0 1 
0 1 1 1 0 
1 0 1 1 0 
0 0 0 0 0 
1 0 0 0 0 
1 0 0 0 1 
0 0 0 0 0 
0 0 1 0 1 

JOBS [5] - [10, 12, 0, 14, 1]
TOOL SWITCHES : 5
MAKESPAN : 33

- MACHINE [2]

1 0 0 1 0 1 0 
0 0 0 0 1 1 1 
0 0 0 0 0 0 0 
0 0 1 0 0 0 0 
0 1 0 0 1 1 0 
0 0 1 0 1 0 0 
0 0 0 1 0 1 1 
1 1 1 0 1 0 1 
0 0 0 1 1 0 0 
1 0 1 0 0 0 0 
0 0 0 0 0 0 0 
1 1 0 0 0 0 1 
0 1 0 0 0 0 1 
0 0 0 0 0 0 0 
0 0 1 0 1 0 1 
1 1 0 1 0 0 0 
0 0 0 0 0 0 0 
1 0 1 0 0 1 1 
0 0 0 0 0 1 0 
0 1 0 1 0 0 0 

JOBS [7] - [6, 2, 9, 4, 5, 8, 3]
TOOL SWITCHES : 3
MAKESPAN : 30

# -------------------------- #

--- TOTAL TOOL SWITCHES : 15
--- HIGHEST MAKESPAN : 33
--- TOTAL FLOWTIME : 245
--- RUNNING TIME : 1.02533

# -------------------------- #
RUN : 1 - instancias_txt/SSP-NPM-I/ins135_m=3_j=15_t=20_var=15.txt

- MACHINE [0]

1 0 0 0 0 
0 0 1 1 0 
0 0 0 0 0 
1 0 0 0 0 
0 1 0 0 0 
0 0 0 0 0 
1 1 1 1 1 
0 0 1 0 1 
0 1 0 0 0 
0 0 1 1 0 
0 0 0 0 0 
1 0 0 0 0 
0 0 0 1 0 
1 1 0 0 0 
0 1 0 0 1 
1 0 0 0 0 
0 0 0 1 1 
0 1 1 1 1 
0 0 0 0 0 
0 0 0 0 1 

JOBS [5] - [11, 13, 8, 0, 7]
TOOL SWITCHES : 10
MAKESPAN : 38

- MACHINE [1]

1 1 0 1 0 
0 0 1 0 0 
1 1 1 1 0 
0 0 0 0 0 
0 1 1 0 1 
1 0 0 0 0 
0 1 0 1 1 
0 0 1 0 0 
1 0 0 0 0 
0 0 0 0 0 
0 0 0 0 1 
0 0 0 0 0 
0 1 0 1 0 
0 0 1 1 0 
0 0 0 0 0 
1 0 0 1 1 
0 0 0 0 1 
0 0 1 1 0 
0 0 0 0 0 
1 1 0 0 0 

JOBS [5] - [10, 9, 14, 5, 2]
TOOL SWITCHES : 5
MAKESPAN : 38

- MACHINE [2]

1 0 0 0 0 
0 0 0 0 0 
0 1 0 1 0 
0 0 1 0 1 
0 0 1 0 0 
0 1 0 0 0 
1 1 1 0 0 
0 1 0 1 0 
1 0 0 0 0 
1 1 1 0 0 
0 0 0 0 1 
1 0 1 1 1 
0 0 0 0 0 
0 0 0 0 1 
0 0 1 0 0 
1 0 0 1 0 
0 0 0 0 0 
0 0 0 1 1 
0 0 1 1 1 
0 0 0 0 0 

JOBS [5] - [12, 4, 1, 6, 3]
TOOL SWITCHES : 3
MAKESPAN : 30

# -------------------------- #

--- TOTAL TOOL SWITCHES : 18
--- HIGHEST MAKESPAN : 38
--- TOTAL FLOWTIME : 286
--- RUNNING TIME : 0.812867

# -------------------------- #
RUN : 1 - instancias_txt/SSP-NPM-I/ins136_m=3_j=15_t=20_var=16.txt

- MACHINE [0]

1 0 1 1 
0 0 0 0 
0 1 1 0 
0 1 0 0 
1 0 0 0 
0 0 1 0 
1 0 1 1 
1 1 0 0 
0 1 1 0 
0 0 1 0 
0 0 0 1 
0 0 0 0 
1 0 0 1 
0 0 0 0 
0 0 0 0 
0 0 0 1 
0 0 0 0 
0 0 1 0 
0 0 0 0 
1 1 0 0 

JOBS [4] - [10, 6, 4, 8]
TOOL SWITCHES : 8
MAKESPAN : 32

- MACHINE [1]

0 1 1 0 0 
1 1 0 0 0 
0 0 0 0 0 
0 1 0 1 1 
0 0 0 0 1 
1 0 0 0 0 
0 0 0 1 1 
0 0 1 0 0 
0 0 0 0 0 
0 0 0 0 0 
0 1 1 0 1 
1 0 0 1 0 
1 1 0 1 1 
0 0 1 1 1 
1 0 0 0 1 
0 1 0 1 0 
0 0 0 0 0 
0 0 0 0 0 
0 0 0 0 0 
1 0 1 0 0 

JOBS [5] - [12, 3, 7, 9, 0]
TOOL SWITCHES : 4
MAKESPAN : 31

- MACHINE [2]

0 0 0 0 0 0 
0 0 0 0 0 0 
0 0 1 0 1 1 
1 1 0 0 0 0 
0 0 0 1 0 0 
1 0 0 1 1 1 
0 0 0 0 0 0 
1 0 1 0 1 0 
0 1 0 0 1 0 
1 0 0 0 1 1 
1 0 0 1 0 0 
1 0 1 1 0 0 
0 0 0 0 0 0 
0 0 0 0 0 1 
0 0 1 1 0 1 
0 0 1 0 1 0 
0 1 0 1 0 0 
0 1 0 0 0 0 
0 0 1 0 0 1 
0 1 1 0 0 1 

JOBS [6] - [1, 11, 5, 2, 14, 13]
TOOL SWITCHES : 3
MAKESPAN : 32

# -------------------------- #

--- TOTAL TOOL SWITCHES : 15
--- HIGHEST MAKESPAN : 32
--- TOTAL FLOWTIME : 241
--- RUNNING TIME : 0.980601

# -------------------------- #
RUN : 1 - instancias_txt/SSP-NPM-I/ins137_m=3_j=15_t=20_var=17.txt

- MACHINE [0]

0 0 0 0 
1 0 0 0 
1 0 0 1 
0 0 1 1 
0 0 0 0 
0 0 1 1 
0 0 0 0 
0 1 0 0 
1 1 0 0 
0 0 0 0 
0 0 0 0 
1 1 1 1 
0 0 1 1 
0 1 1 0 
0 0 1 1 
1 0 0 0 
0 1 0 0 
0 0 1 0 
1 1 0 0 
0 0 0 0 

JOBS [4] - [6, 7, 0, 14]
TOOL SWITCHES : 8
MAKESPAN : 26

- MACHINE [1]

1 0 0 1 1 1 
0 0 1 1 1 0 
0 0 0 0 0 0 
0 1 1 1 0 0 
1 1 0 0 0 0 
1 0 0 1 0 0 
0 0 0 1 0 1 
1 1 0 0 0 0 
0 0 0 0 0 0 
0 1 0 0 1 1 
0 0 0 0 0 0 
0 0 0 0 0 0 
0 0 1 0 1 1 
0 0 0 0 0 0 
0 1 1 0 0 1 
1 0 1 0 0 0 
0 0 0 0 0 0 
0 1 0 0 1 0 
0 0 0 0 0 1 
1 0 0 0 1 0 

JOBS [6] - [3, 8, 9, 11, 10, 1]
TOOL SWITCHES : 4
MAKESPAN : 27

- MACHINE [2]

0 0 0 1 0 
1 0 1 0 1 
1 0 1 1 1 
0 0 0 0 1 
0 0 0 0 0 
1 0 0 1 0 
0 0 0 0 0 
0 0 1 0 0 
1 1 1 0 0 
1 1 0 1 0 
0 0 0 0 0 
0 1 0 0 0 
0 0 1 0 0 
0 0 0 0 0 
0 0 0 1 1 
0 0 0 1 0 
0 0 0 0 0 
0 0 0 0 1 
0 1 0 1 0 
1 1 1 0 0 

JOBS [5] - [2, 5, 13, 12, 4]
TOOL SWITCHES : 2
MAKESPAN : 26

# -------------------------- #

--- TOTAL TOOL SWITCHES : 14
--- HIGHEST MAKESPAN : 27
--- TOTAL FLOWTIME : 215
--- RUNNING TIME : 0.877421

# -------------------------- #
RUN : 1 - instancias_txt/SSP-NPM-I/ins138_m=3_j=15_t=20_var=18.txt

- MACHINE [0]

0 0 0 1 
1 0 0 0 
1 1 0 0 
0 0 0 0 
1 0 0 0 
1 1 0 1 
0 0 0 0 
1 1 0 0 
0 0 0 0 
0 1 0 0 
0 0 1 1 
0 1 0 0 
0 0 0 1 
0 0 1 1 
0 0 0 0 
0 1 1 0 
0 0 1 0 
0 0 0 0 
0 0 0 0 
0 0 1 0 

JOBS [4] - [1, 13, 3, 10]
TOOL SWITCHES : 7
MAKESPAN : 26

- MACHINE [1]

0 0 0 1 0 
0 1 0 0 0 
0 1 0 1 0 
0 0 0 0 0 
0 0 1 0 1 
0 1 1 1 0 
0 0 1 0 0 
1 0 0 0 0 
1 1 0 0 0 
1 0 1 0 0 
0 0 1 0 1 
1 0 1 0 1 
0 1 0 0 0 
1 1 0 1 1 
0 0 0 0 0 
0 0 0 1 1 
1 0 0 0 0 
0 0 0 0 0 
0 0 1 1 0 
1 0 0 0 1 

JOBS [5] - [8, 12, 7, 9, 4]
TOOL SWITCHES : 7
MAKESPAN : 29

- MACHINE [2]

1 1 0 1 0 0 
1 0 1 0 0 1 
0 0 0 1 1 0 
1 1 1 0 1 0 
0 1 0 0 0 1 
1 0 0 1 0 1 
0 0 1 1 1 0 
0 0 1 1 1 0 
0 0 0 0 1 0 
0 0 0 0 0 0 
0 0 1 0 0 0 
0 0 0 1 0 0 
0 1 0 0 0 1 
0 0 0 0 0 0 
0 1 1 0 0 0 
0 0 0 0 1 0 
1 0 1 0 0 0 
0 0 0 0 0 0 
0 0 0 0 0 0 
0 0 0 0 1 1 

JOBS [6] - [14, 5, 0, 11, 6, 2]
TOOL SWITCHES : 3
MAKESPAN : 29

# -------------------------- #

--- TOTAL TOOL SWITCHES : 17
--- HIGHEST MAKESPAN : 29
--- TOTAL FLOWTIME : 216
--- RUNNING TIME : 0.847758

# -------------------------- #
RUN : 1 - instancias_txt/SSP-NPM-I/ins139_m=3_j=15_t=20_var=19.txt

- MACHINE [0]

1 1 0 0 
0 0 0 1 
0 0 1 1 
0 0 0 1 
0 0 1 0 
0 0 0 0 
1 1 0 0 
1 0 0 1 
0 0 0 0 
0 1 1 0 
1 0 0 1 
0 0 0 0 
0 1 1 0 
0 0 1 1 
1 0 0 0 
0 0 0 0 
1 1 1 1 
0 0 0 0 
0 1 0 0 
0 0 0 0 

JOBS [4] - [1, 0, 8, 3]
TOOL SWITCHES : 8
MAKESPAN : 36

- MACHINE [1]

0 0 1 0 
0 1 0 1 
0 0 0 0 
0 0 0 1 
0 0 0 0 
0 0 0 0 
1 0 0 0 
0 0 1 0 
0 1 1 0 
0 1 0 0 
0 1 1 1 
0 0 0 0 
1 0 1 1 
1 0 0 0 
1 0 0 1 
1 0 1 0 
1 0 0 0 
1 1 0 1 
0 1 0 1 
0 1 0 0 

JOBS [4] - [6, 2, 9, 7]
TOOL SWITCHES : 6
MAKESPAN : 35

- MACHINE [2]

1 0 1 1 1 0 0 
0 0 1 0 0 0 0 
0 0 0 0 1 1 1 
0 0 1 0 0 0 0 
0 1 1 0 0 0 0 
0 0 0 0 0 0 0 
1 1 0 0 1 1 0 
0 0 0 1 0 1 1 
0 0 0 0 0 1 0 
1 0 0 1 1 0 0 
0 1 0 1 0 0 0 
0 1 1 0 0 1 0 
0 0 0 0 0 0 0 
1 0 0 1 1 0 1 
0 0 0 0 0 0 0 
0 1 0 1 1 0 1 
1 0 0 0 0 0 0 
0 1 0 0 0 0 0 
0 1 1 0 0 1 1 
0 0 0 1 1 0 0 

JOBS [7] - [13, 10, 11, 5, 12, 14, 4]
TOOL SWITCHES : 4
MAKESPAN : 34

# -------------------------- #

--- TOTAL TOOL SWITCHES : 18
--- HIGHEST MAKESPAN : 36
--- TOTAL FLOWTIME : 280
--- RUNNING TIME : 0.978752

# -------------------------- #
RUN : 1 - instancias_txt/SSP-NPM-I/ins140_m=3_j=15_t=20_var=20.txt

- MACHINE [0]

0 0 0 1 1 
1 1 0 0 0 
0 0 0 0 1 
0 0 0 0 1 
0 0 0 0 0 
0 0 0 0 1 
0 0 0 0 0 
0 0 0 1 1 
0 0 0 0 0 
1 1 1 0 0 
0 1 1 1 0 
0 0 1 0 0 
1 1 0 0 0 
0 0 0 1 1 
1 1 1 0 0 
0 0 0 0 0 
1 0 0 0 1 
0 0 0 0 0 
0 0 1 1 0 
1 1 0 0 0 

JOBS [5] - [8, 7, 2, 3, 10]
TOOL SWITCHES : 8
MAKESPAN : 29

- MACHINE [1]

1 0 1 0 
0 0 0 0 
0 0 0 0 
0 0 0 1 
0 0 0 0 
1 1 0 0 
1 1 0 0 
0 1 1 0 
0 1 0 1 
0 1 0 0 
1 0 0 0 
0 0 0 0 
0 0 0 0 
0 0 0 0 
0 0 0 0 
0 0 1 1 
1 0 1 1 
0 0 0 1 
0 1 1 1 
0 0 1 0 

JOBS [4] - [13, 6, 0, 9]
TOOL SWITCHES : 3
MAKESPAN : 31

- MACHINE [2]

1 0 0 0 0 0 
1 1 0 1 0 0 
0 1 0 1 0 1 
0 1 1 0 0 0 
0 0 0 0 1 1 
0 0 0 0 0 0 
1 1 1 0 0 0 
0 1 0 1 0 0 
0 0 1 1 1 0 
0 0 0 1 1 0 
0 1 0 1 0 0 
0 0 0 0 0 0 
1 0 1 0 0 1 
0 0 0 0 1 0 
1 0 1 0 1 1 
0 0 1 0 1 0 
0 0 0 1 1 1 
0 0 0 0 0 0 
0 0 0 0 0 0 
0 0 0 0 0 0 

JOBS [6] - [1, 5, 12, 4, 14, 11]
TOOL SWITCHES : 2
MAKESPAN : 29

# -------------------------- #

--- TOTAL TOOL SWITCHES : 13
--- HIGHEST MAKESPAN : 31
--- TOTAL FLOWTIME : 215
--- RUNNING TIME : 0.875707

# -------------------------- #


avg : 31.65
