RUN : 1 - instancias_txt/SSP-NPM-I/ins121_m=3_j=15_t=20_var=1.txt

- MACHINE [0]

0 0 0 1 
1 0 1 1 
1 0 0 0 
0 0 0 0 
0 1 0 0 
0 1 1 0 
0 0 0 0 
1 0 0 0 
0 0 0 0 
0 0 0 0 
0 0 1 0 
1 0 0 1 
1 1 1 0 
0 0 0 0 
1 1 1 0 
1 1 1 1 
0 0 0 1 
0 1 0 1 
0 1 1 0 
0 0 0 0 

JOBS [4] - [5, 3, 4, 8]
TOOL SWITCHES : 10
MAKESPAN : 39

- MACHINE [1]

0 0 0 1 1 
0 0 0 1 0 
0 0 0 0 0 
0 1 1 0 1 
1 1 1 0 1 
0 0 1 0 0 
0 1 0 0 0 
1 1 0 0 0 
0 0 0 0 0 
1 0 0 0 0 
1 0 0 1 0 
0 1 0 0 1 
0 0 0 0 0 
0 0 0 0 0 
1 1 0 0 0 
0 0 0 0 0 
0 0 1 1 1 
0 0 1 1 1 
1 0 0 0 1 
0 1 1 1 0 

JOBS [5] - [11, 2, 0, 6, 14]
TOOL SWITCHES : 5
MAKESPAN : 39

- MACHINE [2]

1 0 1 0 0 0 
0 1 0 0 0 0 
1 0 0 0 0 0 
0 0 0 0 0 0 
1 0 0 0 1 0 
1 0 0 0 0 0 
1 0 0 1 1 0 
0 0 0 0 0 1 
0 1 1 0 1 0 
0 0 0 0 1 1 
0 0 0 1 0 0 
0 0 0 0 0 1 
0 1 0 1 1 1 
1 1 1 0 0 1 
0 1 1 1 0 0 
0 0 0 0 0 0 
1 0 0 0 1 0 
0 0 0 1 0 0 
0 1 1 1 0 1 
0 0 0 0 1 1 

JOBS [6] - [9, 1, 13, 10, 7, 12]
TOOL SWITCHES : 5
MAKESPAN : 41

# -------------------------- #

--- TOTAL TOOL SWITCHES : 20
--- HIGHEST MAKESPAN : 41
--- TOTAL FLOWTIME : 293
--- RUNNING TIME : 0.854753

# -------------------------- #
RUN : 1 - instancias_txt/SSP-NPM-I/ins122_m=3_j=15_t=20_var=2.txt

- MACHINE [0]

0 0 0 0 
0 0 0 0 
0 1 0 1 
0 0 0 1 
1 1 1 0 
0 0 0 0 
0 0 0 1 
1 1 1 0 
0 0 0 1 
0 0 0 0 
0 0 0 0 
0 0 0 0 
1 0 1 0 
0 0 0 0 
0 0 0 1 
1 0 1 1 
1 1 0 0 
0 0 1 0 
1 0 0 0 
0 1 0 1 

JOBS [4] - [13, 3, 9, 0]
TOOL SWITCHES : 6
MAKESPAN : 27

- MACHINE [1]

1 0 1 1 0 0 
0 0 0 0 0 0 
0 0 1 1 1 1 
0 0 0 0 0 0 
1 1 0 0 0 1 
1 0 0 1 1 0 
0 0 0 0 0 0 
0 0 0 0 0 0 
0 0 1 0 1 1 
1 1 0 0 0 0 
1 1 0 0 0 0 
0 0 0 0 1 0 
0 0 0 0 0 0 
1 0 0 0 1 1 
0 0 0 0 0 0 
0 0 0 1 0 1 
0 1 1 1 1 1 
0 0 0 0 0 0 
0 1 0 1 0 0 
0 0 1 0 1 0 

JOBS [6] - [7, 8, 12, 14, 2, 1]
TOOL SWITCHES : 3
MAKESPAN : 26

- MACHINE [2]

1 0 0 1 0 
0 1 1 1 0 
0 0 1 0 0 
0 1 0 0 0 
0 0 0 0 0 
0 1 1 0 0 
0 0 0 1 1 
0 0 0 0 0 
0 0 1 0 0 
0 0 1 1 1 
0 0 0 0 0 
1 0 0 0 1 
0 0 0 0 0 
0 1 0 0 0 
1 0 0 0 1 
1 1 1 0 0 
0 0 0 0 0 
1 0 0 1 1 
0 0 0 0 0 
1 0 1 0 0 

JOBS [5] - [11, 10, 6, 5, 4]
TOOL SWITCHES : 1
MAKESPAN : 27

# -------------------------- #

--- TOTAL TOOL SWITCHES : 10
--- HIGHEST MAKESPAN : 27
--- TOTAL FLOWTIME : 226
--- RUNNING TIME : 0.919

# -------------------------- #
RUN : 1 - instancias_txt/SSP-NPM-I/ins123_m=3_j=15_t=20_var=3.txt

- MACHINE [0]

0 0 0 0 
0 0 0 0 
0 0 0 0 
1 0 0 0 
0 0 1 1 
1 0 1 1 
1 1 1 0 
0 1 1 1 
1 0 0 0 
0 0 0 0 
1 0 1 0 
0 1 0 1 
0 0 0 0 
0 0 0 0 
0 0 1 1 
0 0 0 1 
1 1 0 0 
0 0 0 0 
1 0 0 0 
0 1 0 0 

JOBS [4] - [7, 4, 3, 11]
TOOL SWITCHES : 6
MAKESPAN : 30

- MACHINE [1]

0 0 0 0 1 
0 1 1 1 0 
0 0 1 0 1 
1 1 0 1 0 
0 0 0 0 0 
1 0 1 0 0 
0 0 0 0 1 
1 0 1 1 0 
0 0 0 0 0 
0 1 0 1 1 
0 0 0 0 0 
0 0 0 0 0 
0 0 0 0 0 
0 0 0 1 1 
1 0 0 0 1 
0 1 1 1 0 
1 1 0 0 0 
1 0 0 1 0 
0 0 0 0 0 
0 1 1 0 1 

JOBS [5] - [14, 5, 6, 1, 13]
TOOL SWITCHES : 4
MAKESPAN : 26

- MACHINE [2]

0 0 0 0 0 0 
0 1 0 0 1 0 
0 0 0 0 0 0 
1 1 1 0 0 0 
0 1 0 0 0 1 
1 1 1 1 0 0 
0 0 0 0 0 0 
0 0 1 0 0 1 
1 0 0 0 0 0 
0 0 0 1 0 0 
1 0 0 0 1 1 
0 0 0 0 0 1 
0 0 0 1 0 1 
1 0 0 1 1 1 
0 0 1 0 0 0 
0 0 0 0 1 0 
0 1 1 0 1 0 
0 0 0 0 0 1 
0 0 0 1 0 0 
0 0 0 0 0 0 

JOBS [6] - [9, 12, 2, 8, 10, 0]
TOOL SWITCHES : 3
MAKESPAN : 29

# -------------------------- #

--- TOTAL TOOL SWITCHES : 13
--- HIGHEST MAKESPAN : 30
--- TOTAL FLOWTIME : 210
--- RUNNING TIME : 0.884802

# -------------------------- #
RUN : 1 - instancias_txt/SSP-NPM-I/ins124_m=3_j=15_t=20_var=4.txt

- MACHINE [0]

0 1 0 0 
1 0 0 0 
0 0 0 0 
0 0 0 0 
0 0 0 0 
0 0 0 0 
1 1 1 0 
1 0 0 0 
0 0 1 1 
0 0 0 0 
0 1 0 1 
0 0 1 1 
0 0 0 0 
1 1 0 0 
0 0 1 1 
0 1 1 0 
1 0 0 0 
0 0 0 1 
1 0 0 0 
0 0 0 0 

JOBS [4] - [2, 0, 3, 10]
TOOL SWITCHES : 6
MAKESPAN : 28

- MACHINE [1]

1 0 0 0 1 1 
0 0 1 0 0 0 
1 1 1 0 1 1 
1 0 0 0 1 0 
0 0 0 0 0 0 
0 0 0 0 0 0 
0 0 0 0 1 0 
1 0 1 1 0 0 
0 0 1 1 0 0 
0 1 1 1 0 1 
1 1 1 0 0 1 
1 1 0 1 0 0 
0 0 0 1 1 1 
0 0 0 0 0 0 
0 0 0 0 0 0 
0 0 0 0 0 0 
0 0 0 0 0 1 
0 0 0 0 0 0 
0 0 0 1 0 1 
1 1 0 0 0 0 

JOBS [6] - [4, 5, 11, 13, 9, 14]
TOOL SWITCHES : 4
MAKESPAN : 28

- MACHINE [2]

0 0 1 0 0 
0 1 1 1 0 
1 0 0 0 1 
0 0 0 0 1 
0 1 0 0 0 
0 1 0 0 1 
0 0 1 1 1 
0 0 0 0 0 
0 0 1 0 1 
0 1 0 0 0 
0 0 0 0 0 
1 0 0 1 0 
1 0 0 0 0 
1 0 0 1 0 
1 1 0 0 0 
0 0 0 0 0 
0 0 0 0 1 
1 0 0 0 0 
0 0 0 1 1 
0 0 1 1 0 

JOBS [5] - [8, 6, 7, 12, 1]
TOOL SWITCHES : 4
MAKESPAN : 28

# -------------------------- #

--- TOTAL TOOL SWITCHES : 14
--- HIGHEST MAKESPAN : 28
--- TOTAL FLOWTIME : 200
--- RUNNING TIME : 0.932388

# -------------------------- #
RUN : 1 - instancias_txt/SSP-NPM-I/ins125_m=3_j=15_t=20_var=5.txt

- MACHINE [0]

0 0 0 1 0 
0 0 0 1 0 
0 0 0 0 0 
0 1 0 0 0 
0 0 0 1 1 
0 0 0 0 1 
1 1 1 0 0 
1 1 1 0 0 
0 0 0 0 0 
0 1 0 0 0 
1 0 0 0 0 
0 0 1 1 1 
0 1 0 0 0 
1 0 0 0 0 
0 0 0 0 0 
0 0 1 1 0 
1 0 1 0 0 
1 1 0 1 1 
0 0 0 0 0 
0 0 1 1 1 

JOBS [5] - [4, 11, 1, 14, 12]
TOOL SWITCHES : 9
MAKESPAN : 33

- MACHINE [1]

1 1 0 0 0 
1 1 0 0 0 
1 0 0 0 0 
0 0 0 0 1 
0 1 0 0 1 
1 0 1 0 0 
0 0 1 0 0 
0 0 0 0 0 
0 1 1 0 1 
0 1 1 1 0 
0 0 0 0 0 
0 0 0 0 0 
0 0 0 1 0 
0 0 1 1 1 
0 0 0 1 1 
1 0 0 1 0 
1 0 0 0 0 
0 1 0 0 0 
1 0 0 1 0 
0 0 0 0 1 

JOBS [5] - [5, 3, 13, 7, 6]
TOOL SWITCHES : 7
MAKESPAN : 34

- MACHINE [2]

0 1 1 0 1 
1 0 0 0 0 
0 0 0 1 0 
1 1 1 0 0 
0 0 0 0 0 
1 1 0 0 1 
1 0 0 1 0 
1 0 0 1 0 
0 0 1 1 1 
0 0 1 0 0 
0 0 0 1 1 
0 0 0 0 0 
0 0 0 0 1 
1 1 0 0 1 
0 0 0 0 0 
0 1 0 1 0 
0 0 1 1 0 
0 0 0 0 0 
0 0 1 0 0 
1 0 0 0 1 

JOBS [5] - [8, 10, 2, 9, 0]
TOOL SWITCHES : 3
MAKESPAN : 31

# -------------------------- #

--- TOTAL TOOL SWITCHES : 19
--- HIGHEST MAKESPAN : 34
--- TOTAL FLOWTIME : 274
--- RUNNING TIME : 0.913354

# -------------------------- #
RUN : 1 - instancias_txt/SSP-NPM-I/ins126_m=3_j=15_t=20_var=6.txt

- MACHINE [0]

1 1 1 0 
1 0 0 0 
0 0 1 0 
0 0 0 0 
0 0 0 1 
0 0 1 0 
1 1 1 0 
1 1 1 0 
0 0 1 1 
0 0 0 1 
0 1 0 0 
0 0 0 0 
0 0 1 1 
0 0 0 0 
1 0 0 0 
0 0 0 1 
0 0 0 0 
0 1 0 0 
1 0 0 0 
0 1 0 0 

JOBS [4] - [10, 1, 12, 6]
TOOL SWITCHES : 9
MAKESPAN : 30

- MACHINE [1]

0 0 0 1 1 
1 1 0 1 0 
0 0 0 0 0 
0 0 0 1 1 
0 0 0 0 0 
0 1 1 0 0 
0 0 0 0 0 
0 1 0 0 0 
0 0 0 0 0 
0 0 0 0 0 
1 0 1 1 1 
0 0 0 0 0 
0 0 1 1 1 
0 0 0 0 1 
1 0 1 0 0 
1 1 1 1 0 
1 0 0 0 0 
0 1 0 0 0 
1 0 1 0 1 
1 0 0 1 1 

JOBS [5] - [3, 9, 0, 5, 7]
TOOL SWITCHES : 4
MAKESPAN : 30

- MACHINE [2]

0 0 0 0 0 0 
0 0 0 0 0 0 
0 0 0 0 0 1 
1 0 0 0 1 0 
0 0 0 1 1 1 
0 0 0 0 0 0 
1 1 0 0 0 0 
0 1 1 1 1 0 
1 0 0 0 1 0 
0 1 0 1 1 0 
0 0 0 1 0 1 
1 0 1 0 1 1 
0 0 0 0 0 0 
0 1 1 0 0 0 
1 1 1 1 0 0 
0 0 0 0 0 0 
0 0 1 0 0 0 
0 0 1 0 0 0 
0 0 0 1 1 1 
0 0 0 0 0 0 

JOBS [6] - [14, 11, 2, 13, 8, 4]
TOOL SWITCHES : 1
MAKESPAN : 30

# -------------------------- #

--- TOTAL TOOL SWITCHES : 14
--- HIGHEST MAKESPAN : 30
--- TOTAL FLOWTIME : 209
--- RUNNING TIME : 1.1385

# -------------------------- #
RUN : 1 - instancias_txt/SSP-NPM-I/ins127_m=3_j=15_t=20_var=7.txt

- MACHINE [0]

0 0 0 0 1 
0 0 0 1 1 
0 0 1 1 0 
0 0 0 1 1 
0 0 0 1 0 
1 0 1 0 1 
1 1 1 0 0 
0 0 1 1 0 
0 0 0 0 0 
0 0 1 0 0 
1 1 0 1 1 
0 0 0 0 0 
0 1 0 0 0 
1 1 0 0 0 
0 0 0 0 0 
0 0 0 0 0 
0 0 0 0 0 
1 1 0 0 0 
0 1 1 0 0 
0 0 0 0 0 

JOBS [5] - [6, 5, 10, 2, 11]
TOOL SWITCHES : 7
MAKESPAN : 30

- MACHINE [1]

0 1 1 0 
0 1 0 0 
0 0 0 0 
0 1 1 0 
0 0 0 0 
1 0 0 1 
1 1 1 0 
0 1 1 0 
1 0 0 1 
1 0 0 0 
0 0 0 0 
0 0 0 1 
0 0 1 0 
0 0 0 0 
0 0 0 1 
0 0 0 1 
0 0 0 0 
0 0 0 0 
1 0 0 1 
0 1 0 1 

JOBS [4] - [14, 12, 1, 0]
TOOL SWITCHES : 4
MAKESPAN : 31

- MACHINE [2]

1 0 1 0 0 0 
1 1 0 0 1 0 
0 0 0 0 0 0 
1 0 0 0 0 1 
0 0 0 0 0 0 
0 1 0 1 0 0 
0 0 0 0 0 0 
0 0 0 1 0 1 
0 0 0 0 1 1 
0 0 0 0 0 0 
1 0 1 0 1 0 
0 1 0 1 0 0 
0 1 0 1 0 0 
0 0 1 0 1 0 
0 0 0 0 1 1 
1 0 1 0 1 1 
0 1 1 0 0 1 
0 0 0 0 1 0 
0 0 1 0 0 0 
1 0 0 1 0 0 

JOBS [6] - [3, 4, 7, 9, 8, 13]
TOOL SWITCHES : 3
MAKESPAN : 30

# -------------------------- #

--- TOTAL TOOL SWITCHES : 14
--- HIGHEST MAKESPAN : 31
--- TOTAL FLOWTIME : 201
--- RUNNING TIME : 0.938011

# -------------------------- #
RUN : 1 - instancias_txt/SSP-NPM-I/ins128_m=3_j=15_t=20_var=8.txt

- MACHINE [0]

1 0 0 0 
0 0 1 0 
0 1 0 0 
0 0 0 1 
0 0 0 0 
1 0 0 0 
0 0 1 0 
1 0 1 1 
0 1 0 1 
0 1 0 1 
0 0 0 0 
0 0 0 1 
0 0 0 1 
0 1 1 0 
1 0 0 0 
0 1 1 0 
0 0 0 0 
0 0 0 0 
1 0 1 0 
1 1 0 1 

JOBS [4] - [8, 13, 7, 4]
TOOL SWITCHES : 12
MAKESPAN : 37

- MACHINE [1]

1 1 0 0 0 
0 0 0 0 0 
1 0 0 0 0 
0 0 0 0 1 
1 1 0 0 0 
0 1 1 0 1 
0 1 0 0 0 
1 0 0 0 0 
1 0 0 0 0 
0 0 0 0 0 
0 0 1 0 1 
0 0 1 0 0 
0 1 0 1 0 
0 0 0 0 1 
0 1 1 1 1 
1 0 1 1 0 
1 0 0 0 0 
0 0 0 1 1 
0 0 1 1 1 
0 0 0 0 0 

JOBS [5] - [10, 5, 14, 1, 12]
TOOL SWITCHES : 7
MAKESPAN : 37

- MACHINE [2]

1 1 0 0 0 0 
1 0 0 1 0 1 
0 0 0 0 0 0 
0 0 0 1 0 1 
0 0 1 1 1 0 
0 0 0 0 0 0 
0 0 0 0 0 0 
0 0 0 0 0 0 
0 1 0 0 1 1 
1 0 0 0 1 1 
1 0 1 0 0 0 
0 0 0 0 0 0 
0 0 0 1 0 0 
1 1 0 0 0 1 
0 1 0 1 0 1 
0 0 0 0 1 0 
0 1 1 0 0 1 
0 0 0 0 1 0 
1 0 1 1 0 0 
0 1 1 0 0 0 

JOBS [6] - [0, 11, 3, 2, 6, 9]
TOOL SWITCHES : 2
MAKESPAN : 37

# -------------------------- #

--- TOTAL TOOL SWITCHES : 21
--- HIGHEST MAKESPAN : 37
--- TOTAL FLOWTIME : 284
--- RUNNING TIME : 0.943334

# -------------------------- #
RUN : 1 - instancias_txt/SSP-NPM-I/ins129_m=3_j=15_t=20_var=9.txt

- MACHINE [0]

0 0 1 0 
0 0 0 1 
1 0 0 0 
0 0 0 0 
1 1 0 0 
0 0 0 0 
0 0 0 0 
0 1 1 1 
1 1 0 0 
0 0 0 0 
0 0 0 1 
0 0 0 0 
1 1 0 0 
0 0 0 0 
0 1 0 0 
0 0 0 0 
0 0 1 1 
1 1 1 0 
1 0 1 1 
0 0 0 0 

JOBS [4] - [13, 5, 6, 3]
TOOL SWITCHES : 5
MAKESPAN : 27

- MACHINE [1]

0 0 0 0 0 
0 0 0 0 0 
0 0 0 0 0 
0 0 0 1 0 
0 0 0 0 0 
1 1 1 1 0 
0 0 0 0 0 
0 0 0 1 1 
1 0 1 0 0 
0 0 1 0 0 
0 0 0 0 0 
0 1 1 0 0 
1 0 0 0 1 
0 1 1 1 0 
0 0 0 0 0 
0 1 0 0 0 
1 0 0 1 1 
1 1 0 0 1 
0 0 1 1 1 
1 1 0 1 1 

JOBS [5] - [0, 12, 1, 7, 11]
TOOL SWITCHES : 3
MAKESPAN : 27

- MACHINE [2]

0 0 1 0 0 1 
1 0 0 1 1 0 
0 0 0 1 0 1 
0 0 1 0 1 0 
1 1 0 0 0 0 
0 0 0 0 0 0 
0 1 0 0 0 0 
0 0 0 0 0 0 
0 1 0 0 0 0 
0 1 0 0 0 0 
0 0 1 0 1 0 
0 0 1 1 1 0 
0 0 0 0 0 1 
1 0 0 0 0 1 
1 1 1 1 1 0 
0 0 0 1 0 0 
1 1 0 0 0 0 
0 0 0 0 0 1 
0 0 0 0 0 0 
0 0 0 0 0 1 

JOBS [6] - [8, 2, 9, 14, 4, 10]
TOOL SWITCHES : 4
MAKESPAN : 28

# -------------------------- #

--- TOTAL TOOL SWITCHES : 12
--- HIGHEST MAKESPAN : 28
--- TOTAL FLOWTIME : 205
--- RUNNING TIME : 0.846097

# -------------------------- #
RUN : 1 - instancias_txt/SSP-NPM-I/ins130_m=3_j=15_t=20_var=10.txt

- MACHINE [0]

1 1 1 1 1 
0 0 0 0 0 
1 0 0 1 1 
0 0 0 0 1 
0 0 0 0 0 
1 1 0 0 0 
0 0 0 0 0 
0 0 1 0 0 
0 1 1 0 1 
0 0 0 1 0 
1 0 0 0 0 
0 0 0 0 0 
0 0 0 1 1 
0 0 0 1 1 
0 0 0 0 0 
1 0 1 0 0 
0 1 1 1 0 
0 0 0 0 0 
1 0 0 0 0 
0 1 1 0 1 

JOBS [5] - [14, 13, 5, 1, 4]
TOOL SWITCHES : 8
MAKESPAN : 33

- MACHINE [1]

1 0 1 0 
1 0 0 1 
0 0 0 1 
0 0 0 0 
0 0 0 1 
1 0 0 0 
0 0 0 1 
1 0 1 0 
0 0 0 0 
1 0 1 0 
0 0 0 0 
0 1 1 0 
0 1 0 0 
0 0 1 0 
0 1 0 1 
0 1 1 0 
0 0 0 0 
0 0 0 0 
0 1 0 1 
0 0 0 1 

JOBS [4] - [12, 6, 8, 11]
TOOL SWITCHES : 5
MAKESPAN : 31

- MACHINE [2]

0 0 0 0 0 0 
1 1 1 0 0 1 
0 0 0 1 0 0 
0 0 0 0 0 0 
0 1 0 0 1 0 
0 0 1 0 0 0 
0 0 0 0 0 0 
0 0 1 1 0 1 
0 0 0 0 0 1 
1 1 0 0 0 0 
0 0 0 1 1 1 
0 0 0 0 0 0 
1 0 1 1 1 0 
0 1 1 1 1 0 
0 0 1 0 1 1 
1 0 0 0 1 0 
1 0 1 1 1 0 
1 1 0 1 0 1 
0 0 0 0 0 0 
0 0 0 0 0 0 

JOBS [6] - [9, 7, 0, 2, 3, 10]
TOOL SWITCHES : 1
MAKESPAN : 32

# -------------------------- #

--- TOTAL TOOL SWITCHES : 14
--- HIGHEST MAKESPAN : 33
--- TOTAL FLOWTIME : 257
--- RUNNING TIME : 1.01798

# -------------------------- #
RUN : 1 - instancias_txt/SSP-NPM-I/ins131_m=3_j=15_t=20_var=11.txt

- MACHINE [0]

0 0 1 0 
0 0 0 0 
0 0 0 0 
0 1 0 0 
0 1 0 0 
1 1 0 0 
1 0 0 0 
1 0 0 0 
0 0 1 0 
1 0 1 1 
1 1 0 0 
0 0 0 1 
1 0 0 0 
0 0 1 1 
0 0 0 1 
0 0 0 0 
0 1 1 1 
0 0 0 0 
0 0 0 0 
1 1 1 1 

JOBS [4] - [1, 8, 3, 2]
TOOL SWITCHES : 8
MAKESPAN : 32

- MACHINE [1]

0 1 1 0 0 
1 1 0 0 1 
0 0 0 1 0 
1 0 1 0 0 
0 0 1 1 1 
0 0 0 0 0 
1 1 0 0 0 
0 0 0 0 0 
0 0 0 0 0 
0 0 0 0 0 
0 0 0 0 0 
0 1 1 1 0 
0 1 1 1 1 
1 0 1 0 0 
1 0 0 1 0 
0 1 0 1 0 
0 0 0 0 0 
0 0 0 0 1 
0 1 1 1 0 
0 0 0 0 1 

JOBS [5] - [4, 6, 0, 5, 10]
TOOL SWITCHES : 4
MAKESPAN : 32

- MACHINE [2]

1 1 0 1 0 0 
0 0 0 1 0 1 
0 0 0 0 0 0 
0 0 0 0 0 0 
1 0 0 0 1 1 
1 0 0 0 1 0 
0 0 0 0 0 0 
0 0 1 0 1 0 
0 1 1 1 0 0 
0 0 0 0 0 1 
1 1 1 1 0 1 
0 1 0 0 0 0 
0 0 0 0 0 0 
0 0 0 0 0 0 
0 1 1 1 0 1 
0 1 0 0 0 1 
0 0 1 0 0 0 
0 0 0 0 0 0 
0 0 1 0 1 0 
1 0 0 1 1 0 

JOBS [6] - [12, 14, 13, 7, 9, 11]
TOOL SWITCHES : 1
MAKESPAN : 32

# -------------------------- #

--- TOTAL TOOL SWITCHES : 13
--- HIGHEST MAKESPAN : 32
--- TOTAL FLOWTIME : 260
--- RUNNING TIME : 0.892844

# -------------------------- #
RUN : 1 - instancias_txt/SSP-NPM-I/ins132_m=3_j=15_t=20_var=12.txt

- MACHINE [0]

0 0 1 1 0 
0 0 0 0 0 
1 1 0 0 0 
0 0 1 1 0 
0 0 0 0 0 
0 1 0 0 0 
1 0 1 0 1 
0 0 0 1 0 
0 0 0 0 0 
0 1 0 0 0 
1 1 0 0 0 
0 1 1 1 1 
0 0 0 0 0 
0 1 1 1 1 
1 0 0 0 1 
0 0 0 0 0 
0 0 0 1 1 
1 0 0 0 0 
0 0 0 0 1 
0 0 1 0 0 

JOBS [5] - [8, 12, 11, 2, 13]
TOOL SWITCHES : 9
MAKESPAN : 27

- MACHINE [1]

0 0 1 0 1 
1 0 1 0 1 
0 1 0 0 0 
1 0 0 1 1 
0 0 0 0 0 
0 0 0 0 0 
1 1 0 0 0 
0 1 0 1 1 
0 0 1 0 0 
1 1 0 1 1 
0 1 0 1 0 
0 0 0 0 0 
0 0 0 0 0 
1 0 1 0 0 
0 0 1 1 1 
1 1 0 0 0 
0 0 0 0 0 
0 0 0 0 0 
0 0 0 0 0 
0 1 0 1 0 

JOBS [5] - [5, 7, 1, 10, 4]
TOOL SWITCHES : 3
MAKESPAN : 27

- MACHINE [2]

0 0 1 1 1 
0 0 0 0 0 
0 0 0 0 0 
0 1 0 1 1 
1 1 1 0 1 
0 0 0 0 0 
0 0 0 0 0 
1 0 0 1 1 
1 1 1 1 0 
0 0 0 0 0 
0 1 1 0 0 
0 0 0 0 1 
1 0 0 0 0 
0 0 0 0 0 
0 0 1 0 0 
0 0 1 1 0 
0 0 0 0 1 
1 1 0 0 0 
0 0 0 0 0 
0 1 0 0 0 

JOBS [5] - [3, 9, 14, 0, 6]
TOOL SWITCHES : 0
MAKESPAN : 27

# -------------------------- #

--- TOTAL TOOL SWITCHES : 12
--- HIGHEST MAKESPAN : 27
--- TOTAL FLOWTIME : 215
--- RUNNING TIME : 0.836262

# -------------------------- #
RUN : 1 - instancias_txt/SSP-NPM-I/ins133_m=3_j=15_t=20_var=13.txt

- MACHINE [0]

0 0 0 0 0 
1 1 0 1 1 
0 0 0 0 1 
0 0 0 0 0 
0 1 0 0 0 
0 1 1 0 0 
1 0 0 0 0 
0 0 0 0 1 
1 0 0 0 0 
0 0 1 0 0 
0 0 0 0 0 
1 1 1 0 1 
0 1 0 0 0 
0 1 0 1 0 
0 0 0 0 0 
0 0 0 0 1 
0 0 1 1 1 
0 0 1 1 0 
0 0 0 1 0 
1 0 0 0 0 

JOBS [5] - [4, 11, 2, 0, 6]
TOOL SWITCHES : 9
MAKESPAN : 28

- MACHINE [1]

0 1 0 0 0 
1 0 0 0 0 
0 0 0 0 0 
1 0 0 1 1 
0 0 0 1 1 
0 0 0 0 0 
0 0 0 0 0 
1 0 1 0 0 
0 0 0 1 0 
0 0 0 0 0 
1 1 0 0 1 
1 1 0 1 1 
0 0 1 0 0 
1 0 1 1 0 
0 0 0 0 1 
0 0 0 0 0 
0 1 1 0 0 
0 1 0 0 0 
0 0 1 1 1 
0 1 1 1 0 

JOBS [5] - [12, 13, 3, 5, 10]
TOOL SWITCHES : 5
MAKESPAN : 29

- MACHINE [2]

0 0 1 1 0 
0 0 0 0 0 
1 0 0 0 0 
0 0 0 0 0 
0 1 0 0 0 
0 1 0 0 1 
1 0 0 1 0 
0 1 0 1 1 
0 0 0 0 0 
0 0 1 0 1 
0 0 0 0 0 
0 1 1 1 1 
0 0 0 0 0 
1 0 0 0 0 
0 0 1 0 1 
0 0 1 1 0 
0 0 0 0 0 
1 1 0 0 0 
1 0 0 0 0 
0 1 0 0 0 

JOBS [5] - [14, 8, 7, 1, 9]
TOOL SWITCHES : 1
MAKESPAN : 27

# -------------------------- #

--- TOTAL TOOL SWITCHES : 15
--- HIGHEST MAKESPAN : 29
--- TOTAL FLOWTIME : 209
--- RUNNING TIME : 0.797599

# -------------------------- #
RUN : 1 - instancias_txt/SSP-NPM-I/ins134_m=3_j=15_t=20_var=14.txt

- MACHINE [0]

1 1 0 0 
1 0 0 0 
0 0 0 0 
0 0 0 0 
1 0 1 1 
0 0 0 1 
1 0 0 0 
0 1 0 0 
0 0 0 0 
0 1 1 0 
0 0 1 1 
0 1 0 1 
0 0 1 1 
0 0 0 0 
0 0 0 0 
0 1 0 1 
0 0 1 0 
1 1 1 0 
1 0 0 0 
0 0 0 1 

JOBS [4] - [8, 6, 13, 7]
TOOL SWITCHES : 9
MAKESPAN : 32

- MACHINE [1]

0 1 0 0 0 
0 0 0 0 0 
0 0 0 0 0 
1 0 0 0 1 
0 0 0 0 0 
0 0 1 1 0 
1 1 0 0 0 
1 0 1 0 1 
0 0 0 1 1 
0 0 1 1 0 
0 1 0 1 0 
1 1 1 1 0 
1 0 0 0 0 
0 1 0 1 1 
0 1 1 0 1 
0 0 0 0 0 
0 0 1 0 0 
1 0 1 0 0 
0 0 0 0 0 
1 1 0 0 0 

JOBS [5] - [1, 0, 10, 12, 14]
TOOL SWITCHES : 5
MAKESPAN : 33

- MACHINE [2]

0 0 0 1 0 0 
0 0 0 0 1 1 
1 0 0 0 0 0 
1 0 1 0 0 0 
0 1 0 0 1 0 
0 0 1 0 1 0 
0 0 0 1 0 1 
0 1 1 0 1 1 
1 0 0 1 1 0 
1 0 1 0 0 0 
0 0 0 0 0 0 
0 1 0 0 0 1 
0 1 0 0 0 1 
0 0 0 0 0 0 
0 0 1 0 1 1 
1 1 0 1 0 0 
0 0 0 0 0 0 
1 0 1 0 0 1 
0 0 0 0 0 0 
1 1 0 1 0 0 

JOBS [6] - [11, 2, 9, 4, 5, 3]
TOOL SWITCHES : 3
MAKESPAN : 32

# -------------------------- #

--- TOTAL TOOL SWITCHES : 17
--- HIGHEST MAKESPAN : 33
--- TOTAL FLOWTIME : 252
--- RUNNING TIME : 0.994681

# -------------------------- #
RUN : 1 - instancias_txt/SSP-NPM-I/ins135_m=3_j=15_t=20_var=15.txt

- MACHINE [0]

0 0 0 0 0 
0 0 1 1 0 
0 0 0 0 1 
0 0 0 0 0 
1 0 0 0 0 
0 0 0 0 1 
1 1 1 1 1 
0 1 0 1 1 
0 0 0 0 0 
0 0 1 1 1 
1 0 0 0 0 
0 0 0 0 0 
0 0 1 0 0 
0 0 0 0 0 
0 1 0 0 0 
1 0 0 0 0 
1 1 1 0 0 
0 1 1 1 0 
0 0 0 0 0 
0 1 0 0 0 

JOBS [5] - [2, 7, 0, 8, 4]
TOOL SWITCHES : 7
MAKESPAN : 36

- MACHINE [1]

0 1 1 1 0 
0 0 0 0 1 
0 1 1 1 1 
0 0 0 0 0 
1 1 0 0 1 
0 0 0 1 0 
1 1 1 0 0 
0 0 0 0 1 
1 0 0 1 0 
0 0 0 0 0 
0 0 0 0 0 
0 0 0 0 0 
0 1 1 0 0 
1 0 1 0 1 
1 0 0 0 0 
0 0 1 1 0 
0 0 0 0 0 
1 0 1 0 1 
0 0 0 0 0 
0 1 0 1 0 

JOBS [5] - [13, 9, 5, 10, 14]
TOOL SWITCHES : 4
MAKESPAN : 37

- MACHINE [2]

0 1 1 0 0 
0 0 0 0 0 
0 0 0 0 1 
1 0 1 1 0 
1 0 0 0 0 
0 0 0 0 0 
1 1 1 0 0 
0 0 0 0 1 
0 1 0 0 0 
1 1 0 0 0 
0 0 0 1 0 
1 1 1 1 1 
0 0 0 0 0 
0 0 1 1 0 
1 0 0 0 0 
0 1 1 0 1 
0 0 0 0 0 
0 0 0 1 1 
1 0 0 1 1 
0 0 0 0 0 

JOBS [5] - [1, 12, 11, 3, 6]
TOOL SWITCHES : 2
MAKESPAN : 30

# -------------------------- #

--- TOTAL TOOL SWITCHES : 13
--- HIGHEST MAKESPAN : 37
--- TOTAL FLOWTIME : 263
--- RUNNING TIME : 0.734859

# -------------------------- #
RUN : 1 - instancias_txt/SSP-NPM-I/ins136_m=3_j=15_t=20_var=16.txt

- MACHINE [0]

1 1 1 0 1 
0 0 0 0 0 
0 0 0 1 1 
0 0 0 0 0 
1 0 0 0 0 
0 0 0 1 1 
1 1 0 0 1 
1 0 1 1 0 
0 0 0 1 1 
0 0 0 1 1 
0 1 1 0 0 
0 0 0 0 0 
1 1 0 0 0 
0 0 1 0 0 
0 0 0 0 0 
0 1 0 1 0 
0 0 0 0 0 
0 0 0 0 1 
0 0 0 0 0 
1 0 1 0 0 

JOBS [5] - [10, 8, 7, 14, 4]
TOOL SWITCHES : 8
MAKESPAN : 31

- MACHINE [1]

1 0 0 0 0 
1 0 1 0 0 
0 0 0 0 0 
1 1 0 1 0 
0 0 0 1 1 
0 0 1 0 1 
0 1 0 1 0 
0 0 0 0 0 
0 0 0 0 0 
0 0 0 0 0 
1 0 0 1 1 
0 1 1 0 1 
1 1 1 1 0 
0 1 0 1 0 
0 0 1 1 1 
1 1 0 0 0 
0 0 0 0 1 
0 0 0 0 0 
0 0 0 0 0 
0 0 1 0 0 

JOBS [5] - [3, 9, 12, 0, 2]
TOOL SWITCHES : 4
MAKESPAN : 32

- MACHINE [2]

0 0 0 0 0 
0 0 0 0 0 
1 1 0 1 0 
1 0 1 0 1 
0 0 0 0 0 
0 0 0 1 1 
0 0 0 0 0 
1 1 0 0 1 
1 0 1 0 0 
0 0 0 1 1 
0 0 0 0 1 
0 1 0 0 1 
0 0 0 0 0 
0 0 0 1 0 
0 1 0 1 0 
0 1 0 0 0 
0 0 1 0 0 
0 0 1 0 0 
0 1 0 1 0 
1 1 1 1 0 

JOBS [5] - [6, 5, 11, 13, 1]
TOOL SWITCHES : 2
MAKESPAN : 31

# -------------------------- #

--- TOTAL TOOL SWITCHES : 14
--- HIGHEST MAKESPAN : 32
--- TOTAL FLOWTIME : 252
--- RUNNING TIME : 0.901794

# -------------------------- #
RUN : 1 - instancias_txt/SSP-NPM-I/ins137_m=3_j=15_t=20_var=17.txt

- MACHINE [0]

0 0 0 0 
0 0 1 1 
0 1 1 1 
1 1 1 0 
0 0 0 0 
1 1 0 0 
0 0 0 0 
0 0 0 1 
0 0 0 1 
0 0 0 0 
0 0 0 0 
1 1 0 0 
1 1 0 1 
1 0 0 0 
1 1 1 0 
0 0 0 0 
0 0 0 0 
1 0 1 0 
0 0 0 0 
0 0 0 1 

JOBS [4] - [0, 14, 4, 13]
TOOL SWITCHES : 5
MAKESPAN : 27

- MACHINE [1]

0 1 1 0 1 
0 1 0 1 1 
0 0 0 0 0 
1 0 0 1 1 
1 0 0 0 0 
0 0 0 0 1 
0 0 1 0 1 
1 0 0 0 0 
0 0 0 0 0 
1 1 1 0 0 
0 0 0 0 0 
0 0 0 0 0 
0 1 1 1 0 
0 0 0 0 0 
1 0 1 1 0 
0 0 0 1 0 
0 0 0 0 0 
1 1 0 0 0 
0 0 1 0 0 
0 1 0 0 0 

JOBS [5] - [8, 10, 1, 9, 11]
TOOL SWITCHES : 4
MAKESPAN : 24

- MACHINE [2]

0 0 1 0 0 1 
1 0 0 1 0 0 
1 0 1 1 0 0 
0 0 0 0 0 0 
0 0 0 0 0 1 
1 0 1 0 0 1 
0 0 0 0 0 0 
0 1 0 0 0 1 
1 1 0 1 1 0 
1 0 1 0 1 0 
0 0 0 0 0 0 
0 1 0 1 1 0 
0 0 0 0 0 0 
0 1 0 0 0 0 
0 0 1 0 0 0 
0 0 1 1 0 1 
0 1 0 0 0 0 
0 0 0 0 0 0 
0 1 1 1 1 0 
1 0 0 0 1 1 

JOBS [6] - [2, 7, 12, 6, 5, 3]
TOOL SWITCHES : 2
MAKESPAN : 26

# -------------------------- #

--- TOTAL TOOL SWITCHES : 11
--- HIGHEST MAKESPAN : 27
--- TOTAL FLOWTIME : 196
--- RUNNING TIME : 0.937681

# -------------------------- #
RUN : 1 - instancias_txt/SSP-NPM-I/ins138_m=3_j=15_t=20_var=18.txt

- MACHINE [0]

0 1 0 0 
1 0 0 0 
1 0 1 0 
0 0 0 0 
1 0 0 0 
1 1 1 0 
0 0 0 0 
1 0 1 0 
0 0 0 0 
0 0 1 0 
0 1 0 1 
0 0 1 0 
0 1 0 0 
0 1 0 1 
0 0 0 0 
0 0 1 1 
0 0 0 1 
0 0 0 0 
0 0 0 0 
0 0 0 1 

JOBS [4] - [1, 10, 13, 3]
TOOL SWITCHES : 8
MAKESPAN : 28

- MACHINE [1]

0 0 0 1 0 
0 1 0 0 0 
0 1 0 1 0 
0 0 0 0 0 
0 0 1 0 1 
0 1 0 1 1 
0 0 0 0 1 
1 0 0 0 0 
1 1 0 0 0 
1 0 0 0 1 
0 0 1 0 1 
1 0 1 0 1 
0 1 0 0 0 
1 1 1 1 0 
0 0 0 0 0 
0 0 1 1 0 
1 0 0 0 0 
0 0 0 0 0 
0 0 0 1 1 
1 0 1 0 0 

JOBS [5] - [8, 12, 4, 9, 7]
TOOL SWITCHES : 7
MAKESPAN : 29

- MACHINE [2]

0 1 0 1 1 0 
1 1 0 0 0 1 
0 0 1 1 0 0 
1 1 1 0 1 0 
0 0 0 0 1 1 
0 1 0 1 0 1 
1 0 1 1 0 0 
1 0 1 1 0 0 
0 0 1 0 0 0 
0 0 0 0 0 0 
1 0 0 0 0 0 
0 0 0 1 0 0 
0 0 0 0 1 1 
0 0 0 0 0 0 
1 0 0 0 1 0 
0 0 1 0 0 0 
1 1 0 0 0 0 
0 0 0 0 0 0 
0 0 0 0 0 0 
0 0 1 0 0 1 

JOBS [6] - [0, 14, 6, 11, 5, 2]
TOOL SWITCHES : 3
MAKESPAN : 29

# -------------------------- #

--- TOTAL TOOL SWITCHES : 18
--- HIGHEST MAKESPAN : 29
--- TOTAL FLOWTIME : 230
--- RUNNING TIME : 0.881591

# -------------------------- #
RUN : 1 - instancias_txt/SSP-NPM-I/ins139_m=3_j=15_t=20_var=19.txt

- MACHINE [0]

1 1 0 0 
0 0 1 0 
0 0 1 1 
0 0 1 0 
0 0 0 0 
0 0 0 0 
1 1 0 1 
0 1 1 1 
0 0 0 1 
1 0 0 0 
0 1 1 0 
0 0 0 1 
1 0 0 0 
0 0 1 0 
0 1 0 0 
0 0 0 0 
1 1 1 0 
0 0 0 0 
1 0 0 1 
0 0 0 0 

JOBS [4] - [0, 1, 3, 14]
TOOL SWITCHES : 10
MAKESPAN : 35

- MACHINE [1]

0 1 0 0 
0 0 1 1 
0 0 0 0 
0 0 0 1 
0 0 0 0 
0 0 0 0 
1 0 0 0 
0 1 0 0 
0 1 1 0 
0 0 1 0 
0 1 1 1 
0 0 0 0 
1 1 0 1 
1 0 0 0 
1 0 0 1 
1 1 0 0 
1 0 0 0 
1 0 1 1 
0 0 1 1 
0 0 1 0 

JOBS [4] - [6, 9, 2, 7]
TOOL SWITCHES : 6
MAKESPAN : 35

- MACHINE [2]

0 0 1 1 1 0 1 
0 0 0 0 0 0 1 
0 1 0 1 0 1 0 
0 0 0 0 0 0 1 
1 1 0 0 0 0 1 
0 0 0 0 0 0 0 
1 0 1 1 0 0 0 
0 0 0 0 1 1 0 
0 0 0 0 0 0 0 
0 1 1 1 1 0 0 
1 0 0 0 1 0 0 
1 0 0 0 0 0 1 
0 1 0 0 0 0 0 
0 1 1 1 1 1 0 
0 0 0 0 0 0 0 
1 0 0 1 1 1 0 
0 1 1 0 0 0 0 
1 0 0 0 0 0 0 
1 0 0 0 0 1 1 
0 0 0 1 1 0 0 

JOBS [7] - [10, 8, 13, 12, 5, 4, 11]
TOOL SWITCHES : 4
MAKESPAN : 36

# -------------------------- #

--- TOTAL TOOL SWITCHES : 20
--- HIGHEST MAKESPAN : 36
--- TOTAL FLOWTIME : 278
--- RUNNING TIME : 0.989515

# -------------------------- #
RUN : 1 - instancias_txt/SSP-NPM-I/ins140_m=3_j=15_t=20_var=20.txt

- MACHINE [0]

0 0 0 0 
0 0 0 0 
0 0 1 0 
1 1 0 0 
0 0 1 1 
0 0 0 0 
0 1 0 0 
0 0 0 0 
1 1 0 1 
0 0 0 1 
0 0 0 0 
0 0 0 0 
0 1 1 0 
0 0 0 1 
0 1 1 1 
1 1 0 1 
1 0 1 1 
1 0 0 0 
1 0 0 0 
0 0 0 0 

JOBS [4] - [9, 12, 11, 14]
TOOL SWITCHES : 6
MAKESPAN : 29

- MACHINE [1]

0 0 1 1 
0 0 0 0 
0 0 0 0 
0 0 0 0 
0 0 0 0 
1 0 0 1 
1 0 0 1 
1 0 1 0 
1 0 0 0 
1 1 0 0 
0 1 0 1 
0 1 0 0 
0 0 0 0 
0 0 0 0 
0 1 0 0 
0 0 1 0 
0 0 1 1 
0 0 0 0 
1 1 1 0 
0 0 1 0 

JOBS [4] - [6, 2, 0, 13]
TOOL SWITCHES : 3
MAKESPAN : 26

- MACHINE [2]

1 0 0 1 1 0 0 
1 1 1 0 0 1 1 
0 0 1 1 0 1 0 
0 0 1 1 0 0 0 
0 0 0 0 0 0 0 
0 0 0 1 0 0 0 
1 0 1 0 0 0 0 
0 0 1 1 1 1 0 
0 0 0 0 0 1 0 
0 1 0 0 0 1 1 
0 0 1 0 1 1 1 
0 0 0 0 0 0 0 
1 1 0 0 0 0 1 
0 0 0 1 1 0 0 
1 1 0 0 0 0 1 
0 0 0 0 0 0 0 
0 1 0 1 0 1 0 
0 0 0 0 0 0 0 
0 0 0 0 1 0 0 
0 1 0 0 0 0 1 

JOBS [7] - [1, 8, 5, 10, 3, 4, 7]
TOOL SWITCHES : 3
MAKESPAN : 29

# -------------------------- #

--- TOTAL TOOL SWITCHES : 12
--- HIGHEST MAKESPAN : 29
--- TOTAL FLOWTIME : 241
--- RUNNING TIME : 0.915484

# -------------------------- #


avg : 31.5
