RUN : 1 - instancias_txt/SSP-NPM-I/ins121_m=3_j=15_t=20_var=1.txt

- MACHINE [0]

0 1 0 0 
1 1 1 0 
1 0 0 0 
0 0 0 0 
0 0 0 1 
0 0 1 1 
0 0 0 0 
1 0 0 0 
0 0 0 0 
0 0 0 0 
0 0 1 0 
1 1 0 0 
1 0 1 1 
0 0 0 0 
1 0 1 1 
1 1 1 1 
0 1 0 0 
0 1 0 1 
0 0 1 1 
0 0 0 0 

JOBS [4] - [5, 8, 4, 3]
TOOL SWITCHES : 9
MAKESPAN : 37

- MACHINE [1]

0 1 1 0 0 
0 1 0 0 0 
0 0 0 0 0 
0 0 1 1 1 
1 0 1 1 1 
0 0 0 1 0 
0 0 0 0 1 
1 0 0 0 1 
0 0 0 0 0 
1 0 0 0 0 
1 1 0 0 0 
0 0 1 0 1 
0 0 0 0 0 
0 0 0 0 0 
1 0 0 0 1 
0 0 0 0 0 
0 1 1 1 0 
0 1 1 1 0 
1 0 1 0 0 
0 1 0 1 1 

JOBS [5] - [11, 6, 14, 0, 2]
TOOL SWITCHES : 5
MAKESPAN : 39

- MACHINE [2]

1 0 0 0 1 0 
0 1 0 0 0 0 
0 0 0 0 1 0 
0 0 0 0 0 0 
0 0 1 0 1 0 
0 0 0 0 1 0 
0 0 1 0 1 1 
0 0 0 1 0 0 
1 1 1 0 0 0 
0 0 1 1 0 0 
0 0 0 0 0 1 
0 0 0 1 0 0 
0 1 1 1 0 1 
1 1 0 1 1 0 
1 1 0 0 0 1 
0 0 0 0 0 0 
0 0 1 0 1 0 
0 0 0 0 0 1 
1 1 0 1 0 1 
0 0 1 1 0 0 

JOBS [6] - [13, 1, 7, 12, 9, 10]
TOOL SWITCHES : 5
MAKESPAN : 41

# -------------------------- #

--- TOTAL TOOL SWITCHES : 19
--- HIGHEST MAKESPAN : 41
--- TOTAL FLOWTIME : 306
--- RUNNING TIME : 0.936125

# -------------------------- #
RUN : 1 - instancias_txt/SSP-NPM-I/ins122_m=3_j=15_t=20_var=2.txt

- MACHINE [0]

0 0 0 0 
0 0 0 1 
0 0 1 1 
0 0 0 0 
1 1 1 0 
0 0 0 1 
0 0 0 0 
1 1 1 0 
0 0 0 1 
0 0 0 1 
0 0 0 0 
0 0 0 0 
1 1 0 0 
0 0 0 0 
0 0 0 0 
1 1 0 1 
0 1 1 0 
1 0 0 0 
0 1 0 0 
0 0 1 1 

JOBS [4] - [9, 13, 3, 6]
TOOL SWITCHES : 6
MAKESPAN : 27

- MACHINE [1]

1 0 0 1 1 0 
0 0 0 0 0 0 
1 0 1 1 0 1 
0 0 0 0 0 0 
0 1 1 0 1 0 
1 0 0 0 1 1 
0 0 0 0 0 0 
0 0 0 0 0 0 
0 0 1 1 0 1 
0 1 0 0 1 0 
0 1 0 0 1 0 
0 0 0 0 0 1 
0 0 0 0 0 0 
0 0 1 0 1 1 
0 0 0 0 0 0 
1 0 1 0 0 0 
1 1 1 1 0 1 
0 0 0 0 0 0 
1 1 0 0 0 0 
0 0 0 1 0 1 

JOBS [6] - [14, 8, 1, 12, 7, 2]
TOOL SWITCHES : 3
MAKESPAN : 26

- MACHINE [2]

1 1 0 0 0 
1 0 0 0 1 
0 0 0 1 0 
0 0 0 1 1 
0 0 0 0 0 
0 0 0 0 1 
1 0 1 1 0 
0 0 0 0 0 
0 0 0 1 0 
1 0 1 0 0 
0 0 0 0 0 
0 1 1 0 0 
0 0 0 0 0 
0 0 0 0 1 
0 1 1 1 0 
0 1 0 1 1 
0 0 0 0 0 
1 1 1 0 0 
0 0 0 0 0 
0 1 0 1 0 

JOBS [5] - [5, 11, 4, 0, 10]
TOOL SWITCHES : 1
MAKESPAN : 26

# -------------------------- #

--- TOTAL TOOL SWITCHES : 10
--- HIGHEST MAKESPAN : 27
--- TOTAL FLOWTIME : 195
--- RUNNING TIME : 0.911267

# -------------------------- #
RUN : 1 - instancias_txt/SSP-NPM-I/ins123_m=3_j=15_t=20_var=3.txt

- MACHINE [0]

0 0 0 0 0 
0 0 1 1 1 
0 0 0 0 1 
1 1 0 1 0 
0 0 0 0 0 
1 1 0 0 1 
1 0 0 0 0 
0 0 0 0 1 
1 1 0 0 0 
0 0 0 1 0 
1 1 1 0 0 
0 0 0 0 0 
0 0 0 0 0 
0 1 1 0 0 
0 0 0 0 0 
0 0 1 1 1 
1 0 1 1 0 
0 0 0 0 0 
1 0 0 0 0 
0 0 0 1 1 

JOBS [5] - [7, 9, 10, 5, 6]
TOOL SWITCHES : 7
MAKESPAN : 30

- MACHINE [1]

0 0 0 0 1 
0 0 0 1 0 
0 0 0 0 1 
0 0 1 1 0 
0 1 0 0 0 
0 1 1 0 0 
1 0 0 0 1 
1 1 1 1 0 
0 0 0 0 0 
0 0 0 1 1 
0 0 0 0 0 
1 1 0 0 0 
0 0 0 0 0 
0 0 0 1 1 
0 1 1 0 1 
0 1 0 1 0 
1 0 1 0 0 
0 0 1 1 0 
0 0 0 0 0 
1 0 0 0 1 

JOBS [5] - [4, 11, 14, 1, 13]
TOOL SWITCHES : 6
MAKESPAN : 30

- MACHINE [2]

0 0 0 0 0 
0 0 1 0 0 
0 0 0 0 0 
0 1 1 0 0 
1 0 1 0 1 
0 1 1 1 1 
0 0 0 0 1 
1 1 0 0 1 
0 0 0 0 0 
0 0 0 1 0 
1 0 0 0 1 
1 0 0 0 0 
1 0 0 1 0 
1 0 0 1 0 
0 1 0 0 1 
0 0 0 0 0 
0 1 1 0 0 
1 0 0 0 0 
0 0 0 1 0 
0 0 0 0 0 

JOBS [5] - [0, 2, 12, 8, 3]
TOOL SWITCHES : 2
MAKESPAN : 28

# -------------------------- #

--- TOTAL TOOL SWITCHES : 15
--- HIGHEST MAKESPAN : 30
--- TOTAL FLOWTIME : 217
--- RUNNING TIME : 0.908677

# -------------------------- #
RUN : 1 - instancias_txt/SSP-NPM-I/ins124_m=3_j=15_t=20_var=4.txt

- MACHINE [0]

0 1 0 0 
1 0 0 0 
0 0 0 0 
0 0 0 0 
0 0 0 0 
0 0 0 0 
1 1 1 0 
1 0 0 0 
0 0 1 1 
0 0 0 0 
0 1 0 1 
0 0 1 1 
0 0 0 0 
1 1 0 0 
0 0 1 1 
0 1 1 0 
1 0 0 0 
0 0 0 1 
1 0 0 0 
0 0 0 0 

JOBS [4] - [2, 0, 3, 10]
TOOL SWITCHES : 6
MAKESPAN : 28

- MACHINE [1]

0 1 0 1 1 0 
1 0 0 0 0 0 
1 1 0 1 1 1 
0 0 0 1 1 0 
0 0 0 0 0 0 
0 0 0 0 0 0 
0 0 0 0 1 0 
1 0 1 1 0 0 
1 0 1 0 0 0 
1 1 1 0 0 1 
1 1 0 1 0 1 
0 0 1 1 0 1 
0 1 1 0 1 0 
0 0 0 0 0 0 
0 0 0 0 0 0 
0 0 0 0 0 0 
0 1 0 0 0 0 
0 0 0 0 0 0 
0 1 1 0 0 0 
0 0 0 1 0 1 

JOBS [6] - [11, 14, 13, 4, 9, 5]
TOOL SWITCHES : 4
MAKESPAN : 28

- MACHINE [2]

0 1 0 0 0 
0 1 1 0 1 
1 0 0 1 0 
1 0 0 0 0 
0 0 0 0 1 
1 0 0 0 1 
1 1 1 0 0 
0 0 0 0 0 
1 1 0 0 0 
0 0 0 0 1 
0 0 0 0 0 
0 0 1 1 0 
0 0 0 1 0 
0 0 1 1 0 
0 0 0 1 1 
0 0 0 0 0 
1 0 0 0 0 
0 0 0 1 0 
1 0 1 0 0 
0 1 1 0 0 

JOBS [5] - [1, 7, 12, 8, 6]
TOOL SWITCHES : 4
MAKESPAN : 28

# -------------------------- #

--- TOTAL TOOL SWITCHES : 14
--- HIGHEST MAKESPAN : 28
--- TOTAL FLOWTIME : 239
--- RUNNING TIME : 0.877822

# -------------------------- #
RUN : 1 - instancias_txt/SSP-NPM-I/ins125_m=3_j=15_t=20_var=5.txt

- MACHINE [0]

0 0 0 1 0 
0 0 0 1 0 
0 0 0 0 0 
1 0 0 0 0 
0 0 0 1 1 
0 0 0 0 1 
1 1 1 0 0 
1 1 1 0 0 
0 0 0 0 0 
1 0 0 0 0 
0 1 0 0 0 
0 0 1 1 1 
1 0 0 0 0 
0 1 0 0 0 
0 0 0 0 0 
0 0 1 1 0 
0 1 1 0 0 
1 1 0 1 1 
0 0 0 0 0 
0 0 1 1 1 

JOBS [5] - [11, 4, 1, 14, 12]
TOOL SWITCHES : 9
MAKESPAN : 33

- MACHINE [1]

0 1 0 0 1 
0 1 0 0 1 
0 1 0 0 0 
0 0 1 0 0 
0 0 1 0 1 
0 1 0 1 0 
0 0 0 1 0 
0 0 0 0 0 
0 0 1 1 1 
1 0 0 1 1 
0 0 0 0 0 
0 0 0 0 0 
1 0 0 0 0 
1 0 1 1 0 
1 0 1 0 0 
1 1 0 0 0 
0 1 0 0 0 
0 0 0 0 1 
1 1 0 0 0 
0 0 1 0 0 

JOBS [5] - [7, 5, 6, 13, 3]
TOOL SWITCHES : 7
MAKESPAN : 34

- MACHINE [2]

0 0 1 1 1 
0 1 0 0 0 
1 0 0 0 0 
0 1 1 1 0 
0 0 0 0 0 
0 1 0 1 1 
1 1 0 0 0 
1 1 0 0 0 
1 0 1 0 1 
0 0 1 0 0 
1 0 0 0 1 
0 0 0 0 0 
0 0 0 0 1 
0 1 0 1 1 
0 0 0 0 0 
1 0 0 1 0 
1 0 1 0 0 
0 0 0 0 0 
0 0 1 0 0 
0 1 0 0 1 

JOBS [5] - [9, 8, 2, 10, 0]
TOOL SWITCHES : 3
MAKESPAN : 31

# -------------------------- #

--- TOTAL TOOL SWITCHES : 19
--- HIGHEST MAKESPAN : 34
--- TOTAL FLOWTIME : 288
--- RUNNING TIME : 0.907023

# -------------------------- #
RUN : 1 - instancias_txt/SSP-NPM-I/ins126_m=3_j=15_t=20_var=6.txt

- MACHINE [0]

1 1 1 0 
1 0 0 0 
0 0 1 0 
0 0 0 0 
0 0 0 1 
0 0 1 0 
1 1 1 0 
1 1 1 0 
0 0 1 1 
0 0 0 1 
0 1 0 0 
0 0 0 0 
0 0 1 1 
0 0 0 0 
1 0 0 0 
0 0 0 1 
0 0 0 0 
0 1 0 0 
1 0 0 0 
0 1 0 0 

JOBS [4] - [10, 1, 12, 6]
TOOL SWITCHES : 9
MAKESPAN : 30

- MACHINE [1]

0 1 0 1 0 
1 0 0 1 1 
0 0 0 0 0 
0 1 0 1 0 
0 0 0 0 0 
1 0 1 0 0 
0 0 0 0 0 
1 0 0 0 0 
0 0 0 0 0 
0 0 0 0 0 
0 1 1 1 1 
0 0 0 0 0 
0 1 1 1 0 
0 1 0 0 0 
0 0 1 0 1 
1 0 1 1 1 
0 0 0 0 1 
1 0 0 0 0 
0 1 1 0 1 
0 1 0 1 1 

JOBS [5] - [9, 7, 0, 5, 3]
TOOL SWITCHES : 4
MAKESPAN : 30

- MACHINE [2]

0 0 0 0 0 0 
0 0 0 0 0 0 
0 0 1 0 0 0 
1 0 0 0 1 0 
0 0 1 1 1 0 
0 0 0 0 0 0 
1 1 0 0 0 0 
0 1 0 1 1 1 
1 0 0 0 1 0 
0 1 0 1 1 0 
0 0 1 1 0 0 
1 0 1 0 1 1 
0 0 0 0 0 0 
0 1 0 0 0 1 
1 1 0 1 0 1 
0 0 0 0 0 0 
0 0 0 0 0 1 
0 0 0 0 0 1 
0 0 1 1 1 0 
0 0 0 0 0 0 

JOBS [6] - [14, 11, 4, 13, 8, 2]
TOOL SWITCHES : 1
MAKESPAN : 30

# -------------------------- #

--- TOTAL TOOL SWITCHES : 14
--- HIGHEST MAKESPAN : 30
--- TOTAL FLOWTIME : 255
--- RUNNING TIME : 0.962947

# -------------------------- #
RUN : 1 - instancias_txt/SSP-NPM-I/ins127_m=3_j=15_t=20_var=7.txt

- MACHINE [0]

0 1 1 0 0 
1 0 1 0 0 
1 0 0 0 0 
1 1 1 0 0 
1 0 0 0 0 
0 0 1 1 0 
0 1 0 1 1 
1 1 0 0 0 
0 0 0 0 0 
0 0 0 0 0 
1 0 1 1 1 
0 0 0 0 0 
0 1 0 0 1 
0 0 0 1 1 
0 0 0 0 0 
0 0 0 0 0 
0 0 0 0 0 
0 0 0 1 1 
0 0 0 0 1 
0 0 0 0 0 

JOBS [5] - [2, 1, 11, 6, 5]
TOOL SWITCHES : 6
MAKESPAN : 30

- MACHINE [1]

1 0 0 0 
1 0 0 0 
0 0 0 1 
1 0 0 0 
0 0 0 0 
0 1 1 1 
1 1 0 1 
1 0 0 1 
0 1 1 0 
0 1 0 1 
0 0 0 0 
0 0 1 0 
0 0 0 0 
0 0 0 0 
0 0 1 0 
0 0 1 0 
0 0 0 0 
0 0 0 0 
0 1 1 1 
1 0 1 0 

JOBS [4] - [12, 14, 0, 10]
TOOL SWITCHES : 4
MAKESPAN : 30

- MACHINE [2]

1 0 0 0 1 0 
1 1 1 0 0 0 
0 0 0 0 0 0 
1 0 0 0 0 1 
0 0 0 0 0 0 
0 0 1 1 0 0 
0 0 0 0 0 0 
0 0 0 1 0 1 
0 1 0 0 0 1 
0 0 0 0 0 0 
1 1 0 0 1 0 
0 0 1 1 0 0 
0 0 1 1 0 0 
0 1 0 0 1 0 
0 1 0 0 0 1 
1 1 0 0 1 1 
0 0 1 0 1 1 
0 1 0 0 0 0 
0 0 0 0 1 0 
1 0 0 1 0 0 

JOBS [6] - [3, 8, 4, 9, 7, 13]
TOOL SWITCHES : 3
MAKESPAN : 30

# -------------------------- #

--- TOTAL TOOL SWITCHES : 13
--- HIGHEST MAKESPAN : 30
--- TOTAL FLOWTIME : 238
--- RUNNING TIME : 0.918282

# -------------------------- #
RUN : 1 - instancias_txt/SSP-NPM-I/ins128_m=3_j=15_t=20_var=8.txt

- MACHINE [0]

0 0 0 1 
0 1 0 0 
0 0 1 0 
1 0 0 0 
0 0 0 0 
0 0 0 1 
0 1 0 0 
1 1 0 1 
1 0 1 0 
1 0 1 0 
0 0 0 0 
1 0 0 0 
1 0 0 0 
0 1 1 0 
0 0 0 1 
0 1 1 0 
0 0 0 0 
0 0 0 0 
0 1 0 1 
1 0 1 1 

JOBS [4] - [4, 7, 13, 8]
TOOL SWITCHES : 12
MAKESPAN : 37

- MACHINE [1]

0 1 0 0 1 
0 0 0 0 0 
0 0 0 0 1 
0 0 0 1 0 
0 1 0 0 1 
1 1 0 1 0 
0 1 0 0 0 
0 0 0 0 1 
0 0 0 0 1 
0 0 0 0 0 
1 0 0 1 0 
1 0 0 0 0 
0 1 1 0 0 
0 0 0 1 0 
1 1 1 1 0 
1 0 1 0 1 
0 0 0 0 1 
0 0 1 1 0 
1 0 1 1 0 
0 0 0 0 0 

JOBS [5] - [14, 5, 1, 12, 10]
TOOL SWITCHES : 7
MAKESPAN : 37

- MACHINE [2]

0 1 0 0 1 0 
0 0 1 0 1 1 
0 0 0 0 0 0 
0 0 1 0 0 1 
1 0 0 1 0 1 
0 0 0 0 0 0 
0 0 0 0 0 0 
0 0 0 0 0 0 
1 1 1 0 0 0 
1 0 1 0 1 0 
0 0 0 1 1 0 
0 0 0 0 0 0 
0 0 0 0 0 1 
0 1 1 0 1 0 
0 1 1 0 0 1 
1 0 0 0 0 0 
0 1 1 1 0 0 
1 0 0 0 0 0 
0 0 0 1 1 1 
0 1 0 1 0 0 

JOBS [6] - [6, 11, 9, 3, 0, 2]
TOOL SWITCHES : 2
MAKESPAN : 37

# -------------------------- #

--- TOTAL TOOL SWITCHES : 21
--- HIGHEST MAKESPAN : 37
--- TOTAL FLOWTIME : 264
--- RUNNING TIME : 1.0826

# -------------------------- #
RUN : 1 - instancias_txt/SSP-NPM-I/ins129_m=3_j=15_t=20_var=9.txt

- MACHINE [0]

0 0 1 0 
0 0 0 0 
0 0 0 0 
0 0 0 0 
0 1 0 0 
1 0 0 1 
0 0 0 0 
0 1 1 0 
1 1 0 1 
0 0 0 1 
0 0 0 0 
0 0 0 1 
1 1 0 0 
0 0 0 1 
0 1 0 0 
0 0 0 0 
1 0 1 0 
1 1 1 0 
0 0 1 1 
1 0 0 0 

JOBS [4] - [0, 5, 6, 1]
TOOL SWITCHES : 8
MAKESPAN : 27

- MACHINE [1]

1 0 0 0 0 
0 0 0 0 0 
1 1 0 0 0 
0 0 1 0 0 
0 1 0 0 0 
0 0 1 0 1 
0 0 0 0 0 
0 0 1 1 0 
0 1 0 0 0 
0 0 0 0 0 
0 0 0 0 0 
0 0 0 0 1 
1 1 0 1 0 
1 0 1 0 1 
0 0 0 0 0 
0 0 0 0 1 
0 0 1 1 0 
1 1 0 1 1 
0 1 1 1 0 
1 0 1 1 1 

JOBS [5] - [10, 13, 7, 11, 12]
TOOL SWITCHES : 5
MAKESPAN : 28

- MACHINE [2]

0 0 0 0 1 0 
1 0 1 1 0 1 
0 0 1 0 0 0 
0 0 0 1 1 0 
1 1 0 0 0 0 
0 0 0 0 0 0 
0 1 0 0 0 0 
0 0 0 0 0 1 
0 1 0 0 0 0 
0 1 0 0 0 0 
0 0 0 1 1 1 
0 0 1 1 1 0 
0 0 0 0 0 0 
1 0 0 0 0 0 
1 1 1 1 1 0 
0 0 1 0 0 0 
1 1 0 0 0 1 
0 0 0 0 0 0 
0 0 0 0 0 1 
0 0 0 0 0 0 

JOBS [6] - [8, 2, 14, 4, 9, 3]
TOOL SWITCHES : 3
MAKESPAN : 25

# -------------------------- #

--- TOTAL TOOL SWITCHES : 16
--- HIGHEST MAKESPAN : 28
--- TOTAL FLOWTIME : 187
--- RUNNING TIME : 0.788802

# -------------------------- #
RUN : 1 - instancias_txt/SSP-NPM-I/ins130_m=3_j=15_t=20_var=10.txt

- MACHINE [0]

1 1 1 0 
0 0 0 0 
1 1 1 1 
0 1 0 0 
0 0 0 0 
0 0 1 0 
0 0 0 0 
0 0 0 1 
0 1 0 0 
1 0 0 0 
0 0 1 1 
0 0 0 0 
1 1 0 1 
1 1 0 1 
0 0 0 0 
0 0 1 0 
1 0 0 1 
0 0 0 1 
0 0 1 0 
0 1 0 0 

JOBS [4] - [1, 4, 14, 2]
TOOL SWITCHES : 10
MAKESPAN : 33

- MACHINE [1]

0 1 1 0 
0 1 0 1 
0 0 0 1 
0 0 0 0 
0 0 0 1 
0 1 0 0 
0 0 0 1 
0 1 1 0 
0 0 0 0 
0 1 1 0 
0 0 0 0 
1 0 1 0 
1 0 0 0 
0 0 1 0 
1 0 0 1 
1 0 1 0 
0 0 0 0 
0 0 0 0 
1 0 0 1 
0 0 0 1 

JOBS [4] - [6, 12, 8, 11]
TOOL SWITCHES : 5
MAKESPAN : 31

- MACHINE [2]

0 0 1 0 0 1 0 
1 0 0 1 1 0 1 
0 0 0 0 0 0 0 
0 0 0 0 0 0 0 
1 1 0 0 0 0 0 
0 0 0 0 1 1 0 
0 0 0 0 0 0 0 
0 0 1 0 1 0 1 
0 0 1 0 0 1 1 
1 0 0 1 0 0 0 
0 1 0 0 0 0 1 
0 0 0 0 0 0 0 
0 1 0 1 1 0 0 
1 1 0 0 1 0 0 
0 1 0 0 1 0 1 
0 1 1 1 0 0 0 
0 1 1 1 1 1 0 
1 0 0 1 0 0 1 
0 0 0 0 0 0 0 
0 0 1 0 0 1 0 

JOBS [7] - [7, 3, 5, 9, 0, 13, 10]
TOOL SWITCHES : 2
MAKESPAN : 33

# -------------------------- #

--- TOTAL TOOL SWITCHES : 17
--- HIGHEST MAKESPAN : 33
--- TOTAL FLOWTIME : 231
--- RUNNING TIME : 0.957013

# -------------------------- #
RUN : 1 - instancias_txt/SSP-NPM-I/ins131_m=3_j=15_t=20_var=11.txt

- MACHINE [0]

1 0 0 0 
0 0 0 0 
0 0 0 0 
0 0 1 0 
0 0 1 0 
0 0 1 1 
0 0 0 1 
0 0 0 1 
1 0 0 0 
1 1 0 1 
0 0 1 1 
0 1 0 0 
0 0 0 1 
1 1 0 0 
0 1 0 0 
0 0 0 0 
1 1 1 0 
0 0 0 0 
0 0 0 0 
1 1 1 1 

JOBS [4] - [3, 2, 8, 1]
TOOL SWITCHES : 8
MAKESPAN : 32

- MACHINE [1]

0 1 1 0 0 
1 0 1 0 1 
0 0 0 1 0 
1 1 0 0 0 
0 1 0 1 1 
0 0 0 0 0 
1 0 1 0 0 
0 0 0 0 0 
0 0 0 0 0 
0 0 0 0 0 
0 0 0 0 0 
0 1 1 1 0 
0 1 1 1 1 
1 1 0 0 0 
1 0 0 1 0 
0 0 1 1 0 
0 0 0 0 0 
0 0 0 0 1 
0 1 1 1 0 
0 0 0 0 1 

JOBS [5] - [4, 0, 6, 5, 10]
TOOL SWITCHES : 4
MAKESPAN : 32

- MACHINE [2]

1 0 0 0 1 1 
0 0 1 0 0 1 
0 0 0 0 0 0 
0 0 0 0 0 0 
0 0 1 1 1 0 
0 0 0 1 1 0 
0 0 0 0 0 0 
0 1 0 1 0 0 
1 1 0 0 0 1 
0 0 1 0 0 0 
1 1 1 0 1 1 
1 0 0 0 0 0 
0 0 0 0 0 0 
0 0 0 0 0 0 
1 1 1 0 0 1 
1 0 1 0 0 0 
0 1 0 0 0 0 
0 0 0 0 0 0 
0 1 0 1 0 0 
0 0 0 1 1 1 

JOBS [6] - [14, 13, 11, 9, 12, 7]
TOOL SWITCHES : 1
MAKESPAN : 32

# -------------------------- #

--- TOTAL TOOL SWITCHES : 13
--- HIGHEST MAKESPAN : 32
--- TOTAL FLOWTIME : 282
--- RUNNING TIME : 0.898294

# -------------------------- #
RUN : 1 - instancias_txt/SSP-NPM-I/ins132_m=3_j=15_t=20_var=12.txt

- MACHINE [0]

0 0 1 1 0 
0 0 0 0 0 
1 1 0 0 0 
0 0 1 1 0 
0 0 0 0 0 
1 0 0 0 0 
0 1 0 1 1 
0 0 1 0 0 
0 0 0 0 0 
1 0 0 0 0 
1 1 0 0 0 
1 0 1 1 1 
0 0 0 0 0 
1 0 1 1 1 
0 1 0 0 1 
0 0 0 0 0 
0 0 1 0 1 
0 1 0 0 0 
0 0 0 0 1 
0 0 0 1 0 

JOBS [5] - [12, 8, 2, 11, 13]
TOOL SWITCHES : 9
MAKESPAN : 27

- MACHINE [1]

0 1 0 1 0 
1 1 0 0 0 
0 0 0 0 1 
1 0 1 1 0 
0 0 0 0 0 
0 0 0 0 0 
1 0 0 0 1 
0 0 1 1 1 
0 1 0 1 0 
1 0 1 0 1 
0 0 1 0 1 
0 0 0 0 0 
0 0 0 0 0 
1 1 0 0 0 
0 1 1 0 0 
1 0 0 1 1 
0 0 0 0 0 
0 0 0 0 0 
0 0 0 0 0 
0 0 1 0 1 

JOBS [5] - [5, 1, 10, 0, 7]
TOOL SWITCHES : 3
MAKESPAN : 23

- MACHINE [2]

0 1 1 1 0 
0 1 0 0 0 
0 0 0 0 0 
1 1 0 1 0 
1 0 1 1 1 
0 0 0 0 0 
0 0 0 0 0 
0 1 0 1 1 
1 0 1 0 1 
0 1 0 0 0 
1 0 1 0 0 
0 0 0 1 0 
0 0 0 0 1 
0 0 0 0 0 
0 1 1 0 0 
0 0 1 0 0 
0 0 0 1 0 
1 0 0 0 1 
0 0 0 0 0 
1 0 0 0 0 

JOBS [5] - [9, 4, 14, 6, 3]
TOOL SWITCHES : 2
MAKESPAN : 27

# -------------------------- #

--- TOTAL TOOL SWITCHES : 14
--- HIGHEST MAKESPAN : 27
--- TOTAL FLOWTIME : 194
--- RUNNING TIME : 0.80951

# -------------------------- #
RUN : 1 - instancias_txt/SSP-NPM-I/ins133_m=3_j=15_t=20_var=13.txt

- MACHINE [0]

0 0 0 0 0 
1 0 1 1 1 
1 0 0 0 0 
0 0 0 0 0 
0 0 0 1 0 
0 1 0 1 0 
0 0 0 0 1 
1 0 0 0 0 
0 0 0 0 1 
0 1 0 0 0 
0 0 0 0 0 
1 1 0 1 1 
0 0 0 1 0 
0 0 1 1 0 
0 0 0 0 0 
1 0 0 0 0 
1 1 1 0 0 
0 1 1 0 0 
0 0 1 0 0 
0 0 0 0 1 

JOBS [5] - [6, 2, 0, 11, 4]
TOOL SWITCHES : 9
MAKESPAN : 28

- MACHINE [1]

0 1 0 0 0 
1 0 0 0 0 
0 0 0 0 0 
1 0 0 1 1 
0 0 0 1 1 
0 0 0 0 0 
0 0 0 0 0 
1 0 1 0 0 
0 0 0 0 1 
0 0 0 0 0 
1 1 0 1 0 
1 1 0 1 1 
0 0 1 0 0 
1 0 1 0 1 
0 0 0 1 0 
0 0 0 0 0 
0 1 1 0 0 
0 1 0 0 0 
0 0 1 1 1 
0 1 1 0 1 

JOBS [5] - [12, 13, 3, 10, 5]
TOOL SWITCHES : 5
MAKESPAN : 29

- MACHINE [2]

1 0 1 0 0 
0 0 0 0 0 
0 0 0 1 0 
0 0 0 0 0 
0 1 0 0 0 
0 1 0 0 1 
1 0 0 1 0 
1 1 0 0 1 
0 0 0 0 0 
0 0 1 0 1 
0 0 0 0 0 
1 1 1 0 1 
0 0 0 0 0 
0 0 0 1 0 
0 0 1 0 1 
1 0 1 0 0 
0 0 0 0 0 
0 1 0 1 0 
0 0 0 1 0 
0 1 0 0 0 

JOBS [5] - [1, 8, 7, 14, 9]
TOOL SWITCHES : 1
MAKESPAN : 27

# -------------------------- #

--- TOTAL TOOL SWITCHES : 15
--- HIGHEST MAKESPAN : 29
--- TOTAL FLOWTIME : 210
--- RUNNING TIME : 0.856369

# -------------------------- #
RUN : 1 - instancias_txt/SSP-NPM-I/ins134_m=3_j=15_t=20_var=14.txt

- MACHINE [0]

0 0 0 
0 0 0 
1 0 0 
1 0 0 
0 1 1 
0 0 1 
0 0 0 
0 0 0 
1 0 0 
1 1 0 
0 1 1 
0 0 1 
0 1 1 
0 0 0 
0 0 0 
1 0 1 
0 1 0 
1 1 0 
0 0 0 
1 0 1 

JOBS [3] - [11, 13, 7]
TOOL SWITCHES : 7
MAKESPAN : 32

- MACHINE [1]

0 1 0 0 0 
0 0 0 0 0 
0 0 0 0 0 
1 0 0 0 1 
0 0 0 0 0 
0 0 1 1 0 
1 1 0 0 0 
1 0 1 0 1 
0 0 0 1 1 
0 0 1 1 0 
0 1 0 1 0 
1 1 1 1 0 
1 0 0 0 0 
0 1 0 1 1 
0 1 1 0 1 
0 0 0 0 0 
0 0 1 0 0 
1 0 1 0 0 
0 0 0 0 0 
1 1 0 0 0 

JOBS [5] - [1, 0, 10, 12, 14]
TOOL SWITCHES : 5
MAKESPAN : 33

- MACHINE [2]

1 0 0 1 1 0 0 
0 0 0 0 1 1 1 
0 0 0 0 0 0 0 
0 1 0 0 0 0 0 
0 0 1 0 1 1 0 
0 1 0 0 0 1 0 
0 0 0 1 1 0 1 
1 1 1 0 0 1 1 
0 0 0 1 0 1 0 
1 1 0 0 0 0 0 
0 0 0 0 0 0 0 
1 0 1 0 0 0 1 
0 0 1 0 0 0 1 
0 0 0 0 0 0 0 
0 1 0 0 0 1 1 
1 0 1 1 0 0 0 
0 0 0 0 0 0 0 
1 1 0 0 1 0 1 
0 0 0 0 1 0 0 
0 0 1 1 0 0 0 

JOBS [7] - [6, 9, 2, 4, 8, 5, 3]
TOOL SWITCHES : 3
MAKESPAN : 30

# -------------------------- #

--- TOTAL TOOL SWITCHES : 15
--- HIGHEST MAKESPAN : 33
--- TOTAL FLOWTIME : 241
--- RUNNING TIME : 0.97356

# -------------------------- #
RUN : 1 - instancias_txt/SSP-NPM-I/ins135_m=3_j=15_t=20_var=15.txt

- MACHINE [0]

0 0 1 1 1 
0 0 0 0 0 
0 0 0 1 1 
0 0 1 0 0 
1 0 0 1 0 
0 0 0 0 1 
1 1 1 1 0 
0 1 0 0 0 
1 0 0 0 1 
0 0 0 0 0 
0 0 0 0 0 
0 0 1 0 0 
0 0 0 1 0 
1 0 1 0 0 
1 1 0 0 0 
0 0 1 0 1 
0 1 0 0 0 
1 1 0 0 0 
0 0 0 0 0 
0 1 0 1 1 

JOBS [5] - [13, 7, 11, 9, 10]
TOOL SWITCHES : 11
MAKESPAN : 38

- MACHINE [1]

0 0 0 1 0 
0 1 1 0 1 
0 0 0 1 1 
0 0 0 0 0 
1 0 0 0 1 
0 0 0 0 0 
1 1 1 1 0 
0 0 1 0 1 
0 0 0 0 0 
0 1 1 0 0 
1 0 0 0 0 
0 0 0 0 0 
0 1 0 1 0 
0 0 0 1 1 
0 0 0 0 0 
1 0 0 1 0 
1 1 0 0 0 
0 1 1 1 1 
0 0 0 0 0 
0 0 0 0 0 

JOBS [5] - [2, 0, 8, 5, 14]
TOOL SWITCHES : 3
MAKESPAN : 38

- MACHINE [2]

1 0 0 0 0 
0 0 0 0 0 
0 1 0 0 1 
0 0 1 1 0 
0 0 1 0 0 
0 1 0 0 0 
1 1 1 0 0 
0 1 0 0 1 
1 0 0 0 0 
1 1 1 0 0 
0 0 0 1 0 
1 0 1 1 1 
0 0 0 0 0 
0 0 0 1 0 
0 0 1 0 0 
1 0 0 0 1 
0 0 0 0 0 
0 0 0 1 1 
0 0 1 1 1 
0 0 0 0 0 

JOBS [5] - [12, 4, 1, 3, 6]
TOOL SWITCHES : 3
MAKESPAN : 30

# -------------------------- #

--- TOTAL TOOL SWITCHES : 17
--- HIGHEST MAKESPAN : 38
--- TOTAL FLOWTIME : 280
--- RUNNING TIME : 0.72776

# -------------------------- #
RUN : 1 - instancias_txt/SSP-NPM-I/ins136_m=3_j=15_t=20_var=16.txt

- MACHINE [0]

1 1 1 0 1 
0 0 0 0 0 
0 0 0 1 1 
0 0 0 0 0 
1 0 0 0 0 
0 0 0 1 1 
1 1 0 0 1 
1 0 1 1 0 
0 0 0 1 1 
0 0 0 1 1 
0 1 1 0 0 
0 0 0 0 0 
1 1 0 0 0 
0 0 1 0 0 
0 0 0 0 0 
0 1 0 1 0 
0 0 0 0 0 
0 0 0 0 1 
0 0 0 0 0 
1 0 1 0 0 

JOBS [5] - [10, 8, 7, 14, 4]
TOOL SWITCHES : 8
MAKESPAN : 31

- MACHINE [1]

0 0 0 0 1 
0 0 0 1 1 
0 0 0 0 0 
0 1 1 0 1 
1 0 1 0 0 
1 0 0 1 0 
0 1 1 0 0 
0 0 0 0 0 
0 0 0 0 0 
0 0 0 0 0 
1 0 1 0 1 
1 1 0 1 0 
0 1 1 1 1 
0 1 1 0 0 
1 0 1 1 0 
0 1 0 0 1 
1 0 0 0 0 
0 0 0 0 0 
0 0 0 0 0 
0 0 0 1 0 

JOBS [5] - [2, 9, 0, 12, 3]
TOOL SWITCHES : 4
MAKESPAN : 32

- MACHINE [2]

0 0 0 0 0 
0 0 0 0 0 
1 0 0 1 1 
0 1 1 0 1 
0 0 0 0 0 
0 1 0 1 0 
0 0 0 0 0 
1 1 0 0 1 
0 0 1 0 1 
0 1 0 1 0 
0 1 0 0 0 
1 1 0 0 0 
0 0 0 0 0 
0 0 0 1 0 
1 0 0 1 0 
1 0 0 0 0 
0 0 1 0 0 
0 0 1 0 0 
1 0 0 1 0 
1 0 1 1 1 

JOBS [5] - [5, 1, 11, 13, 6]
TOOL SWITCHES : 2
MAKESPAN : 31

# -------------------------- #

--- TOTAL TOOL SWITCHES : 14
--- HIGHEST MAKESPAN : 32
--- TOTAL FLOWTIME : 248
--- RUNNING TIME : 0.927975

# -------------------------- #
RUN : 1 - instancias_txt/SSP-NPM-I/ins137_m=3_j=15_t=20_var=17.txt

- MACHINE [0]

0 0 0 0 
1 1 0 0 
1 1 1 0 
0 1 1 1 
0 0 0 0 
0 0 1 1 
0 0 0 0 
1 0 0 0 
1 0 0 0 
0 0 0 0 
0 0 0 0 
0 0 1 1 
1 0 1 1 
0 0 0 1 
0 1 1 1 
0 0 0 0 
0 0 0 0 
0 1 0 1 
0 0 0 0 
1 0 0 0 

JOBS [4] - [13, 4, 14, 0]
TOOL SWITCHES : 5
MAKESPAN : 27

- MACHINE [1]

0 1 1 0 1 1 
0 0 1 1 0 1 
0 0 0 0 0 0 
1 0 1 1 0 0 
1 1 0 0 0 0 
0 1 1 0 0 0 
0 0 1 0 1 0 
1 1 0 0 0 0 
0 0 0 0 0 0 
1 0 0 0 1 1 
0 0 0 0 0 0 
0 0 0 0 0 0 
0 0 0 1 1 1 
0 0 0 0 0 0 
1 0 0 1 1 0 
0 1 0 1 0 0 
0 0 0 0 0 0 
1 0 0 0 0 1 
0 0 0 0 1 0 
0 1 0 0 0 1 

JOBS [6] - [8, 3, 11, 9, 1, 10]
TOOL SWITCHES : 4
MAKESPAN : 27

- MACHINE [2]

0 0 1 0 0 
1 0 0 0 1 
1 0 1 0 1 
0 0 0 0 0 
0 0 0 0 0 
1 0 1 0 0 
0 0 0 0 0 
0 0 0 1 0 
1 1 0 1 1 
1 1 1 0 0 
0 0 0 0 0 
0 1 0 1 1 
0 0 0 0 0 
0 0 0 1 0 
0 0 1 0 0 
0 0 1 0 1 
0 0 0 1 0 
0 0 0 0 0 
0 1 1 1 1 
1 1 0 0 0 

JOBS [5] - [2, 5, 12, 7, 6]
TOOL SWITCHES : 1
MAKESPAN : 20

# -------------------------- #

--- TOTAL TOOL SWITCHES : 10
--- HIGHEST MAKESPAN : 27
--- TOTAL FLOWTIME : 212
--- RUNNING TIME : 0.866372

# -------------------------- #
RUN : 1 - instancias_txt/SSP-NPM-I/ins138_m=3_j=15_t=20_var=18.txt

- MACHINE [0]

0 1 0 0 
1 0 0 0 
1 0 0 1 
0 0 0 0 
1 0 0 0 
1 1 0 1 
0 0 0 0 
1 0 0 1 
0 0 0 0 
0 0 0 1 
0 1 1 0 
0 0 0 1 
0 1 0 0 
0 1 1 0 
0 0 0 0 
0 0 1 1 
0 0 1 0 
0 0 0 0 
0 0 0 0 
0 0 1 0 

JOBS [4] - [1, 10, 3, 13]
TOOL SWITCHES : 8
MAKESPAN : 28

- MACHINE [1]

1 0 0 0 0 
0 0 0 1 0 
1 0 0 1 0 
0 0 0 0 0 
0 1 1 0 0 
1 1 0 1 0 
0 1 0 0 0 
0 0 0 0 1 
0 0 0 1 1 
0 1 0 0 1 
0 1 1 0 0 
0 1 1 0 1 
0 0 0 1 0 
1 0 1 1 1 
0 0 0 0 0 
1 0 1 0 0 
0 0 0 0 1 
0 0 0 0 0 
1 1 0 0 0 
0 0 1 0 1 

JOBS [5] - [9, 7, 4, 12, 8]
TOOL SWITCHES : 7
MAKESPAN : 29

- MACHINE [2]

0 0 1 1 1 0 
1 1 1 0 0 0 
0 0 0 0 1 1 
1 0 1 1 0 1 
0 1 0 1 0 0 
0 1 1 0 1 0 
1 0 0 0 1 1 
1 0 0 0 1 1 
0 0 0 0 0 1 
0 0 0 0 0 0 
1 0 0 0 0 0 
0 0 0 0 1 0 
0 1 0 1 0 0 
0 0 0 0 0 0 
1 0 0 1 0 0 
0 0 0 0 0 1 
1 0 1 0 0 0 
0 0 0 0 0 0 
0 0 0 0 0 0 
0 1 0 0 0 1 

JOBS [6] - [0, 2, 14, 5, 11, 6]
TOOL SWITCHES : 3
MAKESPAN : 29

# -------------------------- #

--- TOTAL TOOL SWITCHES : 18
--- HIGHEST MAKESPAN : 29
--- TOTAL FLOWTIME : 217
--- RUNNING TIME : 0.866231

# -------------------------- #
RUN : 1 - instancias_txt/SSP-NPM-I/ins139_m=3_j=15_t=20_var=19.txt

- MACHINE [0]

0 1 1 0 
1 0 0 1 
1 0 0 0 
1 0 0 0 
0 0 0 0 
0 0 0 0 
0 1 1 0 
1 1 0 0 
0 0 0 1 
0 0 1 1 
1 1 0 1 
0 0 0 0 
0 0 1 0 
1 0 0 0 
0 1 0 0 
0 0 0 0 
1 1 1 0 
0 0 0 1 
0 0 1 1 
0 0 0 1 

JOBS [4] - [3, 1, 0, 2]
TOOL SWITCHES : 10
MAKESPAN : 35

- MACHINE [1]

0 1 0 0 
1 1 0 0 
0 0 0 0 
1 1 0 0 
0 1 1 0 
0 0 0 0 
0 0 1 1 
0 0 0 0 
0 0 0 0 
0 0 0 0 
1 0 1 0 
0 1 1 0 
1 0 0 1 
0 0 0 1 
1 0 0 1 
0 0 1 1 
0 0 0 1 
1 0 1 1 
1 1 1 0 
0 0 0 0 

JOBS [4] - [7, 11, 10, 6]
TOOL SWITCHES : 4
MAKESPAN : 34

- MACHINE [2]

0 0 1 1 1 0 1 
0 0 0 0 0 0 0 
1 1 0 0 1 1 0 
0 0 0 0 0 0 0 
1 0 0 0 0 0 0 
0 0 0 0 0 0 0 
0 1 1 0 1 0 0 
0 1 0 1 0 1 1 
0 1 0 1 0 0 0 
1 0 1 0 1 0 1 
0 0 0 1 0 0 1 
0 1 0 0 0 0 0 
1 0 0 1 0 0 0 
1 0 1 0 1 1 1 
0 0 0 0 0 0 0 
0 0 0 1 1 1 1 
1 0 1 0 0 0 0 
0 0 0 0 0 0 0 
0 1 0 0 0 1 0 
0 0 0 0 1 0 1 

JOBS [7] - [8, 14, 13, 9, 12, 4, 5]
TOOL SWITCHES : 2
MAKESPAN : 33

# -------------------------- #

--- TOTAL TOOL SWITCHES : 16
--- HIGHEST MAKESPAN : 35
--- TOTAL FLOWTIME : 291
--- RUNNING TIME : 0.979073

# -------------------------- #
RUN : 1 - instancias_txt/SSP-NPM-I/ins140_m=3_j=15_t=20_var=20.txt

- MACHINE [0]

0 0 0 0 
0 0 0 0 
0 1 0 0 
0 0 1 1 
1 1 0 0 
0 0 0 0 
0 0 1 0 
0 0 0 0 
1 0 1 1 
1 0 0 0 
0 0 0 0 
0 0 0 0 
0 1 1 0 
1 0 0 0 
1 1 1 0 
1 0 1 1 
1 1 0 1 
0 0 0 1 
0 0 0 1 
0 0 0 0 

JOBS [4] - [14, 11, 12, 9]
TOOL SWITCHES : 6
MAKESPAN : 29

- MACHINE [1]

0 1 1 0 
0 0 0 0 
0 0 0 0 
0 0 0 0 
0 0 0 0 
1 1 0 0 
1 1 0 0 
1 0 1 0 
1 0 0 0 
1 0 0 1 
0 1 0 1 
0 0 0 1 
0 0 0 0 
0 0 0 0 
0 0 0 1 
0 0 1 0 
0 1 1 0 
0 0 0 0 
1 0 1 1 
0 0 1 0 

JOBS [4] - [6, 13, 0, 2]
TOOL SWITCHES : 3
MAKESPAN : 26

- MACHINE [2]

1 1 0 0 0 0 1 
1 0 1 1 1 1 0 
0 0 1 0 1 0 1 
0 0 1 0 0 0 1 
0 0 0 0 0 0 0 
0 0 0 0 0 0 1 
1 0 1 0 0 0 0 
0 1 1 0 1 0 1 
0 0 0 0 1 0 0 
0 0 0 1 1 1 0 
0 1 1 0 1 1 0 
0 0 0 0 0 0 0 
1 0 0 1 0 1 0 
0 1 0 0 0 0 1 
1 0 0 1 0 1 0 
0 0 0 0 0 0 0 
0 0 0 1 1 0 1 
0 0 0 0 0 0 0 
0 1 0 0 0 0 0 
0 0 0 1 0 1 0 

JOBS [7] - [1, 3, 5, 8, 4, 7, 10]
TOOL SWITCHES : 3
MAKESPAN : 29

# -------------------------- #

--- TOTAL TOOL SWITCHES : 12
--- HIGHEST MAKESPAN : 29
--- TOTAL FLOWTIME : 218
--- RUNNING TIME : 0.948904

# -------------------------- #


avg : 31.45
