RUN : 1 - instancias_txt/SSP-NPM-I/ins121_m=3_j=15_t=20_var=1.txt

- MACHINE [0]

0 0 0 1 
1 0 1 1 
1 0 0 0 
0 0 0 0 
0 1 0 0 
0 1 1 0 
0 0 0 0 
1 0 0 0 
0 0 0 0 
0 0 0 0 
0 0 1 0 
1 0 0 1 
1 1 1 0 
0 0 0 0 
1 1 1 0 
1 1 1 1 
0 0 0 1 
0 1 0 1 
0 1 1 0 
0 0 0 0 

JOBS [4] - [5, 3, 4, 8]
TOOL SWITCHES : 10
MAKESPAN : 39

- MACHINE [1]

0 0 1 0 1 
0 0 1 0 0 
0 0 0 0 0 
1 0 0 1 1 
1 1 0 1 1 
0 0 0 1 0 
1 0 0 0 0 
1 1 0 0 0 
0 0 0 0 0 
0 1 0 0 0 
0 1 1 0 0 
1 0 0 0 1 
0 0 0 0 0 
0 0 0 0 0 
1 1 0 0 0 
0 0 0 0 0 
0 0 1 1 1 
0 0 1 1 1 
0 1 0 0 1 
1 0 1 1 0 

JOBS [5] - [2, 11, 6, 0, 14]
TOOL SWITCHES : 5
MAKESPAN : 39

- MACHINE [2]

1 0 0 1 0 0 
0 1 0 0 0 0 
0 0 0 1 0 0 
0 0 0 0 0 0 
0 0 1 1 0 0 
0 0 0 1 0 0 
0 0 1 1 1 0 
0 0 0 0 0 1 
1 1 1 0 0 0 
0 0 1 0 0 1 
0 0 0 0 1 0 
0 0 0 0 0 1 
0 1 1 0 1 1 
1 1 0 1 0 1 
1 1 0 0 1 0 
0 0 0 0 0 0 
0 0 1 1 0 0 
0 0 0 0 1 0 
1 1 0 0 1 1 
0 0 1 0 0 1 

JOBS [6] - [13, 1, 7, 9, 10, 12]
TOOL SWITCHES : 5
MAKESPAN : 41

# -------------------------- #

--- TOTAL TOOL SWITCHES : 20
--- HIGHEST MAKESPAN : 41
--- TOTAL FLOWTIME : 288
--- RUNNING TIME : 1.60218

# -------------------------- #
RUN : 1 - instancias_txt/SSP-NPM-I/ins122_m=3_j=15_t=20_var=2.txt

- MACHINE [0]

0 0 0 0 
0 0 0 0 
0 0 1 1 
0 0 0 1 
1 1 1 0 
0 0 0 0 
0 0 0 1 
1 1 1 0 
0 0 0 1 
0 0 0 0 
0 0 0 0 
0 0 0 0 
1 1 0 0 
0 0 0 0 
0 0 0 1 
1 1 0 1 
0 1 1 0 
1 0 0 0 
0 1 0 0 
0 0 1 1 

JOBS [4] - [9, 13, 3, 0]
TOOL SWITCHES : 6
MAKESPAN : 27

- MACHINE [1]

0 1 1 0 0 1 
0 0 0 0 0 0 
1 1 1 1 0 0 
0 0 0 0 0 0 
1 0 0 0 1 1 
0 1 0 1 0 1 
0 0 0 0 0 0 
0 0 0 0 0 0 
1 0 1 1 0 0 
0 0 0 0 1 1 
0 0 0 0 1 1 
0 0 0 1 0 0 
0 0 0 0 0 0 
1 0 0 1 0 1 
0 0 0 0 0 0 
1 1 0 0 0 0 
1 1 1 1 1 0 
0 0 0 0 0 0 
0 1 0 0 1 0 
0 0 1 1 0 0 

JOBS [6] - [1, 14, 12, 2, 8, 7]
TOOL SWITCHES : 3
MAKESPAN : 26

- MACHINE [2]

0 0 1 1 0 
1 1 0 1 0 
0 1 0 0 0 
1 0 0 0 0 
0 0 0 0 0 
1 1 0 0 0 
0 0 0 1 1 
0 0 0 0 0 
0 1 0 0 0 
0 1 0 1 1 
0 0 0 0 0 
0 0 1 0 1 
0 0 0 0 0 
1 0 0 0 0 
0 0 1 0 1 
1 1 1 0 0 
0 0 0 0 0 
0 0 1 1 1 
0 0 0 0 0 
0 1 1 0 0 

JOBS [5] - [10, 6, 11, 5, 4]
TOOL SWITCHES : 1
MAKESPAN : 27

# -------------------------- #

--- TOTAL TOOL SWITCHES : 10
--- HIGHEST MAKESPAN : 27
--- TOTAL FLOWTIME : 236
--- RUNNING TIME : 1.93112

# -------------------------- #
RUN : 1 - instancias_txt/SSP-NPM-I/ins123_m=3_j=15_t=20_var=3.txt

- MACHINE [0]

0 0 0 0 0 
0 1 1 0 0 
0 0 0 0 0 
0 1 0 1 1 
1 1 0 0 0 
1 1 0 1 1 
0 0 0 0 1 
1 0 0 0 0 
0 0 0 1 1 
0 0 0 0 0 
0 0 1 1 1 
1 0 0 0 0 
0 0 0 0 0 
0 0 1 1 0 
1 0 0 0 0 
1 0 1 0 0 
0 1 1 0 1 
0 0 0 0 0 
0 0 0 0 1 
0 0 0 0 0 

JOBS [5] - [11, 12, 10, 9, 7]
TOOL SWITCHES : 7
MAKESPAN : 30

- MACHINE [1]

0 0 0 1 0 
1 1 0 0 1 
0 0 0 1 1 
1 1 1 0 0 
0 0 0 0 0 
0 0 1 0 1 
0 0 0 1 0 
1 0 1 0 1 
0 0 0 0 0 
1 1 0 1 0 
0 0 0 0 0 
0 0 0 0 0 
0 0 0 0 0 
1 0 0 1 0 
0 0 1 1 0 
1 1 0 0 1 
0 1 1 0 0 
1 0 1 0 0 
0 0 0 0 0 
0 1 0 1 1 

JOBS [5] - [1, 5, 14, 13, 6]
TOOL SWITCHES : 5
MAKESPAN : 29

- MACHINE [2]

0 0 0 0 0 
0 0 0 0 0 
0 0 0 0 0 
0 0 0 1 0 
1 0 0 0 1 
0 0 1 1 1 
0 1 0 0 1 
1 1 0 1 1 
0 0 0 0 0 
0 0 1 0 0 
1 0 0 0 1 
1 1 0 0 0 
1 0 1 0 0 
1 0 1 0 0 
0 0 0 1 1 
0 0 0 0 0 
0 1 0 1 0 
1 0 0 0 0 
0 0 1 0 0 
0 1 0 0 0 

JOBS [5] - [0, 4, 8, 2, 3]
TOOL SWITCHES : 2
MAKESPAN : 29

# -------------------------- #

--- TOTAL TOOL SWITCHES : 14
--- HIGHEST MAKESPAN : 30
--- TOTAL FLOWTIME : 217
--- RUNNING TIME : 1.9536

# -------------------------- #
RUN : 1 - instancias_txt/SSP-NPM-I/ins124_m=3_j=15_t=20_var=4.txt

- MACHINE [0]

0 0 1 0 
0 0 0 1 
0 0 0 0 
0 0 0 0 
0 0 0 0 
0 0 0 0 
0 1 1 1 
0 0 0 1 
1 1 0 0 
0 0 0 0 
1 0 1 0 
1 1 0 0 
0 0 0 0 
0 0 1 1 
1 1 0 0 
0 1 1 0 
0 0 0 1 
1 0 0 0 
0 0 0 1 
0 0 0 0 

JOBS [4] - [10, 3, 0, 2]
TOOL SWITCHES : 6
MAKESPAN : 28

- MACHINE [1]

1 0 0 0 1 1 
0 0 1 0 0 0 
1 1 1 0 1 1 
1 0 0 0 1 0 
0 0 0 0 0 0 
0 0 0 0 0 0 
0 0 0 0 1 0 
1 0 1 1 0 0 
0 0 1 1 0 0 
0 1 1 1 0 1 
1 1 1 0 0 1 
1 1 0 1 0 0 
0 0 0 1 1 1 
0 0 0 0 0 0 
0 0 0 0 0 0 
0 0 0 0 0 0 
0 0 0 0 0 1 
0 0 0 0 0 0 
0 0 0 1 0 1 
1 1 0 0 0 0 

JOBS [6] - [4, 5, 11, 13, 9, 14]
TOOL SWITCHES : 4
MAKESPAN : 28

- MACHINE [2]

0 0 0 0 1 
0 1 0 1 1 
1 0 1 0 0 
0 0 1 0 0 
0 1 0 0 0 
0 1 1 0 0 
0 0 1 1 1 
0 0 0 0 0 
0 0 1 0 1 
0 1 0 0 0 
0 0 0 0 0 
1 0 0 1 0 
1 0 0 0 0 
1 0 0 1 0 
1 1 0 0 0 
0 0 0 0 0 
0 0 1 0 0 
1 0 0 0 0 
0 0 1 1 0 
0 0 0 1 1 

JOBS [5] - [8, 6, 1, 12, 7]
TOOL SWITCHES : 4
MAKESPAN : 28

# -------------------------- #

--- TOTAL TOOL SWITCHES : 14
--- HIGHEST MAKESPAN : 28
--- TOTAL FLOWTIME : 200
--- RUNNING TIME : 2.20335

# -------------------------- #
RUN : 1 - instancias_txt/SSP-NPM-I/ins125_m=3_j=15_t=20_var=5.txt

- MACHINE [0]

1 0 0 0 0 
1 0 0 0 0 
0 0 0 0 0 
0 0 0 1 0 
1 1 0 0 0 
0 1 0 0 0 
0 0 1 1 1 
0 0 1 1 1 
0 0 0 0 0 
0 0 0 1 0 
0 0 0 0 1 
1 1 1 0 0 
0 0 0 1 0 
0 0 0 0 1 
0 0 0 0 0 
1 0 1 0 0 
0 0 1 0 1 
1 1 0 1 1 
0 0 0 0 0 
1 1 1 0 0 

JOBS [5] - [14, 12, 1, 11, 4]
TOOL SWITCHES : 9
MAKESPAN : 33

- MACHINE [1]

1 0 1 0 
1 0 1 0 
0 0 1 0 
0 1 0 0 
1 1 0 0 
0 0 1 0 
0 0 0 0 
0 0 0 0 
1 1 0 0 
1 0 0 1 
0 0 0 0 
0 0 0 0 
0 0 0 1 
0 1 0 1 
0 1 0 1 
0 0 1 1 
0 0 1 0 
1 0 0 0 
0 0 1 1 
0 1 0 0 

JOBS [4] - [3, 6, 5, 7]
TOOL SWITCHES : 6
MAKESPAN : 30

- MACHINE [2]

0 1 0 1 0 1 
0 0 1 0 0 0 
1 0 0 0 0 0 
0 1 1 0 0 1 
0 0 0 0 0 0 
0 1 1 1 1 0 
1 0 1 0 1 0 
1 0 1 0 0 0 
1 0 0 1 1 1 
0 0 0 0 1 1 
1 0 0 1 0 0 
0 0 0 0 0 0 
0 0 0 1 0 0 
0 1 1 1 1 0 
0 0 0 0 0 0 
1 1 0 0 0 0 
1 0 0 0 0 1 
0 0 0 0 0 0 
0 0 0 0 0 1 
0 0 1 1 0 0 

JOBS [6] - [9, 10, 8, 0, 13, 2]
TOOL SWITCHES : 3
MAKESPAN : 34

# -------------------------- #

--- TOTAL TOOL SWITCHES : 18
--- HIGHEST MAKESPAN : 34
--- TOTAL FLOWTIME : 242
--- RUNNING TIME : 2.03389

# -------------------------- #
RUN : 1 - instancias_txt/SSP-NPM-I/ins126_m=3_j=15_t=20_var=6.txt

- MACHINE [0]

1 1 1 0 
1 0 0 0 
0 0 1 0 
0 0 0 0 
0 0 0 1 
0 0 1 0 
1 1 1 0 
1 1 1 0 
0 0 1 1 
0 0 0 1 
0 1 0 0 
0 0 0 0 
0 0 1 1 
0 0 0 0 
1 0 0 0 
0 0 0 1 
0 0 0 0 
0 1 0 0 
1 0 0 0 
0 1 0 0 

JOBS [4] - [10, 1, 12, 6]
TOOL SWITCHES : 9
MAKESPAN : 30

- MACHINE [1]

1 0 1 0 0 
1 1 0 1 0 
0 0 0 0 0 
1 0 1 0 0 
0 0 0 0 0 
0 1 0 0 1 
0 0 0 0 0 
0 1 0 0 0 
0 0 0 0 0 
0 0 0 0 0 
1 0 1 1 1 
0 0 0 0 0 
1 0 1 0 1 
0 0 1 0 0 
0 0 0 1 1 
1 1 0 1 1 
0 0 0 1 0 
0 1 0 0 0 
0 0 1 1 1 
1 0 1 1 0 

JOBS [5] - [5, 9, 7, 3, 0]
TOOL SWITCHES : 4
MAKESPAN : 30

- MACHINE [2]

0 0 0 0 0 0 
0 0 0 0 0 0 
0 0 0 0 1 0 
1 1 0 0 0 0 
1 0 0 1 1 0 
0 0 0 0 0 0 
0 1 1 0 0 0 
1 0 1 1 0 1 
1 1 0 0 0 0 
1 0 1 1 0 0 
0 0 0 1 1 0 
1 1 0 0 1 1 
0 0 0 0 0 0 
0 0 1 0 0 1 
0 1 1 1 0 1 
0 0 0 0 0 0 
0 0 0 0 0 1 
0 0 0 0 0 1 
1 0 0 1 1 0 
0 0 0 0 0 0 

JOBS [6] - [8, 14, 11, 13, 4, 2]
TOOL SWITCHES : 1
MAKESPAN : 30

# -------------------------- #

--- TOTAL TOOL SWITCHES : 14
--- HIGHEST MAKESPAN : 30
--- TOTAL FLOWTIME : 218
--- RUNNING TIME : 2.09077

# -------------------------- #
RUN : 1 - instancias_txt/SSP-NPM-I/ins127_m=3_j=15_t=20_var=7.txt

- MACHINE [0]

0 0 0 0 1 
0 0 0 1 1 
0 0 1 1 0 
0 0 0 1 1 
0 0 0 1 0 
1 0 1 0 1 
1 1 1 0 0 
0 0 1 1 0 
0 0 0 0 0 
0 0 1 0 0 
1 1 0 1 1 
0 0 0 0 0 
0 1 0 0 0 
1 1 0 0 0 
0 0 0 0 0 
0 0 0 0 0 
0 0 0 0 0 
1 1 0 0 0 
0 1 1 0 0 
0 0 0 0 0 

JOBS [5] - [6, 5, 10, 2, 11]
TOOL SWITCHES : 7
MAKESPAN : 30

- MACHINE [1]

0 0 1 1 
0 0 0 1 
0 0 0 0 
0 0 1 1 
0 0 0 0 
1 1 0 0 
0 1 1 1 
0 0 1 1 
1 1 0 0 
0 1 0 0 
0 0 0 0 
1 0 0 0 
0 0 1 0 
0 0 0 0 
1 0 0 0 
1 0 0 0 
0 0 0 0 
0 0 0 0 
1 1 0 0 
1 0 0 1 

JOBS [4] - [0, 14, 1, 12]
TOOL SWITCHES : 4
MAKESPAN : 31

- MACHINE [2]

1 0 0 0 1 0 
1 0 0 1 0 1 
0 0 0 0 0 0 
1 0 1 0 0 0 
0 0 0 0 0 0 
0 1 0 1 0 0 
0 0 0 0 0 0 
0 1 1 0 0 0 
0 0 1 0 0 1 
0 0 0 0 0 0 
1 0 0 0 1 1 
0 1 0 1 0 0 
0 1 0 1 0 0 
0 0 0 0 1 1 
0 0 1 0 0 1 
1 0 1 0 1 1 
0 0 1 1 1 0 
0 0 0 0 0 1 
0 0 0 0 1 0 
1 1 0 0 0 0 

JOBS [6] - [3, 9, 13, 4, 7, 8]
TOOL SWITCHES : 3
MAKESPAN : 30

# -------------------------- #

--- TOTAL TOOL SWITCHES : 14
--- HIGHEST MAKESPAN : 31
--- TOTAL FLOWTIME : 224
--- RUNNING TIME : 2.13423

# -------------------------- #
RUN : 1 - instancias_txt/SSP-NPM-I/ins128_m=3_j=15_t=20_var=8.txt

- MACHINE [0]

0 0 0 1 
0 0 1 0 
0 1 0 0 
1 0 0 0 
0 0 0 0 
0 0 0 1 
0 0 1 0 
1 0 1 1 
1 1 0 0 
1 1 0 0 
0 0 0 0 
1 0 0 0 
1 0 0 0 
0 1 1 0 
0 0 0 1 
0 1 1 0 
0 0 0 0 
0 0 0 0 
0 0 1 1 
1 1 0 1 

JOBS [4] - [4, 13, 7, 8]
TOOL SWITCHES : 9
MAKESPAN : 31

- MACHINE [1]

0 1 0 0 1 
0 0 0 0 0 
0 0 0 0 1 
1 0 0 0 0 
0 1 0 0 1 
1 1 0 1 0 
0 1 0 0 0 
0 0 0 0 1 
0 0 0 0 1 
0 0 0 0 0 
1 0 0 1 0 
0 0 0 1 0 
0 1 1 0 0 
1 0 0 0 0 
1 1 1 1 0 
0 0 1 1 1 
0 0 0 0 1 
1 0 1 0 0 
1 0 1 1 0 
0 0 0 0 0 

JOBS [5] - [12, 5, 1, 14, 10]
TOOL SWITCHES : 7
MAKESPAN : 37

- MACHINE [2]

1 0 1 0 0 0 
1 0 0 0 1 1 
0 0 0 0 0 0 
0 0 0 0 1 1 
0 1 0 1 0 1 
0 0 0 0 0 0 
0 0 0 0 0 0 
0 0 0 0 0 0 
0 0 1 1 1 0 
1 0 0 1 1 0 
1 1 0 0 0 0 
0 0 0 0 0 0 
0 0 0 0 0 1 
1 0 1 0 1 0 
0 0 1 0 1 1 
0 0 0 1 0 0 
0 1 1 0 1 0 
0 0 0 1 0 0 
1 1 0 0 0 1 
0 1 1 0 0 0 

JOBS [6] - [0, 3, 11, 6, 9, 2]
TOOL SWITCHES : 2
MAKESPAN : 37

# -------------------------- #

--- TOTAL TOOL SWITCHES : 18
--- HIGHEST MAKESPAN : 37
--- TOTAL FLOWTIME : 244
--- RUNNING TIME : 2.38824

# -------------------------- #
RUN : 1 - instancias_txt/SSP-NPM-I/ins129_m=3_j=15_t=20_var=9.txt

- MACHINE [0]

0 1 0 0 
0 0 0 1 
0 0 0 1 
0 0 0 0 
0 0 1 0 
1 0 0 0 
0 0 0 0 
0 1 1 0 
1 0 1 0 
1 0 0 0 
0 0 0 0 
1 0 0 1 
0 0 1 0 
1 0 0 0 
0 0 1 1 
0 0 0 1 
0 1 0 0 
0 1 1 0 
1 1 0 0 
0 0 0 0 

JOBS [4] - [1, 6, 5, 14]
TOOL SWITCHES : 9
MAKESPAN : 28

- MACHINE [1]

0 0 0 0 1 
0 0 0 0 0 
0 1 0 0 1 
0 0 0 0 0 
0 1 0 0 0 
1 0 1 0 0 
0 0 0 0 0 
0 0 0 1 0 
1 1 0 0 0 
0 0 0 0 0 
0 0 0 0 0 
0 0 1 0 0 
1 1 0 1 1 
0 0 1 0 1 
0 0 0 0 0 
0 0 1 0 0 
1 0 0 1 0 
1 1 1 1 1 
0 1 0 1 0 
1 0 1 1 1 

JOBS [5] - [0, 13, 12, 11, 10]
TOOL SWITCHES : 4
MAKESPAN : 27

- MACHINE [2]

0 0 0 0 1 0 
1 0 0 1 0 1 
0 0 0 0 0 0 
0 1 0 1 1 0 
0 0 1 0 0 1 
0 1 0 0 0 0 
0 0 1 0 0 0 
1 1 0 0 0 0 
0 0 1 0 0 0 
0 0 1 0 0 0 
1 0 0 1 1 0 
0 0 0 1 1 0 
0 0 0 0 0 0 
0 1 0 0 0 1 
0 0 1 1 1 1 
0 0 0 0 0 0 
1 1 1 0 0 1 
0 0 0 0 0 0 
1 1 0 0 0 0 
0 1 0 0 0 0 

JOBS [6] - [3, 7, 2, 4, 9, 8]
TOOL SWITCHES : 3
MAKESPAN : 26

# -------------------------- #

--- TOTAL TOOL SWITCHES : 16
--- HIGHEST MAKESPAN : 28
--- TOTAL FLOWTIME : 216
--- RUNNING TIME : 1.89182

# -------------------------- #
RUN : 1 - instancias_txt/SSP-NPM-I/ins130_m=3_j=15_t=20_var=10.txt

- MACHINE [0]

1 1 1 1 1 
0 0 0 0 0 
1 1 0 0 1 
1 0 0 0 0 
0 0 0 0 0 
0 0 0 1 1 
0 0 0 0 0 
0 0 1 0 0 
1 0 1 1 0 
0 1 0 0 0 
0 0 0 0 1 
0 0 0 0 0 
1 1 0 0 0 
1 1 0 0 0 
0 0 0 0 0 
0 0 1 0 1 
0 1 1 1 0 
0 0 0 0 0 
0 0 0 0 1 
1 0 1 1 0 

JOBS [5] - [4, 1, 5, 13, 14]
TOOL SWITCHES : 8
MAKESPAN : 33

- MACHINE [1]

0 1 0 1 
1 1 0 0 
1 0 0 0 
0 0 0 0 
1 0 0 0 
0 1 0 0 
1 0 0 0 
0 1 0 1 
0 0 0 0 
0 1 0 1 
0 0 0 0 
0 0 1 1 
0 0 1 0 
0 0 0 1 
1 0 1 0 
0 0 1 1 
0 0 0 0 
0 0 0 0 
1 0 1 0 
1 0 0 0 

JOBS [4] - [11, 12, 6, 8]
TOOL SWITCHES : 5
MAKESPAN : 31

- MACHINE [2]

0 0 0 0 0 0 
0 1 1 1 1 0 
0 0 0 0 0 1 
0 0 0 0 0 0 
1 0 1 0 0 0 
0 0 0 0 1 0 
0 0 0 0 0 0 
0 1 0 0 1 1 
0 1 0 0 0 0 
0 0 1 1 0 0 
1 1 0 0 0 1 
0 0 0 0 0 0 
1 0 0 1 1 1 
1 0 1 0 1 1 
1 1 0 0 1 0 
1 0 0 1 0 0 
1 0 0 1 1 1 
0 1 1 1 0 1 
0 0 0 0 0 0 
0 0 0 0 0 0 

JOBS [6] - [3, 10, 7, 9, 0, 2]
TOOL SWITCHES : 1
MAKESPAN : 32

# -------------------------- #

--- TOTAL TOOL SWITCHES : 14
--- HIGHEST MAKESPAN : 33
--- TOTAL FLOWTIME : 242
--- RUNNING TIME : 2.35453

# -------------------------- #
RUN : 1 - instancias_txt/SSP-NPM-I/ins131_m=3_j=15_t=20_var=11.txt

- MACHINE [0]

1 0 0 0 
0 0 0 0 
0 0 0 0 
0 0 1 0 
0 0 1 0 
0 0 1 1 
0 0 0 1 
0 0 0 1 
1 0 0 0 
1 1 0 1 
0 0 1 1 
0 1 0 0 
0 0 0 1 
1 1 0 0 
0 1 0 0 
0 0 0 0 
1 1 1 0 
0 0 0 0 
0 0 0 0 
1 1 1 1 

JOBS [4] - [3, 2, 8, 1]
TOOL SWITCHES : 8
MAKESPAN : 32

- MACHINE [1]

0 0 1 1 0 
1 1 0 1 0 
0 0 0 0 1 
1 0 1 0 0 
0 1 1 0 1 
0 0 0 0 0 
1 0 0 1 0 
0 0 0 0 0 
0 0 0 0 0 
0 0 0 0 0 
0 0 0 0 0 
0 0 1 1 1 
0 1 1 1 1 
1 0 1 0 0 
1 0 0 0 1 
0 0 0 1 1 
0 0 0 0 0 
0 1 0 0 0 
0 0 1 1 1 
0 1 0 0 0 

JOBS [5] - [4, 10, 0, 6, 5]
TOOL SWITCHES : 4
MAKESPAN : 32

- MACHINE [2]

0 1 1 1 0 0 
0 0 0 1 0 1 
0 0 0 0 0 0 
0 0 0 0 0 0 
0 0 1 0 1 1 
0 0 1 0 1 0 
0 0 0 0 0 0 
1 0 0 0 1 0 
1 1 0 1 0 0 
0 0 0 0 0 1 
1 1 1 1 0 1 
0 1 0 0 0 0 
0 0 0 0 0 0 
0 0 0 0 0 0 
1 1 0 1 0 1 
0 1 0 0 0 1 
1 0 0 0 0 0 
0 0 0 0 0 0 
1 0 0 0 1 0 
0 0 1 1 1 0 

JOBS [6] - [13, 14, 12, 7, 9, 11]
TOOL SWITCHES : 1
MAKESPAN : 32

# -------------------------- #

--- TOTAL TOOL SWITCHES : 13
--- HIGHEST MAKESPAN : 32
--- TOTAL FLOWTIME : 258
--- RUNNING TIME : 1.56053

# -------------------------- #
RUN : 1 - instancias_txt/SSP-NPM-I/ins132_m=3_j=15_t=20_var=12.txt

- MACHINE [0]

0 1 1 0 0 
0 0 0 0 0 
0 0 0 1 1 
0 1 1 0 0 
0 0 0 0 0 
0 0 0 1 0 
1 0 1 0 1 
0 1 0 0 0 
0 0 0 0 0 
0 0 0 1 0 
0 0 0 1 1 
1 1 1 1 0 
0 0 0 0 0 
1 1 1 1 0 
1 0 0 0 1 
0 0 0 0 0 
1 1 0 0 0 
0 0 0 0 1 
1 0 0 0 0 
0 0 1 0 0 

JOBS [5] - [13, 2, 11, 12, 8]
TOOL SWITCHES : 9
MAKESPAN : 27

- MACHINE [1]

0 1 0 1 0 
1 1 0 0 0 
0 0 1 0 0 
1 0 0 1 1 
0 0 0 0 0 
0 0 0 0 0 
1 0 1 0 0 
0 0 1 1 1 
0 1 0 1 0 
1 0 1 0 1 
0 0 1 0 1 
0 0 0 0 0 
0 0 0 0 0 
1 1 0 0 0 
0 1 0 0 1 
1 0 1 1 0 
0 0 0 0 0 
0 0 0 0 0 
0 0 0 0 0 
0 0 1 0 1 

JOBS [5] - [5, 1, 7, 0, 10]
TOOL SWITCHES : 4
MAKESPAN : 26

- MACHINE [2]

0 1 1 0 1 
0 0 0 0 1 
0 0 0 0 0 
0 0 1 1 1 
1 1 1 1 0 
0 0 0 0 0 
0 0 0 0 0 
1 0 1 0 1 
1 1 0 1 0 
0 0 0 0 1 
0 1 0 1 0 
0 0 1 0 0 
1 0 0 0 0 
0 0 0 0 0 
0 1 0 0 1 
0 1 0 0 0 
0 0 1 0 0 
1 0 0 1 0 
0 0 0 0 0 
0 0 0 1 0 

JOBS [5] - [3, 14, 6, 9, 4]
TOOL SWITCHES : 2
MAKESPAN : 27

# -------------------------- #

--- TOTAL TOOL SWITCHES : 15
--- HIGHEST MAKESPAN : 27
--- TOTAL FLOWTIME : 206
--- RUNNING TIME : 1.96004

# -------------------------- #
RUN : 1 - instancias_txt/SSP-NPM-I/ins133_m=3_j=15_t=20_var=13.txt

- MACHINE [0]

0 0 0 0 0 
1 0 1 1 1 
0 0 0 0 1 
0 0 0 0 0 
0 0 0 1 0 
0 1 0 1 0 
1 0 0 0 0 
0 0 0 0 1 
1 0 0 0 0 
0 1 0 0 0 
0 0 0 0 0 
1 1 0 1 1 
0 0 0 1 0 
0 0 1 1 0 
0 0 0 0 0 
0 0 0 0 1 
0 1 1 0 1 
0 1 1 0 0 
0 0 1 0 0 
1 0 0 0 0 

JOBS [5] - [4, 2, 0, 11, 6]
TOOL SWITCHES : 9
MAKESPAN : 28

- MACHINE [1]

0 1 0 0 0 
1 0 0 0 0 
0 0 0 0 0 
1 0 1 0 1 
0 0 1 0 1 
0 0 0 0 0 
0 0 0 0 0 
1 0 0 1 0 
0 0 0 0 1 
0 0 0 0 0 
1 1 1 0 0 
1 1 1 0 1 
0 0 0 1 0 
1 0 0 1 1 
0 0 1 0 0 
0 0 0 0 0 
0 1 0 1 0 
0 1 0 0 0 
0 0 1 1 1 
0 1 0 1 1 

JOBS [5] - [12, 13, 10, 3, 5]
TOOL SWITCHES : 5
MAKESPAN : 29

- MACHINE [2]

1 0 1 0 0 
0 0 0 0 0 
0 0 0 0 1 
0 0 0 0 0 
0 1 0 0 0 
0 1 0 1 0 
0 0 1 0 1 
0 1 1 1 0 
0 0 0 0 0 
1 0 0 1 0 
0 0 0 0 0 
1 1 1 1 0 
0 0 0 0 0 
0 0 0 0 1 
1 0 0 1 0 
1 0 1 0 0 
0 0 0 0 0 
0 1 0 0 1 
0 0 0 0 1 
0 1 0 0 0 

JOBS [5] - [7, 8, 1, 9, 14]
TOOL SWITCHES : 1
MAKESPAN : 27

# -------------------------- #

--- TOTAL TOOL SWITCHES : 15
--- HIGHEST MAKESPAN : 29
--- TOTAL FLOWTIME : 215
--- RUNNING TIME : 2.05379

# -------------------------- #
RUN : 1 - instancias_txt/SSP-NPM-I/ins134_m=3_j=15_t=20_var=14.txt

- MACHINE [0]

1 1 0 0 
1 0 0 0 
0 0 0 0 
0 0 0 0 
1 0 1 1 
0 0 0 1 
1 0 0 0 
0 1 0 0 
0 0 0 0 
0 1 1 0 
0 0 1 1 
0 1 0 1 
0 0 1 1 
0 0 0 0 
0 0 0 0 
0 1 0 1 
0 0 1 0 
1 1 1 0 
1 0 0 0 
0 0 0 1 

JOBS [4] - [8, 6, 13, 7]
TOOL SWITCHES : 9
MAKESPAN : 32

- MACHINE [1]

0 0 0 0 1 
0 0 0 0 0 
0 0 0 0 0 
0 0 1 1 0 
0 0 0 0 0 
1 1 0 0 0 
0 0 0 1 1 
1 0 1 1 0 
0 1 1 0 0 
1 1 0 0 0 
0 1 0 0 1 
1 1 0 1 1 
0 0 0 1 0 
0 1 1 0 1 
1 0 1 0 1 
0 0 0 0 0 
1 0 0 0 0 
1 0 0 1 0 
0 0 0 0 0 
0 0 0 1 1 

JOBS [5] - [10, 12, 14, 1, 0]
TOOL SWITCHES : 5
MAKESPAN : 33

- MACHINE [2]

0 0 0 1 0 0 
0 0 0 0 1 1 
1 0 0 0 0 0 
1 1 0 0 0 0 
0 0 1 0 0 1 
0 1 0 0 0 1 
0 0 0 1 1 0 
0 1 1 0 1 1 
1 0 0 1 0 1 
1 1 0 0 0 0 
0 0 0 0 0 0 
0 0 1 0 1 0 
0 0 1 0 1 0 
0 0 0 0 0 0 
0 1 0 0 1 1 
1 0 1 1 0 0 
0 0 0 0 0 0 
1 1 0 0 1 0 
0 0 0 0 0 0 
1 0 1 1 0 0 

JOBS [6] - [11, 9, 2, 4, 3, 5]
TOOL SWITCHES : 3
MAKESPAN : 32

# -------------------------- #

--- TOTAL TOOL SWITCHES : 17
--- HIGHEST MAKESPAN : 33
--- TOTAL FLOWTIME : 253
--- RUNNING TIME : 2.11594

# -------------------------- #
RUN : 1 - instancias_txt/SSP-NPM-I/ins135_m=3_j=15_t=20_var=15.txt

- MACHINE [0]

0 0 0 0 1 
0 1 1 0 0 
0 0 0 0 0 
0 0 0 0 1 
0 0 0 1 0 
0 0 0 0 0 
1 1 1 1 1 
1 0 1 0 0 
0 0 0 0 0 
0 1 1 0 0 
0 0 0 1 0 
0 0 0 0 1 
0 1 0 0 0 
0 0 0 0 1 
1 0 0 0 0 
0 0 0 1 1 
1 1 0 1 0 
1 1 1 0 0 
0 0 0 0 0 
1 0 0 0 0 

JOBS [5] - [7, 0, 8, 2, 11]
TOOL SWITCHES : 9
MAKESPAN : 34

- MACHINE [1]

0 1 0 1 1 
1 0 0 0 0 
1 1 0 1 1 
0 0 0 0 0 
1 0 1 0 1 
0 1 0 0 0 
0 0 1 1 1 
1 0 0 0 0 
0 1 1 0 0 
0 0 0 0 0 
0 0 0 0 0 
0 0 0 0 0 
0 0 0 1 1 
1 0 1 1 0 
0 0 1 0 0 
0 1 0 1 0 
0 0 0 0 0 
1 0 1 1 0 
0 0 0 0 0 
0 1 0 0 1 

JOBS [5] - [14, 10, 13, 5, 9]
TOOL SWITCHES : 4
MAKESPAN : 37

- MACHINE [2]

0 1 0 0 0 
0 0 0 0 0 
1 0 0 0 1 
0 0 1 1 0 
0 0 1 0 0 
0 0 0 0 1 
0 1 1 0 1 
1 0 0 0 1 
0 1 0 0 0 
0 1 1 0 1 
0 0 0 1 0 
1 1 1 1 0 
0 0 0 0 0 
0 0 0 1 0 
0 0 1 0 0 
1 1 0 0 0 
0 0 0 0 0 
1 0 0 1 0 
1 0 1 1 0 
0 0 0 0 0 

JOBS [5] - [6, 12, 1, 3, 4]
TOOL SWITCHES : 3
MAKESPAN : 30

# -------------------------- #

--- TOTAL TOOL SWITCHES : 16
--- HIGHEST MAKESPAN : 37
--- TOTAL FLOWTIME : 262
--- RUNNING TIME : 2.06655

# -------------------------- #
RUN : 1 - instancias_txt/SSP-NPM-I/ins136_m=3_j=15_t=20_var=16.txt

- MACHINE [0]

1 0 1 1 
0 0 0 0 
1 1 0 0 
0 1 0 0 
0 0 1 0 
1 0 0 0 
1 0 1 0 
0 1 1 1 
1 1 0 0 
1 0 0 0 
0 0 0 1 
0 0 0 0 
0 0 1 0 
0 0 0 1 
0 0 0 0 
0 0 0 0 
0 0 0 0 
1 0 0 0 
0 0 0 0 
0 1 1 1 

JOBS [4] - [4, 6, 10, 7]
TOOL SWITCHES : 7
MAKESPAN : 29

- MACHINE [1]

1 0 1 0 0 
0 1 1 0 0 
0 0 0 0 0 
0 0 1 1 1 
0 0 0 0 1 
0 1 0 0 0 
1 0 0 1 1 
0 0 0 0 0 
0 0 0 0 0 
0 0 0 0 0 
1 0 1 0 1 
0 1 0 1 0 
1 1 1 1 1 
0 0 0 1 1 
0 1 0 0 1 
1 0 1 1 0 
0 0 0 0 0 
0 0 0 0 0 
0 0 0 0 0 
0 1 0 0 0 

JOBS [5] - [8, 12, 3, 9, 0]
TOOL SWITCHES : 3
MAKESPAN : 31

- MACHINE [2]

0 0 0 0 0 0 
0 0 0 0 0 0 
0 1 1 0 1 0 
0 0 0 1 0 1 
1 0 0 0 0 0 
1 0 1 1 1 0 
0 0 0 0 0 0 
0 1 0 1 1 0 
0 0 0 0 1 1 
0 0 1 1 1 0 
1 0 0 1 0 0 
1 1 0 1 0 0 
0 0 0 0 0 0 
0 0 1 0 0 0 
1 1 1 0 0 0 
0 1 0 0 1 0 
1 0 0 0 0 1 
0 0 0 0 0 1 
0 1 1 0 0 0 
0 1 1 0 0 1 

JOBS [6] - [2, 5, 13, 1, 14, 11]
TOOL SWITCHES : 3
MAKESPAN : 32

# -------------------------- #

--- TOTAL TOOL SWITCHES : 13
--- HIGHEST MAKESPAN : 32
--- TOTAL FLOWTIME : 260
--- RUNNING TIME : 1.89903

# -------------------------- #
RUN : 1 - instancias_txt/SSP-NPM-I/ins137_m=3_j=15_t=20_var=17.txt

- MACHINE [0]

0 0 0 0 
0 0 0 0 
0 0 1 0 
0 1 1 1 
0 0 0 1 
0 1 1 0 
0 0 0 0 
1 0 0 1 
1 0 0 0 
0 0 0 1 
0 0 0 0 
1 1 1 0 
0 1 1 0 
1 1 0 0 
0 1 1 1 
0 0 0 0 
1 0 0 0 
0 1 0 1 
1 0 0 0 
0 0 0 0 

JOBS [4] - [7, 0, 14, 8]
TOOL SWITCHES : 8
MAKESPAN : 27

- MACHINE [1]

1 0 0 0 0 
1 1 1 1 0 
0 0 1 1 0 
0 1 0 0 0 
0 0 0 0 0 
0 0 0 0 0 
0 0 0 0 0 
0 0 0 1 0 
0 0 1 1 1 
1 0 0 0 1 
0 0 0 0 0 
0 0 1 0 1 
1 1 0 1 0 
0 0 0 0 0 
0 1 0 0 0 
0 1 1 0 0 
0 0 0 0 0 
1 0 0 0 0 
0 0 1 0 1 
1 0 0 1 1 

JOBS [5] - [10, 9, 6, 13, 5]
TOOL SWITCHES : 4
MAKESPAN : 26

- MACHINE [2]

1 1 1 1 0 0 
0 0 0 1 1 1 
0 1 0 0 1 1 
0 0 0 1 1 0 
1 0 0 0 0 0 
1 1 0 1 0 1 
0 0 1 1 0 0 
1 0 0 0 0 0 
0 0 0 0 0 1 
0 1 1 0 0 1 
0 0 0 0 0 0 
0 0 0 0 0 0 
0 0 1 0 0 0 
0 0 0 0 0 0 
0 1 1 0 1 0 
1 1 0 0 0 0 
0 0 0 0 0 0 
0 0 0 0 1 0 
0 1 1 0 0 0 
1 0 0 0 0 1 

JOBS [6] - [3, 12, 1, 11, 4, 2]
TOOL SWITCHES : 3
MAKESPAN : 27

# -------------------------- #

--- TOTAL TOOL SWITCHES : 15
--- HIGHEST MAKESPAN : 27
--- TOTAL FLOWTIME : 203
--- RUNNING TIME : 1.8243

# -------------------------- #
RUN : 1 - instancias_txt/SSP-NPM-I/ins138_m=3_j=15_t=20_var=18.txt

- MACHINE [0]

0 1 1 0 
0 0 0 0 
0 0 1 1 
0 0 0 0 
0 0 0 0 
0 1 1 1 
0 0 1 0 
0 0 1 1 
0 0 0 0 
0 0 0 1 
1 1 0 0 
0 0 1 1 
0 1 0 0 
1 1 0 0 
0 0 0 0 
1 0 0 1 
1 0 0 0 
0 0 0 0 
0 0 0 0 
1 0 0 0 

JOBS [4] - [3, 10, 11, 13]
TOOL SWITCHES : 6
MAKESPAN : 28

- MACHINE [1]

0 0 0 0 1 
0 1 0 0 0 
0 1 0 0 1 
0 0 0 0 0 
0 0 1 1 0 
0 1 1 0 1 
0 0 1 0 0 
1 0 0 0 0 
1 1 0 0 0 
1 0 1 0 0 
0 0 1 1 0 
1 0 1 1 0 
0 1 0 0 0 
1 1 0 1 1 
0 0 0 0 0 
0 0 0 1 1 
1 0 0 0 0 
0 0 0 0 0 
0 0 1 0 1 
1 0 0 1 0 

JOBS [5] - [8, 12, 7, 4, 9]
TOOL SWITCHES : 7
MAKESPAN : 29

- MACHINE [2]

0 0 0 1 0 1 
1 1 1 1 0 0 
0 0 1 0 1 0 
1 0 0 1 1 1 
0 1 1 0 0 1 
0 1 1 1 0 0 
1 0 0 0 1 0 
1 0 1 0 1 0 
0 0 0 0 1 0 
0 0 0 0 0 0 
1 0 0 0 0 0 
0 0 0 0 0 0 
0 1 0 0 0 1 
0 0 0 0 0 0 
1 0 0 0 0 1 
0 0 0 0 1 0 
1 0 0 1 0 0 
0 0 0 0 0 0 
0 0 0 0 0 0 
0 1 0 0 1 0 

JOBS [6] - [0, 2, 1, 14, 6, 5]
TOOL SWITCHES : 2
MAKESPAN : 27

# -------------------------- #

--- TOTAL TOOL SWITCHES : 15
--- HIGHEST MAKESPAN : 29
--- TOTAL FLOWTIME : 244
--- RUNNING TIME : 2.20174

# -------------------------- #
RUN : 1 - instancias_txt/SSP-NPM-I/ins139_m=3_j=15_t=20_var=19.txt

- MACHINE [0]

0 1 1 0 
1 0 0 1 
1 0 0 0 
1 0 0 0 
0 0 0 0 
0 0 0 0 
0 1 1 0 
1 1 0 0 
0 0 0 1 
0 0 1 1 
1 1 0 1 
0 0 0 0 
0 0 1 0 
1 0 0 0 
0 1 0 0 
0 0 0 0 
1 1 1 0 
0 0 0 1 
0 0 1 1 
0 0 0 1 

JOBS [4] - [3, 1, 0, 2]
TOOL SWITCHES : 10
MAKESPAN : 35

- MACHINE [1]

0 0 0 1 
0 0 1 1 
0 0 0 0 
0 0 1 1 
0 1 0 1 
0 0 0 0 
1 1 0 0 
0 0 0 0 
0 0 0 0 
0 0 0 0 
0 1 1 0 
0 1 0 1 
1 0 1 0 
1 0 0 0 
1 0 1 0 
1 1 0 0 
1 0 0 0 
1 1 1 0 
0 1 1 1 
0 0 0 0 

JOBS [4] - [6, 10, 7, 11]
TOOL SWITCHES : 4
MAKESPAN : 34

- MACHINE [2]

1 1 1 0 0 0 1 
0 0 0 0 0 0 0 
0 0 0 1 1 1 1 
0 0 0 0 0 0 0 
0 0 0 0 0 1 0 
0 0 0 0 0 0 0 
0 1 0 1 0 0 1 
1 0 1 1 1 0 0 
0 0 1 1 0 0 0 
1 1 0 0 0 1 1 
1 0 1 0 0 0 0 
0 0 0 1 0 0 0 
0 0 1 0 0 1 0 
1 1 0 0 1 1 1 
0 0 0 0 0 0 0 
1 0 1 0 1 0 1 
0 1 0 0 0 1 0 
0 0 0 0 0 0 0 
0 0 0 1 1 0 0 
1 0 0 0 0 0 1 

JOBS [7] - [5, 13, 9, 14, 4, 8, 12]
TOOL SWITCHES : 2
MAKESPAN : 33

# -------------------------- #

--- TOTAL TOOL SWITCHES : 16
--- HIGHEST MAKESPAN : 35
--- TOTAL FLOWTIME : 267
--- RUNNING TIME : 2.29334

# -------------------------- #
RUN : 1 - instancias_txt/SSP-NPM-I/ins140_m=3_j=15_t=20_var=20.txt

- MACHINE [0]

0 0 0 0 
0 0 0 0 
0 1 0 0 
0 0 1 1 
1 1 0 0 
0 0 0 0 
0 0 1 0 
0 0 0 0 
1 0 1 1 
1 0 0 0 
0 0 0 0 
0 0 0 0 
0 1 1 0 
1 0 0 0 
1 1 1 0 
1 0 1 1 
1 1 0 1 
0 0 0 1 
0 0 0 1 
0 0 0 0 

JOBS [4] - [14, 11, 12, 9]
TOOL SWITCHES : 6
MAKESPAN : 29

- MACHINE [1]

1 0 0 1 
0 0 0 0 
0 0 0 0 
0 0 0 0 
0 0 0 0 
1 0 1 0 
1 0 1 0 
0 0 1 1 
0 0 1 0 
0 1 1 0 
1 1 0 0 
0 1 0 0 
0 0 0 0 
0 0 0 0 
0 1 0 0 
0 0 0 1 
1 0 0 1 
0 0 0 0 
0 1 1 1 
0 0 0 1 

JOBS [4] - [13, 2, 6, 0]
TOOL SWITCHES : 3
MAKESPAN : 26

- MACHINE [2]

0 0 1 0 0 1 1 
1 1 1 1 1 0 0 
0 1 0 0 1 0 1 
0 1 0 0 0 0 1 
0 0 0 0 0 0 0 
0 0 0 0 0 0 1 
0 1 1 0 0 0 0 
0 1 0 0 1 1 1 
0 0 0 0 1 0 0 
1 0 0 1 1 0 0 
1 1 0 0 1 1 0 
0 0 0 0 0 0 0 
1 0 1 1 0 0 0 
0 0 0 0 0 1 1 
1 0 1 1 0 0 0 
0 0 0 0 0 0 0 
0 0 0 1 1 0 1 
0 0 0 0 0 0 0 
0 0 0 0 0 1 0 
1 0 0 1 0 0 0 

JOBS [7] - [7, 5, 1, 8, 4, 3, 10]
TOOL SWITCHES : 3
MAKESPAN : 29

# -------------------------- #

--- TOTAL TOOL SWITCHES : 12
--- HIGHEST MAKESPAN : 29
--- TOTAL FLOWTIME : 206
--- RUNNING TIME : 2.06216

# -------------------------- #


avg : 31.45
