RUN : 1 - instancias_txt/SSP-NPM-I/ins121_m=3_j=15_t=20_var=1.txt

- MACHINE [0]

0 1 1 0 
0 0 1 1 
0 0 0 1 
1 1 0 0 
1 1 0 0 
1 0 0 0 
0 0 0 0 
0 0 0 1 
0 0 0 0 
0 0 0 0 
0 0 0 0 
0 1 1 1 
0 0 0 1 
0 0 0 0 
0 0 0 1 
0 0 1 1 
1 1 1 0 
1 1 1 0 
0 1 0 0 
1 0 0 0 

JOBS [4] - [0, 14, 8, 5]
TOOL SWITCHES : 8
MAKESPAN : 41

- MACHINE [1]

0 0 0 0 0 
0 0 0 1 0 
0 0 0 0 0 
0 1 0 0 0 
0 1 1 0 1 
0 0 1 1 0 
0 1 0 0 0 
1 1 0 0 1 
0 0 0 0 0 
1 0 0 0 1 
0 0 0 1 1 
1 1 0 0 0 
1 0 1 1 0 
1 0 0 0 0 
0 1 1 1 1 
0 0 1 1 0 
0 0 0 0 0 
0 0 1 0 0 
1 0 1 1 1 
1 1 0 0 0 

JOBS [5] - [12, 2, 3, 4, 11]
TOOL SWITCHES : 6
MAKESPAN : 41

- MACHINE [2]

1 0 0 1 0 1 
0 1 0 0 0 1 
0 0 0 1 0 0 
0 0 0 0 0 0 
0 0 1 1 0 0 
0 0 0 1 0 0 
0 0 1 1 1 0 
0 0 0 0 0 0 
1 1 1 0 0 0 
0 0 1 0 0 0 
0 0 0 0 1 1 
0 0 0 0 0 0 
0 1 1 0 1 0 
1 1 0 1 0 0 
1 1 0 0 1 0 
0 0 0 0 0 0 
0 0 1 1 0 1 
0 0 0 0 1 1 
1 1 0 0 1 0 
0 0 1 0 0 1 

JOBS [6] - [13, 1, 7, 9, 10, 6]
TOOL SWITCHES : 3
MAKESPAN : 37

# -------------------------- #

--- TOTAL TOOL SWITCHES : 17
--- HIGHEST MAKESPAN : 41
--- TOTAL FLOWTIME : 328
--- RUNNING TIME : 1.6929

# -------------------------- #
RUN : 1 - instancias_txt/SSP-NPM-I/ins122_m=3_j=15_t=20_var=2.txt

- MACHINE [0]

0 0 0 0 
0 0 0 1 
0 0 1 1 
0 0 0 0 
1 1 1 0 
0 0 0 1 
0 0 0 0 
1 1 1 0 
0 0 0 1 
0 0 0 1 
0 0 0 0 
0 0 0 0 
1 1 0 0 
0 0 0 0 
0 0 0 0 
1 1 0 1 
1 0 1 0 
0 1 0 0 
1 0 0 0 
0 0 1 1 

JOBS [4] - [13, 9, 3, 6]
TOOL SWITCHES : 6
MAKESPAN : 27

- MACHINE [1]

1 0 0 0 1 1 
0 0 0 0 0 0 
0 0 1 1 1 1 
0 0 0 0 0 0 
1 1 0 1 0 0 
1 0 1 0 0 1 
0 0 0 0 0 0 
0 0 0 0 0 0 
0 0 1 1 1 0 
1 1 0 0 0 0 
1 1 0 0 0 0 
0 0 1 0 0 0 
0 0 0 0 0 0 
1 0 1 1 0 0 
0 0 0 0 0 0 
0 0 0 1 0 1 
0 1 1 1 1 1 
0 0 0 0 0 0 
0 1 0 0 0 1 
0 0 1 0 1 0 

JOBS [6] - [7, 8, 2, 1, 12, 14]
TOOL SWITCHES : 3
MAKESPAN : 26

- MACHINE [2]

0 0 1 0 1 
1 0 0 0 1 
0 1 0 0 0 
1 1 0 0 0 
0 0 0 0 0 
1 0 0 0 0 
0 1 0 1 1 
0 0 0 0 0 
0 1 0 0 0 
0 0 0 1 1 
0 0 0 0 0 
0 0 1 1 0 
0 0 0 0 0 
1 0 0 0 0 
0 1 1 1 0 
1 1 1 0 0 
0 0 0 0 0 
0 0 1 1 1 
0 0 0 0 0 
0 1 1 0 0 

JOBS [5] - [10, 0, 11, 4, 5]
TOOL SWITCHES : 1
MAKESPAN : 26

# -------------------------- #

--- TOTAL TOOL SWITCHES : 10
--- HIGHEST MAKESPAN : 27
--- TOTAL FLOWTIME : 240
--- RUNNING TIME : 1.79193

# -------------------------- #
RUN : 1 - instancias_txt/SSP-NPM-I/ins123_m=3_j=15_t=20_var=3.txt

- MACHINE [0]

0 0 0 0 0 
0 0 1 1 0 
0 0 0 0 0 
1 1 1 0 0 
0 0 1 0 1 
1 1 1 0 1 
1 0 0 0 0 
0 0 0 0 1 
1 1 0 0 0 
0 0 0 0 0 
1 1 0 1 0 
0 0 0 0 1 
0 0 0 0 0 
0 1 0 1 0 
0 0 0 0 1 
0 0 0 1 1 
1 0 1 1 0 
0 0 0 0 0 
1 0 0 0 0 
0 0 0 0 0 

JOBS [5] - [7, 9, 12, 10, 11]
TOOL SWITCHES : 7
MAKESPAN : 30

- MACHINE [1]

0 0 0 1 0 
1 1 0 0 1 
0 0 0 1 1 
1 1 1 0 0 
0 0 0 0 0 
0 0 1 0 1 
0 0 0 1 0 
1 0 1 0 1 
0 0 0 0 0 
1 1 0 1 0 
0 0 0 0 0 
0 0 0 0 0 
0 0 0 0 0 
1 0 0 1 0 
0 0 1 1 0 
1 1 0 0 1 
0 1 1 0 0 
1 0 1 0 0 
0 0 0 0 0 
0 1 0 1 1 

JOBS [5] - [1, 5, 14, 13, 6]
TOOL SWITCHES : 5
MAKESPAN : 29

- MACHINE [2]

0 0 0 0 0 
0 0 0 0 0 
0 0 0 0 0 
0 0 0 1 0 
0 1 0 0 1 
0 0 1 1 1 
1 0 0 0 1 
1 1 0 1 1 
0 0 0 0 0 
0 0 1 0 0 
0 1 0 0 1 
1 1 0 0 0 
0 1 1 0 0 
0 1 1 0 0 
0 0 0 1 1 
0 0 0 0 0 
1 0 0 1 0 
0 1 0 0 0 
0 0 1 0 0 
1 0 0 0 0 

JOBS [5] - [4, 0, 8, 2, 3]
TOOL SWITCHES : 2
MAKESPAN : 29

# -------------------------- #

--- TOTAL TOOL SWITCHES : 14
--- HIGHEST MAKESPAN : 30
--- TOTAL FLOWTIME : 210
--- RUNNING TIME : 1.77736

# -------------------------- #
RUN : 1 - instancias_txt/SSP-NPM-I/ins124_m=3_j=15_t=20_var=4.txt

- MACHINE [0]

1 0 0 0 
0 0 0 1 
0 0 0 0 
0 0 0 0 
0 0 0 0 
0 0 0 0 
1 1 0 1 
0 0 0 1 
0 1 1 0 
0 0 0 0 
1 0 1 0 
0 1 1 0 
0 0 0 0 
1 0 0 1 
0 1 1 0 
1 1 0 0 
0 0 0 1 
0 0 1 0 
0 0 0 1 
0 0 0 0 

JOBS [4] - [0, 3, 10, 2]
TOOL SWITCHES : 6
MAKESPAN : 28

- MACHINE [1]

1 0 1 1 0 0 
0 0 0 0 1 0 
1 1 1 1 1 0 
1 0 0 1 0 0 
0 0 0 0 0 0 
0 0 0 0 0 0 
0 0 0 1 0 0 
1 0 0 0 1 1 
0 0 0 0 1 1 
0 1 1 0 1 1 
1 1 1 0 1 0 
1 1 0 0 0 1 
0 0 1 1 0 1 
0 0 0 0 0 0 
0 0 0 0 0 0 
0 0 0 0 0 0 
0 0 1 0 0 0 
0 0 0 0 0 0 
0 0 1 0 0 1 
1 1 0 0 0 0 

JOBS [6] - [4, 5, 14, 9, 11, 13]
TOOL SWITCHES : 4
MAKESPAN : 28

- MACHINE [2]

0 0 0 1 0 
0 1 1 1 0 
1 0 0 0 1 
0 0 0 0 1 
0 1 0 0 0 
0 1 0 0 1 
0 0 1 1 1 
0 0 0 0 0 
0 0 0 1 1 
0 1 0 0 0 
0 0 0 0 0 
1 0 1 0 0 
1 0 0 0 0 
1 0 1 0 0 
1 1 0 0 0 
0 0 0 0 0 
0 0 0 0 1 
1 0 0 0 0 
0 0 1 0 1 
0 0 1 1 0 

JOBS [5] - [8, 6, 12, 7, 1]
TOOL SWITCHES : 4
MAKESPAN : 28

# -------------------------- #

--- TOTAL TOOL SWITCHES : 14
--- HIGHEST MAKESPAN : 28
--- TOTAL FLOWTIME : 189
--- RUNNING TIME : 2.3285

# -------------------------- #
RUN : 1 - instancias_txt/SSP-NPM-I/ins125_m=3_j=15_t=20_var=5.txt

- MACHINE [0]

0 1 0 0 0 
0 1 0 0 0 
0 0 0 0 0 
0 0 0 0 1 
1 1 0 0 0 
1 0 0 0 0 
0 0 1 1 1 
0 0 1 1 1 
0 0 0 0 0 
0 0 0 0 1 
0 0 0 1 0 
1 1 1 0 0 
0 0 0 0 1 
0 0 0 1 0 
0 0 0 0 0 
0 1 1 0 0 
0 0 1 1 0 
1 1 0 1 1 
0 0 0 0 0 
1 1 1 0 0 

JOBS [5] - [12, 14, 1, 4, 11]
TOOL SWITCHES : 9
MAKESPAN : 33

- MACHINE [1]

0 0 1 1 1 
0 0 1 1 0 
0 0 0 1 0 
0 1 0 0 1 
0 1 1 0 0 
1 0 0 1 0 
1 0 0 0 0 
0 0 0 0 0 
1 1 1 0 1 
1 0 1 0 1 
0 0 0 0 0 
0 0 0 0 0 
0 0 0 0 0 
1 1 0 0 0 
0 1 0 0 0 
0 0 0 1 0 
0 0 0 1 1 
0 0 1 0 0 
0 0 0 1 1 
0 1 0 0 0 

JOBS [5] - [13, 6, 3, 5, 2]
TOOL SWITCHES : 6
MAKESPAN : 34

- MACHINE [2]

0 1 0 1 0 
1 0 0 0 0 
0 0 0 0 1 
1 0 0 1 0 
0 0 0 0 0 
1 1 0 1 0 
1 0 0 0 1 
1 0 0 0 1 
0 1 0 0 1 
0 0 1 0 0 
0 1 0 0 1 
0 0 0 0 0 
0 1 1 0 0 
1 1 1 1 0 
0 0 1 0 0 
0 0 1 1 1 
0 0 0 0 1 
0 0 0 0 0 
0 0 1 0 0 
1 1 0 0 0 

JOBS [5] - [8, 0, 7, 10, 9]
TOOL SWITCHES : 4
MAKESPAN : 32

# -------------------------- #

--- TOTAL TOOL SWITCHES : 19
--- HIGHEST MAKESPAN : 34
--- TOTAL FLOWTIME : 246
--- RUNNING TIME : 2.50017

# -------------------------- #
RUN : 1 - instancias_txt/SSP-NPM-I/ins126_m=3_j=15_t=20_var=6.txt

- MACHINE [0]

1 1 1 0 
1 0 0 0 
0 0 1 0 
0 0 0 0 
0 0 0 1 
0 0 1 0 
1 1 1 0 
1 1 1 0 
0 0 1 1 
0 0 0 1 
0 1 0 0 
0 0 0 0 
0 0 1 1 
0 0 0 0 
1 0 0 0 
0 0 0 1 
0 0 0 0 
0 1 0 0 
1 0 0 0 
0 1 0 0 

JOBS [4] - [10, 1, 12, 6]
TOOL SWITCHES : 9
MAKESPAN : 30

- MACHINE [1]

0 0 0 1 1 
1 1 0 1 0 
0 0 0 0 0 
0 0 0 1 1 
0 0 0 0 0 
0 1 1 0 0 
0 0 0 0 0 
0 1 0 0 0 
0 0 0 0 0 
0 0 0 0 0 
1 0 1 1 1 
0 0 0 0 0 
0 0 1 1 1 
0 0 0 0 1 
1 0 1 0 0 
1 1 1 1 0 
1 0 0 0 0 
0 1 0 0 0 
1 0 1 0 1 
1 0 0 1 1 

JOBS [5] - [3, 9, 0, 5, 7]
TOOL SWITCHES : 4
MAKESPAN : 30

- MACHINE [2]

0 0 0 0 0 0 
0 0 0 0 0 0 
0 0 1 0 0 0 
1 1 0 0 0 0 
1 0 1 0 1 0 
0 0 0 0 0 0 
0 1 0 1 0 0 
1 0 0 1 1 1 
1 1 0 0 0 0 
1 0 0 1 1 0 
0 0 1 0 1 0 
1 1 1 0 0 1 
0 0 0 0 0 0 
0 0 0 1 0 1 
0 1 0 1 1 1 
0 0 0 0 0 0 
0 0 0 0 0 1 
0 0 0 0 0 1 
1 0 1 0 1 0 
0 0 0 0 0 0 

JOBS [6] - [8, 14, 4, 11, 13, 2]
TOOL SWITCHES : 1
MAKESPAN : 30

# -------------------------- #

--- TOTAL TOOL SWITCHES : 14
--- HIGHEST MAKESPAN : 30
--- TOTAL FLOWTIME : 213
--- RUNNING TIME : 2.30437

# -------------------------- #
RUN : 1 - instancias_txt/SSP-NPM-I/ins127_m=3_j=15_t=20_var=7.txt

- MACHINE [0]

0 0 0 0 0 
1 0 0 0 0 
1 1 0 0 0 
1 0 0 0 0 
1 0 0 0 0 
0 1 1 0 1 
0 1 1 1 0 
1 1 0 0 0 
0 0 0 0 1 
0 1 0 0 0 
1 0 1 1 0 
0 0 0 0 1 
0 0 0 1 0 
0 0 1 1 0 
0 0 0 0 1 
0 0 0 0 1 
0 0 0 0 0 
0 0 1 1 0 
0 1 0 1 1 
0 0 0 0 1 

JOBS [5] - [2, 10, 6, 5, 0]
TOOL SWITCHES : 11
MAKESPAN : 32

- MACHINE [1]

1 0 1 1 
1 0 0 0 
0 0 0 0 
1 0 0 1 
0 0 0 0 
0 1 0 0 
1 1 0 1 
1 0 0 1 
0 1 0 0 
0 1 0 0 
0 0 1 0 
0 0 0 0 
0 0 0 1 
0 0 1 0 
0 0 0 0 
0 0 1 0 
0 0 1 0 
0 0 0 0 
0 1 1 0 
1 0 0 0 

JOBS [4] - [12, 14, 7, 1]
TOOL SWITCHES : 5
MAKESPAN : 30

- MACHINE [2]

1 0 0 0 1 0 
1 0 1 0 1 1 
0 0 0 0 0 0 
1 0 0 1 1 0 
0 0 0 0 0 0 
0 1 1 0 1 0 
0 0 0 0 0 0 
0 1 0 1 0 0 
0 0 0 1 0 1 
0 0 0 0 0 0 
1 0 0 0 1 1 
0 1 1 0 0 0 
0 1 1 0 0 0 
0 0 0 0 0 1 
0 0 0 1 0 1 
1 0 0 1 0 1 
0 0 1 1 0 0 
0 0 0 0 0 1 
0 0 0 0 0 0 
1 1 0 0 0 0 

JOBS [6] - [3, 9, 4, 13, 11, 8]
TOOL SWITCHES : 2
MAKESPAN : 31

# -------------------------- #

--- TOTAL TOOL SWITCHES : 18
--- HIGHEST MAKESPAN : 32
--- TOTAL FLOWTIME : 221
--- RUNNING TIME : 2.06539

# -------------------------- #
RUN : 1 - instancias_txt/SSP-NPM-I/ins128_m=3_j=15_t=20_var=8.txt

- MACHINE [0]

1 0 0 0 
0 1 1 0 
0 0 0 0 
0 0 1 1 
0 0 0 0 
1 0 0 0 
0 1 0 0 
1 1 0 1 
0 0 1 1 
0 0 1 1 
0 0 0 0 
0 0 0 1 
0 0 0 1 
0 1 1 0 
1 0 1 0 
0 1 0 0 
0 0 1 0 
0 0 0 0 
1 1 0 0 
1 0 0 1 

JOBS [4] - [8, 7, 9, 4]
TOOL SWITCHES : 11
MAKESPAN : 38

- MACHINE [1]

0 0 1 0 0 
1 0 0 0 0 
0 0 0 0 0 
1 0 0 1 0 
1 0 1 0 0 
0 1 1 1 0 
0 0 1 0 0 
0 0 0 0 0 
0 0 0 0 0 
0 0 0 0 0 
0 1 0 1 0 
0 1 0 0 0 
1 0 1 0 1 
0 0 0 1 0 
1 1 1 1 1 
0 1 0 0 1 
0 0 0 0 0 
0 0 0 1 1 
1 1 0 1 1 
0 0 0 0 0 

JOBS [5] - [2, 14, 5, 12, 1]
TOOL SWITCHES : 4
MAKESPAN : 30

- MACHINE [2]

0 1 1 0 0 1 
0 0 0 0 0 1 
0 1 0 0 1 0 
0 0 0 0 0 0 
1 1 0 1 0 0 
0 0 0 0 0 0 
0 0 0 0 0 0 
0 1 0 0 0 0 
0 1 1 1 1 0 
0 0 0 1 1 1 
1 0 0 0 0 1 
0 0 0 0 0 0 
0 0 0 0 0 0 
0 0 1 0 1 1 
0 0 1 0 0 0 
0 1 0 1 1 0 
1 1 1 0 0 0 
0 0 0 1 0 0 
1 0 0 0 0 1 
1 0 1 0 1 0 

JOBS [6] - [3, 10, 11, 6, 13, 0]
TOOL SWITCHES : 2
MAKESPAN : 38

# -------------------------- #

--- TOTAL TOOL SWITCHES : 17
--- HIGHEST MAKESPAN : 38
--- TOTAL FLOWTIME : 305
--- RUNNING TIME : 2.52404

# -------------------------- #
RUN : 1 - instancias_txt/SSP-NPM-I/ins129_m=3_j=15_t=20_var=9.txt

- MACHINE [0]

0 1 0 0 
0 0 0 0 
0 0 0 0 
0 0 0 0 
0 0 1 0 
0 0 0 1 
0 0 0 0 
1 1 1 0 
0 0 1 1 
0 0 0 1 
0 0 0 0 
0 0 0 1 
1 0 1 0 
0 0 0 1 
0 0 1 0 
0 0 0 0 
1 1 0 0 
1 1 1 0 
1 1 0 1 
1 0 0 0 

JOBS [4] - [11, 6, 5, 1]
TOOL SWITCHES : 7
MAKESPAN : 28

- MACHINE [1]

0 0 0 1 0 
0 0 0 0 0 
1 0 0 1 0 
0 0 1 0 0 
1 0 0 0 0 
0 1 1 0 1 
0 0 0 0 0 
0 0 1 0 0 
1 1 0 0 0 
0 0 0 0 0 
0 0 0 0 0 
0 0 0 0 1 
1 1 0 1 0 
0 0 1 1 1 
0 0 0 0 0 
0 0 0 0 1 
0 1 1 0 0 
1 1 0 1 1 
1 0 1 0 0 
0 1 1 1 1 

JOBS [5] - [13, 0, 7, 10, 12]
TOOL SWITCHES : 5
MAKESPAN : 26

- MACHINE [2]

0 1 0 0 0 0 
1 0 1 0 1 1 
1 0 0 0 0 0 
0 1 1 0 0 0 
0 0 0 1 1 0 
0 0 0 0 0 0 
0 0 0 1 0 0 
0 0 0 0 0 1 
0 0 0 1 0 0 
0 0 0 1 0 0 
0 1 1 0 0 1 
1 1 1 0 0 0 
0 0 0 0 0 0 
0 0 0 0 1 0 
1 1 1 1 1 0 
1 0 0 0 0 0 
0 0 0 1 1 1 
0 0 0 0 0 0 
0 0 0 0 0 1 
0 0 0 0 0 0 

JOBS [6] - [14, 9, 4, 2, 8, 3]
TOOL SWITCHES : 3
MAKESPAN : 25

# -------------------------- #

--- TOTAL TOOL SWITCHES : 15
--- HIGHEST MAKESPAN : 28
--- TOTAL FLOWTIME : 189
--- RUNNING TIME : 1.52292

# -------------------------- #
RUN : 1 - instancias_txt/SSP-NPM-I/ins130_m=3_j=15_t=20_var=10.txt

- MACHINE [0]

1 1 1 1 1 
0 0 0 0 0 
1 1 0 0 1 
0 1 0 0 0 
0 0 0 0 0 
0 0 0 1 1 
0 0 0 0 0 
0 0 1 0 0 
0 1 1 1 0 
1 0 0 0 0 
0 0 0 0 1 
0 0 0 0 0 
1 1 0 0 0 
1 1 0 0 0 
0 0 0 0 0 
0 0 1 0 1 
1 0 1 1 0 
0 0 0 0 0 
0 0 0 0 1 
0 1 1 1 0 

JOBS [5] - [1, 4, 5, 13, 14]
TOOL SWITCHES : 8
MAKESPAN : 33

- MACHINE [1]

1 0 1 0 
1 1 0 0 
0 1 0 0 
0 0 0 0 
0 1 0 0 
1 0 0 0 
0 1 0 0 
1 0 1 0 
0 0 0 0 
1 0 1 0 
0 0 0 0 
0 0 1 1 
0 0 0 1 
0 0 1 0 
0 1 0 1 
0 0 1 1 
0 0 0 0 
0 0 0 0 
0 1 0 1 
0 1 0 0 

JOBS [4] - [12, 11, 8, 6]
TOOL SWITCHES : 5
MAKESPAN : 31

- MACHINE [2]

0 0 0 0 0 0 
0 1 1 1 1 0 
0 0 0 0 0 1 
0 0 0 0 0 0 
1 0 1 0 0 0 
0 0 0 0 1 0 
0 0 0 0 0 0 
0 1 0 0 1 1 
0 1 0 0 0 0 
0 0 1 1 0 0 
1 1 0 0 0 1 
0 0 0 0 0 0 
1 0 0 1 1 1 
1 0 1 0 1 1 
1 1 0 0 1 0 
1 0 0 1 0 0 
1 0 0 1 1 1 
0 1 1 1 0 1 
0 0 0 0 0 0 
0 0 0 0 0 0 

JOBS [6] - [3, 10, 7, 9, 0, 2]
TOOL SWITCHES : 1
MAKESPAN : 32

# -------------------------- #

--- TOTAL TOOL SWITCHES : 14
--- HIGHEST MAKESPAN : 33
--- TOTAL FLOWTIME : 238
--- RUNNING TIME : 1.8624

# -------------------------- #
RUN : 1 - instancias_txt/SSP-NPM-I/ins131_m=3_j=15_t=20_var=11.txt

- MACHINE [0]

0 1 0 1 
0 0 0 0 
0 0 0 0 
0 0 1 0 
0 1 1 0 
1 1 1 0 
1 0 0 0 
1 0 0 0 
0 0 0 1 
1 0 0 0 
1 1 1 1 
0 0 0 1 
1 0 0 0 
0 0 0 0 
0 0 0 1 
0 0 0 1 
0 0 1 0 
0 0 0 0 
0 0 0 0 
1 1 1 0 

JOBS [4] - [1, 12, 8, 14]
TOOL SWITCHES : 8
MAKESPAN : 34

- MACHINE [1]

0 0 1 1 0 
0 1 0 1 1 
1 0 0 0 0 
0 0 1 0 1 
1 1 1 0 0 
0 0 0 0 0 
0 0 0 1 1 
0 0 0 0 0 
0 0 0 0 0 
0 0 0 0 0 
0 0 0 0 0 
1 0 1 1 0 
1 1 1 1 0 
0 0 1 0 1 
1 0 0 0 1 
1 0 0 1 0 
0 0 0 0 0 
0 1 0 0 0 
1 0 1 1 0 
0 1 0 0 0 

JOBS [5] - [5, 10, 0, 6, 4]
TOOL SWITCHES : 4
MAKESPAN : 32

- MACHINE [2]

1 0 0 1 0 0 
1 0 1 0 0 0 
0 0 0 0 0 0 
0 0 0 0 0 0 
0 0 1 0 1 0 
0 0 0 0 1 0 
0 0 0 0 0 0 
0 0 0 0 1 1 
1 0 0 1 0 1 
0 1 1 1 0 0 
1 0 1 0 0 1 
0 1 0 0 0 0 
0 0 0 0 0 0 
0 1 0 1 0 0 
1 1 1 0 0 1 
0 0 1 0 0 0 
0 1 0 1 0 1 
0 0 0 0 0 0 
0 0 0 0 1 1 
1 1 0 1 1 0 

JOBS [6] - [7, 2, 11, 3, 9, 13]
TOOL SWITCHES : 2
MAKESPAN : 33

# -------------------------- #

--- TOTAL TOOL SWITCHES : 14
--- HIGHEST MAKESPAN : 34
--- TOTAL FLOWTIME : 265
--- RUNNING TIME : 2.49082

# -------------------------- #
RUN : 1 - instancias_txt/SSP-NPM-I/ins132_m=3_j=15_t=20_var=12.txt

- MACHINE [0]

0 0 0 1 1 
0 0 0 0 0 
1 1 0 0 0 
0 0 0 1 1 
0 0 0 0 0 
1 0 0 0 0 
0 1 1 0 1 
0 0 0 1 0 
0 0 0 0 0 
1 0 0 0 0 
1 1 0 0 0 
1 0 1 1 1 
0 0 0 0 0 
1 0 1 1 1 
0 1 1 0 0 
0 0 0 0 0 
0 0 1 1 0 
0 1 0 0 0 
0 0 1 0 0 
0 0 0 0 1 

JOBS [5] - [12, 8, 13, 2, 11]
TOOL SWITCHES : 8
MAKESPAN : 25

- MACHINE [1]

1 1 0 0 0 
0 1 0 1 0 
0 0 1 0 0 
1 0 0 1 1 
0 0 0 0 0 
0 0 0 0 0 
0 0 1 1 0 
1 0 1 0 1 
1 1 0 0 0 
0 0 1 1 1 
0 0 1 0 1 
0 0 0 0 0 
0 0 0 0 0 
0 1 0 1 0 
0 1 0 0 1 
1 0 1 1 0 
0 0 0 0 0 
0 0 0 0 0 
0 0 0 0 0 
0 0 1 0 1 

JOBS [5] - [0, 1, 7, 5, 10]
TOOL SWITCHES : 4
MAKESPAN : 26

- MACHINE [2]

1 0 0 1 1 
0 0 0 0 1 
0 0 0 0 0 
1 0 1 0 1 
1 1 1 1 0 
0 0 0 0 0 
0 0 0 0 0 
1 1 0 0 1 
0 1 1 1 0 
0 0 0 0 1 
0 0 1 1 0 
1 0 0 0 0 
0 1 0 0 0 
0 0 0 0 0 
0 0 0 1 1 
0 0 0 1 0 
1 0 0 0 0 
0 1 1 0 0 
0 0 0 0 0 
0 0 1 0 0 

JOBS [5] - [6, 3, 9, 14, 4]
TOOL SWITCHES : 2
MAKESPAN : 27

# -------------------------- #

--- TOTAL TOOL SWITCHES : 14
--- HIGHEST MAKESPAN : 27
--- TOTAL FLOWTIME : 225
--- RUNNING TIME : 2.09543

# -------------------------- #
RUN : 1 - instancias_txt/SSP-NPM-I/ins133_m=3_j=15_t=20_var=13.txt

- MACHINE [0]

0 0 0 0 0 
1 1 0 1 1 
1 0 0 0 0 
0 0 0 0 0 
0 0 0 0 1 
0 0 1 0 1 
0 0 0 1 0 
1 0 0 0 0 
0 0 0 1 0 
0 0 1 0 0 
0 0 0 0 0 
1 0 1 1 1 
0 0 0 0 1 
0 1 0 0 1 
0 0 0 0 0 
1 0 0 0 0 
1 1 1 0 0 
0 1 1 0 0 
0 1 0 0 0 
0 0 0 1 0 

JOBS [5] - [6, 0, 2, 4, 11]
TOOL SWITCHES : 9
MAKESPAN : 28

- MACHINE [1]

0 0 0 0 1 
0 0 0 1 0 
0 0 0 0 0 
0 1 1 1 0 
0 1 1 0 0 
0 0 0 0 0 
0 0 0 0 0 
1 0 0 1 0 
0 1 0 0 0 
0 0 0 0 0 
0 0 1 1 1 
0 1 1 1 1 
1 0 0 0 0 
1 1 0 1 0 
0 0 1 0 0 
0 0 0 0 0 
1 0 0 0 1 
0 0 0 0 1 
1 1 1 0 0 
1 1 0 0 1 

JOBS [5] - [3, 5, 10, 12, 13]
TOOL SWITCHES : 5
MAKESPAN : 29

- MACHINE [2]

0 1 0 1 0 
0 0 0 0 0 
1 0 0 0 0 
0 0 0 0 0 
0 0 1 0 0 
0 0 1 0 1 
1 1 0 0 0 
0 1 1 0 1 
0 0 0 0 0 
0 0 0 1 1 
0 0 0 0 0 
0 1 1 1 1 
0 0 0 0 0 
1 0 0 0 0 
0 0 0 1 1 
0 1 0 1 0 
0 0 0 0 0 
1 0 1 0 0 
1 0 0 0 0 
0 0 1 0 0 

JOBS [5] - [14, 1, 8, 7, 9]
TOOL SWITCHES : 1
MAKESPAN : 27

# -------------------------- #

--- TOTAL TOOL SWITCHES : 15
--- HIGHEST MAKESPAN : 29
--- TOTAL FLOWTIME : 213
--- RUNNING TIME : 1.68557

# -------------------------- #
RUN : 1 - instancias_txt/SSP-NPM-I/ins134_m=3_j=15_t=20_var=14.txt

- MACHINE [0]

0 0 0 
0 0 0 
1 0 0 
1 0 0 
0 1 1 
0 0 1 
0 0 0 
0 0 0 
1 0 0 
1 1 0 
0 1 1 
0 0 1 
0 1 1 
0 0 0 
0 0 0 
1 0 1 
0 1 0 
1 1 0 
0 0 0 
1 0 1 

JOBS [3] - [11, 13, 7]
TOOL SWITCHES : 7
MAKESPAN : 32

- MACHINE [1]

0 0 1 0 0 
0 0 0 0 0 
0 0 0 0 0 
0 0 0 1 1 
0 0 0 0 0 
1 1 0 0 0 
0 0 1 1 0 
1 0 0 1 1 
0 1 0 0 1 
1 1 0 0 0 
0 1 1 0 0 
1 1 1 1 0 
0 0 0 1 0 
0 1 1 0 1 
1 0 1 0 1 
0 0 0 0 0 
1 0 0 0 0 
1 0 0 1 0 
0 0 0 0 0 
0 0 1 1 0 

JOBS [5] - [10, 12, 0, 1, 14]
TOOL SWITCHES : 5
MAKESPAN : 33

- MACHINE [2]

1 1 1 0 0 0 0 
0 0 1 0 1 0 1 
0 0 0 0 0 0 0 
0 0 0 1 0 0 0 
0 0 1 0 0 1 1 
0 0 0 1 0 0 1 
1 0 1 0 1 0 0 
0 1 0 1 1 1 1 
1 0 0 0 0 0 1 
0 1 0 1 0 0 0 
0 0 0 0 0 0 0 
0 1 0 0 1 1 0 
0 0 0 0 1 1 0 
0 0 0 0 0 0 0 
0 0 0 1 1 0 1 
1 1 0 0 0 1 0 
0 0 0 0 0 0 0 
0 1 1 1 1 0 0 
0 0 1 0 0 0 0 
1 0 0 0 0 1 0 

JOBS [7] - [4, 6, 8, 9, 3, 2, 5]
TOOL SWITCHES : 3
MAKESPAN : 30

# -------------------------- #

--- TOTAL TOOL SWITCHES : 15
--- HIGHEST MAKESPAN : 33
--- TOTAL FLOWTIME : 244
--- RUNNING TIME : 2.22911

# -------------------------- #
RUN : 1 - instancias_txt/SSP-NPM-I/ins135_m=3_j=15_t=20_var=15.txt

- MACHINE [0]

0 0 0 0 1 
0 1 1 0 0 
0 0 0 0 0 
0 0 0 0 1 
1 0 0 0 0 
0 0 0 0 0 
1 1 1 1 1 
0 1 0 1 0 
0 0 0 0 0 
0 1 1 0 0 
1 0 0 0 0 
0 0 0 0 1 
0 0 1 0 0 
0 0 0 0 1 
0 0 0 1 0 
1 0 0 0 1 
1 0 1 1 0 
0 1 1 1 0 
0 0 0 0 0 
0 0 0 1 0 

JOBS [5] - [2, 8, 0, 7, 11]
TOOL SWITCHES : 10
MAKESPAN : 36

- MACHINE [1]

1 0 0 1 0 
0 0 0 0 1 
1 0 1 1 1 
0 0 0 0 0 
0 1 0 0 1 
1 0 1 0 0 
0 1 1 1 0 
0 0 1 0 1 
1 1 0 0 0 
0 0 1 0 0 
0 0 0 0 0 
0 0 0 0 0 
0 0 0 1 0 
0 1 0 1 1 
0 1 0 0 0 
1 0 0 1 0 
0 0 0 0 0 
0 1 0 1 1 
0 0 0 0 0 
1 0 0 0 0 

JOBS [5] - [10, 13, 4, 5, 14]
TOOL SWITCHES : 5
MAKESPAN : 36

- MACHINE [2]

1 1 0 0 0 
0 0 0 0 0 
0 1 1 0 0 
0 0 0 1 1 
0 1 0 0 1 
0 0 0 0 0 
1 1 0 0 1 
0 0 1 0 0 
1 0 0 0 0 
1 0 0 0 1 
0 0 0 1 0 
1 0 1 1 1 
0 1 0 0 0 
0 0 0 1 0 
0 0 0 0 1 
1 0 1 0 0 
0 0 0 0 0 
0 0 1 1 0 
0 0 1 1 1 
0 1 0 0 0 

JOBS [5] - [12, 9, 6, 3, 1]
TOOL SWITCHES : 4
MAKESPAN : 36

# -------------------------- #

--- TOTAL TOOL SWITCHES : 19
--- HIGHEST MAKESPAN : 36
--- TOTAL FLOWTIME : 274
--- RUNNING TIME : 1.766

# -------------------------- #
RUN : 1 - instancias_txt/SSP-NPM-I/ins136_m=3_j=15_t=20_var=16.txt

- MACHINE [0]

0 0 0 0 1 
0 0 0 0 0 
0 1 1 0 1 
1 0 1 1 0 
0 0 0 0 0 
1 1 0 0 1 
0 0 0 0 1 
1 1 1 0 0 
0 1 1 1 1 
1 1 0 0 1 
1 0 0 0 0 
1 0 0 0 0 
0 0 0 0 0 
0 0 0 0 0 
0 0 0 0 0 
0 1 0 0 0 
0 0 0 1 0 
0 0 0 1 1 
0 0 0 0 0 
0 0 1 1 0 

JOBS [5] - [1, 14, 6, 11, 4]
TOOL SWITCHES : 8
MAKESPAN : 32

- MACHINE [1]

0 0 1 0 
1 0 0 0 
0 1 0 1 
0 0 0 0 
0 0 0 0 
1 0 0 1 
0 0 0 0 
0 1 1 0 
0 0 0 0 
0 0 0 1 
0 0 1 0 
1 1 0 0 
1 0 0 0 
0 0 1 1 
1 1 0 1 
0 1 0 0 
0 0 0 0 
0 0 0 0 
0 1 0 1 
1 1 1 1 

JOBS [4] - [12, 5, 7, 13]
TOOL SWITCHES : 4
MAKESPAN : 33

- MACHINE [2]

1 0 1 0 1 0 
0 0 0 0 1 0 
0 0 0 0 0 0 
0 1 0 1 1 0 
0 1 1 0 0 1 
0 0 0 0 0 1 
1 1 1 1 0 0 
0 0 1 0 0 0 
0 0 0 0 0 0 
0 0 0 0 0 0 
1 1 0 0 1 1 
0 0 0 1 0 1 
1 1 1 1 1 0 
0 1 0 1 0 0 
0 1 0 0 0 1 
1 0 0 1 1 0 
0 0 0 0 0 1 
0 0 0 0 0 0 
0 0 0 0 0 0 
0 0 1 0 0 0 

JOBS [6] - [8, 0, 10, 9, 3, 2]
TOOL SWITCHES : 2
MAKESPAN : 32

# -------------------------- #

--- TOTAL TOOL SWITCHES : 14
--- HIGHEST MAKESPAN : 33
--- TOTAL FLOWTIME : 244
--- RUNNING TIME : 2.32409

# -------------------------- #
RUN : 1 - instancias_txt/SSP-NPM-I/ins137_m=3_j=15_t=20_var=17.txt

- MACHINE [0]

0 0 0 0 
0 0 0 0 
0 1 0 0 
0 1 1 1 
0 0 0 1 
0 1 1 0 
0 0 0 0 
1 0 0 1 
1 0 0 0 
0 0 0 1 
0 0 0 0 
1 1 1 0 
0 1 1 0 
1 0 1 0 
0 1 1 1 
0 0 0 0 
1 0 0 0 
0 0 1 1 
1 0 0 0 
0 0 0 0 

JOBS [4] - [7, 14, 0, 8]
TOOL SWITCHES : 8
MAKESPAN : 27

- MACHINE [1]

0 0 1 0 0 
0 1 1 1 1 
0 1 0 0 1 
0 0 0 1 0 
0 0 0 0 0 
0 0 0 0 0 
0 0 0 0 0 
0 1 0 0 0 
1 1 0 0 1 
1 0 1 0 0 
0 0 0 0 0 
1 0 0 0 1 
0 1 1 1 0 
0 0 0 0 0 
0 0 0 1 0 
0 0 0 1 1 
0 0 0 0 0 
0 0 1 0 0 
1 0 0 0 1 
1 1 1 0 0 

JOBS [5] - [5, 13, 10, 9, 6]
TOOL SWITCHES : 4
MAKESPAN : 26

- MACHINE [2]

1 1 0 1 1 0 
0 1 1 0 0 1 
0 0 1 1 0 1 
0 1 1 0 0 0 
0 0 0 0 1 0 
0 1 0 1 1 1 
1 1 0 0 0 0 
0 0 0 0 1 0 
0 0 0 0 0 1 
1 0 0 1 0 1 
0 0 0 0 0 0 
0 0 0 0 0 0 
1 0 0 0 0 0 
0 0 0 0 0 0 
1 0 1 1 0 0 
0 0 0 1 1 0 
0 0 0 0 0 0 
0 0 1 0 0 0 
1 0 0 1 0 0 
0 0 0 0 1 1 

JOBS [6] - [1, 11, 4, 12, 3, 2]
TOOL SWITCHES : 3
MAKESPAN : 27

# -------------------------- #

--- TOTAL TOOL SWITCHES : 15
--- HIGHEST MAKESPAN : 27
--- TOTAL FLOWTIME : 210
--- RUNNING TIME : 2.34569

# -------------------------- #
RUN : 1 - instancias_txt/SSP-NPM-I/ins138_m=3_j=15_t=20_var=18.txt

- MACHINE [0]

1 0 1 0 
0 0 0 0 
1 1 0 0 
0 0 0 0 
0 0 0 0 
1 1 1 0 
1 0 0 0 
1 1 0 0 
0 0 0 0 
0 1 0 0 
0 0 1 1 
1 1 0 0 
0 0 1 0 
0 0 1 1 
0 0 0 0 
0 1 0 1 
0 0 0 1 
0 0 0 0 
0 0 0 0 
0 0 0 1 

JOBS [4] - [11, 13, 10, 3]
TOOL SWITCHES : 6
MAKESPAN : 28

- MACHINE [1]

1 0 0 0 0 
0 1 0 0 0 
1 1 0 0 0 
0 0 0 0 0 
0 0 1 1 0 
1 1 0 1 0 
0 0 0 1 0 
0 0 0 0 1 
0 1 0 0 1 
0 0 0 1 1 
0 0 1 1 0 
0 0 1 1 1 
0 1 0 0 0 
1 1 1 0 1 
0 0 0 0 0 
1 0 1 0 0 
0 0 0 0 1 
0 0 0 0 0 
1 0 0 1 0 
0 0 1 0 1 

JOBS [5] - [9, 12, 4, 7, 8]
TOOL SWITCHES : 7
MAKESPAN : 29

- MACHINE [2]

0 0 0 1 1 0 
1 0 1 0 1 1 
0 1 1 0 0 0 
1 1 0 1 1 0 
0 0 1 1 0 1 
0 0 1 0 1 1 
1 1 0 0 0 0 
1 1 1 0 0 0 
0 1 0 0 0 0 
0 0 0 0 0 0 
1 0 0 0 0 0 
0 0 0 0 0 0 
0 0 0 1 0 1 
0 0 0 0 0 0 
1 0 0 1 0 0 
0 1 0 0 0 0 
1 0 0 0 1 0 
0 0 0 0 0 0 
0 0 0 0 0 0 
0 1 0 0 0 1 

JOBS [6] - [0, 6, 1, 5, 14, 2]
TOOL SWITCHES : 2
MAKESPAN : 27

# -------------------------- #

--- TOTAL TOOL SWITCHES : 15
--- HIGHEST MAKESPAN : 29
--- TOTAL FLOWTIME : 243
--- RUNNING TIME : 1.91341

# -------------------------- #
RUN : 1 - instancias_txt/SSP-NPM-I/ins139_m=3_j=15_t=20_var=19.txt

- MACHINE [0]

0 1 1 0 
1 0 0 0 
1 0 0 1 
1 0 0 0 
0 0 0 0 
0 0 0 0 
0 1 1 1 
1 0 1 1 
0 0 0 1 
0 1 0 0 
1 0 1 0 
0 0 0 1 
0 1 0 0 
1 0 0 0 
0 0 1 0 
0 0 0 0 
1 1 1 0 
0 0 0 0 
0 1 0 1 
0 0 0 0 

JOBS [4] - [3, 0, 1, 14]
TOOL SWITCHES : 10
MAKESPAN : 35

- MACHINE [1]

0 0 0 1 
0 1 1 0 
0 0 0 0 
0 0 1 0 
0 0 0 0 
0 0 0 0 
1 0 0 0 
0 0 0 1 
0 1 0 1 
0 1 0 0 
0 1 1 1 
0 0 0 0 
1 0 1 1 
1 0 0 0 
1 0 1 0 
1 0 0 1 
1 0 0 0 
1 1 1 0 
0 1 1 0 
0 1 0 0 

JOBS [4] - [6, 2, 7, 9]
TOOL SWITCHES : 6
MAKESPAN : 35

- MACHINE [2]

1 1 0 0 1 1 0 
0 0 0 0 0 1 0 
0 0 1 1 1 0 0 
0 0 0 0 0 1 0 
0 0 0 1 0 1 1 
0 0 0 0 0 0 0 
1 0 0 0 1 0 1 
0 1 1 0 0 0 0 
0 0 0 0 0 0 0 
1 1 0 1 1 0 0 
0 1 0 0 0 0 1 
0 0 0 0 0 1 1 
0 0 0 1 0 0 0 
1 1 1 1 1 0 0 
0 0 0 0 0 0 0 
0 1 1 0 1 0 1 
1 0 0 1 0 0 0 
0 0 0 0 0 0 1 
0 0 1 0 0 1 1 
0 1 0 0 1 0 0 

JOBS [7] - [13, 5, 4, 8, 12, 11, 10]
TOOL SWITCHES : 4
MAKESPAN : 36

# -------------------------- #

--- TOTAL TOOL SWITCHES : 20
--- HIGHEST MAKESPAN : 36
--- TOTAL FLOWTIME : 264
--- RUNNING TIME : 2.01591

# -------------------------- #
RUN : 1 - instancias_txt/SSP-NPM-I/ins140_m=3_j=15_t=20_var=20.txt

- MACHINE [0]

0 0 0 0 
0 0 0 0 
0 0 1 0 
1 1 0 0 
0 0 1 1 
0 0 0 0 
0 1 0 0 
0 0 0 0 
1 1 0 1 
0 0 0 1 
0 0 0 0 
0 0 0 0 
0 1 1 0 
0 0 0 1 
0 1 1 1 
1 1 0 1 
1 0 1 1 
1 0 0 0 
1 0 0 0 
0 0 0 0 

JOBS [4] - [9, 12, 11, 14]
TOOL SWITCHES : 6
MAKESPAN : 29

- MACHINE [1]

0 0 1 1 
0 0 0 0 
0 0 0 0 
0 0 0 0 
0 0 0 0 
1 0 0 1 
1 0 0 1 
1 0 1 0 
1 0 0 0 
1 1 0 0 
0 1 0 1 
0 1 0 0 
0 0 0 0 
0 0 0 0 
0 1 0 0 
0 0 1 0 
0 0 1 1 
0 0 0 0 
1 1 1 0 
0 0 1 0 

JOBS [4] - [6, 2, 0, 13]
TOOL SWITCHES : 3
MAKESPAN : 26

- MACHINE [2]

1 1 0 0 1 0 0 
1 0 1 1 0 1 1 
0 0 0 0 1 1 1 
0 0 0 0 1 1 0 
0 0 0 0 0 0 0 
0 0 0 0 1 0 0 
1 0 0 0 0 1 0 
0 1 0 0 1 1 1 
0 0 0 0 0 0 1 
0 0 1 1 0 0 1 
0 1 0 1 0 1 1 
0 0 0 0 0 0 0 
1 0 1 1 0 0 0 
0 1 0 0 1 0 0 
1 0 1 1 0 0 0 
0 0 0 0 0 0 0 
0 0 1 0 1 0 1 
0 0 0 0 0 0 0 
0 1 0 0 0 0 0 
0 0 1 1 0 0 0 

JOBS [7] - [1, 3, 8, 7, 10, 5, 4]
TOOL SWITCHES : 3
MAKESPAN : 29

# -------------------------- #

--- TOTAL TOOL SWITCHES : 12
--- HIGHEST MAKESPAN : 29
--- TOTAL FLOWTIME : 224
--- RUNNING TIME : 1.75903

# -------------------------- #


avg : 31.7
