RUN : 1 - instancias_txt/SSP-NPM-I/ins121_m=3_j=15_t=20_var=1.txt

- MACHINE [0]

0 1 0 0 
1 1 0 1 
1 0 0 0 
0 0 0 0 
0 0 1 0 
0 0 1 1 
0 0 0 0 
1 0 0 0 
0 0 0 0 
0 0 0 0 
0 0 0 1 
1 1 0 0 
1 0 1 1 
0 0 0 0 
1 0 1 1 
1 1 1 1 
0 1 0 0 
0 1 1 0 
0 0 1 1 
0 0 0 0 

JOBS [4] - [5, 8, 3, 4]
TOOL SWITCHES : 9
MAKESPAN : 37

- MACHINE [1]

0 0 0 1 0 
0 0 0 0 0 
0 0 0 0 0 
0 0 1 1 0 
1 0 1 1 1 
0 0 0 0 0 
1 0 1 0 0 
0 1 1 0 1 
1 0 0 0 0 
1 1 0 0 1 
0 0 0 0 1 
0 1 1 1 0 
1 1 0 0 0 
0 1 0 0 0 
0 0 1 0 1 
0 0 0 0 0 
1 0 0 1 0 
0 0 0 1 0 
0 1 0 1 1 
1 1 1 0 0 

JOBS [5] - [7, 12, 2, 14, 11]
TOOL SWITCHES : 6
MAKESPAN : 39

- MACHINE [2]

0 1 1 0 1 0 
0 0 0 0 1 1 
0 1 0 0 0 0 
0 0 0 1 0 0 
0 1 0 1 0 0 
0 1 0 1 0 0 
1 1 0 0 0 0 
0 0 0 0 0 0 
0 0 1 0 0 1 
0 0 0 0 0 0 
1 0 0 0 1 0 
0 0 0 0 0 0 
1 0 0 0 0 1 
0 1 1 0 0 1 
1 0 1 0 0 1 
0 0 0 0 0 0 
0 1 0 1 1 0 
1 0 0 1 1 0 
1 0 1 0 0 1 
0 0 0 1 1 0 

JOBS [6] - [10, 9, 13, 0, 6, 1]
TOOL SWITCHES : 3
MAKESPAN : 41

# -------------------------- #

--- TOTAL TOOL SWITCHES : 18
--- HIGHEST MAKESPAN : 41
--- TOTAL FLOWTIME : 310
--- RUNNING TIME : 0.990785

# -------------------------- #
RUN : 1 - instancias_txt/SSP-NPM-I/ins122_m=3_j=15_t=20_var=2.txt

- MACHINE [0]

0 0 0 0 
1 0 0 0 
1 1 0 0 
0 0 0 0 
0 1 1 1 
1 0 0 0 
0 0 0 0 
0 1 1 1 
1 0 0 0 
1 0 0 0 
0 0 0 0 
0 0 0 0 
0 0 1 1 
0 0 0 0 
0 0 0 0 
1 0 1 1 
0 1 0 1 
0 0 1 0 
0 0 0 1 
1 1 0 0 

JOBS [4] - [6, 3, 9, 13]
TOOL SWITCHES : 6
MAKESPAN : 27

- MACHINE [1]

0 1 0 1 0 1 
0 0 0 0 0 0 
1 1 1 0 0 1 
0 0 0 0 0 0 
0 0 1 1 1 0 
1 0 0 1 0 1 
0 0 0 0 0 0 
0 0 0 0 0 0 
1 1 1 0 0 0 
0 0 0 1 1 0 
0 0 0 1 1 0 
1 0 0 0 0 0 
0 0 0 0 0 0 
1 0 1 1 0 0 
0 0 0 0 0 0 
0 0 1 0 0 1 
1 1 1 0 1 1 
0 0 0 0 0 0 
0 0 0 0 1 1 
1 1 0 0 0 0 

JOBS [6] - [2, 12, 1, 7, 8, 14]
TOOL SWITCHES : 3
MAKESPAN : 26

- MACHINE [2]

0 1 0 1 0 
0 1 1 0 0 
0 0 0 0 1 
0 0 1 0 1 
0 0 0 0 0 
0 0 1 0 0 
1 1 0 0 1 
0 0 0 0 0 
0 0 0 0 1 
1 1 0 0 0 
0 0 0 0 0 
1 0 0 1 0 
0 0 0 0 0 
0 0 1 0 0 
1 0 0 1 1 
0 0 1 1 1 
0 0 0 0 0 
1 1 0 1 0 
0 0 0 0 0 
0 0 0 1 1 

JOBS [5] - [4, 5, 10, 11, 0]
TOOL SWITCHES : 1
MAKESPAN : 26

# -------------------------- #

--- TOTAL TOOL SWITCHES : 10
--- HIGHEST MAKESPAN : 27
--- TOTAL FLOWTIME : 198
--- RUNNING TIME : 0.845799

# -------------------------- #
RUN : 1 - instancias_txt/SSP-NPM-I/ins123_m=3_j=15_t=20_var=3.txt

- MACHINE [0]

0 0 0 0 0 
0 0 1 1 1 
0 0 0 0 1 
1 1 0 1 0 
0 0 0 0 0 
1 1 0 0 1 
1 0 0 0 0 
0 0 0 0 1 
1 1 0 0 0 
0 0 0 1 0 
1 1 1 0 0 
0 0 0 0 0 
0 0 0 0 0 
0 1 1 0 0 
0 0 0 0 0 
0 0 1 1 1 
1 0 1 1 0 
0 0 0 0 0 
1 0 0 0 0 
0 0 0 1 1 

JOBS [5] - [7, 9, 10, 5, 6]
TOOL SWITCHES : 7
MAKESPAN : 30

- MACHINE [1]

1 0 0 0 0 
0 0 0 1 0 
1 0 0 0 0 
0 0 1 1 0 
0 0 0 0 1 
0 0 1 0 1 
1 1 0 0 0 
0 1 1 1 1 
0 0 0 0 0 
1 0 0 1 0 
0 0 0 0 0 
0 1 0 0 1 
0 0 0 0 0 
1 0 0 1 0 
1 0 1 0 1 
0 0 0 1 1 
0 1 1 0 0 
0 0 1 1 0 
0 0 0 0 0 
1 1 0 0 0 

JOBS [5] - [13, 4, 14, 1, 11]
TOOL SWITCHES : 6
MAKESPAN : 30

- MACHINE [2]

0 0 0 0 0 
0 0 0 1 0 
0 0 0 0 0 
1 0 0 1 0 
0 1 1 1 0 
1 0 1 1 1 
0 0 1 0 0 
1 1 1 0 0 
0 0 0 0 0 
0 0 0 0 1 
0 1 1 0 0 
0 1 0 0 0 
0 1 0 0 1 
0 1 0 0 1 
1 0 1 0 0 
0 0 0 0 0 
1 0 0 1 0 
0 1 0 0 0 
0 0 0 0 1 
0 0 0 0 0 

JOBS [5] - [2, 0, 3, 12, 8]
TOOL SWITCHES : 2
MAKESPAN : 28

# -------------------------- #

--- TOTAL TOOL SWITCHES : 15
--- HIGHEST MAKESPAN : 30
--- TOTAL FLOWTIME : 228
--- RUNNING TIME : 0.906586

# -------------------------- #
RUN : 1 - instancias_txt/SSP-NPM-I/ins124_m=3_j=15_t=20_var=4.txt

- MACHINE [0]

0 1 0 0 
1 0 0 0 
0 0 0 0 
0 0 0 0 
0 0 0 0 
0 0 0 0 
1 1 1 0 
1 0 0 0 
0 0 1 1 
0 0 0 0 
0 1 0 1 
0 0 1 1 
0 0 0 0 
1 1 0 0 
0 0 1 1 
0 1 1 0 
1 0 0 0 
0 0 0 1 
1 0 0 0 
0 0 0 0 

JOBS [4] - [2, 0, 3, 10]
TOOL SWITCHES : 6
MAKESPAN : 28

- MACHINE [1]

1 0 0 0 1 1 
0 0 1 0 0 0 
1 1 1 0 1 1 
1 0 0 0 0 1 
0 0 0 0 0 0 
0 0 0 0 0 0 
0 0 0 0 0 1 
1 0 1 1 0 0 
0 0 1 1 0 0 
0 1 1 1 1 0 
1 1 1 0 1 0 
1 1 0 1 0 0 
0 0 0 1 1 1 
0 0 0 0 0 0 
0 0 0 0 0 0 
0 0 0 0 0 0 
0 0 0 0 1 0 
0 0 0 0 0 0 
0 0 0 1 1 0 
1 1 0 0 0 0 

JOBS [6] - [4, 5, 11, 13, 14, 9]
TOOL SWITCHES : 4
MAKESPAN : 28

- MACHINE [2]

0 0 0 1 0 
0 0 1 1 1 
1 1 0 0 0 
0 1 0 0 0 
0 0 0 0 1 
0 1 0 0 1 
0 1 1 1 0 
0 0 0 0 0 
0 1 0 1 0 
0 0 0 0 1 
0 0 0 0 0 
1 0 1 0 0 
1 0 0 0 0 
1 0 1 0 0 
1 0 0 0 1 
0 0 0 0 0 
0 1 0 0 0 
1 0 0 0 0 
0 1 1 0 0 
0 0 1 1 0 

JOBS [5] - [8, 1, 12, 7, 6]
TOOL SWITCHES : 4
MAKESPAN : 28

# -------------------------- #

--- TOTAL TOOL SWITCHES : 14
--- HIGHEST MAKESPAN : 28
--- TOTAL FLOWTIME : 215
--- RUNNING TIME : 0.920907

# -------------------------- #
RUN : 1 - instancias_txt/SSP-NPM-I/ins125_m=3_j=15_t=20_var=5.txt

- MACHINE [0]

1 0 0 0 0 
1 0 0 0 0 
0 0 0 0 0 
0 0 0 1 0 
1 1 0 0 0 
0 1 0 0 0 
0 0 1 1 1 
0 0 1 1 1 
0 0 0 0 0 
0 0 0 1 0 
0 0 0 0 1 
1 1 1 0 0 
0 0 0 1 0 
0 0 0 0 1 
0 0 0 0 0 
1 0 1 0 0 
0 0 1 0 1 
1 1 0 1 1 
0 0 0 0 0 
1 1 1 0 0 

JOBS [5] - [14, 12, 1, 11, 4]
TOOL SWITCHES : 9
MAKESPAN : 33

- MACHINE [1]

0 0 1 1 1 
0 0 1 1 0 
0 0 0 1 0 
0 1 0 0 1 
0 1 1 0 0 
1 0 0 1 0 
1 0 0 0 0 
0 0 0 0 0 
1 1 1 0 1 
1 0 1 0 1 
0 0 0 0 0 
0 0 0 0 0 
0 0 0 0 0 
1 1 0 0 0 
0 1 0 0 0 
0 0 0 1 0 
0 0 0 1 1 
0 0 1 0 0 
0 0 0 1 1 
0 1 0 0 0 

JOBS [5] - [13, 6, 3, 5, 2]
TOOL SWITCHES : 6
MAKESPAN : 34

- MACHINE [2]

0 1 0 0 1 
0 0 0 1 0 
1 0 0 0 0 
0 1 0 1 0 
0 0 0 0 0 
0 1 0 1 1 
1 0 0 1 0 
1 0 0 1 0 
1 0 0 0 1 
0 0 1 0 0 
1 0 0 0 1 
0 0 0 0 0 
0 0 1 0 1 
0 1 1 1 1 
0 0 1 0 0 
1 1 1 0 0 
1 0 0 0 0 
0 0 0 0 0 
0 0 1 0 0 
0 0 0 1 1 

JOBS [5] - [9, 10, 7, 8, 0]
TOOL SWITCHES : 4
MAKESPAN : 32

# -------------------------- #

--- TOTAL TOOL SWITCHES : 19
--- HIGHEST MAKESPAN : 34
--- TOTAL FLOWTIME : 248
--- RUNNING TIME : 0.898953

# -------------------------- #
RUN : 1 - instancias_txt/SSP-NPM-I/ins126_m=3_j=15_t=20_var=6.txt

- MACHINE [0]

1 1 1 0 
1 0 0 0 
0 0 1 0 
0 0 0 0 
0 0 0 1 
0 0 1 0 
1 1 1 0 
1 1 1 0 
0 0 1 1 
0 0 0 1 
0 1 0 0 
0 0 0 0 
0 0 1 1 
0 0 0 0 
1 0 0 0 
0 0 0 1 
0 0 0 0 
0 1 0 0 
1 0 0 0 
0 1 0 0 

JOBS [4] - [10, 1, 12, 6]
TOOL SWITCHES : 9
MAKESPAN : 30

- MACHINE [1]

0 0 1 0 1 
1 0 1 1 0 
0 0 0 0 0 
0 0 1 0 1 
0 0 0 0 0 
1 1 0 0 0 
0 0 0 0 0 
1 0 0 0 0 
0 0 0 0 0 
0 0 0 0 0 
0 1 1 1 1 
0 0 0 0 0 
0 1 1 0 1 
0 0 0 0 1 
0 1 0 1 0 
1 1 1 1 0 
0 0 0 1 0 
1 0 0 0 0 
0 1 0 1 1 
0 0 1 1 1 

JOBS [5] - [9, 0, 5, 3, 7]
TOOL SWITCHES : 4
MAKESPAN : 30

- MACHINE [2]

0 0 0 0 0 0 
0 0 0 0 0 0 
0 0 0 0 0 1 
1 0 1 0 0 0 
0 0 1 1 0 1 
0 0 0 0 0 0 
1 0 0 0 1 0 
0 1 1 1 1 0 
1 0 1 0 0 0 
0 0 1 1 1 0 
0 0 0 1 0 1 
1 1 1 0 0 1 
0 0 0 0 0 0 
0 1 0 0 1 0 
1 1 0 1 1 0 
0 0 0 0 0 0 
0 1 0 0 0 0 
0 1 0 0 0 0 
0 0 1 1 0 1 
0 0 0 0 0 0 

JOBS [6] - [14, 2, 8, 13, 11, 4]
TOOL SWITCHES : 1
MAKESPAN : 30

# -------------------------- #

--- TOTAL TOOL SWITCHES : 14
--- HIGHEST MAKESPAN : 30
--- TOTAL FLOWTIME : 213
--- RUNNING TIME : 1.1186

# -------------------------- #
RUN : 1 - instancias_txt/SSP-NPM-I/ins127_m=3_j=15_t=20_var=7.txt

- MACHINE [0]

0 0 0 0 1 
0 0 0 1 1 
0 0 1 1 0 
0 0 0 1 1 
0 0 0 1 0 
1 0 1 0 1 
1 1 1 0 0 
0 0 1 1 0 
0 0 0 0 0 
0 0 1 0 0 
1 1 0 1 1 
0 0 0 0 0 
0 1 0 0 0 
1 1 0 0 0 
0 0 0 0 0 
0 0 0 0 0 
0 0 0 0 0 
1 1 0 0 0 
0 1 1 0 0 
0 0 0 0 0 

JOBS [5] - [6, 5, 10, 2, 11]
TOOL SWITCHES : 7
MAKESPAN : 30

- MACHINE [1]

0 1 1 0 
0 1 0 0 
0 0 0 0 
0 1 1 0 
0 0 0 0 
1 0 0 1 
1 1 1 0 
0 1 1 0 
1 0 0 1 
1 0 0 0 
0 0 0 0 
0 0 0 1 
0 0 1 0 
0 0 0 0 
0 0 0 1 
0 0 0 1 
0 0 0 0 
0 0 0 0 
1 0 0 1 
0 1 0 1 

JOBS [4] - [14, 12, 1, 0]
TOOL SWITCHES : 4
MAKESPAN : 31

- MACHINE [2]

0 1 0 0 0 1 
1 0 1 0 0 1 
0 0 0 0 0 0 
0 0 0 1 0 1 
0 0 0 0 0 0 
1 0 0 0 1 0 
0 0 0 0 0 0 
0 0 0 1 1 0 
0 0 1 1 0 0 
0 0 0 0 0 0 
0 1 1 0 0 1 
1 0 0 0 1 0 
1 0 0 0 1 0 
0 1 1 0 0 0 
0 0 1 1 0 0 
0 1 1 1 0 1 
1 1 0 1 0 0 
0 0 1 0 0 0 
0 1 0 0 0 0 
0 0 0 0 1 1 

JOBS [6] - [4, 7, 8, 13, 9, 3]
TOOL SWITCHES : 3
MAKESPAN : 30

# -------------------------- #

--- TOTAL TOOL SWITCHES : 14
--- HIGHEST MAKESPAN : 31
--- TOTAL FLOWTIME : 222
--- RUNNING TIME : 0.929828

# -------------------------- #
RUN : 1 - instancias_txt/SSP-NPM-I/ins128_m=3_j=15_t=20_var=8.txt

- MACHINE [0]

1 0 0 0 
0 0 0 1 
0 0 1 0 
0 1 0 0 
0 0 0 0 
1 0 0 0 
0 0 0 1 
1 1 0 1 
0 1 1 0 
0 1 1 0 
0 0 0 0 
0 1 0 0 
0 1 0 0 
0 0 1 1 
1 0 0 0 
0 0 1 1 
0 0 0 0 
0 0 0 0 
1 0 0 1 
1 1 1 0 

JOBS [4] - [8, 4, 13, 7]
TOOL SWITCHES : 10
MAKESPAN : 33

- MACHINE [1]

0 0 0 1 1 
0 0 0 0 0 
0 0 0 1 0 
1 0 0 0 0 
0 0 0 1 1 
1 1 0 0 1 
0 0 0 0 1 
0 0 0 1 0 
0 0 0 1 0 
0 0 0 0 0 
1 1 0 0 0 
0 1 0 0 0 
0 0 1 0 1 
1 0 0 0 0 
1 1 1 0 1 
0 1 1 1 0 
0 0 0 1 0 
1 0 1 0 0 
1 1 1 0 0 
0 0 0 0 0 

JOBS [5] - [12, 14, 1, 10, 5]
TOOL SWITCHES : 7
MAKESPAN : 37

- MACHINE [2]

1 1 0 0 0 0 
1 0 0 0 1 1 
0 0 0 0 0 0 
0 0 0 0 1 1 
0 0 1 1 0 1 
0 0 0 0 0 0 
0 0 0 0 0 0 
0 0 0 0 0 0 
0 1 1 0 1 0 
1 0 1 0 1 0 
1 0 0 1 0 0 
0 0 0 0 0 0 
0 0 0 0 0 1 
1 1 0 0 1 0 
0 1 0 0 1 1 
0 0 1 0 0 0 
0 1 0 1 1 0 
0 0 1 0 0 0 
1 0 0 1 0 1 
0 1 0 1 0 0 

JOBS [6] - [0, 11, 6, 3, 9, 2]
TOOL SWITCHES : 2
MAKESPAN : 37

# -------------------------- #

--- TOTAL TOOL SWITCHES : 19
--- HIGHEST MAKESPAN : 37
--- TOTAL FLOWTIME : 246
--- RUNNING TIME : 1.11051

# -------------------------- #
RUN : 1 - instancias_txt/SSP-NPM-I/ins129_m=3_j=15_t=20_var=9.txt

- MACHINE [0]

0 1 0 0 
0 0 0 0 
0 0 0 0 
0 0 0 0 
0 0 1 0 
1 0 0 1 
0 0 0 0 
0 1 1 0 
1 0 1 1 
1 0 0 0 
0 0 0 0 
1 0 0 0 
0 0 1 1 
1 0 0 0 
0 0 1 0 
0 0 0 0 
0 1 0 1 
0 1 1 1 
1 1 0 0 
0 0 0 1 

JOBS [4] - [1, 6, 5, 0]
TOOL SWITCHES : 8
MAKESPAN : 27

- MACHINE [1]

0 1 0 0 0 
0 0 0 0 0 
1 1 0 0 0 
0 0 0 0 1 
1 0 0 0 0 
0 0 0 1 1 
0 0 0 0 0 
0 0 1 0 1 
1 0 0 0 0 
0 0 0 0 0 
0 0 0 0 0 
0 0 0 1 0 
1 1 1 0 0 
0 1 0 1 1 
0 0 0 0 0 
0 0 0 1 0 
0 0 1 0 1 
1 1 1 1 0 
1 0 1 0 1 
0 1 1 1 1 

JOBS [5] - [13, 10, 11, 12, 7]
TOOL SWITCHES : 5
MAKESPAN : 28

- MACHINE [2]

0 0 0 0 0 1 
1 1 0 1 1 0 
0 0 0 0 1 0 
0 0 0 1 0 1 
1 0 1 0 0 0 
0 0 0 0 0 0 
0 0 1 0 0 0 
0 1 0 0 0 0 
0 0 1 0 0 0 
0 0 1 0 0 0 
0 1 0 1 0 1 
0 0 0 1 1 1 
0 0 0 0 0 0 
1 0 0 0 0 0 
1 0 1 1 1 1 
0 0 0 0 1 0 
1 1 1 0 0 0 
0 0 0 0 0 0 
0 1 0 0 0 0 
0 0 0 0 0 0 

JOBS [6] - [8, 3, 2, 4, 14, 9]
TOOL SWITCHES : 3
MAKESPAN : 25

# -------------------------- #

--- TOTAL TOOL SWITCHES : 16
--- HIGHEST MAKESPAN : 28
--- TOTAL FLOWTIME : 187
--- RUNNING TIME : 0.836293

# -------------------------- #
RUN : 1 - instancias_txt/SSP-NPM-I/ins130_m=3_j=15_t=20_var=10.txt

- MACHINE [0]

1 1 1 1 1 
0 0 0 0 0 
1 1 0 0 1 
1 0 0 0 0 
0 0 0 0 0 
0 0 0 1 1 
0 0 0 0 0 
0 0 1 0 0 
1 0 1 1 0 
0 1 0 0 0 
0 0 0 0 1 
0 0 0 0 0 
1 1 0 0 0 
1 1 0 0 0 
0 0 0 0 0 
0 0 1 0 1 
0 1 1 1 0 
0 0 0 0 0 
0 0 0 0 1 
1 0 1 1 0 

JOBS [5] - [4, 1, 5, 13, 14]
TOOL SWITCHES : 8
MAKESPAN : 33

- MACHINE [1]

0 0 1 1 
1 0 1 0 
1 0 0 0 
0 0 0 0 
1 0 0 0 
0 0 1 0 
1 0 0 0 
0 0 1 1 
0 0 0 0 
0 0 1 1 
0 0 0 0 
0 1 0 1 
0 1 0 0 
0 0 0 1 
1 1 0 0 
0 1 0 1 
0 0 0 0 
0 0 0 0 
1 1 0 0 
1 0 0 0 

JOBS [4] - [11, 6, 12, 8]
TOOL SWITCHES : 5
MAKESPAN : 31

- MACHINE [2]

0 0 0 0 0 0 
1 1 1 0 1 0 
0 0 0 0 0 1 
0 0 0 0 0 0 
0 0 1 1 0 0 
0 0 0 0 1 0 
0 0 0 0 0 0 
0 1 0 0 1 1 
0 1 0 0 0 0 
1 0 1 0 0 0 
0 1 0 1 0 1 
0 0 0 0 0 0 
1 0 0 1 1 1 
0 0 1 1 1 1 
0 1 0 1 1 0 
1 0 0 1 0 0 
1 0 0 1 1 1 
1 1 1 0 0 1 
0 0 0 0 0 0 
0 0 0 0 0 0 

JOBS [6] - [9, 10, 7, 3, 0, 2]
TOOL SWITCHES : 1
MAKESPAN : 32

# -------------------------- #

--- TOTAL TOOL SWITCHES : 14
--- HIGHEST MAKESPAN : 33
--- TOTAL FLOWTIME : 245
--- RUNNING TIME : 1.02942

# -------------------------- #
RUN : 1 - instancias_txt/SSP-NPM-I/ins131_m=3_j=15_t=20_var=11.txt

- MACHINE [0]

0 1 0 0 
0 0 0 0 
0 0 0 0 
0 0 1 0 
0 0 1 0 
0 0 1 1 
0 0 0 1 
0 0 0 1 
0 1 0 0 
1 1 0 1 
0 0 1 1 
1 0 0 0 
0 0 0 1 
1 1 0 0 
1 0 0 0 
0 0 0 0 
1 1 1 0 
0 0 0 0 
0 0 0 0 
1 1 1 1 

JOBS [4] - [2, 3, 8, 1]
TOOL SWITCHES : 8
MAKESPAN : 32

- MACHINE [1]

1 0 1 0 0 
1 0 0 1 1 
0 1 0 0 0 
0 0 1 1 0 
0 1 1 0 1 
0 0 0 0 0 
1 0 0 1 0 
0 0 0 0 0 
0 0 0 0 0 
0 0 0 0 0 
0 0 0 0 0 
1 1 1 0 0 
1 1 1 0 1 
0 0 1 1 0 
0 1 0 1 0 
1 1 0 0 0 
0 0 0 0 0 
0 0 0 0 1 
1 1 1 0 0 
0 0 0 0 1 

JOBS [5] - [6, 5, 0, 4, 10]
TOOL SWITCHES : 4
MAKESPAN : 32

- MACHINE [2]

1 1 1 0 0 0 
1 0 0 0 0 1 
0 0 0 0 0 0 
0 0 0 0 0 0 
0 1 0 1 0 1 
0 1 0 1 0 0 
0 0 0 0 0 0 
0 0 0 1 1 0 
1 0 1 0 1 0 
0 0 0 0 0 1 
1 1 1 0 1 1 
0 0 1 0 0 0 
0 0 0 0 0 0 
0 0 0 0 0 0 
1 0 1 0 1 1 
0 0 1 0 0 1 
0 0 0 0 1 0 
0 0 0 0 0 0 
0 0 0 1 1 0 
1 1 0 1 0 0 

JOBS [6] - [7, 12, 14, 9, 13, 11]
TOOL SWITCHES : 1
MAKESPAN : 32

# -------------------------- #

--- TOTAL TOOL SWITCHES : 13
--- HIGHEST MAKESPAN : 32
--- TOTAL FLOWTIME : 260
--- RUNNING TIME : 0.878902

# -------------------------- #
RUN : 1 - instancias_txt/SSP-NPM-I/ins132_m=3_j=15_t=20_var=12.txt

- MACHINE [0]

1 1 0 0 0 
0 0 0 0 0 
0 0 0 1 1 
1 1 0 0 0 
0 0 0 0 0 
0 0 0 1 0 
1 0 1 0 1 
0 1 0 0 0 
0 0 0 0 0 
0 0 0 1 0 
0 0 0 1 1 
1 1 1 1 0 
0 0 0 0 0 
1 1 1 1 0 
0 0 1 0 1 
0 0 0 0 0 
0 1 1 0 0 
0 0 0 0 1 
0 0 1 0 0 
1 0 0 0 0 

JOBS [5] - [11, 2, 13, 12, 8]
TOOL SWITCHES : 9
MAKESPAN : 27

- MACHINE [1]

0 0 0 1 1 
0 0 1 1 1 
1 0 0 0 0 
0 1 1 1 0 
0 0 0 0 0 
0 0 0 0 0 
1 0 1 0 0 
1 1 0 1 0 
0 0 0 0 1 
1 1 1 1 0 
1 1 0 0 0 
0 0 0 0 0 
0 0 0 0 0 
0 0 1 0 1 
0 1 0 1 1 
1 0 1 0 0 
0 0 0 0 0 
0 0 0 0 0 
0 0 0 0 0 
1 1 0 0 0 

JOBS [5] - [7, 10, 5, 4, 1]
TOOL SWITCHES : 3
MAKESPAN : 27

- MACHINE [2]

1 1 1 0 0 
0 0 0 0 0 
0 0 0 0 0 
1 0 1 1 0 
1 1 0 1 1 
0 0 0 0 0 
0 0 0 0 0 
1 0 1 0 1 
0 1 1 1 1 
0 0 0 0 0 
0 1 0 1 0 
1 0 0 0 0 
0 0 0 0 1 
0 0 0 0 0 
0 1 0 0 0 
0 1 1 0 0 
1 0 0 0 0 
0 0 0 1 1 
0 0 0 0 0 
0 0 0 1 0 

JOBS [5] - [6, 14, 0, 9, 3]
TOOL SWITCHES : 0
MAKESPAN : 27

# -------------------------- #

--- TOTAL TOOL SWITCHES : 12
--- HIGHEST MAKESPAN : 27
--- TOTAL FLOWTIME : 223
--- RUNNING TIME : 0.764027

# -------------------------- #
RUN : 1 - instancias_txt/SSP-NPM-I/ins133_m=3_j=15_t=20_var=13.txt

- MACHINE [0]

0 0 0 0 0 
1 1 1 0 1 
0 1 0 0 0 
0 0 0 0 0 
0 0 1 0 0 
0 0 1 1 0 
1 0 0 0 0 
0 1 0 0 0 
1 0 0 0 0 
0 0 0 1 0 
0 0 0 0 0 
1 1 1 1 0 
0 0 1 0 0 
0 0 1 0 1 
0 0 0 0 0 
0 1 0 0 0 
0 1 0 1 1 
0 0 0 1 1 
0 0 0 0 1 
1 0 0 0 0 

JOBS [5] - [4, 6, 11, 2, 0]
TOOL SWITCHES : 9
MAKESPAN : 28

- MACHINE [1]

0 0 0 1 0 
0 0 1 0 0 
0 0 0 0 0 
1 1 1 0 0 
1 1 0 0 0 
0 0 0 0 0 
0 0 0 0 0 
0 0 1 0 1 
1 0 0 0 0 
0 0 0 0 0 
0 1 1 1 0 
1 1 1 1 0 
0 0 0 0 1 
1 0 1 0 1 
0 1 0 0 0 
0 0 0 0 0 
0 0 0 1 1 
0 0 0 1 0 
1 1 0 0 1 
1 0 0 1 1 

JOBS [5] - [5, 10, 12, 13, 3]
TOOL SWITCHES : 5
MAKESPAN : 29

- MACHINE [2]

0 1 0 1 0 
0 0 0 0 0 
0 0 1 0 0 
0 0 0 0 0 
1 0 0 0 0 
1 0 0 0 1 
0 0 1 1 0 
1 0 0 1 1 
0 0 0 0 0 
0 1 0 0 1 
0 0 0 0 0 
1 1 0 1 1 
0 0 0 0 0 
0 0 1 0 0 
0 1 0 0 1 
0 1 0 1 0 
0 0 0 0 0 
1 0 1 0 0 
0 0 1 0 0 
1 0 0 0 0 

JOBS [5] - [8, 7, 14, 1, 9]
TOOL SWITCHES : 1
MAKESPAN : 27

# -------------------------- #

--- TOTAL TOOL SWITCHES : 15
--- HIGHEST MAKESPAN : 29
--- TOTAL FLOWTIME : 233
--- RUNNING TIME : 0.803377

# -------------------------- #
RUN : 1 - instancias_txt/SSP-NPM-I/ins134_m=3_j=15_t=20_var=14.txt

- MACHINE [0]

0 0 0 
0 0 0 
1 0 0 
1 0 0 
0 1 1 
0 0 1 
0 0 0 
0 0 0 
1 0 0 
1 1 0 
0 1 1 
0 0 1 
0 1 1 
0 0 0 
0 0 0 
1 0 1 
0 1 0 
1 1 0 
0 0 0 
1 0 1 

JOBS [3] - [11, 13, 7]
TOOL SWITCHES : 7
MAKESPAN : 32

- MACHINE [1]

0 0 0 1 0 
0 0 0 0 0 
0 0 0 0 0 
0 1 0 0 1 
0 0 0 0 0 
1 0 1 0 0 
0 0 0 1 1 
0 1 1 0 1 
1 1 0 0 0 
1 0 1 0 0 
1 0 0 1 0 
1 0 1 1 1 
0 0 0 0 1 
1 1 0 1 0 
0 1 1 1 0 
0 0 0 0 0 
0 0 1 0 0 
0 0 1 0 1 
0 0 0 0 0 
0 0 0 1 1 

JOBS [5] - [12, 14, 10, 0, 1]
TOOL SWITCHES : 5
MAKESPAN : 33

- MACHINE [2]

1 1 0 0 0 0 1 
0 0 0 0 1 1 1 
0 0 0 0 0 0 0 
0 0 1 0 0 0 0 
0 0 0 1 1 0 1 
0 0 1 0 1 0 0 
0 1 0 0 0 1 1 
1 0 1 1 1 1 0 
0 1 0 0 1 0 0 
1 0 1 0 0 0 0 
0 0 0 0 0 0 0 
1 0 0 1 0 1 0 
0 0 0 1 0 1 0 
0 0 0 0 0 0 0 
0 0 1 0 1 1 0 
1 1 0 1 0 0 0 
0 0 0 0 0 0 0 
1 0 1 0 0 1 1 
0 0 0 0 0 0 1 
0 1 0 1 0 0 0 

JOBS [7] - [6, 4, 9, 2, 5, 3, 8]
TOOL SWITCHES : 3
MAKESPAN : 30

# -------------------------- #

--- TOTAL TOOL SWITCHES : 15
--- HIGHEST MAKESPAN : 33
--- TOTAL FLOWTIME : 253
--- RUNNING TIME : 0.994424

# -------------------------- #
RUN : 1 - instancias_txt/SSP-NPM-I/ins135_m=3_j=15_t=20_var=15.txt

- MACHINE [0]

0 0 0 1 1 
0 0 1 0 0 
0 0 0 1 0 
0 0 0 0 1 
1 0 0 0 0 
0 0 0 1 0 
1 1 1 0 1 
0 1 1 0 0 
1 0 0 1 0 
0 0 1 0 0 
0 0 0 0 0 
0 0 0 0 1 
0 0 0 0 0 
1 0 0 0 1 
1 1 0 0 0 
0 0 0 1 1 
0 1 0 0 0 
1 1 1 0 0 
0 0 0 0 0 
0 1 0 1 0 

JOBS [5] - [13, 7, 8, 10, 11]
TOOL SWITCHES : 11
MAKESPAN : 37

- MACHINE [1]

1 0 0 0 0 
0 0 0 1 1 
1 0 1 1 0 
0 0 0 0 0 
0 1 0 1 0 
0 0 1 0 0 
1 1 1 0 1 
0 0 1 1 0 
0 0 0 0 0 
0 0 1 0 1 
0 1 0 0 0 
0 0 0 0 0 
1 0 0 0 1 
1 0 0 1 0 
0 0 0 0 0 
1 1 0 0 0 
0 1 0 0 1 
1 0 0 1 1 
0 0 0 0 0 
0 0 0 0 0 

JOBS [5] - [5, 2, 4, 14, 0]
TOOL SWITCHES : 4
MAKESPAN : 37

- MACHINE [2]

1 0 1 0 0 
0 0 0 0 0 
0 1 1 0 0 
0 0 0 1 1 
0 0 1 0 1 
0 0 0 0 0 
1 0 1 0 1 
0 1 0 0 0 
1 0 0 0 0 
1 0 0 0 1 
0 0 0 1 0 
1 1 0 1 1 
0 0 1 0 0 
0 0 0 1 0 
0 0 0 0 1 
1 1 0 0 0 
0 0 0 0 0 
0 1 0 1 0 
0 1 0 1 1 
0 0 1 0 0 

JOBS [5] - [12, 6, 9, 3, 1]
TOOL SWITCHES : 4
MAKESPAN : 36

# -------------------------- #

--- TOTAL TOOL SWITCHES : 19
--- HIGHEST MAKESPAN : 37
--- TOTAL FLOWTIME : 280
--- RUNNING TIME : 0.954271

# -------------------------- #
RUN : 1 - instancias_txt/SSP-NPM-I/ins136_m=3_j=15_t=20_var=16.txt

- MACHINE [0]

1 1 1 0 1 
0 0 0 0 0 
0 0 0 1 1 
0 0 0 0 0 
0 0 1 0 0 
0 0 0 1 1 
0 1 1 0 1 
1 0 1 1 0 
0 0 0 1 1 
0 0 0 1 1 
1 1 0 0 0 
0 0 0 0 0 
0 1 1 0 0 
1 0 0 0 0 
0 0 0 0 0 
0 1 0 1 0 
0 0 0 0 0 
0 0 0 0 1 
0 0 0 0 0 
1 0 1 0 0 

JOBS [5] - [7, 8, 10, 14, 4]
TOOL SWITCHES : 8
MAKESPAN : 31

- MACHINE [1]

0 0 1 0 0 
0 0 1 0 1 
0 0 0 0 0 
1 1 1 0 0 
0 1 0 1 0 
0 0 0 1 1 
1 1 0 0 0 
0 0 0 0 0 
0 0 0 0 0 
0 0 0 0 0 
0 1 1 1 0 
1 0 0 1 1 
1 1 1 0 1 
1 1 0 0 0 
0 1 0 1 1 
1 0 1 0 0 
0 0 0 1 0 
0 0 0 0 0 
0 0 0 0 0 
0 0 0 0 1 

JOBS [5] - [9, 0, 3, 2, 12]
TOOL SWITCHES : 4
MAKESPAN : 32

- MACHINE [2]

0 0 0 0 0 
0 0 0 0 0 
0 1 1 0 1 
1 0 0 1 1 
0 0 0 0 0 
1 1 0 0 0 
0 0 0 0 0 
1 0 1 0 1 
0 0 0 1 1 
1 1 0 0 0 
1 0 0 0 0 
1 0 1 0 0 
0 0 0 0 0 
0 1 0 0 0 
0 1 1 0 0 
0 0 1 0 0 
0 0 0 1 0 
0 0 0 1 0 
0 1 1 0 0 
0 1 1 1 1 

JOBS [5] - [1, 13, 5, 11, 6]
TOOL SWITCHES : 2
MAKESPAN : 31

# -------------------------- #

--- TOTAL TOOL SWITCHES : 14
--- HIGHEST MAKESPAN : 32
--- TOTAL FLOWTIME : 239
--- RUNNING TIME : 0.926171

# -------------------------- #
RUN : 1 - instancias_txt/SSP-NPM-I/ins137_m=3_j=15_t=20_var=17.txt

- MACHINE [0]

0 0 0 0 
0 0 0 0 
0 1 0 0 
1 1 1 0 
0 0 1 0 
1 1 0 0 
0 0 0 0 
0 0 1 1 
0 0 0 1 
0 0 1 0 
0 0 0 0 
1 1 0 1 
1 1 0 0 
1 0 0 1 
1 1 1 0 
0 0 0 0 
0 0 0 1 
1 0 1 0 
0 0 0 1 
0 0 0 0 

JOBS [4] - [0, 14, 8, 7]
TOOL SWITCHES : 8
MAKESPAN : 27

- MACHINE [1]

0 0 1 0 0 
1 1 1 1 0 
1 0 0 1 0 
0 1 0 0 0 
0 0 0 0 0 
0 0 0 0 0 
0 0 0 0 0 
1 0 0 0 0 
1 0 0 1 1 
0 0 1 0 1 
0 0 0 0 0 
0 0 0 1 1 
1 1 1 0 0 
0 0 0 0 0 
0 1 0 0 0 
0 1 0 1 0 
0 0 0 0 0 
0 0 1 0 0 
0 0 0 1 1 
1 0 1 0 1 

JOBS [5] - [13, 9, 10, 6, 5]
TOOL SWITCHES : 4
MAKESPAN : 26

- MACHINE [2]

1 1 1 0 0 1 
0 1 0 1 1 0 
1 0 0 1 1 0 
0 1 0 1 0 0 
0 0 0 0 0 1 
1 1 0 0 1 1 
0 1 1 0 0 0 
0 0 0 0 0 1 
0 0 0 0 1 0 
1 0 1 0 1 0 
0 0 0 0 0 0 
0 0 0 0 0 0 
0 0 1 0 0 0 
0 0 0 0 0 0 
1 0 1 1 0 0 
1 0 0 0 0 1 
0 0 0 0 0 0 
0 0 0 1 0 0 
1 0 1 0 0 0 
0 0 0 0 1 1 

JOBS [6] - [12, 11, 1, 4, 2, 3]
TOOL SWITCHES : 3
MAKESPAN : 27

# -------------------------- #

--- TOTAL TOOL SWITCHES : 15
--- HIGHEST MAKESPAN : 27
--- TOTAL FLOWTIME : 200
--- RUNNING TIME : 1.07577

# -------------------------- #
RUN : 1 - instancias_txt/SSP-NPM-I/ins138_m=3_j=15_t=20_var=18.txt

- MACHINE [0]

0 0 1 0 
0 1 0 0 
1 1 0 0 
0 0 0 0 
0 1 0 0 
1 1 1 0 
0 0 0 0 
1 1 0 0 
0 0 0 0 
1 0 0 0 
0 0 1 1 
1 0 0 0 
0 0 1 0 
0 0 1 1 
0 0 0 0 
1 0 0 1 
0 0 0 1 
0 0 0 0 
0 0 0 0 
0 0 0 1 

JOBS [4] - [13, 1, 10, 3]
TOOL SWITCHES : 7
MAKESPAN : 26

- MACHINE [1]

0 0 0 0 1 
0 0 0 1 0 
0 0 0 1 1 
0 0 0 0 0 
1 1 0 0 0 
0 1 0 1 1 
0 1 0 0 0 
0 0 1 0 0 
0 0 1 1 0 
0 1 1 0 0 
1 1 0 0 0 
1 1 1 0 0 
0 0 0 1 0 
1 0 1 1 1 
0 0 0 0 0 
1 0 0 0 1 
0 0 1 0 0 
0 0 0 0 0 
0 1 0 0 1 
1 0 1 0 0 

JOBS [5] - [4, 7, 8, 12, 9]
TOOL SWITCHES : 7
MAKESPAN : 29

- MACHINE [2]

0 1 0 1 1 0 
1 1 1 0 0 0 
0 0 0 0 1 1 
1 1 0 1 0 1 
0 0 1 1 0 0 
0 1 1 0 1 0 
1 0 0 0 1 1 
1 0 0 0 1 1 
0 0 0 0 0 1 
0 0 0 0 0 0 
1 0 0 0 0 0 
0 0 0 0 1 0 
0 0 1 1 0 0 
0 0 0 0 0 0 
1 0 0 1 0 0 
0 0 0 0 0 1 
1 1 0 0 0 0 
0 0 0 0 0 0 
0 0 0 0 0 0 
0 0 1 0 0 1 

JOBS [6] - [0, 14, 2, 5, 11, 6]
TOOL SWITCHES : 3
MAKESPAN : 29

# -------------------------- #

--- TOTAL TOOL SWITCHES : 17
--- HIGHEST MAKESPAN : 29
--- TOTAL FLOWTIME : 201
--- RUNNING TIME : 0.832295

# -------------------------- #
RUN : 1 - instancias_txt/SSP-NPM-I/ins139_m=3_j=15_t=20_var=19.txt

- MACHINE [0]

0 1 1 0 
1 0 0 1 
1 0 0 0 
1 0 0 0 
0 0 0 0 
0 0 0 0 
0 1 1 0 
1 1 0 0 
0 0 0 1 
0 0 1 1 
1 1 0 1 
0 0 0 0 
0 0 1 0 
1 0 0 0 
0 1 0 0 
0 0 0 0 
1 1 1 0 
0 0 0 1 
0 0 1 1 
0 0 0 1 

JOBS [4] - [3, 1, 0, 2]
TOOL SWITCHES : 10
MAKESPAN : 35

- MACHINE [1]

0 0 0 1 
0 0 1 1 
0 0 0 0 
0 0 1 1 
0 1 0 1 
0 0 0 0 
1 1 0 0 
0 0 0 0 
0 0 0 0 
0 0 0 0 
0 1 1 0 
0 1 0 1 
1 0 1 0 
1 0 0 0 
1 0 1 0 
1 1 0 0 
1 0 0 0 
1 1 1 0 
0 1 1 1 
0 0 0 0 

JOBS [4] - [6, 10, 7, 11]
TOOL SWITCHES : 4
MAKESPAN : 34

- MACHINE [2]

1 0 0 1 1 0 1 
0 0 0 0 0 0 0 
0 1 1 0 1 1 0 
0 0 0 0 0 0 0 
0 0 0 0 0 1 0 
0 0 0 0 0 0 0 
1 0 1 0 1 0 0 
0 1 1 1 0 0 1 
0 0 1 0 0 0 1 
1 0 0 1 1 1 0 
0 0 0 1 0 0 1 
0 0 1 0 0 0 0 
0 0 0 0 0 1 1 
1 1 0 1 1 1 0 
0 0 0 0 0 0 0 
0 1 0 1 1 0 1 
1 0 0 0 0 1 0 
0 0 0 0 0 0 0 
0 1 1 0 0 0 0 
0 0 0 1 1 0 0 

JOBS [7] - [13, 4, 14, 5, 12, 8, 9]
TOOL SWITCHES : 2
MAKESPAN : 33

# -------------------------- #

--- TOTAL TOOL SWITCHES : 16
--- HIGHEST MAKESPAN : 35
--- TOTAL FLOWTIME : 251
--- RUNNING TIME : 0.94283

# -------------------------- #
RUN : 1 - instancias_txt/SSP-NPM-I/ins140_m=3_j=15_t=20_var=20.txt

- MACHINE [0]

0 0 0 0 
0 0 0 0 
0 0 1 0 
1 1 0 0 
0 0 1 1 
0 0 0 0 
0 1 0 0 
0 0 0 0 
1 1 0 1 
0 0 0 1 
0 0 0 0 
0 0 0 0 
0 1 1 0 
0 0 0 1 
0 1 1 1 
1 1 0 1 
1 0 1 1 
1 0 0 0 
1 0 0 0 
0 0 0 0 

JOBS [4] - [9, 12, 11, 14]
TOOL SWITCHES : 6
MAKESPAN : 29

- MACHINE [1]

1 1 0 0 
0 0 0 0 
0 0 0 0 
0 0 0 0 
0 0 0 0 
1 0 1 0 
1 0 1 0 
0 1 1 0 
0 0 1 0 
0 0 1 1 
1 0 0 1 
0 0 0 1 
0 0 0 0 
0 0 0 0 
0 0 0 1 
0 1 0 0 
1 1 0 0 
0 0 0 0 
0 1 1 1 
0 1 0 0 

JOBS [4] - [13, 0, 6, 2]
TOOL SWITCHES : 3
MAKESPAN : 26

- MACHINE [2]

0 0 1 0 0 1 1 
1 1 1 1 1 0 0 
1 0 0 0 1 0 1 
1 0 0 0 0 0 1 
0 0 0 0 0 0 0 
0 0 0 0 0 0 1 
1 0 1 0 0 0 0 
1 0 0 0 1 1 1 
0 0 0 0 1 0 0 
0 1 0 1 1 0 0 
1 0 0 1 1 1 0 
0 0 0 0 0 0 0 
0 1 1 1 0 0 0 
0 0 0 0 0 1 1 
0 1 1 1 0 0 0 
0 0 0 0 0 0 0 
0 1 0 0 1 0 1 
0 0 0 0 0 0 0 
0 0 0 0 0 1 0 
0 1 0 1 0 0 0 

JOBS [7] - [5, 8, 1, 7, 4, 3, 10]
TOOL SWITCHES : 3
MAKESPAN : 29

# -------------------------- #

--- TOTAL TOOL SWITCHES : 12
--- HIGHEST MAKESPAN : 29
--- TOTAL FLOWTIME : 225
--- RUNNING TIME : 0.913928

# -------------------------- #


avg : 31.45
