RUN : 1 - instancias_txt/SSP-NPM-I/ins121_m=3_j=15_t=20_var=1.txt

- MACHINE [0]

1 1 0 1 
0 0 0 1 
0 1 0 0 
0 0 1 0 
0 1 1 0 
0 1 1 0 
0 1 0 0 
0 0 0 0 
1 0 0 0 
0 0 0 0 
0 0 0 0 
0 0 0 1 
0 0 0 0 
1 1 0 0 
1 0 0 0 
0 0 0 1 
0 1 1 1 
0 0 1 1 
1 0 0 0 
0 0 1 0 

JOBS [4] - [13, 9, 0, 8]
TOOL SWITCHES : 9
MAKESPAN : 40

- MACHINE [1]

1 1 0 0 0 
0 1 0 0 1 
0 0 0 0 1 
1 0 0 1 0 
1 0 1 1 0 
0 0 0 0 0 
0 0 0 1 0 
0 0 1 1 1 
0 0 0 0 0 
0 0 1 0 0 
0 1 1 0 0 
1 0 0 1 1 
0 0 0 0 1 
0 0 0 0 0 
0 0 1 1 1 
0 0 0 0 1 
1 1 0 0 0 
1 1 0 0 0 
1 0 1 0 0 
0 1 0 1 0 

JOBS [5] - [14, 6, 11, 2, 5]
TOOL SWITCHES : 7
MAKESPAN : 42

- MACHINE [2]

0 0 0 0 0 0 
1 0 0 1 0 0 
0 0 0 0 0 0 
0 0 0 0 0 0 
0 0 1 0 1 0 
0 0 1 1 0 0 
0 1 0 0 1 0 
0 0 0 0 0 1 
1 0 0 0 1 0 
0 0 0 0 1 1 
0 1 0 1 0 0 
0 0 0 0 0 1 
1 1 1 1 1 1 
1 0 0 0 0 1 
1 1 1 1 0 0 
0 0 1 1 0 0 
0 0 0 0 1 0 
0 1 1 0 0 0 
1 1 1 1 0 1 
0 0 0 0 1 1 

JOBS [6] - [1, 10, 3, 4, 7, 12]
TOOL SWITCHES : 4
MAKESPAN : 41

# -------------------------- #

--- TOTAL TOOL SWITCHES : 20
--- HIGHEST MAKESPAN : 42
--- TOTAL FLOWTIME : 301
--- RUNNING TIME : 1.84971

# -------------------------- #
RUN : 1 - instancias_txt/SSP-NPM-I/ins122_m=3_j=15_t=20_var=2.txt

- MACHINE [0]

0 0 0 0 
0 0 0 0 
1 1 0 0 
1 0 0 0 
0 1 1 1 
0 0 0 0 
1 0 0 0 
0 1 1 1 
1 0 0 0 
0 0 0 0 
0 0 0 0 
0 0 0 0 
0 0 1 1 
0 0 0 0 
1 0 0 0 
1 0 1 1 
0 1 1 0 
0 0 0 1 
0 0 1 0 
1 1 0 0 

JOBS [4] - [0, 3, 13, 9]
TOOL SWITCHES : 6
MAKESPAN : 27

- MACHINE [1]

1 0 0 1 1 0 
0 0 0 0 0 0 
1 0 1 1 0 1 
0 0 0 0 0 0 
0 1 1 0 1 0 
1 0 0 0 1 1 
0 0 0 0 0 0 
0 0 0 0 0 0 
0 0 1 1 0 1 
0 1 0 0 1 0 
0 1 0 0 1 0 
0 0 0 0 0 1 
0 0 0 0 0 0 
0 0 1 0 1 1 
0 0 0 0 0 0 
1 0 1 0 0 0 
1 1 1 1 0 1 
0 0 0 0 0 0 
1 1 0 0 0 0 
0 0 0 1 0 1 

JOBS [6] - [14, 8, 1, 12, 7, 2]
TOOL SWITCHES : 3
MAKESPAN : 26

- MACHINE [2]

1 0 0 1 0 
0 0 1 1 1 
0 0 0 0 1 
0 0 1 0 0 
0 0 0 0 0 
0 0 1 0 1 
0 1 0 1 0 
0 0 0 0 0 
0 0 0 0 1 
0 1 0 1 1 
0 0 0 0 0 
1 1 0 0 0 
0 0 0 0 0 
0 0 1 0 0 
1 1 0 0 0 
1 0 1 0 1 
0 0 0 0 0 
1 1 0 1 0 
0 0 0 0 0 
1 0 0 0 1 

JOBS [5] - [11, 4, 10, 5, 6]
TOOL SWITCHES : 1
MAKESPAN : 27

# -------------------------- #

--- TOTAL TOOL SWITCHES : 10
--- HIGHEST MAKESPAN : 27
--- TOTAL FLOWTIME : 211
--- RUNNING TIME : 2.42952

# -------------------------- #
RUN : 1 - instancias_txt/SSP-NPM-I/ins123_m=3_j=15_t=20_var=3.txt

- MACHINE [0]

0 0 0 0 
0 1 1 0 
0 0 1 0 
1 1 0 0 
0 0 0 0 
1 0 1 0 
1 0 0 1 
0 0 1 1 
1 0 0 0 
0 1 0 0 
1 0 0 0 
0 0 0 1 
0 0 0 0 
0 0 0 0 
0 0 0 0 
0 1 1 0 
1 1 0 1 
0 0 0 0 
1 0 0 0 
0 1 1 1 

JOBS [4] - [7, 5, 6, 4]
TOOL SWITCHES : 8
MAKESPAN : 30

- MACHINE [1]

1 0 0 0 0 
0 0 0 0 1 
1 0 0 0 0 
0 1 0 0 1 
0 0 1 1 0 
0 1 1 1 0 
1 0 1 0 0 
0 1 1 1 1 
0 0 0 0 0 
1 0 0 0 1 
0 0 1 0 0 
0 0 0 1 0 
0 0 0 0 0 
1 0 0 0 1 
1 1 1 1 0 
0 0 0 1 1 
0 1 0 0 0 
0 1 0 0 1 
0 0 0 0 0 
1 0 0 0 0 

JOBS [5] - [13, 14, 3, 11, 1]
TOOL SWITCHES : 7
MAKESPAN : 29

- MACHINE [2]

0 0 0 0 0 0 
1 0 0 0 1 0 
0 0 0 0 0 0 
0 1 1 0 1 0 
0 0 0 0 1 1 
0 1 1 1 1 0 
0 0 0 0 0 0 
0 0 1 0 0 1 
0 1 0 0 0 0 
0 0 0 1 0 0 
1 1 0 0 0 1 
0 0 0 0 0 1 
0 0 0 1 0 1 
1 1 0 1 0 1 
0 0 1 0 0 0 
1 0 0 0 0 0 
1 0 1 0 1 0 
0 0 0 0 0 1 
0 0 0 1 0 0 
0 0 0 0 0 0 

JOBS [6] - [10, 9, 2, 8, 12, 0]
TOOL SWITCHES : 3
MAKESPAN : 29

# -------------------------- #

--- TOTAL TOOL SWITCHES : 18
--- HIGHEST MAKESPAN : 30
--- TOTAL FLOWTIME : 216
--- RUNNING TIME : 2.39667

# -------------------------- #
RUN : 1 - instancias_txt/SSP-NPM-I/ins124_m=3_j=15_t=20_var=4.txt

- MACHINE [0]

0 0 1 0 
0 0 0 1 
0 0 0 0 
0 0 0 0 
0 0 0 0 
0 0 0 0 
0 1 1 1 
0 0 0 1 
1 1 0 0 
0 0 0 0 
1 0 1 0 
1 1 0 0 
0 0 0 0 
0 0 1 1 
1 1 0 0 
0 1 1 0 
0 0 0 1 
1 0 0 0 
0 0 0 1 
0 0 0 0 

JOBS [4] - [10, 3, 0, 2]
TOOL SWITCHES : 6
MAKESPAN : 28

- MACHINE [1]

1 1 0 0 1 0 
0 0 1 0 0 0 
1 1 1 1 1 0 
1 1 0 0 0 0 
0 0 0 0 0 0 
0 0 0 0 0 0 
1 0 0 0 0 0 
0 1 1 0 0 1 
0 0 1 0 0 1 
0 0 1 1 1 1 
0 1 1 1 1 0 
0 1 0 1 0 1 
1 0 0 0 1 1 
0 0 0 0 0 0 
0 0 0 0 0 0 
0 0 0 0 0 0 
0 0 0 0 1 0 
0 0 0 0 0 0 
0 0 0 0 1 1 
0 1 0 1 0 0 

JOBS [6] - [9, 4, 11, 5, 14, 13]
TOOL SWITCHES : 4
MAKESPAN : 28

- MACHINE [2]

0 0 0 1 0 
1 1 0 1 0 
0 0 1 0 1 
0 0 1 0 0 
1 0 0 0 0 
1 0 1 0 0 
0 1 1 1 0 
0 0 0 0 0 
0 0 1 1 0 
1 0 0 0 0 
0 0 0 0 0 
0 1 0 0 1 
0 0 0 0 1 
0 1 0 0 1 
1 0 0 0 1 
0 0 0 0 0 
0 0 1 0 0 
0 0 0 0 1 
0 1 1 0 0 
0 1 0 1 0 

JOBS [5] - [6, 12, 1, 7, 8]
TOOL SWITCHES : 4
MAKESPAN : 28

# -------------------------- #

--- TOTAL TOOL SWITCHES : 14
--- HIGHEST MAKESPAN : 28
--- TOTAL FLOWTIME : 189
--- RUNNING TIME : 2.20068

# -------------------------- #
RUN : 1 - instancias_txt/SSP-NPM-I/ins125_m=3_j=15_t=20_var=5.txt

- MACHINE [0]

0 0 0 1 0 
0 0 0 1 0 
0 0 0 0 0 
0 0 0 0 0 
0 0 0 1 1 
0 0 0 0 1 
0 1 1 0 0 
0 1 1 0 0 
0 0 0 0 0 
1 0 0 0 0 
0 1 0 0 0 
0 0 1 1 1 
1 0 0 0 0 
1 1 0 0 0 
1 0 0 0 0 
1 0 1 1 0 
0 1 1 0 0 
0 1 0 1 1 
1 0 0 0 0 
0 0 1 1 1 

JOBS [5] - [7, 4, 1, 14, 12]
TOOL SWITCHES : 10
MAKESPAN : 34

- MACHINE [1]

0 1 1 1 
0 1 1 0 
0 0 1 0 
1 0 0 1 
1 1 0 0 
0 0 1 0 
0 0 0 0 
0 0 0 0 
1 1 0 1 
0 1 0 1 
0 0 0 0 
0 0 0 0 
0 0 0 0 
1 0 0 0 
1 0 0 0 
0 0 1 0 
0 0 1 1 
0 1 0 0 
0 0 1 1 
1 0 0 0 

JOBS [4] - [6, 3, 5, 2]
TOOL SWITCHES : 5
MAKESPAN : 30

- MACHINE [2]

1 1 0 0 0 0 
0 0 1 0 0 0 
0 0 0 0 1 0 
0 1 1 1 0 0 
0 0 0 0 0 0 
1 1 1 0 0 1 
0 0 1 1 1 1 
0 0 1 1 1 0 
1 0 0 0 1 1 
0 0 0 1 0 1 
1 0 0 0 1 0 
0 0 0 0 0 0 
1 0 0 1 0 0 
1 1 1 0 0 1 
0 0 0 0 0 0 
0 1 0 0 1 0 
0 0 0 0 1 0 
0 0 0 1 0 0 
0 0 0 0 0 0 
1 0 1 0 0 0 

JOBS [6] - [0, 10, 8, 11, 9, 13]
TOOL SWITCHES : 3
MAKESPAN : 34

# -------------------------- #

--- TOTAL TOOL SWITCHES : 18
--- HIGHEST MAKESPAN : 34
--- TOTAL FLOWTIME : 273
--- RUNNING TIME : 1.92946

# -------------------------- #
RUN : 1 - instancias_txt/SSP-NPM-I/ins126_m=3_j=15_t=20_var=6.txt

- MACHINE [0]

1 1 1 0 
1 0 0 0 
0 0 1 0 
0 0 0 0 
0 0 0 1 
0 0 1 0 
1 1 1 0 
1 1 1 0 
0 0 1 1 
0 0 0 1 
0 1 0 0 
0 0 0 0 
0 0 1 1 
0 0 0 0 
1 0 0 0 
0 0 0 1 
0 0 0 0 
0 1 0 0 
1 0 0 0 
0 1 0 0 

JOBS [4] - [10, 1, 12, 6]
TOOL SWITCHES : 9
MAKESPAN : 30

- MACHINE [1]

1 0 1 0 0 
1 1 0 0 1 
0 0 0 0 0 
1 0 1 0 0 
0 0 0 0 0 
0 0 0 1 1 
0 0 0 0 0 
0 0 0 0 1 
0 0 0 0 0 
0 0 0 0 0 
1 1 1 1 0 
0 0 0 0 0 
1 0 1 1 0 
0 0 1 0 0 
0 1 0 1 0 
1 1 0 1 1 
0 1 0 0 0 
0 0 0 0 1 
0 1 1 1 0 
1 1 1 0 0 

JOBS [5] - [5, 3, 7, 0, 9]
TOOL SWITCHES : 4
MAKESPAN : 30

- MACHINE [2]

0 0 0 0 0 0 
0 0 0 0 0 0 
0 0 0 0 1 0 
0 1 0 0 0 1 
1 1 0 0 1 0 
0 0 0 0 0 0 
0 0 0 1 0 1 
1 1 1 1 0 0 
0 1 0 0 0 1 
1 1 0 1 0 0 
1 0 0 0 1 0 
0 1 1 0 1 1 
0 0 0 0 0 0 
0 0 1 1 0 0 
1 0 1 1 0 1 
0 0 0 0 0 0 
0 0 1 0 0 0 
0 0 1 0 0 0 
1 1 0 0 1 0 
0 0 0 0 0 0 

JOBS [6] - [13, 8, 2, 11, 4, 14]
TOOL SWITCHES : 1
MAKESPAN : 30

# -------------------------- #

--- TOTAL TOOL SWITCHES : 14
--- HIGHEST MAKESPAN : 30
--- TOTAL FLOWTIME : 225
--- RUNNING TIME : 2.11766

# -------------------------- #
RUN : 1 - instancias_txt/SSP-NPM-I/ins127_m=3_j=15_t=20_var=7.txt

- MACHINE [0]

0 1 1 0 0 
1 1 0 0 0 
1 0 0 0 0 
1 1 1 0 0 
1 0 0 0 0 
0 1 0 0 1 
0 0 1 1 1 
1 0 1 0 0 
0 0 0 0 0 
0 0 0 0 0 
1 1 0 1 1 
0 0 0 0 0 
0 0 1 1 0 
0 0 0 1 1 
0 0 0 0 0 
0 0 0 0 0 
0 0 0 0 0 
0 0 0 1 1 
0 0 0 1 0 
0 0 0 0 0 

JOBS [5] - [2, 11, 1, 5, 6]
TOOL SWITCHES : 6
MAKESPAN : 30

- MACHINE [1]

0 1 0 0 
0 1 0 0 
0 0 0 1 
0 1 0 0 
0 0 0 0 
1 0 1 1 
0 1 1 1 
0 1 0 1 
1 0 1 0 
0 0 1 1 
0 0 0 0 
1 0 0 0 
0 0 0 0 
0 0 0 0 
1 0 0 0 
1 0 0 0 
0 0 0 0 
0 0 0 0 
1 0 1 1 
1 1 0 0 

JOBS [4] - [0, 12, 14, 10]
TOOL SWITCHES : 4
MAKESPAN : 30

- MACHINE [2]

1 0 0 0 0 1 
1 0 1 1 0 0 
0 0 0 0 0 0 
1 1 0 0 0 0 
0 0 0 0 0 0 
0 0 0 1 1 0 
0 0 0 0 0 0 
0 1 0 0 1 0 
0 1 1 0 0 0 
0 0 0 0 0 0 
1 0 1 0 0 1 
0 0 0 1 1 0 
0 0 0 1 1 0 
0 0 1 0 0 1 
0 1 1 0 0 0 
1 1 1 0 0 1 
0 1 0 1 0 1 
0 0 1 0 0 0 
0 0 0 0 0 1 
1 0 0 0 1 0 

JOBS [6] - [3, 13, 8, 4, 9, 7]
TOOL SWITCHES : 3
MAKESPAN : 30

# -------------------------- #

--- TOTAL TOOL SWITCHES : 13
--- HIGHEST MAKESPAN : 30
--- TOTAL FLOWTIME : 254
--- RUNNING TIME : 1.74031

# -------------------------- #
RUN : 1 - instancias_txt/SSP-NPM-I/ins128_m=3_j=15_t=20_var=8.txt

- MACHINE [0]

0 0 0 1 
0 1 1 0 
0 0 0 0 
1 1 0 0 
0 0 0 0 
0 0 0 1 
0 0 1 0 
1 0 1 1 
1 1 0 0 
1 1 0 0 
0 0 0 0 
1 0 0 0 
1 0 0 0 
0 1 1 0 
0 1 0 1 
0 0 1 0 
0 1 0 0 
0 0 0 0 
0 0 1 1 
1 0 0 1 

JOBS [4] - [4, 9, 7, 8]
TOOL SWITCHES : 11
MAKESPAN : 38

- MACHINE [1]

0 1 0 0 0 1 
1 0 0 0 0 1 
0 0 0 0 0 0 
1 0 1 0 0 0 
1 1 0 0 0 0 
0 1 1 0 1 0 
0 1 0 0 0 0 
0 0 0 0 0 0 
0 0 0 0 0 0 
0 0 0 0 0 1 
0 0 1 0 1 1 
0 0 0 0 1 0 
1 1 0 1 0 0 
0 0 1 0 0 1 
1 1 1 1 1 0 
0 0 0 1 1 0 
0 0 0 0 0 0 
0 0 1 1 0 0 
1 0 1 1 1 1 
0 0 0 0 0 0 

JOBS [6] - [2, 5, 12, 1, 14, 0]
TOOL SWITCHES : 5
MAKESPAN : 38

- MACHINE [2]

1 0 0 1 0 
0 0 0 0 0 
0 0 0 1 1 
0 0 0 0 0 
0 1 1 1 0 
0 0 0 0 0 
0 0 0 0 0 
0 0 0 1 0 
1 0 1 1 1 
0 0 1 0 1 
0 1 0 0 0 
0 0 0 0 0 
0 0 0 0 0 
1 0 0 0 1 
1 0 0 0 0 
0 0 1 1 1 
1 1 0 1 0 
0 0 1 0 0 
0 1 0 0 0 
1 1 0 0 1 

JOBS [5] - [11, 3, 6, 10, 13]
TOOL SWITCHES : 1
MAKESPAN : 33

# -------------------------- #

--- TOTAL TOOL SWITCHES : 17
--- HIGHEST MAKESPAN : 38
--- TOTAL FLOWTIME : 296
--- RUNNING TIME : 2.09843

# -------------------------- #
RUN : 1 - instancias_txt/SSP-NPM-I/ins129_m=3_j=15_t=20_var=9.txt

- MACHINE [0]

0 1 0 0 
0 0 0 0 
0 0 0 0 
0 0 0 0 
0 0 0 1 
1 0 1 0 
0 0 0 0 
0 1 0 1 
1 0 1 1 
1 0 0 0 
0 0 0 0 
1 0 0 0 
0 0 1 1 
1 0 0 0 
0 0 0 1 
0 0 0 0 
0 1 1 0 
0 1 1 1 
1 1 0 0 
0 0 1 0 

JOBS [4] - [1, 6, 0, 5]
TOOL SWITCHES : 7
MAKESPAN : 25

- MACHINE [1]

0 1 0 0 0 
0 0 0 0 0 
0 1 0 1 0 
1 0 0 0 0 
0 0 0 1 0 
1 0 0 0 1 
0 0 0 0 0 
1 0 1 0 0 
0 0 0 1 0 
0 0 0 0 0 
0 0 0 0 0 
0 0 0 0 1 
0 1 1 1 0 
1 1 0 0 1 
0 0 0 0 0 
0 0 0 0 1 
1 0 1 0 0 
0 1 1 1 1 
1 0 1 1 0 
1 1 1 0 1 

JOBS [5] - [7, 10, 11, 13, 12]
TOOL SWITCHES : 5
MAKESPAN : 28

- MACHINE [2]

1 0 0 0 0 0 
0 1 1 1 0 1 
0 0 0 0 0 1 
1 0 0 1 0 0 
0 1 0 0 1 0 
0 0 0 0 0 0 
0 0 0 0 1 0 
0 0 1 0 0 0 
0 0 0 0 1 0 
0 0 0 0 1 0 
1 0 1 1 0 0 
1 0 0 1 0 1 
0 0 0 0 0 0 
0 1 0 0 0 0 
1 1 0 1 1 1 
0 0 0 0 0 1 
0 1 1 0 1 0 
0 0 0 0 0 0 
0 0 1 0 0 0 
0 0 0 0 0 0 

JOBS [6] - [9, 8, 3, 4, 2, 14]
TOOL SWITCHES : 3
MAKESPAN : 25

# -------------------------- #

--- TOTAL TOOL SWITCHES : 15
--- HIGHEST MAKESPAN : 28
--- TOTAL FLOWTIME : 180
--- RUNNING TIME : 1.95964

# -------------------------- #
RUN : 1 - instancias_txt/SSP-NPM-I/ins130_m=3_j=15_t=20_var=10.txt

- MACHINE [0]

1 1 1 0 
0 0 0 0 
1 1 1 1 
0 1 0 0 
0 0 0 0 
0 0 1 0 
0 0 0 0 
0 0 0 1 
0 1 0 0 
1 0 0 0 
0 0 1 1 
0 0 0 0 
1 1 0 1 
1 1 0 1 
0 0 0 0 
0 0 1 0 
1 0 0 1 
0 0 0 1 
0 0 1 0 
0 1 0 0 

JOBS [4] - [1, 4, 14, 2]
TOOL SWITCHES : 10
MAKESPAN : 33

- MACHINE [1]

1 0 1 0 
1 1 0 0 
0 1 0 0 
0 0 0 0 
0 1 0 0 
1 0 0 0 
0 1 0 0 
1 0 1 0 
0 0 0 0 
1 0 1 0 
0 0 0 0 
0 0 1 1 
0 0 0 1 
0 0 1 0 
0 1 0 1 
0 0 1 1 
0 0 0 0 
0 0 0 0 
0 1 0 1 
0 1 0 0 

JOBS [4] - [12, 11, 8, 6]
TOOL SWITCHES : 5
MAKESPAN : 31

- MACHINE [2]

1 0 1 0 0 0 0 
0 1 0 1 1 0 1 
0 0 0 0 0 0 0 
0 0 0 0 0 0 0 
0 1 0 0 0 1 0 
0 0 1 0 0 0 1 
0 0 0 0 0 0 0 
1 0 0 1 0 0 1 
1 0 1 1 0 0 0 
0 1 0 0 1 0 0 
0 0 0 1 0 1 0 
0 0 0 0 0 0 0 
0 0 0 0 1 1 1 
0 1 0 0 0 1 1 
0 0 0 1 0 1 1 
1 0 0 0 1 1 0 
1 0 1 0 1 1 1 
0 1 0 1 1 0 0 
0 0 0 0 0 0 0 
1 0 1 0 0 0 0 

JOBS [7] - [5, 7, 13, 10, 9, 3, 0]
TOOL SWITCHES : 2
MAKESPAN : 33

# -------------------------- #

--- TOTAL TOOL SWITCHES : 17
--- HIGHEST MAKESPAN : 33
--- TOTAL FLOWTIME : 248
--- RUNNING TIME : 2.37182

# -------------------------- #
RUN : 1 - instancias_txt/SSP-NPM-I/ins131_m=3_j=15_t=20_var=11.txt

- MACHINE [0]

0 0 1 0 0 
0 0 0 0 0 
0 0 0 0 0 
0 1 0 0 0 
0 1 1 1 0 
0 1 1 1 1 
0 0 0 0 1 
0 0 0 1 1 
0 0 0 0 0 
1 0 0 0 1 
0 1 1 0 1 
1 0 0 0 0 
0 0 0 0 1 
1 0 0 0 0 
1 0 0 0 0 
0 0 0 0 0 
1 1 0 0 0 
0 0 0 0 0 
0 0 0 1 0 
1 1 1 1 1 

JOBS [5] - [2, 8, 12, 9, 1]
TOOL SWITCHES : 8
MAKESPAN : 35

- MACHINE [1]

0 0 0 0 1 
1 1 1 0 0 
0 0 0 0 0 
0 0 1 0 0 
1 1 0 0 0 
0 0 0 0 0 
0 0 1 0 0 
0 0 0 1 0 
0 0 0 1 1 
0 1 0 0 1 
0 1 0 1 0 
0 0 0 0 0 
1 0 0 0 0 
0 0 1 0 1 
0 1 1 1 0 
0 1 0 0 0 
0 0 0 1 1 
1 0 0 0 0 
0 0 0 1 0 
1 0 0 0 1 

JOBS [5] - [10, 11, 4, 13, 3]
TOOL SWITCHES : 7
MAKESPAN : 35

- MACHINE [2]

1 1 0 1 1 
1 0 0 1 0 
0 0 1 0 0 
0 0 0 0 1 
0 0 1 0 1 
0 0 0 0 0 
0 0 0 1 0 
0 0 0 0 0 
1 1 0 0 0 
0 0 0 0 0 
1 1 0 0 0 
0 1 1 1 1 
0 0 1 1 1 
0 0 0 0 1 
1 1 1 0 0 
0 1 1 1 0 
0 0 0 0 0 
0 0 0 0 0 
0 0 1 1 1 
1 0 0 0 0 

JOBS [5] - [7, 14, 5, 6, 0]
TOOL SWITCHES : 2
MAKESPAN : 34

# -------------------------- #

--- TOTAL TOOL SWITCHES : 17
--- HIGHEST MAKESPAN : 35
--- TOTAL FLOWTIME : 268
--- RUNNING TIME : 1.66808

# -------------------------- #
RUN : 1 - instancias_txt/SSP-NPM-I/ins132_m=3_j=15_t=20_var=12.txt

- MACHINE [0]

0 0 1 1 0 
0 0 0 0 0 
1 1 0 0 0 
0 0 1 1 0 
0 0 0 0 0 
1 0 0 0 0 
0 1 0 1 1 
0 0 1 0 0 
0 0 0 0 0 
1 0 0 0 0 
1 1 0 0 0 
1 0 1 1 1 
0 0 0 0 0 
1 0 1 1 1 
0 1 0 0 1 
0 0 0 0 0 
0 0 1 0 1 
0 1 0 0 0 
0 0 0 0 1 
0 0 0 1 0 

JOBS [5] - [12, 8, 2, 11, 13]
TOOL SWITCHES : 9
MAKESPAN : 27

- MACHINE [1]

0 1 1 0 0 
1 0 1 0 0 
0 0 0 0 1 
1 1 0 1 0 
0 0 0 0 0 
0 0 0 0 0 
1 0 0 0 1 
0 1 0 1 1 
0 1 1 0 0 
1 0 0 1 1 
0 0 0 1 1 
0 0 0 0 0 
0 0 0 0 0 
1 0 1 0 0 
0 0 1 1 0 
1 1 0 0 1 
0 0 0 0 0 
0 0 0 0 0 
0 0 0 0 0 
0 0 0 1 1 

JOBS [5] - [5, 0, 1, 10, 7]
TOOL SWITCHES : 3
MAKESPAN : 23

- MACHINE [2]

1 0 1 1 0 
0 0 1 0 0 
0 0 0 0 0 
0 0 1 1 1 
1 1 0 1 1 
0 0 0 0 0 
0 0 0 0 0 
0 1 1 1 0 
1 1 0 0 1 
0 0 1 0 0 
1 0 0 0 1 
0 0 0 1 0 
0 1 0 0 0 
0 0 0 0 0 
1 0 1 0 0 
1 0 0 0 0 
0 0 0 1 0 
0 1 0 0 1 
0 0 0 0 0 
0 0 0 0 1 

JOBS [5] - [14, 3, 4, 6, 9]
TOOL SWITCHES : 2
MAKESPAN : 27

# -------------------------- #

--- TOTAL TOOL SWITCHES : 14
--- HIGHEST MAKESPAN : 27
--- TOTAL FLOWTIME : 196
--- RUNNING TIME : 1.98204

# -------------------------- #
RUN : 1 - instancias_txt/SSP-NPM-I/ins133_m=3_j=15_t=20_var=13.txt

- MACHINE [0]

0 0 0 0 0 
1 1 0 1 1 
0 1 0 0 0 
0 0 0 0 0 
0 0 0 0 1 
0 0 1 0 1 
1 0 0 0 0 
0 1 0 0 0 
1 0 0 0 0 
0 0 1 0 0 
0 0 0 0 0 
1 1 1 0 1 
0 0 0 0 1 
0 0 0 1 1 
0 0 0 0 0 
0 1 0 0 0 
0 1 1 1 0 
0 0 1 1 0 
0 0 0 1 0 
1 0 0 0 0 

JOBS [5] - [4, 6, 2, 0, 11]
TOOL SWITCHES : 9
MAKESPAN : 28

- MACHINE [1]

0 0 0 1 0 
1 0 0 0 0 
0 0 0 0 0 
1 0 1 0 1 
0 0 1 0 1 
0 0 0 0 0 
0 0 0 0 0 
1 1 0 0 0 
0 0 1 0 0 
0 0 0 0 0 
1 0 0 1 1 
1 0 1 1 1 
0 1 0 0 0 
1 1 1 0 0 
0 0 0 0 1 
0 0 0 0 0 
0 1 0 1 0 
0 0 0 1 0 
0 1 1 0 1 
0 1 1 1 0 

JOBS [5] - [12, 3, 5, 13, 10]
TOOL SWITCHES : 5
MAKESPAN : 29

- MACHINE [2]

1 0 0 0 1 
0 0 0 0 0 
0 0 1 0 0 
0 0 0 0 0 
0 1 0 0 0 
0 1 0 1 0 
1 0 1 0 0 
1 1 0 1 0 
0 0 0 0 0 
0 0 0 1 1 
0 0 0 0 0 
1 1 0 1 1 
0 0 0 0 0 
0 0 1 0 0 
0 0 0 1 1 
1 0 0 0 1 
0 0 0 0 0 
0 1 1 0 0 
0 0 1 0 0 
0 1 0 0 0 

JOBS [5] - [1, 8, 14, 9, 7]
TOOL SWITCHES : 1
MAKESPAN : 27

# -------------------------- #

--- TOTAL TOOL SWITCHES : 15
--- HIGHEST MAKESPAN : 29
--- TOTAL FLOWTIME : 227
--- RUNNING TIME : 1.56454

# -------------------------- #
RUN : 1 - instancias_txt/SSP-NPM-I/ins134_m=3_j=15_t=20_var=14.txt

- MACHINE [0]

0 0 0 
0 0 0 
0 0 1 
0 0 1 
1 1 0 
1 0 0 
0 0 0 
0 0 0 
0 0 1 
0 1 1 
1 1 0 
1 0 0 
1 1 0 
0 0 0 
0 0 0 
1 0 1 
0 1 0 
0 1 1 
0 0 0 
1 0 1 

JOBS [3] - [7, 13, 11]
TOOL SWITCHES : 7
MAKESPAN : 32

- MACHINE [1]

0 0 1 0 0 
0 0 0 0 0 
0 0 0 0 0 
0 0 0 1 1 
0 0 0 0 0 
1 1 0 0 0 
0 0 1 0 1 
1 0 0 1 1 
0 1 0 1 0 
1 1 0 0 0 
0 1 1 0 0 
1 1 1 0 1 
0 0 0 0 1 
0 1 1 1 0 
1 0 1 1 0 
0 0 0 0 0 
1 0 0 0 0 
1 0 0 0 1 
0 0 0 0 0 
0 0 1 0 1 

JOBS [5] - [10, 12, 0, 14, 1]
TOOL SWITCHES : 5
MAKESPAN : 33

- MACHINE [2]

1 0 1 0 0 0 1 
0 0 0 1 1 0 1 
0 0 0 0 0 0 0 
0 1 0 0 0 0 0 
0 0 0 0 1 1 1 
0 1 0 0 1 0 0 
0 0 1 1 0 0 1 
1 1 0 1 1 1 0 
0 0 1 0 1 0 0 
1 1 0 0 0 0 0 
0 0 0 0 0 0 0 
1 0 0 1 0 1 0 
0 0 0 1 0 1 0 
0 0 0 0 0 0 0 
0 1 0 1 1 0 0 
1 0 1 0 0 1 0 
0 0 0 0 0 0 0 
1 1 0 1 0 0 1 
0 0 0 0 0 0 1 
0 0 1 0 0 1 0 

JOBS [7] - [6, 9, 4, 3, 5, 2, 8]
TOOL SWITCHES : 3
MAKESPAN : 30

# -------------------------- #

--- TOTAL TOOL SWITCHES : 15
--- HIGHEST MAKESPAN : 33
--- TOTAL FLOWTIME : 240
--- RUNNING TIME : 2.35849

# -------------------------- #
RUN : 1 - instancias_txt/SSP-NPM-I/ins135_m=3_j=15_t=20_var=15.txt

- MACHINE [0]

0 0 0 1 1 
1 0 0 0 0 
0 0 0 0 1 
0 0 0 1 0 
0 0 1 0 0 
0 0 0 0 1 
1 1 1 1 0 
1 1 0 0 0 
0 0 1 0 1 
1 0 0 0 0 
0 0 0 0 0 
0 0 0 1 0 
0 0 0 0 0 
0 0 1 1 0 
0 1 1 0 0 
0 0 0 1 1 
0 1 0 0 0 
1 1 1 0 0 
0 0 0 0 0 
0 1 0 0 1 

JOBS [5] - [8, 7, 13, 11, 10]
TOOL SWITCHES : 11
MAKESPAN : 37

- MACHINE [1]

0 0 0 1 0 
0 0 1 0 1 
0 1 1 1 0 
0 0 0 0 0 
1 0 1 0 0 
0 1 0 0 0 
1 1 0 1 1 
0 1 1 0 0 
0 0 0 0 0 
0 1 0 0 1 
1 0 0 0 0 
0 0 0 0 0 
0 0 0 1 1 
0 0 1 1 0 
0 0 0 0 0 
1 0 0 1 0 
1 0 0 0 1 
0 0 1 1 1 
0 0 0 0 0 
0 0 0 0 0 

JOBS [5] - [2, 4, 14, 5, 0]
TOOL SWITCHES : 4
MAKESPAN : 37

- MACHINE [2]

0 1 1 0 0 
0 0 0 0 0 
1 1 0 0 0 
0 0 0 1 1 
0 1 0 0 1 
0 0 0 0 0 
0 1 1 0 1 
1 0 0 0 0 
0 0 1 0 0 
0 0 1 0 1 
0 0 0 1 0 
1 0 1 1 1 
0 1 0 0 0 
0 0 0 1 0 
0 0 0 0 1 
1 0 1 0 0 
0 0 0 0 0 
1 0 0 1 0 
1 0 0 1 1 
0 1 0 0 0 

JOBS [5] - [6, 9, 12, 3, 1]
TOOL SWITCHES : 4
MAKESPAN : 36

# -------------------------- #

--- TOTAL TOOL SWITCHES : 19
--- HIGHEST MAKESPAN : 37
--- TOTAL FLOWTIME : 290
--- RUNNING TIME : 1.84796

# -------------------------- #
RUN : 1 - instancias_txt/SSP-NPM-I/ins136_m=3_j=15_t=20_var=16.txt

- MACHINE [0]

1 1 1 0 1 
0 0 0 0 0 
0 0 0 1 1 
0 0 0 0 0 
0 0 1 0 0 
0 0 0 1 1 
0 1 1 0 1 
1 0 1 1 0 
0 0 0 1 1 
0 0 0 1 1 
1 1 0 0 0 
0 0 0 0 0 
0 1 1 0 0 
1 0 0 0 0 
0 0 0 0 0 
0 1 0 1 0 
0 0 0 0 0 
0 0 0 0 1 
0 0 0 0 0 
1 0 1 0 0 

JOBS [5] - [7, 8, 10, 14, 4]
TOOL SWITCHES : 8
MAKESPAN : 31

- MACHINE [1]

0 1 0 0 0 
0 1 1 0 0 
0 0 0 0 0 
1 1 0 1 0 
0 0 0 1 1 
0 0 1 0 1 
1 0 0 1 0 
0 0 0 0 0 
0 0 0 0 0 
0 0 0 0 0 
0 1 0 1 1 
1 0 1 0 1 
1 1 1 1 0 
1 0 0 1 0 
0 0 1 1 1 
1 1 0 0 0 
0 0 0 0 1 
0 0 0 0 0 
0 0 0 0 0 
0 0 1 0 0 

JOBS [5] - [9, 3, 12, 0, 2]
TOOL SWITCHES : 4
MAKESPAN : 32

- MACHINE [2]

0 0 0 0 0 
0 0 0 0 0 
1 1 1 0 0 
0 1 0 1 1 
0 0 0 0 0 
0 0 1 1 0 
0 0 0 0 0 
1 1 0 1 0 
0 1 0 0 1 
0 0 1 1 0 
0 0 0 1 0 
1 0 0 1 0 
0 0 0 0 0 
0 0 1 0 0 
1 0 1 0 0 
1 0 0 0 0 
0 0 0 0 1 
0 0 0 0 1 
1 0 1 0 0 
1 1 1 0 1 

JOBS [5] - [5, 6, 13, 1, 11]
TOOL SWITCHES : 2
MAKESPAN : 31

# -------------------------- #

--- TOTAL TOOL SWITCHES : 14
--- HIGHEST MAKESPAN : 32
--- TOTAL FLOWTIME : 255
--- RUNNING TIME : 1.62432

# -------------------------- #
RUN : 1 - instancias_txt/SSP-NPM-I/ins137_m=3_j=15_t=20_var=17.txt

- MACHINE [0]

0 0 0 0 
1 1 0 0 
1 1 1 0 
0 1 1 1 
0 0 0 0 
0 0 1 1 
0 0 0 0 
1 0 0 0 
1 0 0 0 
0 0 0 0 
0 0 0 0 
0 0 1 1 
1 0 1 1 
0 0 0 1 
0 1 1 1 
0 0 0 0 
0 0 0 0 
0 1 0 1 
0 0 0 0 
1 0 0 0 

JOBS [4] - [13, 4, 14, 0]
TOOL SWITCHES : 5
MAKESPAN : 27

- MACHINE [1]

1 1 1 0 1 0 
1 0 1 1 0 0 
0 0 0 0 0 0 
1 0 0 1 0 1 
0 0 0 0 1 1 
1 0 0 0 1 0 
1 1 0 0 0 0 
0 0 0 0 1 1 
0 0 0 0 0 0 
0 1 1 0 0 1 
0 0 0 0 0 0 
0 0 0 0 0 0 
0 1 1 1 0 0 
0 0 0 0 0 0 
0 1 0 1 0 1 
0 0 0 1 1 0 
0 0 0 0 0 0 
0 0 1 0 0 1 
0 1 0 0 0 0 
0 0 1 0 1 0 

JOBS [6] - [11, 1, 10, 9, 3, 8]
TOOL SWITCHES : 4
MAKESPAN : 27

- MACHINE [2]

1 0 0 0 0 
0 0 0 1 1 
1 0 0 1 1 
0 0 0 0 0 
0 0 0 0 0 
1 0 0 0 1 
0 0 0 0 0 
0 0 1 0 0 
0 1 1 1 1 
1 1 0 0 1 
0 0 0 0 0 
0 1 1 1 0 
0 0 0 0 0 
0 0 1 0 0 
1 0 0 0 0 
1 0 0 1 0 
0 0 1 0 0 
0 0 0 0 0 
1 1 1 1 0 
0 1 0 0 1 

JOBS [5] - [12, 5, 7, 6, 2]
TOOL SWITCHES : 1
MAKESPAN : 20

# -------------------------- #

--- TOTAL TOOL SWITCHES : 10
--- HIGHEST MAKESPAN : 27
--- TOTAL FLOWTIME : 200
--- RUNNING TIME : 2.05024

# -------------------------- #
RUN : 1 - instancias_txt/SSP-NPM-I/ins138_m=3_j=15_t=20_var=18.txt

- MACHINE [0]

0 0 1 0 
1 0 0 0 
1 0 0 1 
0 0 0 0 
1 0 0 0 
1 0 1 1 
0 0 0 0 
1 0 0 1 
0 0 0 0 
0 0 0 1 
0 1 1 0 
0 0 0 1 
0 0 1 0 
0 1 1 0 
0 0 0 0 
0 1 0 1 
0 1 0 0 
0 0 0 0 
0 0 0 0 
0 1 0 0 

JOBS [4] - [1, 3, 10, 13]
TOOL SWITCHES : 8
MAKESPAN : 28

- MACHINE [1]

0 1 0 0 0 
0 0 0 0 1 
0 1 0 0 1 
0 0 0 0 0 
1 0 1 0 0 
0 1 1 0 1 
0 0 1 0 0 
0 0 0 1 0 
0 0 0 1 1 
0 0 1 1 0 
1 0 1 0 0 
1 0 1 1 0 
0 0 0 0 1 
1 1 0 1 1 
0 0 0 0 0 
1 1 0 0 0 
0 0 0 1 0 
0 0 0 0 0 
0 1 1 0 0 
1 0 0 1 0 

JOBS [5] - [4, 9, 7, 8, 12]
TOOL SWITCHES : 7
MAKESPAN : 29

- MACHINE [2]

0 1 1 0 0 1 
1 0 1 0 1 0 
0 0 0 1 0 1 
1 1 1 1 0 0 
0 1 0 0 1 0 
0 0 1 0 1 1 
1 0 0 1 0 1 
1 0 0 1 0 1 
0 0 0 1 0 0 
0 0 0 0 0 0 
1 0 0 0 0 0 
0 0 0 0 0 1 
0 1 0 0 1 0 
0 0 0 0 0 0 
1 1 0 0 0 0 
0 0 0 1 0 0 
1 0 1 0 0 0 
0 0 0 0 0 0 
0 0 0 0 0 0 
0 0 0 1 1 0 

JOBS [6] - [0, 5, 14, 6, 2, 11]
TOOL SWITCHES : 3
MAKESPAN : 29

# -------------------------- #

--- TOTAL TOOL SWITCHES : 18
--- HIGHEST MAKESPAN : 29
--- TOTAL FLOWTIME : 233
--- RUNNING TIME : 1.9635

# -------------------------- #
RUN : 1 - instancias_txt/SSP-NPM-I/ins139_m=3_j=15_t=20_var=19.txt

- MACHINE [0]

0 1 1 0 
1 0 0 0 
1 0 0 1 
1 0 0 0 
0 0 0 1 
0 0 0 0 
0 1 1 0 
1 1 0 0 
0 0 0 0 
0 0 1 1 
1 1 0 0 
0 0 0 0 
0 0 1 1 
1 0 0 1 
0 1 0 0 
0 0 0 0 
1 1 1 1 
0 0 0 0 
0 0 1 0 
0 0 0 0 

JOBS [4] - [3, 1, 0, 8]
TOOL SWITCHES : 8
MAKESPAN : 36

- MACHINE [1]

0 1 0 0 
1 0 0 1 
0 0 0 0 
0 0 0 1 
0 0 0 0 
0 0 0 0 
0 0 1 0 
0 1 0 0 
1 1 0 0 
1 0 0 0 
1 1 0 1 
0 0 0 0 
0 1 1 1 
0 0 1 0 
0 0 1 1 
0 1 1 0 
0 0 1 0 
1 0 1 1 
1 0 0 1 
1 0 0 0 

JOBS [4] - [2, 9, 6, 7]
TOOL SWITCHES : 6
MAKESPAN : 35

- MACHINE [2]

1 0 1 1 0 1 0 
0 0 0 1 0 0 0 
0 1 1 0 0 0 1 
0 0 0 1 0 0 0 
0 0 0 1 1 0 0 
0 0 0 0 0 0 0 
1 0 1 0 1 0 1 
0 1 0 0 0 1 1 
0 0 0 0 0 0 1 
1 0 1 0 0 1 0 
0 0 0 0 1 1 0 
0 0 0 1 1 0 1 
0 0 0 0 0 0 0 
1 1 1 0 0 1 0 
0 0 0 0 0 0 0 
0 1 1 0 1 1 0 
1 0 0 0 0 0 0 
0 0 0 0 1 0 0 
0 1 0 1 1 0 1 
0 0 1 0 0 1 0 

JOBS [7] - [13, 4, 12, 11, 10, 5, 14]
TOOL SWITCHES : 4
MAKESPAN : 34

# -------------------------- #

--- TOTAL TOOL SWITCHES : 18
--- HIGHEST MAKESPAN : 36
--- TOTAL FLOWTIME : 264
--- RUNNING TIME : 2.48343

# -------------------------- #
RUN : 1 - instancias_txt/SSP-NPM-I/ins140_m=3_j=15_t=20_var=20.txt

- MACHINE [0]

0 0 0 0 
0 0 0 0 
0 0 1 0 
1 1 0 0 
0 0 1 1 
0 0 0 0 
0 1 0 0 
0 0 0 0 
1 1 0 1 
0 0 0 1 
0 0 0 0 
0 0 0 0 
0 1 1 0 
0 0 0 1 
0 1 1 1 
1 1 0 1 
1 0 1 1 
1 0 0 0 
1 0 0 0 
0 0 0 0 

JOBS [4] - [9, 12, 11, 14]
TOOL SWITCHES : 6
MAKESPAN : 29

- MACHINE [1]

1 0 1 0 
0 0 0 0 
0 0 0 0 
0 0 0 0 
0 0 0 0 
1 1 0 0 
1 1 0 0 
0 1 1 0 
0 1 0 0 
0 1 0 1 
1 0 0 1 
0 0 0 1 
0 0 0 0 
0 0 0 0 
0 0 0 1 
0 0 1 0 
1 0 1 0 
0 0 0 0 
0 1 1 1 
0 0 1 0 

JOBS [4] - [13, 6, 0, 2]
TOOL SWITCHES : 3
MAKESPAN : 26

- MACHINE [2]

1 0 0 0 1 1 0 
1 1 1 1 0 0 1 
0 0 1 0 1 0 1 
0 0 0 0 1 0 1 
0 0 0 0 0 0 0 
0 0 0 0 1 0 0 
1 0 0 0 0 0 1 
0 0 1 0 1 1 1 
0 0 1 0 0 0 0 
0 1 1 1 0 0 0 
0 0 1 1 0 1 1 
0 0 0 0 0 0 0 
1 1 0 1 0 0 0 
0 0 0 0 1 1 0 
1 1 0 1 0 0 0 
0 0 0 0 0 0 0 
0 1 1 0 1 0 0 
0 0 0 0 0 0 0 
0 0 0 0 0 1 0 
0 1 0 1 0 0 0 

JOBS [7] - [1, 8, 4, 7, 10, 3, 5]
TOOL SWITCHES : 3
MAKESPAN : 29

# -------------------------- #

--- TOTAL TOOL SWITCHES : 12
--- HIGHEST MAKESPAN : 29
--- TOTAL FLOWTIME : 218
--- RUNNING TIME : 2.28041

# -------------------------- #


avg : 31.7
