RUN : 1 - instancias_txt/SSP-NPM-I/ins121_m=3_j=15_t=20_var=1.txt

- MACHINE [0]

0 1 1 0 
1 0 0 0 
1 0 1 0 
0 0 0 1 
0 0 1 1 
0 0 1 1 
0 0 1 0 
1 0 0 0 
0 1 0 0 
0 0 0 0 
0 0 0 0 
1 0 0 0 
1 0 0 0 
0 1 1 0 
1 1 0 0 
1 0 0 0 
0 0 1 1 
0 0 0 1 
0 1 0 0 
0 0 0 1 

JOBS [4] - [5, 13, 9, 0]
TOOL SWITCHES : 11
MAKESPAN : 41

- MACHINE [1]

1 1 1 0 0 
1 1 0 0 0 
0 0 0 0 0 
0 0 1 1 0 
0 0 1 1 1 
0 0 0 0 0 
0 0 0 1 0 
0 0 0 1 1 
0 0 0 0 0 
0 0 0 0 1 
1 0 0 0 1 
0 1 1 1 0 
0 0 0 0 0 
0 0 0 0 0 
0 0 0 1 1 
0 1 0 0 0 
1 1 1 0 0 
1 1 1 0 0 
0 0 1 0 1 
1 0 0 1 0 

JOBS [5] - [6, 8, 14, 2, 11]
TOOL SWITCHES : 5
MAKESPAN : 39

- MACHINE [2]

0 0 0 0 0 0 
0 0 0 1 1 0 
0 0 0 0 0 0 
0 0 0 0 0 0 
1 1 0 0 0 0 
1 0 0 0 1 0 
0 1 1 0 0 0 
0 0 0 0 0 1 
0 1 0 1 0 0 
0 1 0 0 0 1 
0 0 1 0 1 0 
0 0 0 0 0 1 
1 1 1 1 1 1 
0 0 0 1 0 1 
1 0 1 1 1 0 
1 0 0 0 1 0 
0 1 0 0 0 0 
1 0 1 0 0 0 
1 0 1 1 1 1 
0 1 0 0 0 1 

JOBS [6] - [3, 7, 10, 1, 4, 12]
TOOL SWITCHES : 4
MAKESPAN : 41

# -------------------------- #

--- TOTAL TOOL SWITCHES : 20
--- HIGHEST MAKESPAN : 41
--- TOTAL FLOWTIME : 324
--- RUNNING TIME : 0.941709

# -------------------------- #
RUN : 1 - instancias_txt/SSP-NPM-I/ins122_m=3_j=15_t=20_var=2.txt

- MACHINE [0]

0 0 0 0 
0 0 0 0 
0 1 0 1 
0 0 0 1 
1 1 1 0 
0 0 0 0 
0 0 0 1 
1 1 1 0 
0 0 0 1 
0 0 0 0 
0 0 0 0 
0 0 0 0 
1 0 1 0 
0 0 0 0 
0 0 0 1 
1 0 1 1 
1 1 0 0 
0 0 1 0 
1 0 0 0 
0 1 0 1 

JOBS [4] - [13, 3, 9, 0]
TOOL SWITCHES : 6
MAKESPAN : 27

- MACHINE [1]

1 0 1 0 0 1 
0 0 0 0 0 0 
0 0 1 1 1 1 
0 0 0 0 0 0 
1 1 0 1 0 0 
1 0 0 0 1 1 
0 0 0 0 0 0 
0 0 0 0 0 0 
0 0 1 1 1 0 
1 1 0 0 0 0 
1 1 0 0 0 0 
0 0 0 0 1 0 
0 0 0 0 0 0 
1 0 0 1 1 0 
0 0 0 0 0 0 
0 0 0 1 0 1 
0 1 1 1 1 1 
0 0 0 0 0 0 
0 1 0 0 0 1 
0 0 1 0 1 0 

JOBS [6] - [7, 8, 12, 1, 2, 14]
TOOL SWITCHES : 3
MAKESPAN : 26

- MACHINE [2]

1 1 0 0 0 
0 1 0 1 1 
0 0 0 0 1 
0 0 0 1 0 
0 0 0 0 0 
0 0 0 1 1 
0 1 1 0 0 
0 0 0 0 0 
0 0 0 0 1 
0 1 1 0 1 
0 0 0 0 0 
1 0 1 0 0 
0 0 0 0 0 
0 0 0 1 0 
1 0 1 0 0 
1 0 0 1 1 
0 0 0 0 0 
1 1 1 0 0 
0 0 0 0 0 
1 0 0 0 1 

JOBS [5] - [11, 5, 4, 10, 6]
TOOL SWITCHES : 1
MAKESPAN : 27

# -------------------------- #

--- TOTAL TOOL SWITCHES : 10
--- HIGHEST MAKESPAN : 27
--- TOTAL FLOWTIME : 196
--- RUNNING TIME : 1.01263

# -------------------------- #
RUN : 1 - instancias_txt/SSP-NPM-I/ins123_m=3_j=15_t=20_var=3.txt

- MACHINE [0]

0 0 0 0 0 
1 1 1 0 0 
1 0 0 0 0 
0 1 0 1 1 
0 0 0 0 0 
1 0 0 1 1 
0 0 0 0 1 
1 0 0 0 0 
0 0 0 1 1 
0 1 0 0 0 
0 0 1 1 1 
0 0 0 0 0 
0 0 0 0 0 
0 0 1 1 0 
0 0 0 0 0 
1 1 1 0 0 
0 1 1 0 1 
0 0 0 0 0 
0 0 0 0 1 
1 1 0 0 0 

JOBS [5] - [6, 5, 10, 9, 7]
TOOL SWITCHES : 7
MAKESPAN : 30

- MACHINE [1]

1 0 0 0 0 
0 1 0 0 0 
1 0 0 0 0 
0 1 1 0 0 
0 0 0 1 0 
0 0 1 1 0 
1 0 0 0 1 
0 1 1 1 1 
0 0 0 0 0 
1 1 0 0 0 
0 0 0 0 0 
0 0 0 1 1 
0 0 0 0 0 
1 1 0 0 0 
1 0 1 1 0 
0 1 0 1 0 
0 0 1 0 1 
0 1 1 0 0 
0 0 0 0 0 
1 0 0 0 1 

JOBS [5] - [13, 1, 14, 11, 4]
TOOL SWITCHES : 6
MAKESPAN : 30

- MACHINE [2]

0 0 0 0 0 
1 0 0 0 0 
0 0 0 0 0 
1 0 1 0 0 
1 1 0 0 1 
1 0 1 1 1 
0 0 0 0 1 
0 1 1 0 1 
0 0 0 0 0 
0 0 0 1 0 
0 1 0 0 1 
0 1 0 0 0 
0 1 0 1 0 
0 1 0 1 0 
0 0 1 0 1 
0 0 0 0 0 
1 0 1 0 0 
0 1 0 0 0 
0 0 0 1 0 
0 0 0 0 0 

JOBS [5] - [12, 0, 2, 8, 3]
TOOL SWITCHES : 2
MAKESPAN : 28

# -------------------------- #

--- TOTAL TOOL SWITCHES : 15
--- HIGHEST MAKESPAN : 30
--- TOTAL FLOWTIME : 233
--- RUNNING TIME : 0.838681

# -------------------------- #
RUN : 1 - instancias_txt/SSP-NPM-I/ins124_m=3_j=15_t=20_var=4.txt

- MACHINE [0]

0 1 0 0 
1 0 0 0 
0 0 0 0 
0 0 0 0 
0 0 0 0 
0 0 0 0 
1 1 1 0 
1 0 0 0 
0 0 1 1 
0 0 0 0 
0 1 0 1 
0 0 1 1 
0 0 0 0 
1 1 0 0 
0 0 1 1 
0 1 1 0 
1 0 0 0 
0 0 0 1 
1 0 0 0 
0 0 0 0 

JOBS [4] - [2, 0, 3, 10]
TOOL SWITCHES : 6
MAKESPAN : 28

- MACHINE [1]

0 1 1 1 0 0 
0 0 0 0 0 1 
1 1 1 1 0 1 
0 1 1 0 0 0 
0 0 0 0 0 0 
0 0 0 0 0 0 
0 1 0 0 0 0 
0 0 1 0 1 1 
0 0 0 0 1 1 
1 0 0 1 1 1 
1 0 1 1 0 1 
1 0 1 0 1 0 
0 1 0 1 1 0 
0 0 0 0 0 0 
0 0 0 0 0 0 
0 0 0 0 0 0 
0 0 0 1 0 0 
0 0 0 0 0 0 
0 0 0 1 1 0 
1 0 1 0 0 0 

JOBS [6] - [5, 9, 4, 14, 13, 11]
TOOL SWITCHES : 4
MAKESPAN : 28

- MACHINE [2]

0 0 1 0 0 
1 0 1 1 0 
0 1 0 0 1 
0 1 0 0 0 
0 0 0 1 0 
0 1 0 1 0 
1 1 1 0 0 
0 0 0 0 0 
0 1 1 0 0 
0 0 0 1 0 
0 0 0 0 0 
1 0 0 0 1 
0 0 0 0 1 
1 0 0 0 1 
0 0 0 1 1 
0 0 0 0 0 
0 1 0 0 0 
0 0 0 0 1 
1 1 0 0 0 
1 0 1 0 0 

JOBS [5] - [12, 1, 7, 6, 8]
TOOL SWITCHES : 4
MAKESPAN : 28

# -------------------------- #

--- TOTAL TOOL SWITCHES : 14
--- HIGHEST MAKESPAN : 28
--- TOTAL FLOWTIME : 202
--- RUNNING TIME : 0.878009

# -------------------------- #
RUN : 1 - instancias_txt/SSP-NPM-I/ins125_m=3_j=15_t=20_var=5.txt

- MACHINE [0]

1 0 0 0 1 
1 0 0 0 0 
0 0 0 0 0 
0 0 0 1 1 
1 1 0 0 0 
0 1 0 0 0 
0 0 1 1 0 
0 0 1 1 0 
0 0 0 0 1 
0 0 0 1 1 
0 0 0 0 0 
1 1 1 0 0 
0 0 0 1 0 
0 0 0 0 0 
0 0 0 0 0 
1 0 1 0 0 
0 0 1 0 1 
1 1 0 1 0 
0 0 0 0 1 
1 1 1 0 0 

JOBS [5] - [14, 12, 1, 11, 2]
TOOL SWITCHES : 10
MAKESPAN : 31

- MACHINE [1]

0 0 0 1 1 
0 0 0 1 1 
0 0 0 0 1 
0 0 1 0 0 
0 0 1 1 0 
1 0 0 0 1 
1 0 0 0 0 
0 0 0 0 0 
1 0 1 1 0 
1 1 0 1 0 
0 0 0 0 0 
0 0 0 0 0 
0 1 0 0 0 
1 1 1 0 0 
0 1 1 0 0 
0 1 0 0 1 
0 0 0 0 1 
0 0 0 1 0 
0 1 0 0 1 
0 0 1 0 0 

JOBS [5] - [13, 7, 6, 3, 5]
TOOL SWITCHES : 7
MAKESPAN : 34

- MACHINE [2]

0 1 0 0 1 
0 0 1 0 0 
0 0 0 1 0 
0 0 1 0 1 
0 0 0 0 0 
0 1 1 0 1 
1 0 1 1 0 
1 0 1 1 0 
0 1 0 1 0 
0 0 0 0 0 
1 1 0 1 0 
0 0 0 0 0 
0 1 0 0 0 
1 1 1 0 1 
0 0 0 0 0 
0 0 0 1 1 
1 0 0 1 0 
1 0 0 0 0 
0 0 0 0 0 
0 1 1 0 0 

JOBS [5] - [4, 0, 8, 9, 10]
TOOL SWITCHES : 2
MAKESPAN : 31

# -------------------------- #

--- TOTAL TOOL SWITCHES : 19
--- HIGHEST MAKESPAN : 34
--- TOTAL FLOWTIME : 250
--- RUNNING TIME : 0.940747

# -------------------------- #
RUN : 1 - instancias_txt/SSP-NPM-I/ins126_m=3_j=15_t=20_var=6.txt

- MACHINE [0]

0 1 1 1 
0 0 1 0 
0 1 0 0 
0 0 0 0 
1 0 0 0 
0 1 0 0 
0 1 1 1 
0 1 1 1 
1 1 0 0 
1 0 0 0 
0 0 0 1 
0 0 0 0 
1 1 0 0 
0 0 0 0 
0 0 1 0 
1 0 0 0 
0 0 0 0 
0 0 0 1 
0 0 1 0 
0 0 0 1 

JOBS [4] - [6, 12, 10, 1]
TOOL SWITCHES : 9
MAKESPAN : 30

- MACHINE [1]

0 1 0 1 0 
1 0 0 1 1 
0 0 0 0 0 
0 1 0 1 0 
0 0 0 0 0 
1 0 1 0 0 
0 0 0 0 0 
1 0 0 0 0 
0 0 0 0 0 
0 0 0 0 0 
0 1 1 1 1 
0 0 0 0 0 
0 1 1 1 0 
0 1 0 0 0 
0 0 1 0 1 
1 0 1 1 1 
0 0 0 0 1 
1 0 0 0 0 
0 1 1 0 1 
0 1 0 1 1 

JOBS [5] - [9, 7, 0, 5, 3]
TOOL SWITCHES : 4
MAKESPAN : 30

- MACHINE [2]

0 0 0 0 0 0 
0 0 0 0 0 0 
0 0 0 0 1 0 
0 0 1 0 0 1 
0 0 0 1 1 1 
0 0 0 0 0 0 
1 0 1 0 0 0 
1 1 0 1 0 1 
0 0 1 0 0 1 
1 0 0 1 0 1 
0 0 0 1 1 0 
0 1 1 0 1 1 
0 0 0 0 0 0 
1 1 0 0 0 0 
1 1 1 1 0 0 
0 0 0 0 0 0 
0 1 0 0 0 0 
0 1 0 0 0 0 
0 0 0 1 1 1 
0 0 0 0 0 0 

JOBS [6] - [11, 2, 14, 13, 4, 8]
TOOL SWITCHES : 1
MAKESPAN : 30

# -------------------------- #

--- TOTAL TOOL SWITCHES : 14
--- HIGHEST MAKESPAN : 30
--- TOTAL FLOWTIME : 271
--- RUNNING TIME : 0.920144

# -------------------------- #
RUN : 1 - instancias_txt/SSP-NPM-I/ins127_m=3_j=15_t=20_var=7.txt

- MACHINE [0]

0 0 0 0 0 
1 0 0 0 0 
1 1 0 0 0 
1 0 0 0 0 
1 0 0 0 0 
0 1 1 1 0 
0 1 1 1 1 
1 1 0 0 0 
0 0 1 0 0 
0 1 1 0 0 
1 0 0 1 1 
0 0 0 0 0 
0 0 0 0 1 
0 0 0 1 1 
0 0 0 0 0 
0 0 0 0 0 
0 0 0 0 0 
0 0 0 1 1 
0 1 1 0 1 
0 0 0 0 0 

JOBS [5] - [2, 10, 14, 6, 5]
TOOL SWITCHES : 7
MAKESPAN : 32

- MACHINE [1]

1 0 0 1 
1 0 0 0 
0 0 0 0 
1 1 0 1 
0 0 0 0 
0 0 1 0 
1 0 0 1 
1 1 0 1 
0 1 1 0 
0 0 0 0 
0 0 0 0 
0 0 1 0 
0 0 0 1 
0 0 0 0 
0 1 1 0 
0 1 1 0 
0 1 0 0 
0 0 0 0 
0 0 1 0 
1 0 1 0 

JOBS [4] - [12, 13, 0, 1]
TOOL SWITCHES : 5
MAKESPAN : 32

- MACHINE [2]

0 1 0 0 1 1 
1 0 1 0 1 1 
0 0 0 0 0 0 
0 0 0 0 1 1 
0 0 0 0 0 0 
1 0 0 1 1 0 
0 0 0 0 0 0 
0 0 0 1 0 0 
0 0 1 0 0 0 
0 0 0 0 0 0 
0 1 1 0 1 1 
1 0 0 1 0 0 
1 0 0 1 0 0 
0 1 1 0 0 0 
0 0 1 0 0 0 
0 1 1 0 0 1 
1 1 0 0 0 0 
0 0 1 0 0 0 
0 1 0 0 0 0 
0 0 0 1 0 1 

JOBS [6] - [4, 7, 8, 9, 11, 3]
TOOL SWITCHES : 3
MAKESPAN : 32

# -------------------------- #

--- TOTAL TOOL SWITCHES : 15
--- HIGHEST MAKESPAN : 32
--- TOTAL FLOWTIME : 251
--- RUNNING TIME : 0.976405

# -------------------------- #
RUN : 1 - instancias_txt/SSP-NPM-I/ins128_m=3_j=15_t=20_var=8.txt

- MACHINE [0]

0 0 0 1 
0 1 0 0 
0 0 1 0 
1 0 0 0 
0 0 0 0 
0 0 0 1 
0 1 0 0 
1 1 0 1 
1 0 1 0 
1 0 1 0 
0 0 0 0 
1 0 0 0 
1 0 0 0 
0 1 1 0 
0 0 0 1 
0 1 1 0 
0 0 0 0 
0 0 0 0 
0 1 0 1 
1 0 1 1 

JOBS [4] - [4, 7, 13, 8]
TOOL SWITCHES : 12
MAKESPAN : 37

- MACHINE [1]

1 0 0 1 0 
0 0 0 0 0 
1 0 0 0 0 
0 0 0 0 1 
1 0 0 1 0 
0 1 0 1 1 
0 0 0 1 0 
1 0 0 0 0 
1 0 0 0 0 
0 0 0 0 0 
0 1 0 0 1 
0 1 0 0 0 
0 0 1 1 0 
0 0 0 0 1 
0 1 1 1 1 
1 1 1 0 0 
1 0 0 0 0 
0 0 1 0 1 
0 1 1 0 1 
0 0 0 0 0 

JOBS [5] - [10, 14, 1, 5, 12]
TOOL SWITCHES : 7
MAKESPAN : 37

- MACHINE [2]

1 1 0 0 0 0 
1 0 0 0 1 1 
0 0 0 0 0 0 
0 0 0 0 1 1 
0 0 1 1 0 1 
0 0 0 0 0 0 
0 0 0 0 0 0 
0 0 0 0 0 0 
0 1 0 1 1 0 
1 0 0 1 1 0 
1 0 1 0 0 0 
0 0 0 0 0 0 
0 0 0 0 0 1 
1 1 0 0 1 0 
0 1 0 0 1 1 
0 0 0 1 0 0 
0 1 1 0 1 0 
0 0 0 1 0 0 
1 0 1 0 0 1 
0 1 1 0 0 0 

JOBS [6] - [0, 11, 3, 6, 9, 2]
TOOL SWITCHES : 2
MAKESPAN : 37

# -------------------------- #

--- TOTAL TOOL SWITCHES : 21
--- HIGHEST MAKESPAN : 37
--- TOTAL FLOWTIME : 283
--- RUNNING TIME : 0.980941

# -------------------------- #
RUN : 1 - instancias_txt/SSP-NPM-I/ins129_m=3_j=15_t=20_var=9.txt

- MACHINE [0]

0 0 1 0 
0 0 0 0 
0 0 0 0 
0 0 0 0 
0 1 0 0 
1 0 0 1 
0 0 0 0 
0 1 1 0 
1 1 0 1 
1 0 0 0 
0 0 0 0 
1 0 0 0 
0 1 0 1 
1 0 0 0 
0 1 0 0 
0 0 0 0 
0 0 1 1 
0 1 1 1 
1 0 1 0 
0 0 0 1 

JOBS [4] - [1, 5, 6, 0]
TOOL SWITCHES : 8
MAKESPAN : 27

- MACHINE [1]

0 1 0 0 0 
0 0 0 0 0 
1 1 0 0 0 
0 0 0 0 1 
1 0 0 0 0 
0 0 1 0 1 
0 0 0 0 0 
0 0 0 1 1 
1 0 0 0 0 
0 0 0 0 0 
0 0 0 0 0 
0 0 1 0 0 
1 1 0 1 0 
0 1 1 0 1 
0 0 0 0 0 
0 0 1 0 0 
0 0 0 1 1 
1 1 1 1 0 
1 0 0 1 1 
0 1 1 1 1 

JOBS [5] - [13, 10, 12, 11, 7]
TOOL SWITCHES : 5
MAKESPAN : 28

- MACHINE [2]

0 0 0 0 0 1 
1 0 1 1 1 0 
0 0 0 0 1 0 
0 0 1 0 0 1 
0 1 0 1 0 0 
0 0 0 0 0 0 
0 1 0 0 0 0 
1 0 0 0 0 0 
0 1 0 0 0 0 
0 1 0 0 0 0 
1 0 1 0 0 1 
0 0 1 0 1 1 
0 0 0 0 0 0 
0 0 0 1 0 0 
0 1 1 1 1 1 
0 0 0 0 1 0 
1 1 0 1 0 0 
0 0 0 0 0 0 
1 0 0 0 0 0 
0 0 0 0 0 0 

JOBS [6] - [3, 2, 4, 8, 14, 9]
TOOL SWITCHES : 3
MAKESPAN : 25

# -------------------------- #

--- TOTAL TOOL SWITCHES : 16
--- HIGHEST MAKESPAN : 28
--- TOTAL FLOWTIME : 194
--- RUNNING TIME : 0.855695

# -------------------------- #
RUN : 1 - instancias_txt/SSP-NPM-I/ins130_m=3_j=15_t=20_var=10.txt

- MACHINE [0]

1 1 1 1 1 
0 0 0 0 0 
1 1 0 0 1 
0 1 0 0 0 
0 0 0 0 0 
0 0 0 1 1 
0 0 0 0 0 
0 0 1 0 0 
0 1 1 1 0 
1 0 0 0 0 
0 0 0 0 1 
0 0 0 0 0 
1 1 0 0 0 
1 1 0 0 0 
0 0 0 0 0 
0 0 1 0 1 
1 0 1 1 0 
0 0 0 0 0 
0 0 0 0 1 
0 1 1 1 0 

JOBS [5] - [1, 4, 5, 13, 14]
TOOL SWITCHES : 8
MAKESPAN : 33

- MACHINE [1]

1 0 1 0 
1 1 0 0 
0 1 0 0 
0 0 0 0 
0 1 0 0 
1 0 0 0 
0 1 0 0 
1 0 1 0 
0 0 0 0 
1 0 1 0 
0 0 0 0 
0 0 1 1 
0 0 0 1 
0 0 1 0 
0 1 0 1 
0 0 1 1 
0 0 0 0 
0 0 0 0 
0 1 0 1 
0 1 0 0 

JOBS [4] - [12, 11, 8, 6]
TOOL SWITCHES : 5
MAKESPAN : 31

- MACHINE [2]

0 0 0 0 0 0 
0 1 1 1 1 0 
0 0 0 0 0 1 
0 0 0 0 0 0 
1 0 0 1 0 0 
0 0 0 0 1 0 
0 0 0 0 0 0 
0 0 1 0 1 1 
0 0 1 0 0 0 
0 1 0 1 0 0 
1 0 1 0 0 1 
0 0 0 0 0 0 
1 1 0 0 1 1 
1 0 0 1 1 1 
1 0 1 0 1 0 
1 1 0 0 0 0 
1 1 0 0 1 1 
0 1 1 1 0 1 
0 0 0 0 0 0 
0 0 0 0 0 0 

JOBS [6] - [3, 9, 10, 7, 0, 2]
TOOL SWITCHES : 1
MAKESPAN : 32

# -------------------------- #

--- TOTAL TOOL SWITCHES : 14
--- HIGHEST MAKESPAN : 33
--- TOTAL FLOWTIME : 241
--- RUNNING TIME : 0.973646

# -------------------------- #
RUN : 1 - instancias_txt/SSP-NPM-I/ins131_m=3_j=15_t=20_var=11.txt

- MACHINE [0]

0 1 0 1 
0 0 0 0 
0 0 0 0 
0 0 1 0 
0 1 1 0 
1 1 1 0 
1 0 0 0 
1 0 0 0 
0 0 0 1 
1 0 0 0 
1 1 1 1 
0 0 0 1 
1 0 0 0 
0 0 0 0 
0 0 0 1 
0 0 0 1 
0 0 1 0 
0 0 0 0 
0 0 0 0 
1 1 1 0 

JOBS [4] - [1, 12, 8, 14]
TOOL SWITCHES : 8
MAKESPAN : 34

- MACHINE [1]

0 1 1 0 0 
1 1 0 0 1 
0 0 0 1 0 
1 0 1 0 0 
0 0 1 1 1 
0 0 0 0 0 
1 1 0 0 0 
0 0 0 0 0 
0 0 0 0 0 
0 0 0 0 0 
0 0 0 0 0 
0 1 1 1 0 
0 1 1 1 1 
1 0 1 0 0 
1 0 0 1 0 
0 1 0 1 0 
0 0 0 0 0 
0 0 0 0 1 
0 1 1 1 0 
0 0 0 0 1 

JOBS [5] - [4, 6, 0, 5, 10]
TOOL SWITCHES : 4
MAKESPAN : 32

- MACHINE [2]

1 0 0 1 0 0 
1 0 1 0 0 0 
0 0 0 0 0 0 
0 0 0 0 0 0 
0 0 1 0 1 0 
0 0 0 0 1 0 
0 0 0 0 0 0 
0 1 0 0 1 0 
1 1 0 1 0 0 
0 0 1 1 0 1 
1 1 1 0 0 0 
0 0 0 0 0 1 
0 0 0 0 0 0 
0 0 0 1 0 1 
1 1 1 0 0 1 
0 0 1 0 0 0 
0 1 0 1 0 1 
0 0 0 0 0 0 
0 1 0 0 1 0 
1 0 0 1 1 1 

JOBS [6] - [7, 13, 11, 3, 9, 2]
TOOL SWITCHES : 2
MAKESPAN : 33

# -------------------------- #

--- TOTAL TOOL SWITCHES : 14
--- HIGHEST MAKESPAN : 34
--- TOTAL FLOWTIME : 235
--- RUNNING TIME : 1.03005

# -------------------------- #
RUN : 1 - instancias_txt/SSP-NPM-I/ins132_m=3_j=15_t=20_var=12.txt

- MACHINE [0]

0 0 0 1 1 
0 0 0 0 0 
1 1 0 0 0 
0 0 0 1 1 
0 0 0 0 0 
1 0 0 0 0 
0 1 1 0 1 
0 0 0 1 0 
0 0 0 0 0 
1 0 0 0 0 
1 1 0 0 0 
1 0 1 1 1 
0 0 0 0 0 
1 0 1 1 1 
0 1 1 0 0 
0 0 0 0 0 
0 0 1 1 0 
0 1 0 0 0 
0 0 1 0 0 
0 0 0 0 1 

JOBS [5] - [12, 8, 13, 2, 11]
TOOL SWITCHES : 8
MAKESPAN : 25

- MACHINE [1]

1 0 1 0 0 
1 0 0 1 0 
0 0 0 0 1 
0 1 1 1 0 
0 0 0 0 0 
0 0 0 0 0 
0 0 0 1 1 
0 1 1 0 1 
1 0 1 0 0 
0 1 0 1 1 
0 1 0 0 1 
0 0 0 0 0 
0 0 0 0 0 
1 0 0 1 0 
1 1 0 0 0 
0 0 1 1 1 
0 0 0 0 0 
0 0 0 0 0 
0 0 0 0 0 
0 1 0 0 1 

JOBS [5] - [1, 10, 0, 5, 7]
TOOL SWITCHES : 3
MAKESPAN : 23

- MACHINE [2]

1 0 1 1 0 
0 0 0 1 0 
0 0 0 0 0 
0 1 1 1 0 
1 1 1 0 1 
0 0 0 0 0 
0 0 0 0 0 
0 0 1 1 1 
1 1 0 0 1 
0 0 0 1 0 
1 1 0 0 0 
0 0 1 0 0 
0 0 0 0 1 
0 0 0 0 0 
1 0 0 1 0 
1 0 0 0 0 
0 0 1 0 0 
0 1 0 0 1 
0 0 0 0 0 
0 1 0 0 0 

JOBS [5] - [14, 9, 6, 4, 3]
TOOL SWITCHES : 2
MAKESPAN : 27

# -------------------------- #

--- TOTAL TOOL SWITCHES : 13
--- HIGHEST MAKESPAN : 27
--- TOTAL FLOWTIME : 194
--- RUNNING TIME : 0.796836

# -------------------------- #
RUN : 1 - instancias_txt/SSP-NPM-I/ins133_m=3_j=15_t=20_var=13.txt

- MACHINE [0]

0 0 0 0 0 
1 1 0 1 1 
1 0 0 0 0 
0 0 0 0 0 
0 0 0 0 1 
0 0 1 0 1 
0 1 0 0 0 
1 0 0 0 0 
0 1 0 0 0 
0 0 1 0 0 
0 0 0 0 0 
1 1 1 0 1 
0 0 0 0 1 
0 0 0 1 1 
0 0 0 0 0 
1 0 0 0 0 
1 0 1 1 0 
0 0 1 1 0 
0 0 0 1 0 
0 1 0 0 0 

JOBS [5] - [6, 4, 2, 0, 11]
TOOL SWITCHES : 9
MAKESPAN : 28

- MACHINE [1]

0 0 1 0 0 
0 0 0 1 0 
0 0 0 0 0 
1 1 0 1 0 
1 1 0 0 0 
0 0 0 0 0 
0 0 0 0 0 
0 0 0 1 1 
0 1 0 0 0 
0 0 0 0 0 
1 0 1 1 0 
1 1 1 1 0 
0 0 0 0 1 
0 1 0 1 1 
1 0 0 0 0 
0 0 0 0 0 
0 0 1 0 1 
0 0 1 0 0 
1 1 0 0 1 
0 1 1 0 1 

JOBS [5] - [10, 5, 13, 12, 3]
TOOL SWITCHES : 5
MAKESPAN : 29

- MACHINE [2]

1 0 1 0 0 
0 0 0 0 0 
0 1 0 0 0 
0 0 0 0 0 
0 0 0 0 1 
0 0 0 1 1 
0 1 1 0 0 
0 0 1 1 1 
0 0 0 0 0 
1 0 0 1 0 
0 0 0 0 0 
1 0 1 1 1 
0 0 0 0 0 
0 1 0 0 0 
1 0 0 1 0 
1 0 1 0 0 
0 0 0 0 0 
0 1 0 0 1 
0 1 0 0 0 
0 0 0 0 1 

JOBS [5] - [7, 14, 1, 9, 8]
TOOL SWITCHES : 1
MAKESPAN : 27

# -------------------------- #

--- TOTAL TOOL SWITCHES : 15
--- HIGHEST MAKESPAN : 29
--- TOTAL FLOWTIME : 235
--- RUNNING TIME : 0.727934

# -------------------------- #
RUN : 1 - instancias_txt/SSP-NPM-I/ins134_m=3_j=15_t=20_var=14.txt

- MACHINE [0]

0 0 0 
0 0 0 
1 0 0 
1 0 0 
0 1 1 
0 0 1 
0 0 0 
0 0 0 
1 0 0 
1 1 0 
0 1 1 
0 0 1 
0 1 1 
0 0 0 
0 0 0 
1 0 1 
0 1 0 
1 1 0 
0 0 0 
1 0 1 

JOBS [3] - [11, 13, 7]
TOOL SWITCHES : 7
MAKESPAN : 32

- MACHINE [1]

0 0 0 0 1 
0 0 0 0 0 
0 0 0 0 0 
1 0 0 1 0 
0 0 0 0 0 
0 1 1 0 0 
0 0 0 1 1 
1 1 0 1 0 
1 0 1 0 0 
0 1 1 0 0 
0 0 1 0 1 
0 1 1 1 1 
0 0 0 1 0 
1 0 1 0 1 
1 1 0 0 1 
0 0 0 0 0 
0 1 0 0 0 
0 1 0 1 0 
0 0 0 0 0 
0 0 0 1 1 

JOBS [5] - [14, 10, 12, 1, 0]
TOOL SWITCHES : 5
MAKESPAN : 33

- MACHINE [2]

1 0 0 1 1 0 0 
0 0 0 0 1 1 1 
0 0 0 0 0 0 0 
0 1 0 0 0 0 0 
0 0 1 0 1 0 1 
0 1 0 0 0 0 1 
0 0 0 1 1 1 0 
1 1 1 0 0 1 1 
0 0 0 1 0 0 1 
1 1 0 0 0 0 0 
0 0 0 0 0 0 0 
1 0 1 0 0 1 0 
0 0 1 0 0 1 0 
0 0 0 0 0 0 0 
0 1 0 0 0 1 1 
1 0 1 1 0 0 0 
0 0 0 0 0 0 0 
1 1 0 0 1 1 0 
0 0 0 0 1 0 0 
0 0 1 1 0 0 0 

JOBS [7] - [6, 9, 2, 4, 8, 3, 5]
TOOL SWITCHES : 3
MAKESPAN : 30

# -------------------------- #

--- TOTAL TOOL SWITCHES : 15
--- HIGHEST MAKESPAN : 33
--- TOTAL FLOWTIME : 251
--- RUNNING TIME : 0.948208

# -------------------------- #
RUN : 1 - instancias_txt/SSP-NPM-I/ins135_m=3_j=15_t=20_var=15.txt

- MACHINE [0]

0 0 0 1 1 
0 0 1 0 0 
0 0 0 0 0 
0 0 0 1 0 
1 0 0 0 0 
0 0 0 0 0 
1 1 1 1 1 
0 1 0 0 0 
0 0 0 0 1 
0 0 1 0 1 
1 0 0 0 0 
0 0 0 1 1 
0 0 1 0 0 
0 0 0 1 0 
0 1 0 0 0 
1 0 0 1 1 
1 1 1 0 0 
0 1 1 0 0 
0 0 0 0 0 
0 1 0 0 0 

JOBS [5] - [2, 7, 0, 11, 12]
TOOL SWITCHES : 10
MAKESPAN : 38

- MACHINE [1]

0 1 1 0 1 
0 0 0 0 0 
1 1 1 0 1 
0 0 0 0 0 
0 1 0 1 0 
1 0 1 0 0 
1 1 0 1 1 
1 0 0 0 0 
0 0 1 1 0 
1 0 0 0 0 
0 0 0 0 0 
0 0 0 0 0 
0 1 0 0 1 
0 0 0 1 1 
0 0 0 1 0 
0 0 1 0 1 
0 0 0 0 0 
0 0 0 1 1 
0 0 0 0 0 
0 1 1 0 0 

JOBS [5] - [4, 9, 10, 13, 5]
TOOL SWITCHES : 4
MAKESPAN : 38

- MACHINE [2]

0 0 0 0 0 
0 0 1 0 1 
0 1 1 0 0 
1 0 0 1 0 
0 0 1 1 0 
0 0 0 0 0 
0 0 0 1 1 
0 1 1 0 1 
0 0 0 0 0 
0 0 0 1 1 
1 0 0 0 0 
1 1 0 1 0 
0 0 0 0 0 
1 0 1 0 0 
0 0 0 1 0 
0 1 0 0 0 
0 0 0 0 0 
1 1 1 0 1 
1 1 0 1 0 
0 0 0 0 0 

JOBS [5] - [3, 6, 14, 1, 8]
TOOL SWITCHES : 1
MAKESPAN : 33

# -------------------------- #

--- TOTAL TOOL SWITCHES : 15
--- HIGHEST MAKESPAN : 38
--- TOTAL FLOWTIME : 286
--- RUNNING TIME : 0.845432

# -------------------------- #
RUN : 1 - instancias_txt/SSP-NPM-I/ins136_m=3_j=15_t=20_var=16.txt

- MACHINE [0]

0 0 0 0 1 
0 0 0 0 0 
0 0 1 1 1 
1 1 1 0 0 
0 0 0 0 0 
1 0 0 1 1 
0 0 0 0 1 
1 0 1 1 0 
0 1 1 1 1 
1 0 0 1 1 
1 0 0 0 0 
1 0 0 0 0 
0 0 0 0 0 
0 0 0 0 0 
0 0 0 0 0 
0 0 0 1 0 
0 1 0 0 0 
0 1 0 0 1 
0 0 0 0 0 
0 1 1 0 0 

JOBS [5] - [1, 11, 6, 14, 4]
TOOL SWITCHES : 8
MAKESPAN : 32

- MACHINE [1]

0 0 0 1 
0 1 0 0 
1 0 1 0 
0 0 0 0 
0 0 0 0 
1 1 0 0 
0 0 0 0 
0 0 1 1 
0 0 0 0 
1 0 0 0 
0 0 0 1 
0 1 1 0 
0 1 0 0 
1 0 0 1 
1 1 1 0 
0 0 1 0 
0 0 0 0 
0 0 0 0 
1 0 1 0 
1 1 1 1 

JOBS [4] - [13, 12, 5, 7]
TOOL SWITCHES : 4
MAKESPAN : 33

- MACHINE [2]

1 0 0 1 0 1 
0 0 0 0 0 1 
0 0 0 0 0 0 
0 1 0 0 1 1 
0 1 1 1 0 0 
0 0 1 0 0 0 
1 1 0 1 1 0 
0 0 0 1 0 0 
0 0 0 0 0 0 
0 0 0 0 0 0 
1 1 1 0 0 1 
0 0 1 0 1 0 
1 1 0 1 1 1 
0 1 0 0 1 0 
0 1 1 0 0 0 
1 0 0 0 1 1 
0 0 1 0 0 0 
0 0 0 0 0 0 
0 0 0 0 0 0 
0 0 0 1 0 0 

JOBS [6] - [8, 0, 2, 10, 9, 3]
TOOL SWITCHES : 2
MAKESPAN : 32

# -------------------------- #

--- TOTAL TOOL SWITCHES : 14
--- HIGHEST MAKESPAN : 33
--- TOTAL FLOWTIME : 250
--- RUNNING TIME : 0.942078

# -------------------------- #
RUN : 1 - instancias_txt/SSP-NPM-I/ins137_m=3_j=15_t=20_var=17.txt

- MACHINE [0]

0 0 0 0 
1 0 0 1 
1 1 0 1 
1 1 1 0 
0 0 0 0 
0 1 1 0 
0 0 0 0 
0 0 0 0 
0 0 0 1 
0 0 0 0 
0 0 0 0 
0 1 1 1 
0 1 1 0 
0 0 1 0 
1 1 1 0 
0 0 0 1 
0 0 0 0 
1 0 1 0 
0 0 0 1 
0 0 0 0 

JOBS [4] - [4, 14, 0, 6]
TOOL SWITCHES : 7
MAKESPAN : 26

- MACHINE [1]

0 1 1 0 1 1 
0 0 1 1 0 1 
0 0 0 0 0 0 
1 0 1 1 0 0 
1 1 0 0 0 0 
0 1 1 0 0 0 
0 0 1 0 1 0 
1 1 0 0 0 0 
0 0 0 0 0 0 
1 0 0 0 1 1 
0 0 0 0 0 0 
0 0 0 0 0 0 
0 0 0 1 1 1 
0 0 0 0 0 0 
1 0 0 1 1 0 
0 1 0 1 0 0 
0 0 0 0 0 0 
1 0 0 0 0 1 
0 0 0 0 1 0 
0 1 0 0 0 1 

JOBS [6] - [8, 3, 11, 9, 1, 10]
TOOL SWITCHES : 4
MAKESPAN : 27

- MACHINE [2]

0 0 0 1 0 
1 1 0 0 0 
1 1 0 1 0 
0 0 0 0 0 
0 0 0 0 0 
1 0 0 1 0 
0 0 0 0 0 
0 1 0 0 1 
1 1 1 0 1 
1 0 1 1 0 
0 0 0 0 0 
0 0 1 0 1 
0 1 0 0 0 
0 0 0 0 1 
0 0 0 1 0 
0 0 0 1 0 
0 0 0 0 1 
0 0 0 0 0 
0 0 1 1 1 
1 1 1 0 0 

JOBS [5] - [2, 13, 5, 12, 7]
TOOL SWITCHES : 2
MAKESPAN : 24

# -------------------------- #

--- TOTAL TOOL SWITCHES : 13
--- HIGHEST MAKESPAN : 27
--- TOTAL FLOWTIME : 212
--- RUNNING TIME : 0.828934

# -------------------------- #
RUN : 1 - instancias_txt/SSP-NPM-I/ins138_m=3_j=15_t=20_var=18.txt

- MACHINE [0]

0 0 1 0 
0 1 0 0 
1 1 0 0 
0 0 0 0 
0 1 0 0 
1 1 1 0 
0 0 0 0 
1 1 0 0 
0 0 0 0 
1 0 0 0 
0 0 1 1 
1 0 0 0 
0 0 1 0 
0 0 1 1 
0 0 0 0 
1 0 0 1 
0 0 0 1 
0 0 0 0 
0 0 0 0 
0 0 0 1 

JOBS [4] - [13, 1, 10, 3]
TOOL SWITCHES : 7
MAKESPAN : 26

- MACHINE [1]

0 0 0 0 1 
0 1 0 0 0 
0 1 0 0 1 
0 0 0 0 0 
0 0 1 1 0 
0 1 0 1 1 
0 0 0 1 0 
1 0 0 0 0 
1 1 0 0 0 
1 0 0 1 0 
0 0 1 1 0 
1 0 1 1 0 
0 1 0 0 0 
1 1 1 0 1 
0 0 0 0 0 
0 0 1 0 1 
1 0 0 0 0 
0 0 0 0 0 
0 0 0 1 1 
1 0 1 0 0 

JOBS [5] - [8, 12, 4, 7, 9]
TOOL SWITCHES : 7
MAKESPAN : 29

- MACHINE [2]

0 0 1 1 0 1 
1 0 0 1 1 0 
0 1 0 0 0 1 
1 1 1 1 0 0 
0 0 1 0 1 0 
0 0 0 1 1 1 
1 1 0 0 0 1 
1 1 0 0 0 1 
0 1 0 0 0 0 
0 0 0 0 0 0 
1 0 0 0 0 0 
0 0 0 0 0 1 
0 0 1 0 1 0 
0 0 0 0 0 0 
1 0 1 0 0 0 
0 1 0 0 0 0 
1 0 0 1 0 0 
0 0 0 0 0 0 
0 0 0 0 0 0 
0 1 0 0 1 0 

JOBS [6] - [0, 6, 5, 14, 2, 11]
TOOL SWITCHES : 3
MAKESPAN : 29

# -------------------------- #

--- TOTAL TOOL SWITCHES : 17
--- HIGHEST MAKESPAN : 29
--- TOTAL FLOWTIME : 225
--- RUNNING TIME : 0.962849

# -------------------------- #
RUN : 1 - instancias_txt/SSP-NPM-I/ins139_m=3_j=15_t=20_var=19.txt

- MACHINE [0]

0 1 1 0 
1 0 0 1 
1 0 0 0 
1 0 0 0 
0 0 0 0 
0 0 0 0 
0 1 1 0 
1 1 0 0 
0 0 0 1 
0 0 1 1 
1 1 0 1 
0 0 0 0 
0 0 1 0 
1 0 0 0 
0 1 0 0 
0 0 0 0 
1 1 1 0 
0 0 0 1 
0 0 1 1 
0 0 0 1 

JOBS [4] - [3, 1, 0, 2]
TOOL SWITCHES : 10
MAKESPAN : 35

- MACHINE [1]

0 0 1 0 
0 0 1 1 
0 0 0 0 
0 0 1 1 
0 1 1 0 
0 0 0 0 
1 1 0 0 
0 0 0 0 
0 0 0 0 
0 0 0 0 
0 1 0 1 
0 1 1 0 
1 0 0 1 
1 0 0 0 
1 0 0 1 
1 1 0 0 
1 0 0 0 
1 1 0 1 
0 1 1 1 
0 0 0 0 

JOBS [4] - [6, 10, 11, 7]
TOOL SWITCHES : 4
MAKESPAN : 34

- MACHINE [2]

0 1 1 0 1 1 0 
0 0 0 0 0 0 0 
1 1 0 1 0 0 1 
0 0 0 0 0 0 0 
0 0 0 0 0 0 1 
0 0 0 0 0 0 0 
0 1 0 1 0 1 0 
1 0 1 1 1 0 0 
0 0 0 1 1 0 0 
0 1 1 0 0 1 1 
0 0 1 0 1 0 0 
0 0 0 1 0 0 0 
0 0 0 0 1 0 1 
1 1 1 0 0 1 1 
0 0 0 0 0 0 0 
1 1 1 0 1 0 0 
0 0 0 0 0 1 1 
0 0 0 0 0 0 0 
1 0 0 1 0 0 0 
0 1 1 0 0 0 0 

JOBS [7] - [4, 12, 5, 14, 9, 13, 8]
TOOL SWITCHES : 2
MAKESPAN : 33

# -------------------------- #

--- TOTAL TOOL SWITCHES : 16
--- HIGHEST MAKESPAN : 35
--- TOTAL FLOWTIME : 261
--- RUNNING TIME : 0.921763

# -------------------------- #
RUN : 1 - instancias_txt/SSP-NPM-I/ins140_m=3_j=15_t=20_var=20.txt

- MACHINE [0]

0 0 0 0 
0 0 0 0 
0 1 0 0 
0 0 1 1 
1 1 0 0 
0 0 0 0 
0 0 1 0 
0 0 0 0 
1 0 1 1 
1 0 0 0 
0 0 0 0 
0 0 0 0 
0 1 1 0 
1 0 0 0 
1 1 1 0 
1 0 1 1 
1 1 0 1 
0 0 0 1 
0 0 0 1 
0 0 0 0 

JOBS [4] - [14, 11, 12, 9]
TOOL SWITCHES : 6
MAKESPAN : 29

- MACHINE [1]

1 0 0 1 
0 0 0 0 
0 0 0 0 
0 0 0 0 
0 0 0 0 
1 1 0 0 
1 1 0 0 
0 1 0 1 
0 1 0 0 
0 1 1 0 
1 0 1 0 
0 0 1 0 
0 0 0 0 
0 0 0 0 
0 0 1 0 
0 0 0 1 
1 0 0 1 
0 0 0 0 
0 1 1 1 
0 0 0 1 

JOBS [4] - [13, 6, 2, 0]
TOOL SWITCHES : 3
MAKESPAN : 26

- MACHINE [2]

1 0 0 1 0 0 1 
1 1 1 0 1 1 0 
0 0 0 1 1 1 0 
0 0 0 1 1 0 0 
0 0 0 0 0 0 0 
0 0 0 1 0 0 0 
1 0 0 0 1 0 0 
0 0 0 1 1 1 1 
0 0 0 0 0 1 0 
0 1 1 0 0 1 0 
0 0 1 0 1 1 1 
0 0 0 0 0 0 0 
1 1 1 0 0 0 0 
0 0 0 1 0 0 1 
1 1 1 0 0 0 0 
0 0 0 0 0 0 0 
0 1 0 1 0 1 0 
0 0 0 0 0 0 0 
0 0 0 0 0 0 1 
0 1 1 0 0 0 0 

JOBS [7] - [1, 8, 7, 10, 5, 4, 3]
TOOL SWITCHES : 3
MAKESPAN : 29

# -------------------------- #

--- TOTAL TOOL SWITCHES : 12
--- HIGHEST MAKESPAN : 29
--- TOTAL FLOWTIME : 203
--- RUNNING TIME : 0.993727

# -------------------------- #


avg : 31.7
