RUN : 1 - instancias_txt/SSP-NPM-I/ins121_m=3_j=15_t=20_var=1.txt

- MACHINE [0]

1 
0 
1 
0 
1 
1 
1 
0 
0 
0 
0 
0 
0 
1 
0 
0 
1 
0 
0 
0 

JOBS [1] - [9]
TOOL SWITCHES : 0
MAKESPAN : 6

- MACHINE [1]

0 0 
1 1 
0 1 
0 0 
0 0 
0 0 
0 0 
0 1 
1 0 
0 0 
0 0 
0 1 
1 1 
1 0 
1 1 
0 1 
0 0 
0 0 
1 0 
0 0 

JOBS [2] - [1, 5]
TOOL SWITCHES : 0
MAKESPAN : 13

- MACHINE [2]

0 0 0 1 0 0 1 0 0 0 1 1 
0 0 0 0 0 0 0 0 0 1 1 1 
0 0 0 0 0 0 0 0 0 0 0 0 
0 0 0 0 0 1 1 1 0 0 0 0 
0 1 1 0 0 1 1 1 1 0 0 0 
0 0 0 0 0 0 0 1 1 1 0 0 
0 1 0 0 1 1 0 0 0 0 0 0 
1 0 1 0 0 1 0 0 0 0 0 0 
0 1 0 1 0 0 0 0 0 0 0 0 
1 1 1 0 0 0 0 0 0 0 0 0 
0 0 1 0 1 0 0 0 0 1 0 1 
1 0 0 0 0 1 1 0 0 0 1 0 
1 1 0 0 1 0 0 0 1 1 0 0 
1 0 0 1 0 0 0 0 0 0 0 0 
0 0 1 1 1 1 0 0 1 1 0 0 
0 0 0 0 0 0 0 0 1 1 1 0 
0 1 0 0 0 0 1 1 0 0 1 1 
0 0 0 0 1 0 1 1 1 0 1 1 
1 0 1 1 1 0 1 0 1 1 0 0 
1 1 0 0 0 1 0 1 0 0 0 1 

JOBS [12] - [12, 7, 11, 13, 10, 2, 14, 0, 3, 4, 8, 6]
TOOL SWITCHES : 6
MAKESPAN : 96

# -------------------------- #

--- TOTAL TOOL SWITCHES : 6
--- HIGHEST MAKESPAN : 96
--- TOTAL FLOWTIME : 579
--- RUNNING TIME : 4.20118

# -------------------------- #
RUN : 1 - instancias_txt/SSP-NPM-I/ins122_m=3_j=15_t=20_var=2.txt

- MACHINE [0]

0 0 
0 0 
0 0 
0 0 
1 1 
0 0 
0 0 
1 1 
0 0 
0 0 
0 0 
0 0 
1 1 
0 0 
0 0 
1 1 
0 1 
1 0 
0 1 
0 0 

JOBS [2] - [9, 13]
TOOL SWITCHES : 0
MAKESPAN : 11

- MACHINE [1]

1 0 1 
0 0 0 
1 0 0 
0 0 0 
0 1 1 
1 0 1 
0 0 0 
0 0 0 
0 0 0 
0 1 1 
0 1 1 
0 0 0 
0 0 0 
0 0 1 
0 0 0 
1 0 0 
1 1 0 
0 0 0 
1 1 0 
0 0 0 

JOBS [3] - [14, 8, 7]
TOOL SWITCHES : 0
MAKESPAN : 8

- MACHINE [2]

1 1 1 0 0 0 0 0 0 0 
0 0 1 0 0 0 1 1 0 0 
0 1 0 1 0 1 0 1 1 1 
0 0 0 0 0 0 1 0 0 1 
0 0 0 0 0 1 0 0 1 0 
0 0 0 1 0 0 1 1 0 0 
0 0 1 0 1 0 0 0 0 1 
0 0 0 0 0 1 0 0 0 0 
0 1 0 1 0 0 0 1 1 1 
0 0 1 0 1 0 0 1 0 0 
0 0 0 0 0 0 0 0 0 0 
1 0 0 1 1 0 0 0 0 0 
0 0 0 0 0 0 0 0 0 0 
0 0 0 1 0 0 1 0 1 0 
1 0 0 0 1 0 0 0 0 1 
1 0 0 0 0 0 1 1 1 1 
0 1 0 1 0 1 0 0 1 0 
1 0 1 0 1 0 0 0 0 0 
0 0 0 0 0 0 0 0 0 0 
1 1 0 1 0 1 0 1 0 1 

JOBS [10] - [11, 12, 5, 2, 4, 3, 10, 6, 1, 0]
TOOL SWITCHES : 4
MAKESPAN : 77

# -------------------------- #

--- TOTAL TOOL SWITCHES : 4
--- HIGHEST MAKESPAN : 77
--- TOTAL FLOWTIME : 391
--- RUNNING TIME : 2.61521

# -------------------------- #
RUN : 1 - instancias_txt/SSP-NPM-I/ins123_m=3_j=15_t=20_var=3.txt

- MACHINE [0]

1 
0 
1 
0 
0 
0 
1 
0 
0 
1 
0 
0 
0 
1 
1 
0 
0 
0 
0 
1 

JOBS [1] - [13]
TOOL SWITCHES : 0
MAKESPAN : 10

- MACHINE [1]

0 0 0 0 0 0 0 0 0 0 
0 0 0 0 1 0 1 1 1 1 
0 0 0 0 0 0 0 0 0 1 
0 1 0 0 1 1 0 1 1 0 
1 0 0 1 1 0 0 0 0 0 
1 1 0 1 1 1 0 0 0 1 
1 0 1 0 0 0 0 0 0 0 
1 1 1 1 0 1 0 0 1 1 
0 0 0 0 0 0 0 0 0 0 
0 0 0 0 0 0 0 1 1 0 
1 0 0 0 0 0 1 0 0 0 
0 0 1 1 0 0 0 0 0 0 
0 0 0 0 0 0 0 0 0 0 
0 0 0 0 0 0 1 0 1 0 
1 1 0 1 0 1 0 0 0 0 
0 0 0 1 0 0 1 1 1 1 
0 1 1 0 1 1 1 1 0 0 
0 0 0 0 0 1 0 0 1 0 
0 0 0 0 0 0 0 0 0 0 
0 0 1 0 0 0 0 1 0 1 

JOBS [10] - [3, 2, 4, 11, 12, 14, 10, 5, 1, 6]
TOOL SWITCHES : 6
MAKESPAN : 64

- MACHINE [2]

0 0 0 0 
0 0 0 0 
0 0 0 0 
0 1 1 0 
0 0 0 1 
1 1 1 0 
0 1 0 0 
0 0 0 1 
0 1 1 0 
1 0 0 0 
0 1 1 1 
0 0 0 1 
1 0 0 1 
1 0 1 1 
0 0 0 0 
0 0 0 0 
0 1 0 0 
0 0 0 1 
1 1 0 0 
0 0 0 0 

JOBS [4] - [8, 7, 9, 0]
TOOL SWITCHES : 1
MAKESPAN : 19

# -------------------------- #

--- TOTAL TOOL SWITCHES : 7
--- HIGHEST MAKESPAN : 64
--- TOTAL FLOWTIME : 400
--- RUNNING TIME : 2.32134

# -------------------------- #
RUN : 1 - instancias_txt/SSP-NPM-I/ins124_m=3_j=15_t=20_var=4.txt

- MACHINE [0]

0 
1 
0 
0 
1 
1 
0 
0 
0 
1 
0 
0 
0 
0 
1 
0 
0 
0 
0 
0 

JOBS [1] - [6]
TOOL SWITCHES : 0
MAKESPAN : 7

- MACHINE [1]

0 0 0 1 
0 0 0 0 
0 0 1 0 
0 0 0 0 
0 0 0 0 
0 0 0 0 
0 1 0 1 
0 0 0 0 
1 1 0 0 
0 0 0 0 
1 0 0 1 
1 1 1 0 
0 0 1 0 
0 0 1 1 
1 1 1 0 
0 1 0 1 
0 0 0 0 
1 0 1 0 
0 0 0 0 
0 0 0 0 

JOBS [4] - [10, 3, 8, 0]
TOOL SWITCHES : 1
MAKESPAN : 36

- MACHINE [2]

0 0 1 1 0 0 1 0 0 1 
1 0 0 1 0 1 0 1 0 0 
0 1 1 0 0 1 1 0 1 1 
0 0 1 0 0 0 0 0 1 1 
0 0 0 0 0 0 0 0 0 0 
0 0 0 0 0 0 0 0 1 0 
1 0 0 1 0 0 0 1 1 1 
0 0 1 0 1 1 0 1 0 0 
0 0 0 1 1 1 0 0 1 0 
0 1 0 0 1 1 1 0 0 0 
0 1 1 0 0 1 1 0 0 0 
1 1 1 0 1 0 0 0 0 0 
0 0 0 0 1 0 1 0 0 1 
1 0 0 0 0 0 0 1 0 0 
0 0 0 0 0 0 0 0 0 0 
0 0 0 0 0 0 0 0 0 0 
0 0 0 0 0 0 1 1 1 0 
0 0 0 0 0 0 0 0 0 0 
1 0 0 0 1 0 1 1 1 0 
1 1 1 1 0 0 0 0 0 0 

JOBS [10] - [12, 5, 4, 7, 13, 11, 14, 2, 1, 9]
TOOL SWITCHES : 3
MAKESPAN : 63

# -------------------------- #

--- TOTAL TOOL SWITCHES : 4
--- HIGHEST MAKESPAN : 63
--- TOTAL FLOWTIME : 404
--- RUNNING TIME : 3.37951

# -------------------------- #
RUN : 1 - instancias_txt/SSP-NPM-I/ins125_m=3_j=15_t=20_var=5.txt

- MACHINE [0]

0 
0 
0 
0 
0 
0 
0 
0 
0 
1 
0 
0 
1 
1 
1 
1 
0 
0 
1 
0 

JOBS [1] - [7]
TOOL SWITCHES : 0
MAKESPAN : 2

- MACHINE [1]

1 0 
0 0 
0 0 
1 1 
0 1 
0 0 
0 0 
0 0 
1 1 
1 0 
0 0 
0 0 
0 0 
0 1 
0 1 
0 0 
1 0 
0 0 
1 0 
0 1 

JOBS [2] - [2, 6]
TOOL SWITCHES : 0
MAKESPAN : 10

- MACHINE [2]

1 1 0 0 1 0 0 1 0 0 0 1 
1 1 0 0 1 0 0 0 1 0 0 0 
0 0 0 0 1 1 0 0 0 0 0 0 
0 0 0 0 0 0 0 0 1 0 1 1 
1 1 1 0 0 0 0 0 0 0 0 0 
0 0 1 0 1 0 0 1 1 1 0 1 
0 0 0 1 0 1 1 0 1 1 1 0 
0 0 0 1 0 1 1 0 1 0 1 0 
0 1 0 0 0 1 0 1 0 1 0 0 
0 1 0 0 0 0 0 0 0 1 1 0 
0 0 0 0 0 1 1 1 0 0 0 0 
1 0 1 1 0 0 0 0 0 0 0 0 
0 0 0 0 0 0 0 1 0 0 1 0 
0 0 0 0 0 0 1 1 1 1 0 1 
0 0 0 0 0 0 0 0 0 0 0 0 
1 0 0 1 1 1 0 0 0 0 0 1 
0 0 0 1 1 1 1 0 0 0 0 0 
1 1 1 0 0 0 1 0 0 0 1 0 
0 0 0 0 1 0 0 0 0 0 0 0 
1 0 1 1 0 0 0 1 1 0 0 0 

JOBS [12] - [14, 3, 12, 1, 5, 9, 4, 0, 8, 13, 11, 10]
TOOL SWITCHES : 6
MAKESPAN : 84

# -------------------------- #

--- TOTAL TOOL SWITCHES : 6
--- HIGHEST MAKESPAN : 84
--- TOTAL FLOWTIME : 589
--- RUNNING TIME : 3.62482

# -------------------------- #
RUN : 1 - instancias_txt/SSP-NPM-I/ins126_m=3_j=15_t=20_var=6.txt

- MACHINE [0]

1 
0 
1 
0 
0 
1 
1 
1 
1 
0 
0 
0 
1 
0 
0 
0 
0 
0 
0 
0 

JOBS [1] - [12]
TOOL SWITCHES : 0
MAKESPAN : 5

- MACHINE [1]

0 0 
0 0 
1 0 
0 1 
1 0 
0 0 
0 1 
0 0 
0 1 
0 0 
1 0 
1 1 
0 0 
0 0 
0 1 
0 0 
0 0 
0 0 
1 0 
0 0 

JOBS [2] - [4, 14]
TOOL SWITCHES : 0
MAKESPAN : 10

- MACHINE [2]

0 0 0 0 0 0 0 1 1 1 0 1 
0 0 0 0 0 1 1 1 1 0 0 0 
0 0 0 0 0 0 0 0 0 0 0 0 
1 0 0 0 0 0 0 1 0 0 0 1 
1 1 0 1 0 0 0 0 0 0 0 0 
0 0 0 0 1 1 0 0 0 0 0 0 
0 0 0 0 0 0 0 0 1 1 1 0 
1 1 1 0 0 1 0 0 1 1 1 0 
1 0 0 1 0 0 0 0 0 0 0 0 
1 1 0 1 0 0 0 0 0 0 1 0 
0 1 0 0 1 0 1 1 0 1 0 1 
1 0 1 0 0 0 0 0 0 0 0 0 
0 0 0 1 1 0 0 1 0 0 0 1 
0 0 1 0 0 0 0 0 0 0 1 1 
0 1 1 0 1 0 1 0 1 0 1 0 
0 0 0 1 1 1 1 1 0 0 0 0 
0 0 1 0 0 0 1 0 0 0 0 0 
0 0 1 0 0 1 0 0 0 1 0 0 
1 1 0 0 1 0 1 0 1 0 0 1 
0 0 0 0 0 0 1 1 0 1 0 1 

JOBS [12] - [8, 13, 2, 6, 0, 9, 3, 5, 10, 1, 11, 7]
TOOL SWITCHES : 6
MAKESPAN : 84

# -------------------------- #

--- TOTAL TOOL SWITCHES : 6
--- HIGHEST MAKESPAN : 84
--- TOTAL FLOWTIME : 548
--- RUNNING TIME : 3.16434

# -------------------------- #
RUN : 1 - instancias_txt/SSP-NPM-I/ins127_m=3_j=15_t=20_var=7.txt

- MACHINE [0]

0 
1 
0 
0 
0 
0 
0 
0 
1 
0 
1 
0 
0 
1 
1 
1 
0 
1 
0 
0 

JOBS [1] - [8]
TOOL SWITCHES : 0
MAKESPAN : 9

- MACHINE [1]

0 0 1 1 1 1 1 0 0 0 
0 0 0 1 1 1 0 0 1 1 
0 0 0 0 0 0 0 0 0 1 
0 0 0 1 1 1 1 0 0 1 
0 0 0 0 0 0 0 0 0 1 
0 1 0 1 0 0 0 1 1 0 
1 1 0 0 0 1 1 0 0 0 
0 0 0 0 0 1 1 1 0 1 
0 0 0 0 0 0 0 0 0 0 
0 0 0 0 0 0 0 0 0 0 
1 1 1 1 1 0 0 0 0 1 
0 0 0 0 0 0 0 1 1 0 
1 0 0 0 0 0 1 1 1 0 
1 1 1 0 0 0 0 0 0 0 
0 0 0 0 0 0 0 0 0 0 
0 0 1 0 1 0 0 0 0 0 
0 0 1 0 0 0 0 0 1 0 
1 1 0 0 0 0 0 0 0 0 
1 0 1 0 0 0 0 0 0 0 
0 0 0 0 1 1 0 1 0 0 

JOBS [10] - [5, 6, 7, 11, 3, 12, 1, 9, 4, 2]
TOOL SWITCHES : 7
MAKESPAN : 75

- MACHINE [2]

0 0 0 0 
0 0 0 0 
1 0 0 0 
0 0 1 0 
0 0 0 0 
1 1 0 1 
1 1 0 0 
1 0 1 0 
0 1 1 1 
1 1 0 0 
0 0 0 0 
0 0 0 1 
0 0 0 0 
0 0 0 0 
0 0 1 1 
0 0 1 1 
0 0 1 0 
0 0 0 0 
1 1 0 1 
0 0 0 1 

JOBS [4] - [10, 14, 13, 0]
TOOL SWITCHES : 0
MAKESPAN : 35

# -------------------------- #

--- TOTAL TOOL SWITCHES : 7
--- HIGHEST MAKESPAN : 75
--- TOTAL FLOWTIME : 460
--- RUNNING TIME : 2.54396

# -------------------------- #
RUN : 1 - instancias_txt/SSP-NPM-I/ins128_m=3_j=15_t=20_var=8.txt

- MACHINE [0]

0 
0 
0 
1 
0 
0 
0 
1 
1 
1 
0 
1 
1 
0 
0 
0 
0 
0 
0 
1 

JOBS [1] - [4]
TOOL SWITCHES : 0
MAKESPAN : 1

- MACHINE [1]

0 0 0 
0 0 0 
0 0 0 
0 1 0 
0 0 0 
1 1 0 
0 0 0 
0 0 0 
0 0 0 
0 0 0 
1 1 0 
1 0 0 
0 0 1 
0 1 0 
1 1 1 
1 0 1 
0 0 0 
0 1 1 
1 1 1 
0 0 0 

JOBS [3] - [14, 12, 1]
TOOL SWITCHES : 0
MAKESPAN : 9

- MACHINE [2]

0 1 0 0 1 1 1 0 0 0 1 
0 0 1 1 1 0 0 1 0 0 0 
0 0 0 0 0 0 0 0 0 1 1 
0 0 1 1 0 0 0 0 0 0 0 
1 0 0 1 0 1 0 0 1 0 1 
0 0 0 0 0 1 1 0 0 0 0 
0 0 0 0 0 1 0 1 0 0 0 
0 0 0 0 0 0 1 1 0 0 1 
0 1 1 0 0 0 0 0 1 1 1 
0 0 1 0 1 0 0 0 1 1 0 
1 0 0 0 1 0 0 0 0 0 0 
0 0 0 0 0 0 0 0 0 0 0 
0 0 0 1 0 1 0 0 0 0 0 
0 1 1 0 1 0 0 1 0 1 0 
0 1 1 1 0 1 1 0 0 0 0 
0 0 0 0 0 0 0 1 1 1 1 
1 1 1 0 0 0 0 0 0 0 1 
0 0 0 0 0 0 0 0 1 0 0 
1 0 0 1 1 0 1 1 0 0 0 
1 1 0 0 0 0 1 0 0 1 0 

JOBS [11] - [3, 11, 9, 2, 0, 5, 8, 7, 6, 13, 10]
TOOL SWITCHES : 6
MAKESPAN : 88

# -------------------------- #

--- TOTAL TOOL SWITCHES : 6
--- HIGHEST MAKESPAN : 88
--- TOTAL FLOWTIME : 486
--- RUNNING TIME : 3.88256

# -------------------------- #
RUN : 1 - instancias_txt/SSP-NPM-I/ins129_m=3_j=15_t=20_var=9.txt

- MACHINE [0]






















JOBS [0] - []
TOOL SWITCHES : 0
MAKESPAN : 0

- MACHINE [1]

0 0 
0 0 
0 0 
0 0 
0 1 
1 0 
0 1 
0 0 
1 1 
1 1 
0 0 
1 0 
0 0 
1 0 
0 1 
0 0 
0 1 
0 0 
1 0 
0 0 

JOBS [2] - [1, 2]
TOOL SWITCHES : 0
MAKESPAN : 12

- MACHINE [2]

0 0 0 0 0 0 0 1 1 0 0 0 1 
0 0 1 0 0 0 1 0 0 1 1 0 0 
0 0 0 0 1 0 1 1 0 0 0 0 0 
0 0 0 0 0 0 0 0 1 0 1 1 0 
0 1 1 0 1 0 0 0 0 0 0 0 0 
0 0 0 1 0 1 0 0 0 0 0 1 0 
0 0 0 0 0 0 0 0 0 0 0 0 0 
1 1 0 0 0 0 0 0 0 1 0 1 1 
0 1 0 1 1 0 0 0 0 0 0 0 0 
0 0 0 0 0 0 0 0 0 0 0 0 0 
0 0 0 0 0 0 0 0 1 1 1 0 0 
0 0 0 0 0 1 1 0 1 0 1 0 0 
1 1 0 1 1 0 0 1 0 0 0 0 0 
0 0 1 0 0 1 0 1 0 0 0 1 0 
0 1 1 0 0 0 1 0 1 0 1 0 0 
0 0 0 0 0 1 1 0 0 0 0 0 0 
1 0 1 1 0 0 0 0 0 1 0 1 1 
1 1 0 1 1 1 0 1 0 0 0 0 1 
1 0 0 0 1 0 0 0 0 1 0 1 1 
1 0 0 1 0 1 0 1 0 0 0 1 0 

JOBS [13] - [11, 5, 8, 0, 13, 12, 14, 10, 9, 3, 4, 7, 6]
TOOL SWITCHES : 5
MAKESPAN : 65

# -------------------------- #

--- TOTAL TOOL SWITCHES : 5
--- HIGHEST MAKESPAN : 65
--- TOTAL FLOWTIME : 450
--- RUNNING TIME : 3.08004

# -------------------------- #
RUN : 1 - instancias_txt/SSP-NPM-I/ins130_m=3_j=15_t=20_var=10.txt

- MACHINE [0]

0 
1 
1 
0 
1 
0 
1 
0 
0 
0 
0 
0 
0 
0 
1 
0 
0 
0 
1 
1 

JOBS [1] - [11]
TOOL SWITCHES : 0
MAKESPAN : 8

- MACHINE [1]

1 1 
0 0 
1 0 
1 0 
0 0 
0 1 
0 0 
0 0 
1 1 
0 0 
0 0 
0 0 
1 0 
1 0 
0 0 
0 0 
0 1 
0 0 
0 0 
1 1 

JOBS [2] - [4, 13]
TOOL SWITCHES : 0
MAKESPAN : 12

- MACHINE [2]

0 0 0 0 1 0 1 1 0 1 1 0 
0 1 1 1 0 0 0 1 1 0 0 0 
0 0 0 0 0 1 0 0 0 1 1 0 
0 0 0 0 0 0 0 0 0 0 0 0 
1 1 0 0 0 0 0 0 0 0 0 0 
0 0 0 0 0 0 0 1 1 1 0 0 
0 0 0 0 0 0 0 0 0 0 0 0 
0 0 1 0 1 1 1 1 1 0 0 0 
0 0 1 0 1 0 0 0 0 0 0 0 
0 1 0 1 0 0 1 1 0 0 1 0 
1 0 1 0 0 1 0 0 0 1 0 0 
0 0 0 0 0 0 1 0 0 0 0 1 
1 0 0 1 0 1 0 0 1 0 1 1 
1 1 0 0 0 1 1 0 1 0 1 0 
1 0 1 0 0 0 0 0 1 0 0 1 
1 0 0 1 1 0 1 0 0 1 0 1 
1 0 0 1 1 1 0 0 1 0 1 0 
0 1 1 1 0 1 0 0 0 0 0 0 
0 0 0 0 0 0 0 0 0 1 0 1 
0 0 0 0 1 0 0 0 0 0 0 0 

JOBS [12] - [3, 7, 10, 9, 5, 2, 8, 12, 0, 14, 1, 6]
TOOL SWITCHES : 5
MAKESPAN : 82

# -------------------------- #

--- TOTAL TOOL SWITCHES : 5
--- HIGHEST MAKESPAN : 82
--- TOTAL FLOWTIME : 462
--- RUNNING TIME : 3.94892

# -------------------------- #
RUN : 1 - instancias_txt/SSP-NPM-I/ins131_m=3_j=15_t=20_var=11.txt

- MACHINE [0]

0 
0 
0 
0 
0 
1 
1 
1 
0 
1 
1 
0 
1 
0 
0 
0 
0 
0 
0 
1 

JOBS [1] - [1]
TOOL SWITCHES : 0
MAKESPAN : 4

- MACHINE [1]

0 0 
0 1 
1 0 
0 0 
1 1 
0 0 
0 0 
0 0 
0 0 
0 0 
0 0 
1 0 
1 1 
0 0 
1 0 
1 0 
0 0 
0 1 
1 0 
0 1 

JOBS [2] - [5, 10]
TOOL SWITCHES : 0
MAKESPAN : 8

- MACHINE [2]

1 0 1 0 0 0 0 1 1 1 1 0 
0 0 0 0 0 0 1 1 0 1 0 1 
0 0 0 0 0 0 0 0 0 0 0 0 
0 0 0 1 0 0 1 0 0 0 1 0 
0 0 1 1 1 0 0 0 0 0 1 1 
0 0 1 1 1 0 0 0 0 0 0 0 
0 0 0 0 0 0 1 0 0 1 0 0 
0 1 0 0 1 0 0 0 0 0 0 0 
1 1 0 0 0 0 0 1 1 0 0 0 
1 0 0 0 0 1 0 0 0 0 0 1 
0 1 1 1 0 0 0 1 1 0 0 1 
0 0 0 0 0 1 0 0 1 1 1 0 
0 0 0 0 0 0 0 0 0 1 1 0 
1 0 0 0 0 1 1 0 0 0 1 0 
0 1 0 0 0 1 1 1 1 0 0 1 
0 0 0 0 0 0 0 0 1 1 0 1 
1 1 0 1 0 1 0 0 0 0 0 0 
0 0 0 0 0 0 0 0 0 0 0 0 
0 1 0 0 1 0 0 0 0 1 1 0 
1 0 1 1 1 1 0 1 0 0 0 0 

JOBS [12] - [3, 13, 12, 8, 9, 2, 4, 7, 14, 6, 0, 11]
TOOL SWITCHES : 5
MAKESPAN : 83

# -------------------------- #

--- TOTAL TOOL SWITCHES : 5
--- HIGHEST MAKESPAN : 83
--- TOTAL FLOWTIME : 526
--- RUNNING TIME : 4.23105

# -------------------------- #
RUN : 1 - instancias_txt/SSP-NPM-I/ins132_m=3_j=15_t=20_var=12.txt

- MACHINE [0]

0 
0 
1 
0 
0 
1 
0 
0 
0 
1 
1 
1 
0 
1 
0 
0 
0 
0 
0 
0 

JOBS [1] - [12]
TOOL SWITCHES : 0
MAKESPAN : 3

- MACHINE [1]

1 1 0 
0 0 0 
0 0 0 
1 1 0 
0 1 0 
0 0 0 
0 0 1 
1 1 0 
0 0 0 
0 0 0 
0 0 0 
1 1 1 
0 0 0 
1 0 1 
0 0 1 
0 0 0 
1 1 1 
0 0 0 
0 0 1 
0 0 0 

JOBS [3] - [2, 6, 13]
TOOL SWITCHES : 0
MAKESPAN : 20

- MACHINE [2]

1 0 0 0 1 1 1 0 0 0 1 
0 0 0 1 1 1 0 0 0 0 0 
0 0 0 0 0 0 0 1 0 1 0 
0 1 0 1 0 1 1 0 1 0 1 
1 1 1 0 0 0 0 0 0 0 0 
0 0 0 0 0 0 0 0 0 0 0 
0 0 0 1 0 0 1 1 0 1 0 
0 0 1 0 0 1 0 0 1 1 1 
1 1 1 0 1 0 0 0 0 0 1 
0 0 0 1 0 1 0 0 1 1 0 
1 1 0 0 0 0 0 1 1 1 0 
0 0 0 0 0 0 1 0 0 0 0 
0 0 1 0 0 0 0 0 0 0 0 
0 0 0 1 1 0 1 0 0 0 0 
1 0 0 0 1 1 0 1 1 0 0 
1 0 0 1 0 0 0 0 0 1 1 
0 0 0 0 0 0 0 0 0 0 0 
0 1 1 0 0 0 0 1 0 0 0 
0 0 0 0 0 0 0 0 0 0 0 
0 1 0 0 0 0 1 0 1 1 0 

JOBS [11] - [14, 9, 3, 5, 1, 4, 11, 8, 10, 7, 0]
TOOL SWITCHES : 4
MAKESPAN : 70

# -------------------------- #

--- TOTAL TOOL SWITCHES : 4
--- HIGHEST MAKESPAN : 70
--- TOTAL FLOWTIME : 408
--- RUNNING TIME : 3.15433

# -------------------------- #
RUN : 1 - instancias_txt/SSP-NPM-I/ins133_m=3_j=15_t=20_var=13.txt

- MACHINE [0]

0 
1 
1 
0 
0 
0 
0 
1 
0 
0 
0 
1 
0 
0 
0 
1 
1 
0 
0 
0 

JOBS [1] - [6]
TOOL SWITCHES : 0
MAKESPAN : 4

- MACHINE [1]

0 0 1 1 
0 0 0 0 
0 0 0 0 
0 0 0 0 
0 0 0 0 
1 1 0 0 
0 0 1 0 
1 0 1 0 
0 0 0 0 
1 1 0 1 
0 0 0 0 
1 1 1 1 
0 0 0 0 
0 0 0 0 
1 0 0 1 
0 0 1 1 
0 1 0 0 
0 1 0 0 
0 0 0 0 
0 0 0 0 

JOBS [4] - [9, 2, 1, 7]
TOOL SWITCHES : 0
MAKESPAN : 22

- MACHINE [2]

0 1 0 0 0 0 0 0 0 0 
0 0 0 1 1 0 1 0 1 0 
0 0 0 0 0 0 0 0 0 1 
0 0 0 0 1 1 0 1 0 0 
1 0 0 1 0 1 0 1 0 0 
1 0 0 1 0 0 0 0 0 0 
0 0 0 0 0 0 0 0 1 1 
1 0 1 0 1 0 0 0 0 0 
0 0 0 0 0 0 0 1 1 0 
0 0 0 0 0 0 0 0 0 0 
0 1 0 0 1 1 0 0 0 0 
1 1 0 1 1 1 0 1 1 0 
0 0 1 1 0 0 0 0 0 0 
0 0 1 1 1 0 1 1 0 1 
0 0 0 0 0 1 0 0 0 0 
0 0 0 0 0 0 0 0 0 0 
0 1 1 0 0 0 1 0 0 0 
1 1 0 0 0 0 1 0 0 1 
0 0 1 0 0 1 1 1 0 1 
1 1 1 0 0 0 0 1 1 0 

JOBS [10] - [8, 13, 3, 11, 12, 10, 0, 5, 4, 14]
TOOL SWITCHES : 5
MAKESPAN : 78

# -------------------------- #

--- TOTAL TOOL SWITCHES : 5
--- HIGHEST MAKESPAN : 78
--- TOTAL FLOWTIME : 447
--- RUNNING TIME : 2.39857

# -------------------------- #
RUN : 1 - instancias_txt/SSP-NPM-I/ins134_m=3_j=15_t=20_var=14.txt

- MACHINE [0]

0 
1 
0 
0 
0 
0 
1 
1 
0 
0 
0 
1 
1 
0 
1 
0 
0 
1 
0 
0 

JOBS [1] - [3]
TOOL SWITCHES : 0
MAKESPAN : 5

- MACHINE [1]

0 1 
1 1 
0 0 
0 0 
1 1 
1 0 
0 1 
1 0 
1 0 
0 0 
0 0 
0 0 
0 0 
0 0 
1 0 
0 0 
0 0 
0 1 
0 1 
0 0 

JOBS [2] - [5, 8]
TOOL SWITCHES : 0
MAKESPAN : 12

- MACHINE [2]

1 1 0 1 0 0 0 0 0 0 0 0 
0 0 0 0 0 0 0 0 0 0 0 0 
0 0 0 0 1 0 0 0 0 0 0 0 
0 0 1 0 1 1 1 0 0 0 0 0 
0 0 0 0 0 0 0 1 0 1 1 0 
0 0 0 0 0 1 0 0 1 1 0 1 
1 1 1 0 0 0 0 0 0 0 0 0 
0 0 1 1 0 1 1 1 0 0 0 1 
0 1 0 0 1 0 1 0 1 0 0 0 
0 0 0 1 1 1 0 0 1 0 1 1 
1 0 0 0 0 0 0 0 1 1 1 0 
1 0 1 1 0 0 0 1 1 1 0 1 
0 0 1 0 0 0 0 1 0 1 1 0 
1 0 0 0 0 0 1 0 1 0 0 0 
1 0 0 0 0 1 1 0 0 0 0 1 
0 1 0 1 1 0 0 1 0 1 0 0 
0 0 0 0 0 0 0 0 0 0 1 1 
0 0 1 1 1 1 0 0 0 0 1 1 
0 0 0 0 0 0 0 0 0 0 0 0 
1 1 1 0 1 0 0 1 0 1 0 0 

JOBS [12] - [0, 4, 1, 6, 11, 9, 14, 2, 12, 7, 13, 10]
TOOL SWITCHES : 5
MAKESPAN : 84

# -------------------------- #

--- TOTAL TOOL SWITCHES : 5
--- HIGHEST MAKESPAN : 84
--- TOTAL FLOWTIME : 495
--- RUNNING TIME : 2.21548

# -------------------------- #
RUN : 1 - instancias_txt/SSP-NPM-I/ins135_m=3_j=15_t=20_var=15.txt

- MACHINE [0]

0 
0 
0 
0 
1 
0 
1 
0 
1 
0 
0 
0 
0 
1 
1 
0 
0 
1 
0 
0 

JOBS [1] - [13]
TOOL SWITCHES : 0
MAKESPAN : 3

- MACHINE [1]

1 1 0 
0 0 0 
1 0 1 
0 0 0 
0 0 0 
1 0 1 
0 1 1 
0 0 1 
1 1 0 
0 1 1 
0 0 0 
0 1 0 
0 0 0 
0 0 0 
0 0 0 
1 1 0 
0 0 0 
0 0 0 
0 0 0 
1 0 0 

JOBS [3] - [10, 12, 4]
TOOL SWITCHES : 0
MAKESPAN : 16

- MACHINE [2]

0 1 1 0 0 0 1 0 0 0 0 
1 0 0 0 1 1 0 0 0 0 0 
0 1 1 0 0 1 0 0 0 0 1 
0 0 0 0 0 0 1 0 1 1 0 
0 0 1 0 0 1 0 1 1 0 0 
0 0 0 0 0 0 0 0 0 0 0 
1 1 1 1 1 0 1 1 1 0 0 
0 0 0 1 1 1 0 0 0 0 1 
0 0 0 0 0 0 0 0 0 0 0 
1 0 0 0 1 0 0 0 1 0 0 
0 0 0 0 0 0 0 1 0 1 0 
0 0 0 0 0 0 1 0 1 1 1 
1 1 1 0 0 0 0 0 0 0 0 
0 1 0 0 0 1 1 0 0 1 0 
0 0 0 1 0 0 0 0 1 0 0 
0 1 0 0 0 0 1 1 0 0 1 
1 0 0 1 0 0 0 1 0 0 0 
1 1 0 1 1 1 0 0 0 1 1 
0 0 0 0 0 0 0 0 1 1 1 
0 0 1 1 0 0 0 0 0 0 0 

JOBS [11] - [0, 5, 9, 7, 8, 14, 11, 2, 1, 3, 6]
TOOL SWITCHES : 5
MAKESPAN : 101

# -------------------------- #

--- TOTAL TOOL SWITCHES : 5
--- HIGHEST MAKESPAN : 101
--- TOTAL FLOWTIME : 665
--- RUNNING TIME : 2.41987

# -------------------------- #
RUN : 1 - instancias_txt/SSP-NPM-I/ins136_m=3_j=15_t=20_var=16.txt

- MACHINE [0]

1 
0 
1 
0 
0 
1 
1 
0 
1 
1 
0 
0 
0 
0 
0 
0 
0 
1 
0 
0 

JOBS [1] - [4]
TOOL SWITCHES : 0
MAKESPAN : 7

- MACHINE [1]

1 1 1 1 0 0 0 0 
0 0 0 1 0 0 1 0 
0 0 0 0 0 0 0 0 
0 0 0 1 1 1 0 0 
0 0 1 0 0 1 0 1 
0 0 0 0 0 0 1 1 
0 1 1 0 1 1 0 0 
1 0 1 0 0 0 0 0 
0 0 0 0 0 0 0 0 
0 0 0 0 0 0 0 0 
1 1 0 1 0 1 0 1 
0 0 0 0 1 0 1 1 
0 1 1 1 1 1 1 0 
1 0 0 0 1 1 0 0 
0 0 0 0 0 1 1 1 
0 1 0 1 1 0 0 0 
0 0 0 0 0 0 0 1 
0 0 0 0 0 0 0 0 
0 0 0 0 0 0 0 0 
1 0 1 0 0 0 1 0 

JOBS [8] - [7, 8, 10, 3, 9, 0, 12, 2]
TOOL SWITCHES : 5
MAKESPAN : 52

- MACHINE [2]

0 0 0 0 0 0 
0 0 0 0 0 0 
1 1 1 1 0 0 
0 0 1 0 1 1 
0 0 0 0 0 0 
0 1 0 1 1 0 
0 0 0 0 0 0 
1 1 1 0 1 0 
0 1 1 0 0 1 
0 1 0 1 1 0 
0 0 0 0 1 0 
1 0 0 0 1 0 
0 0 0 0 0 0 
0 0 0 1 0 0 
1 0 0 1 0 0 
1 1 0 0 0 0 
0 0 0 0 0 1 
0 0 0 0 0 1 
1 0 0 1 0 0 
1 0 1 1 0 1 

JOBS [6] - [5, 14, 6, 13, 1, 11]
TOOL SWITCHES : 2
MAKESPAN : 35

# -------------------------- #

--- TOTAL TOOL SWITCHES : 7
--- HIGHEST MAKESPAN : 52
--- TOTAL FLOWTIME : 345
--- RUNNING TIME : 1.71009

# -------------------------- #
RUN : 1 - instancias_txt/SSP-NPM-I/ins137_m=3_j=15_t=20_var=17.txt

- MACHINE [0]

0 
0 
0 
1 
0 
1 
0 
0 
0 
0 
0 
1 
1 
1 
1 
0 
0 
1 
0 
0 

JOBS [1] - [0]
TOOL SWITCHES : 0
MAKESPAN : 4

- MACHINE [1]

0 0 
0 1 
0 1 
0 0 
0 0 
0 0 
0 0 
1 1 
1 1 
0 0 
0 0 
1 0 
0 1 
1 0 
0 0 
0 0 
1 0 
0 0 
1 0 
0 1 

JOBS [2] - [7, 13]
TOOL SWITCHES : 0
MAKESPAN : 8

- MACHINE [2]

0 1 0 1 0 0 0 0 1 0 1 1 
0 0 1 1 0 1 1 0 0 1 0 1 
0 0 0 0 1 1 1 0 1 1 0 0 
1 0 1 0 1 0 1 0 0 0 0 1 
1 1 0 0 0 0 0 0 0 0 0 0 
0 1 0 0 1 1 0 0 1 0 0 1 
0 0 0 0 0 0 0 0 0 0 1 1 
1 1 0 0 0 0 0 0 0 0 0 0 
0 0 0 0 0 1 0 1 0 1 0 0 
1 0 0 1 0 1 0 1 1 0 1 0 
0 0 0 0 0 0 0 0 0 0 0 0 
0 0 0 0 1 0 0 1 0 1 0 0 
0 0 1 1 1 0 0 0 0 0 1 0 
0 0 0 0 0 0 0 0 0 0 0 0 
1 0 1 0 1 0 1 0 1 0 1 0 
0 1 1 0 0 0 0 0 1 1 0 0 
0 0 0 0 0 0 0 0 0 0 0 0 
1 0 0 1 0 0 1 0 0 0 0 0 
0 0 0 0 0 0 0 1 1 1 1 0 
0 1 0 1 0 1 0 1 0 0 0 0 

JOBS [12] - [8, 3, 9, 10, 14, 2, 4, 5, 12, 6, 1, 11]
TOOL SWITCHES : 4
MAKESPAN : 72

# -------------------------- #

--- TOTAL TOOL SWITCHES : 4
--- HIGHEST MAKESPAN : 72
--- TOTAL FLOWTIME : 494
--- RUNNING TIME : 3.21321

# -------------------------- #
RUN : 1 - instancias_txt/SSP-NPM-I/ins138_m=3_j=15_t=20_var=18.txt

- MACHINE [0]

0 
0 
0 
0 
1 
1 
1 
0 
0 
1 
1 
1 
0 
0 
0 
0 
0 
0 
1 
0 

JOBS [1] - [7]
TOOL SWITCHES : 0
MAKESPAN : 3

- MACHINE [1]

1 0 1 
0 1 0 
1 1 0 
0 0 0 
0 0 0 
1 1 1 
0 0 0 
0 0 0 
0 1 0 
0 0 0 
0 0 1 
0 0 0 
0 1 1 
1 1 1 
0 0 0 
1 0 0 
0 0 0 
0 0 0 
1 0 0 
0 0 0 

JOBS [3] - [9, 12, 10]
TOOL SWITCHES : 0
MAKESPAN : 11

- MACHINE [2]

0 0 0 1 0 0 0 1 0 1 0 
0 0 0 0 1 0 1 0 1 1 0 
1 1 0 1 1 0 0 0 0 0 0 
0 1 0 0 0 0 1 1 0 1 0 
0 0 0 0 1 1 0 1 1 0 0 
1 0 0 1 1 0 0 0 1 1 0 
0 1 0 1 0 0 1 0 0 0 0 
1 1 1 1 1 0 1 0 0 0 0 
0 1 1 0 0 0 0 0 0 0 0 
1 0 1 0 0 0 0 0 0 0 0 
0 0 0 0 0 1 1 0 0 0 1 
1 0 1 1 0 1 0 0 0 0 0 
0 0 0 0 0 0 0 1 1 0 0 
0 0 1 0 0 1 0 0 0 0 1 
0 0 0 0 0 0 1 1 0 0 0 
1 1 0 0 0 1 0 0 0 0 1 
0 0 1 0 0 0 1 0 0 1 1 
0 0 0 0 0 0 0 0 0 0 0 
0 0 0 0 0 0 0 0 0 0 0 
0 1 1 0 0 1 0 0 1 0 1 

JOBS [11] - [13, 6, 8, 11, 1, 4, 0, 5, 2, 14, 3]
TOOL SWITCHES : 5
MAKESPAN : 66

# -------------------------- #

--- TOTAL TOOL SWITCHES : 5
--- HIGHEST MAKESPAN : 66
--- TOTAL FLOWTIME : 424
--- RUNNING TIME : 2.75803

# -------------------------- #
RUN : 1 - instancias_txt/SSP-NPM-I/ins139_m=3_j=15_t=20_var=19.txt

- MACHINE [0]

0 
1 
0 
0 
0 
0 
0 
0 
1 
1 
1 
0 
0 
0 
0 
0 
0 
1 
1 
1 

JOBS [1] - [2]
TOOL SWITCHES : 0
MAKESPAN : 4

- MACHINE [1]

0 1 
0 0 
1 0 
0 0 
0 0 
0 0 
1 0 
1 1 
1 1 
0 0 
0 1 
1 0 
0 1 
0 0 
0 0 
0 1 
0 0 
0 0 
1 0 
0 0 

JOBS [2] - [14, 9]
TOOL SWITCHES : 0
MAKESPAN : 10

- MACHINE [2]

1 1 1 0 0 1 0 1 0 0 1 0 
0 0 0 0 0 0 1 0 0 1 1 0 
0 0 0 1 1 1 1 0 0 0 0 0 
0 0 0 0 0 0 1 0 0 1 1 0 
0 0 0 0 1 0 0 0 0 0 1 1 
0 0 0 0 0 0 0 0 0 0 0 0 
1 1 0 0 0 1 0 1 1 0 0 1 
0 0 1 1 0 0 1 1 0 0 0 0 
0 0 0 0 0 0 0 0 0 0 0 0 
1 1 1 0 1 1 0 0 0 0 0 0 
0 0 1 0 0 0 1 1 0 1 0 1 
0 0 0 0 0 0 0 0 0 0 1 1 
1 0 0 0 1 0 0 0 1 1 0 0 
0 1 1 1 1 1 1 0 1 0 0 0 
0 0 0 0 0 0 0 1 1 1 0 0 
0 0 1 1 0 1 0 0 1 0 0 1 
1 1 0 0 1 0 1 1 1 0 0 0 
0 0 0 0 0 0 0 0 1 1 0 1 
1 0 0 1 0 0 0 0 0 1 1 1 
0 0 1 0 0 1 0 0 0 0 0 0 

JOBS [12] - [0, 13, 5, 4, 8, 12, 3, 1, 6, 7, 11, 10]
TOOL SWITCHES : 5
MAKESPAN : 70

# -------------------------- #

--- TOTAL TOOL SWITCHES : 5
--- HIGHEST MAKESPAN : 70
--- TOTAL FLOWTIME : 434
--- RUNNING TIME : 2.57581

# -------------------------- #
RUN : 1 - instancias_txt/SSP-NPM-I/ins140_m=3_j=15_t=20_var=20.txt

- MACHINE [0]

0 
0 
0 
0 
1 
0 
0 
0 
1 
1 
0 
0 
0 
1 
1 
1 
1 
0 
0 
0 

JOBS [1] - [14]
TOOL SWITCHES : 0
MAKESPAN : 3

- MACHINE [1]

0 0 0 0 0 1 0 1 
0 0 0 1 1 1 0 0 
0 0 0 0 0 0 1 0 
1 1 0 0 0 0 0 0 
0 0 0 0 0 0 1 0 
0 0 0 0 0 0 0 0 
1 0 0 0 0 1 0 0 
0 0 0 0 0 0 0 1 
1 1 0 0 0 0 0 0 
0 0 1 1 1 0 0 0 
0 0 1 0 1 0 0 0 
0 0 1 0 0 0 0 0 
1 0 0 1 1 1 1 0 
0 0 0 0 0 0 0 0 
1 0 1 1 1 1 1 0 
1 1 0 0 0 0 0 1 
0 1 0 1 0 0 1 1 
0 1 0 0 0 0 0 0 
0 1 1 0 0 0 0 1 
0 0 0 1 1 0 0 1 

JOBS [8] - [12, 9, 2, 8, 7, 1, 11, 0]
TOOL SWITCHES : 8
MAKESPAN : 78

- MACHINE [2]

1 0 0 0 1 1 
0 0 1 1 0 0 
1 0 1 1 0 0 
1 0 0 1 0 0 
0 0 0 0 0 0 
1 1 0 0 0 1 
0 1 0 1 0 1 
1 1 1 1 1 0 
0 1 1 0 0 0 
0 1 1 0 0 0 
0 0 1 1 1 1 
0 0 0 0 0 0 
0 0 0 0 0 0 
1 0 0 0 1 0 
0 0 0 0 0 0 
0 0 0 0 0 0 
1 0 1 0 0 1 
0 0 0 0 0 0 
0 1 0 0 1 0 
0 0 0 0 0 0 

JOBS [6] - [10, 6, 4, 5, 3, 13]
TOOL SWITCHES : 0
MAKESPAN : 29

# -------------------------- #

--- TOTAL TOOL SWITCHES : 8
--- HIGHEST MAKESPAN : 78
--- TOTAL FLOWTIME : 420
--- RUNNING TIME : 1.3347

# -------------------------- #


avg : 5.45
