RUN : 1 - instancias_txt/SSP-NPM-I/ins121_m=3_j=15_t=20_var=1.txt

- MACHINE [0]

1 
0 
1 
0 
1 
1 
1 
0 
0 
0 
0 
0 
0 
1 
0 
0 
1 
0 
0 
0 

JOBS [1] - [9]
TOOL SWITCHES : 0
MAKESPAN : 6

- MACHINE [1]

0 0 
1 1 
0 1 
0 0 
0 0 
0 0 
0 0 
0 1 
1 0 
0 0 
0 0 
0 1 
1 1 
1 0 
1 1 
0 1 
0 0 
0 0 
1 0 
0 0 

JOBS [2] - [1, 5]
TOOL SWITCHES : 0
MAKESPAN : 13

- MACHINE [2]

0 1 0 0 1 1 0 0 0 0 0 1 
0 1 1 0 1 0 0 0 0 0 0 0 
0 0 0 0 0 0 0 0 0 0 0 0 
0 0 0 1 0 1 0 1 0 0 0 0 
1 0 0 1 0 1 0 1 1 1 0 0 
1 0 1 1 0 0 0 0 0 0 0 0 
0 0 0 0 0 0 1 1 1 0 0 0 
0 0 0 0 0 0 0 1 0 1 1 0 
0 0 0 0 0 0 0 0 1 0 0 1 
0 0 0 0 0 0 0 0 1 1 1 0 
0 0 1 0 1 0 1 0 0 1 0 0 
0 1 0 0 0 1 0 1 0 0 1 0 
1 0 1 0 0 0 1 0 1 0 1 0 
0 0 0 0 0 0 0 0 0 0 1 1 
1 0 1 0 0 0 1 1 0 1 0 1 
1 1 1 0 0 0 0 0 0 0 0 0 
0 1 0 1 1 1 0 0 1 0 0 0 
1 1 0 1 1 1 1 0 0 0 0 0 
1 0 1 0 0 1 1 0 0 1 1 1 
0 0 0 1 1 0 0 1 1 0 1 0 

JOBS [12] - [3, 8, 4, 0, 6, 14, 10, 2, 7, 11, 12, 13]
TOOL SWITCHES : 6
MAKESPAN : 96

# -------------------------- #

--- TOTAL TOOL SWITCHES : 6
--- HIGHEST MAKESPAN : 96
--- TOTAL FLOWTIME : 671
--- RUNNING TIME : 3.5589

# -------------------------- #
RUN : 1 - instancias_txt/SSP-NPM-I/ins122_m=3_j=15_t=20_var=2.txt

- MACHINE [0]

0 0 
0 0 
0 0 
0 0 
1 1 
0 0 
0 0 
1 1 
0 0 
0 0 
0 0 
0 0 
1 1 
0 0 
0 0 
1 1 
1 0 
0 1 
1 0 
0 0 

JOBS [2] - [13, 9]
TOOL SWITCHES : 0
MAKESPAN : 11

- MACHINE [1]

0 1 1 
0 0 0 
0 0 1 
0 0 0 
1 1 0 
0 1 1 
0 0 0 
0 0 0 
0 0 0 
1 1 0 
1 1 0 
0 0 0 
0 0 0 
0 1 0 
0 0 0 
0 0 1 
1 0 1 
0 0 0 
1 0 1 
0 0 0 

JOBS [3] - [8, 7, 14]
TOOL SWITCHES : 0
MAKESPAN : 8

- MACHINE [2]

0 0 1 0 1 0 0 1 0 0 
0 0 0 0 0 0 1 1 0 1 
1 1 1 0 0 1 1 0 1 0 
0 0 0 0 0 0 0 0 1 1 
1 1 0 0 0 0 0 0 0 0 
0 0 0 0 0 1 1 0 0 1 
0 0 0 1 0 0 0 1 1 0 
0 1 0 0 0 0 0 0 0 0 
1 0 1 0 0 1 1 0 1 0 
0 0 0 1 0 0 1 1 0 0 
0 0 0 0 0 0 0 0 0 0 
0 0 0 1 1 1 0 0 0 0 
0 0 0 0 0 0 0 0 0 0 
1 0 0 0 0 1 0 0 0 1 
0 0 0 1 1 0 0 0 1 0 
1 0 0 0 1 0 1 0 1 1 
1 1 1 0 0 1 0 0 0 0 
0 0 0 1 1 0 0 1 0 0 
0 0 0 0 0 0 0 0 0 0 
0 1 1 0 1 1 1 0 1 0 

JOBS [10] - [1, 3, 12, 4, 11, 2, 6, 5, 0, 10]
TOOL SWITCHES : 4
MAKESPAN : 77

# -------------------------- #

--- TOTAL TOOL SWITCHES : 4
--- HIGHEST MAKESPAN : 77
--- TOTAL FLOWTIME : 466
--- RUNNING TIME : 2.32785

# -------------------------- #
RUN : 1 - instancias_txt/SSP-NPM-I/ins123_m=3_j=15_t=20_var=3.txt

- MACHINE [0]

0 
0 
0 
0 
1 
0 
0 
1 
0 
0 
1 
1 
1 
1 
0 
0 
0 
1 
0 
0 

JOBS [1] - [0]
TOOL SWITCHES : 0
MAKESPAN : 4

- MACHINE [1]

0 0 0 0 0 0 0 0 0 0 
1 0 1 0 1 1 1 0 0 0 
0 0 0 0 1 0 0 0 0 0 
1 1 1 1 0 1 0 0 0 0 
0 0 0 0 0 1 0 1 0 1 
0 1 0 1 1 1 0 1 0 1 
0 0 0 0 0 0 0 0 1 1 
1 1 0 1 1 0 0 1 1 1 
0 0 0 0 0 0 0 0 0 0 
1 0 1 0 0 0 0 0 0 0 
0 0 0 0 0 0 1 0 0 1 
0 0 0 0 0 0 0 1 1 0 
0 0 0 0 0 0 0 0 0 0 
1 0 0 0 0 0 1 0 0 0 
0 1 0 1 0 0 0 1 0 1 
1 0 1 0 1 0 1 1 0 0 
0 1 1 1 0 1 1 0 1 0 
1 1 0 0 0 0 0 0 0 0 
0 0 0 0 0 0 0 0 0 0 
0 0 1 0 1 0 0 0 1 0 

JOBS [10] - [1, 14, 5, 2, 6, 12, 10, 11, 4, 3]
TOOL SWITCHES : 6
MAKESPAN : 64

- MACHINE [2]

0 0 1 0 
0 0 0 0 
0 0 1 0 
1 1 0 0 
0 0 0 0 
1 1 0 1 
1 0 1 0 
0 0 0 0 
1 1 0 0 
0 0 1 1 
1 1 0 0 
0 0 0 0 
0 0 0 1 
0 1 1 1 
0 0 1 0 
0 0 0 0 
1 0 0 0 
0 0 0 0 
1 0 0 1 
0 0 1 0 

JOBS [4] - [7, 9, 13, 8]
TOOL SWITCHES : 1
MAKESPAN : 21

# -------------------------- #

--- TOTAL TOOL SWITCHES : 7
--- HIGHEST MAKESPAN : 64
--- TOTAL FLOWTIME : 380
--- RUNNING TIME : 2.42114

# -------------------------- #
RUN : 1 - instancias_txt/SSP-NPM-I/ins124_m=3_j=15_t=20_var=4.txt

- MACHINE [0]

0 
1 
0 
0 
1 
1 
0 
0 
0 
1 
0 
0 
0 
0 
1 
0 
0 
0 
0 
0 

JOBS [1] - [6]
TOOL SWITCHES : 0
MAKESPAN : 7

- MACHINE [1]

0 0 0 1 
0 0 0 0 
1 0 0 0 
0 0 0 0 
0 0 0 0 
0 0 0 0 
0 0 1 1 
0 0 0 0 
0 1 1 0 
0 0 0 0 
0 1 0 1 
1 1 1 0 
1 0 0 0 
1 0 0 1 
1 1 1 0 
0 0 1 1 
0 0 0 0 
1 1 0 0 
0 0 0 0 
0 0 0 0 

JOBS [4] - [8, 10, 3, 0]
TOOL SWITCHES : 1
MAKESPAN : 36

- MACHINE [2]

1 0 0 1 0 0 0 1 0 1 
0 0 0 0 1 1 0 0 1 1 
1 0 1 1 0 0 1 1 1 0 
0 0 1 1 0 0 0 1 0 0 
0 0 0 0 0 0 0 0 0 0 
0 0 1 0 0 0 0 0 0 0 
0 0 1 1 1 1 0 0 0 1 
0 1 0 0 1 0 0 1 1 0 
0 1 1 0 0 0 0 0 1 1 
1 1 0 0 0 0 1 0 1 0 
1 0 0 0 0 0 1 1 1 0 
0 1 0 0 0 1 1 1 0 0 
1 1 0 1 0 0 0 0 0 0 
0 0 0 0 1 1 0 0 0 0 
0 0 0 0 0 0 0 0 0 0 
0 0 0 0 0 0 0 0 0 0 
1 0 1 0 1 0 0 0 0 0 
0 0 0 0 0 0 0 0 0 0 
1 1 1 0 1 1 0 0 0 0 
0 0 0 0 0 1 1 1 0 1 

JOBS [10] - [14, 13, 1, 9, 2, 12, 5, 4, 11, 7]
TOOL SWITCHES : 3
MAKESPAN : 63

# -------------------------- #

--- TOTAL TOOL SWITCHES : 4
--- HIGHEST MAKESPAN : 63
--- TOTAL FLOWTIME : 473
--- RUNNING TIME : 3.27682

# -------------------------- #
RUN : 1 - instancias_txt/SSP-NPM-I/ins125_m=3_j=15_t=20_var=5.txt

- MACHINE [0]

1 
1 
1 
0 
0 
1 
0 
0 
0 
0 
0 
0 
0 
0 
0 
1 
1 
0 
1 
0 

JOBS [1] - [5]
TOOL SWITCHES : 0
MAKESPAN : 10

- MACHINE [1]

0 0 
0 0 
0 1 
0 0 
0 0 
0 0 
1 1 
1 1 
0 1 
0 0 
0 1 
1 0 
0 0 
0 0 
0 0 
1 1 
1 1 
0 0 
0 0 
1 0 

JOBS [2] - [1, 9]
TOOL SWITCHES : 0
MAKESPAN : 14

- MACHINE [2]

0 0 1 0 0 1 0 0 1 1 0 1 
0 1 0 0 0 0 0 0 0 1 0 1 
0 0 0 0 0 0 0 0 0 0 0 0 
0 1 0 0 1 1 0 1 1 0 0 0 
0 0 0 0 0 0 0 1 0 1 1 1 
0 1 1 1 0 0 0 0 1 0 1 0 
1 1 0 1 1 0 0 0 0 0 0 0 
1 1 0 0 1 0 0 0 0 0 0 0 
0 0 1 1 0 1 0 1 0 0 0 1 
0 0 0 1 1 1 1 0 0 0 0 1 
1 0 1 0 0 0 0 0 0 0 0 0 
0 0 0 0 0 0 0 0 0 1 1 0 
0 0 1 0 1 0 1 0 0 0 0 0 
1 1 1 1 0 0 1 1 1 0 0 0 
0 0 0 0 0 0 1 1 0 0 0 0 
0 0 0 0 0 0 1 0 1 1 0 0 
1 0 0 0 0 1 0 0 0 0 0 0 
1 0 0 0 1 0 0 0 0 1 1 1 
0 0 0 0 0 1 1 0 0 0 0 0 
0 1 1 0 0 0 0 1 0 1 1 0 

JOBS [12] - [4, 8, 0, 13, 11, 2, 7, 6, 10, 14, 12, 3]
TOOL SWITCHES : 6
MAKESPAN : 85

# -------------------------- #

--- TOTAL TOOL SWITCHES : 6
--- HIGHEST MAKESPAN : 85
--- TOTAL FLOWTIME : 577
--- RUNNING TIME : 3.79159

# -------------------------- #
RUN : 1 - instancias_txt/SSP-NPM-I/ins126_m=3_j=15_t=20_var=6.txt

- MACHINE [0]

1 
0 
1 
0 
0 
1 
1 
1 
1 
0 
0 
0 
1 
0 
0 
0 
0 
0 
0 
0 

JOBS [1] - [12]
TOOL SWITCHES : 0
MAKESPAN : 5

- MACHINE [1]

0 
0 
1 
0 
1 
0 
0 
0 
0 
0 
1 
1 
0 
0 
0 
0 
0 
0 
1 
0 

JOBS [1] - [4]
TOOL SWITCHES : 0
MAKESPAN : 1

- MACHINE [2]

0 0 0 0 1 1 1 1 0 0 0 0 0 
1 0 0 1 0 1 0 1 0 0 0 0 0 
0 0 0 0 0 0 0 0 0 0 0 0 0 
0 0 0 0 0 0 1 1 0 1 0 0 1 
0 0 0 0 0 0 0 0 1 1 1 0 0 
0 0 1 1 0 0 0 0 0 0 0 0 0 
0 0 0 0 1 1 0 0 0 0 0 1 1 
0 1 0 1 1 1 0 0 0 1 1 1 0 
0 0 0 0 0 0 0 0 1 1 0 0 1 
0 0 0 0 0 0 0 0 1 1 1 1 0 
1 0 1 0 1 0 1 1 0 0 1 0 0 
0 1 0 0 0 0 0 0 0 1 0 0 1 
0 0 1 0 0 0 1 1 1 0 0 0 0 
0 1 0 0 0 0 1 0 0 0 0 1 0 
1 1 1 0 0 1 0 0 0 0 1 1 1 
1 0 1 1 0 0 0 1 1 0 0 0 0 
1 1 0 0 0 0 0 0 0 0 0 0 0 
0 1 0 1 1 0 0 0 0 0 0 0 0 
1 0 1 0 0 1 1 0 0 1 1 0 0 
1 0 0 0 1 0 1 1 0 0 0 0 0 

JOBS [13] - [3, 2, 0, 9, 1, 10, 7, 5, 6, 8, 13, 11, 14]
TOOL SWITCHES : 6
MAKESPAN : 85

# -------------------------- #

--- TOTAL TOOL SWITCHES : 6
--- HIGHEST MAKESPAN : 85
--- TOTAL FLOWTIME : 659
--- RUNNING TIME : 3.4381

# -------------------------- #
RUN : 1 - instancias_txt/SSP-NPM-I/ins127_m=3_j=15_t=20_var=7.txt

- MACHINE [0]

0 
1 
1 
1 
1 
0 
0 
1 
0 
0 
1 
0 
0 
0 
0 
0 
0 
0 
0 
0 

JOBS [1] - [2]
TOOL SWITCHES : 0
MAKESPAN : 1

- MACHINE [1]

1 1 0 0 1 1 1 0 0 
1 0 0 0 1 1 0 0 1 
0 0 0 0 0 0 0 0 0 
1 1 0 0 1 1 0 1 0 
0 0 0 0 0 0 0 0 0 
1 0 1 0 0 0 0 0 0 
0 1 1 1 1 0 0 0 0 
0 1 0 0 1 0 0 1 0 
0 0 0 0 0 0 0 1 1 
0 0 0 0 0 0 0 0 0 
1 0 1 1 0 1 1 0 1 
0 0 0 0 0 0 0 0 0 
0 1 0 1 0 0 0 0 0 
0 0 1 1 0 0 1 0 1 
0 0 0 0 0 0 0 1 1 
0 0 0 0 0 1 1 1 1 
0 0 0 0 0 0 1 1 0 
0 0 1 1 0 0 0 0 1 
0 0 0 1 0 0 1 0 0 
0 0 0 0 1 1 0 0 0 

JOBS [9] - [11, 1, 6, 5, 12, 3, 7, 13, 8]
TOOL SWITCHES : 6
MAKESPAN : 58

- MACHINE [2]

0 0 0 0 0 
0 0 1 0 0 
1 0 0 0 0 
0 0 0 0 0 
0 0 0 0 0 
1 1 1 1 1 
1 1 0 0 0 
1 0 0 1 0 
0 1 0 0 1 
1 1 0 0 0 
0 0 0 0 0 
0 0 1 1 1 
0 0 1 1 0 
0 0 0 0 0 
0 0 0 0 1 
0 0 0 0 1 
0 0 1 0 0 
0 0 0 0 0 
1 1 0 0 1 
0 0 0 1 1 

JOBS [5] - [10, 14, 4, 9, 0]
TOOL SWITCHES : 1
MAKESPAN : 38

# -------------------------- #

--- TOTAL TOOL SWITCHES : 7
--- HIGHEST MAKESPAN : 58
--- TOTAL FLOWTIME : 399
--- RUNNING TIME : 2.20115

# -------------------------- #
RUN : 1 - instancias_txt/SSP-NPM-I/ins128_m=3_j=15_t=20_var=8.txt

- MACHINE [0]

0 
0 
0 
1 
0 
0 
0 
1 
1 
1 
0 
1 
1 
0 
0 
0 
0 
0 
0 
1 

JOBS [1] - [4]
TOOL SWITCHES : 0
MAKESPAN : 1

- MACHINE [1]

0 1 0 0 1 0 1 
0 0 0 0 0 1 1 
0 1 0 1 0 0 0 
0 0 0 0 0 1 0 
1 1 1 0 0 0 0 
0 0 0 0 0 0 0 
0 0 0 0 0 0 0 
0 1 0 0 0 0 0 
1 1 0 1 1 1 0 
1 0 0 1 0 1 1 
0 0 1 0 0 0 1 
0 0 0 0 0 0 0 
0 0 0 0 0 0 0 
0 0 0 1 1 1 1 
0 0 0 0 1 1 0 
1 1 0 1 0 0 0 
0 1 1 0 1 1 0 
1 0 0 0 0 0 0 
0 0 1 0 0 0 1 
0 0 1 1 1 0 0 

JOBS [7] - [6, 10, 3, 13, 11, 9, 0]
TOOL SWITCHES : 6
MAKESPAN : 65

- MACHINE [2]

0 0 0 0 1 0 1 
1 1 0 0 0 0 0 
0 0 0 0 0 0 0 
0 1 1 0 0 0 0 
0 1 0 0 0 0 1 
0 0 1 0 1 1 1 
1 0 0 0 0 0 1 
1 0 0 0 1 0 0 
0 0 0 0 0 0 0 
0 0 0 0 0 0 0 
0 0 1 0 0 1 0 
0 0 0 0 0 1 0 
0 1 0 1 0 0 1 
1 0 1 0 0 0 0 
0 1 1 1 1 1 1 
1 0 0 1 0 1 0 
0 0 0 0 0 0 0 
0 0 1 1 0 0 0 
1 1 1 1 1 1 0 
0 0 0 0 1 0 0 

JOBS [7] - [7, 2, 12, 1, 8, 14, 5]
TOOL SWITCHES : 3
MAKESPAN : 60

# -------------------------- #

--- TOTAL TOOL SWITCHES : 9
--- HIGHEST MAKESPAN : 65
--- TOTAL FLOWTIME : 510
--- RUNNING TIME : 2.51417

# -------------------------- #
RUN : 1 - instancias_txt/SSP-NPM-I/ins129_m=3_j=15_t=20_var=9.txt

- MACHINE [0]

0 
0 
0 
0 
1 
0 
1 
0 
1 
1 
0 
0 
0 
0 
1 
0 
1 
0 
0 
0 

JOBS [1] - [2]
TOOL SWITCHES : 0
MAKESPAN : 9

- MACHINE [1]

0 1 0 0 0 1 0 0 0 
0 0 0 0 0 0 0 0 0 
0 1 1 0 0 0 0 0 0 
0 0 0 0 0 0 0 1 0 
1 0 1 0 0 0 0 0 0 
0 0 0 1 0 0 1 1 1 
0 0 0 0 0 0 0 0 0 
1 0 0 0 1 1 0 1 0 
1 0 1 1 0 0 0 0 1 
0 0 0 0 0 0 0 0 1 
0 0 0 0 0 0 0 0 0 
0 0 0 0 0 0 1 0 1 
1 1 1 1 1 0 0 0 0 
0 1 0 0 0 0 1 1 1 
1 0 0 0 0 0 0 0 0 
0 0 0 0 0 0 1 0 0 
0 0 0 1 1 1 0 1 0 
1 1 1 1 1 1 1 0 0 
0 0 1 0 1 1 0 1 1 
0 1 0 1 1 0 1 1 0 

JOBS [9] - [5, 10, 13, 0, 11, 6, 12, 7, 1]
TOOL SWITCHES : 7
MAKESPAN : 62

- MACHINE [2]

1 0 0 0 0 
0 1 1 1 1 
0 0 0 1 0 
1 0 0 0 1 
0 0 1 0 0 
0 0 0 0 0 
0 0 0 0 0 
0 1 0 0 0 
0 0 0 0 0 
0 0 0 0 0 
1 1 0 0 1 
1 0 0 1 1 
0 0 0 0 0 
0 0 1 0 0 
1 0 1 1 1 
0 0 0 1 0 
0 1 1 0 0 
0 0 0 0 0 
0 1 0 0 0 
0 0 0 0 0 

JOBS [5] - [9, 3, 8, 14, 4]
TOOL SWITCHES : 0
MAKESPAN : 11

# -------------------------- #

--- TOTAL TOOL SWITCHES : 7
--- HIGHEST MAKESPAN : 62
--- TOTAL FLOWTIME : 340
--- RUNNING TIME : 1.88538

# -------------------------- #
RUN : 1 - instancias_txt/SSP-NPM-I/ins130_m=3_j=15_t=20_var=10.txt

- MACHINE [0]

0 
1 
1 
0 
1 
0 
1 
0 
0 
0 
0 
0 
0 
0 
1 
0 
0 
0 
1 
1 

JOBS [1] - [11]
TOOL SWITCHES : 0
MAKESPAN : 8

- MACHINE [1]

0 0 0 0 1 1 0 1 
0 1 1 1 0 0 0 0 
0 0 0 0 0 0 1 1 
0 0 0 0 0 0 0 1 
1 0 1 0 0 0 0 0 
0 0 0 0 0 1 0 0 
0 0 0 0 0 0 0 0 
0 0 0 1 1 0 1 0 
0 0 0 1 1 1 0 1 
0 1 1 0 0 0 0 0 
1 0 0 1 0 0 1 0 
0 0 0 0 0 0 0 0 
1 1 0 0 0 0 1 1 
1 0 1 0 0 0 1 1 
1 0 0 1 0 0 0 0 
1 1 0 0 1 0 0 0 
1 1 0 0 1 1 1 0 
0 1 1 1 0 0 1 0 
0 0 0 0 0 0 0 0 
0 0 0 0 1 1 0 1 

JOBS [8] - [3, 9, 7, 10, 5, 13, 2, 4]
TOOL SWITCHES : 7
MAKESPAN : 58

- MACHINE [2]

1 0 1 0 1 1 
0 0 0 1 0 1 
1 0 0 0 1 0 
0 0 0 0 0 0 
0 0 0 0 0 0 
1 0 0 1 0 1 
0 0 0 0 0 0 
0 0 1 1 0 1 
0 0 0 0 0 0 
0 0 1 0 1 1 
1 0 0 0 0 0 
0 1 1 0 0 0 
0 1 0 1 1 0 
0 0 1 1 1 0 
0 1 0 1 0 0 
1 1 1 0 0 0 
0 0 0 1 1 0 
0 0 0 0 0 0 
1 1 0 0 0 0 
0 0 0 0 0 0 

JOBS [6] - [14, 6, 8, 0, 1, 12]
TOOL SWITCHES : 1
MAKESPAN : 46

# -------------------------- #

--- TOTAL TOOL SWITCHES : 8
--- HIGHEST MAKESPAN : 58
--- TOTAL FLOWTIME : 378
--- RUNNING TIME : 2.09717

# -------------------------- #
RUN : 1 - instancias_txt/SSP-NPM-I/ins131_m=3_j=15_t=20_var=11.txt

- MACHINE [0]

0 
0 
0 
0 
0 
1 
1 
1 
0 
1 
1 
0 
1 
0 
0 
0 
0 
0 
0 
1 

JOBS [1] - [1]
TOOL SWITCHES : 0
MAKESPAN : 4

- MACHINE [1]

0 0 
0 1 
1 0 
0 0 
1 1 
0 0 
0 0 
0 0 
0 0 
0 0 
0 0 
1 0 
1 1 
0 0 
1 0 
1 0 
0 0 
0 1 
1 0 
0 1 

JOBS [2] - [5, 10]
TOOL SWITCHES : 0
MAKESPAN : 8

- MACHINE [2]

0 1 1 1 0 1 0 0 1 0 1 0 
1 1 0 0 0 1 1 0 0 0 0 0 
0 0 0 0 0 0 0 0 0 0 0 0 
1 0 1 0 0 0 0 1 0 0 0 0 
0 0 1 0 0 0 1 1 1 0 0 1 
0 0 0 0 0 0 0 1 1 0 0 1 
1 1 0 0 0 0 0 0 0 0 0 0 
0 0 0 0 0 0 0 0 0 1 0 1 
0 0 0 1 0 1 0 0 0 1 1 0 
0 0 0 1 1 0 1 0 0 0 0 0 
0 0 0 0 0 1 1 1 1 1 1 0 
0 1 1 0 1 0 0 0 0 0 1 0 
0 1 1 0 0 0 0 0 0 0 0 0 
1 0 1 1 1 0 0 0 0 0 0 0 
1 0 0 0 1 1 1 0 0 1 1 0 
0 1 0 0 0 0 1 0 0 0 1 0 
0 0 0 1 1 0 0 1 0 1 0 0 
0 0 0 0 0 0 0 0 0 0 0 0 
0 1 1 0 0 0 0 0 0 1 0 1 
0 0 0 1 1 1 0 1 1 0 0 1 

JOBS [12] - [4, 6, 0, 3, 2, 7, 11, 8, 12, 13, 14, 9]
TOOL SWITCHES : 5
MAKESPAN : 83

# -------------------------- #

--- TOTAL TOOL SWITCHES : 5
--- HIGHEST MAKESPAN : 83
--- TOTAL FLOWTIME : 545
--- RUNNING TIME : 3.5863

# -------------------------- #
RUN : 1 - instancias_txt/SSP-NPM-I/ins132_m=3_j=15_t=20_var=12.txt

- MACHINE [0]

0 
0 
1 
0 
0 
1 
0 
0 
0 
1 
1 
1 
0 
1 
0 
0 
0 
0 
0 
0 

JOBS [1] - [12]
TOOL SWITCHES : 0
MAKESPAN : 3

- MACHINE [1]

1 0 1 0 0 
1 1 1 0 0 
0 0 0 1 0 
1 1 0 0 1 
0 0 0 0 0 
0 0 0 0 0 
0 1 0 1 0 
1 0 0 1 1 
0 0 1 0 0 
1 1 0 1 1 
0 0 0 1 1 
0 0 0 0 0 
0 0 0 0 0 
0 1 1 0 0 
1 0 1 0 1 
0 1 0 1 0 
0 0 0 0 0 
0 0 0 0 0 
0 0 0 0 0 
0 0 0 1 1 

JOBS [5] - [4, 5, 1, 7, 10]
TOOL SWITCHES : 3
MAKESPAN : 27

- MACHINE [2]

0 1 1 0 1 1 1 0 0 
0 0 0 0 0 0 0 0 0 
0 0 0 0 0 0 0 0 1 
0 0 1 1 1 1 1 0 0 
1 1 1 1 0 0 0 0 0 
0 0 0 0 0 0 0 0 0 
0 0 0 0 0 0 1 1 1 
1 0 1 0 1 1 0 0 0 
1 1 0 1 1 0 0 0 0 
0 0 0 0 0 0 0 0 0 
0 1 0 1 0 0 0 0 1 
0 0 1 0 0 1 1 1 0 
1 0 0 0 0 0 0 0 0 
0 0 0 0 0 1 1 1 0 
0 1 0 0 0 0 0 1 1 
0 1 0 0 1 0 0 0 0 
0 0 1 0 0 1 0 1 0 
1 0 0 1 0 0 0 0 1 
0 0 0 0 0 0 0 1 0 
0 0 0 1 0 0 1 0 0 

JOBS [9] - [3, 14, 6, 9, 0, 2, 11, 13, 8]
TOOL SWITCHES : 4
MAKESPAN : 69

# -------------------------- #

--- TOTAL TOOL SWITCHES : 7
--- HIGHEST MAKESPAN : 69
--- TOTAL FLOWTIME : 368
--- RUNNING TIME : 2.43263

# -------------------------- #
RUN : 1 - instancias_txt/SSP-NPM-I/ins133_m=3_j=15_t=20_var=13.txt

- MACHINE [0]

1 1 
0 0 
0 0 
0 0 
0 0 
0 0 
1 0 
1 0 
0 0 
0 1 
0 0 
1 1 
0 0 
0 0 
0 1 
1 1 
0 0 
0 0 
0 0 
0 0 

JOBS [2] - [1, 7]
TOOL SWITCHES : 0
MAKESPAN : 19

- MACHINE [1]

0 0 0 
1 0 1 
0 1 1 
0 0 0 
0 0 0 
0 0 0 
0 1 0 
0 0 1 
0 0 0 
0 0 0 
0 0 0 
0 0 1 
0 0 0 
1 1 0 
0 0 0 
0 0 1 
1 0 1 
1 1 0 
1 1 0 
0 0 0 

JOBS [3] - [0, 14, 6]
TOOL SWITCHES : 0
MAKESPAN : 19

- MACHINE [2]

0 0 0 0 0 0 0 0 1 0 
0 1 1 0 0 1 0 0 0 0 
0 0 0 0 0 0 0 0 0 0 
0 0 0 1 0 1 0 0 0 1 
0 1 0 1 0 0 1 0 0 1 
1 1 0 0 0 0 1 1 0 0 
0 0 1 0 0 0 0 0 0 0 
0 0 0 0 1 1 1 1 0 0 
0 0 1 1 0 0 0 0 0 0 
1 0 0 0 0 0 0 1 0 0 
0 0 0 0 0 1 0 0 1 1 
1 1 1 1 0 1 1 1 1 1 
0 1 0 0 1 0 0 0 0 0 
0 1 0 1 1 1 0 0 0 0 
0 0 0 0 0 0 0 1 0 1 
0 0 0 0 0 0 0 0 0 0 
1 0 0 0 1 0 0 0 1 0 
1 0 0 0 0 0 1 0 1 0 
0 0 0 1 1 0 0 0 0 1 
0 0 1 1 1 0 1 0 1 0 

JOBS [10] - [2, 11, 4, 5, 3, 12, 8, 9, 13, 10]
TOOL SWITCHES : 5
MAKESPAN : 85

# -------------------------- #

--- TOTAL TOOL SWITCHES : 5
--- HIGHEST MAKESPAN : 85
--- TOTAL FLOWTIME : 492
--- RUNNING TIME : 3.15333

# -------------------------- #
RUN : 1 - instancias_txt/SSP-NPM-I/ins134_m=3_j=15_t=20_var=14.txt

- MACHINE [0]

0 
0 
0 
0 
0 
1 
0 
1 
0 
1 
0 
1 
0 
0 
1 
0 
1 
1 
0 
0 

JOBS [1] - [10]
TOOL SWITCHES : 0
MAKESPAN : 5

- MACHINE [1]

0 1 
0 1 
0 0 
0 0 
1 1 
0 0 
0 1 
0 0 
0 0 
1 0 
1 0 
0 0 
1 0 
0 0 
0 0 
0 0 
1 0 
1 1 
0 1 
0 0 

JOBS [2] - [13, 8]
TOOL SWITCHES : 0
MAKESPAN : 15

- MACHINE [2]

0 0 0 0 0 0 0 1 1 0 0 1 
0 1 1 0 0 0 0 0 0 0 0 0 
0 0 0 0 0 0 0 0 0 0 1 0 
0 0 0 0 1 1 0 0 0 1 1 0 
1 0 1 1 0 0 0 0 0 0 0 0 
0 0 1 1 1 0 1 0 0 0 0 0 
0 1 0 0 0 1 0 0 1 0 0 1 
1 1 1 0 1 1 0 1 0 1 0 0 
0 0 1 0 0 0 1 0 1 1 1 0 
0 0 0 0 1 0 1 1 0 0 1 0 
0 0 0 1 0 0 1 0 0 0 0 1 
1 1 0 1 0 1 1 1 0 0 0 1 
1 1 0 1 0 1 0 0 0 0 0 0 
0 0 0 0 0 0 1 0 0 1 0 1 
0 1 1 0 1 0 0 0 0 1 0 1 
1 0 0 1 0 0 0 1 1 0 1 0 
0 0 0 0 0 0 0 0 0 0 0 0 
0 1 0 0 1 1 0 1 0 0 1 0 
0 0 0 0 0 0 0 0 0 0 0 0 
1 0 0 1 0 1 0 0 1 0 1 1 

JOBS [12] - [2, 3, 5, 7, 9, 1, 12, 6, 4, 14, 11, 0]
TOOL SWITCHES : 5
MAKESPAN : 79

# -------------------------- #

--- TOTAL TOOL SWITCHES : 5
--- HIGHEST MAKESPAN : 79
--- TOTAL FLOWTIME : 501
--- RUNNING TIME : 3.29693

# -------------------------- #
RUN : 1 - instancias_txt/SSP-NPM-I/ins135_m=3_j=15_t=20_var=15.txt

- MACHINE [0]

0 
0 
0 
0 
1 
0 
1 
0 
1 
0 
0 
0 
0 
1 
1 
0 
0 
1 
0 
0 

JOBS [1] - [13]
TOOL SWITCHES : 0
MAKESPAN : 3

- MACHINE [1]

0 1 1 
0 0 0 
1 0 1 
0 0 0 
0 0 0 
1 0 1 
1 1 0 
1 0 0 
0 1 1 
1 1 0 
0 0 0 
0 1 0 
0 0 0 
0 0 0 
0 0 0 
0 1 1 
0 0 0 
0 0 0 
0 0 0 
0 0 1 

JOBS [3] - [4, 12, 10]
TOOL SWITCHES : 0
MAKESPAN : 16

- MACHINE [2]

0 0 0 1 0 0 0 0 0 1 1 
0 0 0 0 0 1 0 1 1 0 0 
0 0 0 0 1 0 0 0 1 1 1 
1 0 1 1 0 0 0 0 0 0 0 
0 1 1 0 0 0 0 0 1 0 1 
0 0 0 0 0 0 0 0 0 0 0 
0 1 1 1 0 1 1 1 0 1 1 
0 0 0 0 1 1 1 0 1 0 0 
0 0 0 0 0 0 0 0 0 0 0 
0 0 1 0 0 1 0 1 0 0 0 
1 1 0 0 0 0 0 0 0 0 0 
1 0 1 1 1 0 0 0 0 0 0 
0 0 0 0 0 0 0 1 0 1 1 
1 0 0 1 0 0 0 0 1 1 0 
0 0 1 0 0 0 1 0 0 0 0 
0 1 0 1 1 0 0 0 0 1 0 
0 1 0 0 0 0 1 1 0 0 0 
1 0 0 0 1 1 1 1 1 1 0 
1 0 1 0 1 0 0 0 0 0 0 
0 0 0 0 0 0 1 0 0 0 1 

JOBS [11] - [3, 2, 1, 11, 6, 8, 7, 0, 14, 5, 9]
TOOL SWITCHES : 5
MAKESPAN : 101

# -------------------------- #

--- TOTAL TOOL SWITCHES : 5
--- HIGHEST MAKESPAN : 101
--- TOTAL FLOWTIME : 602
--- RUNNING TIME : 2.6078

# -------------------------- #
RUN : 1 - instancias_txt/SSP-NPM-I/ins136_m=3_j=15_t=20_var=16.txt

- MACHINE [0]

1 
0 
1 
0 
0 
1 
1 
0 
1 
1 
0 
0 
0 
0 
0 
0 
0 
1 
0 
0 

JOBS [1] - [4]
TOOL SWITCHES : 0
MAKESPAN : 7

- MACHINE [1]

0 0 0 
0 0 0 
1 0 1 
1 1 0 
0 0 0 
0 0 1 
0 0 0 
1 0 1 
1 1 1 
0 0 1 
0 0 0 
0 0 0 
0 0 0 
0 0 0 
0 0 0 
0 0 1 
0 1 0 
0 1 0 
0 0 0 
1 1 0 

JOBS [3] - [6, 11, 14]
TOOL SWITCHES : 0
MAKESPAN : 19

- MACHINE [2]

0 0 0 1 1 1 0 0 0 0 1 
0 0 1 0 1 0 0 0 0 0 0 
0 0 0 0 0 0 0 1 0 1 0 
1 1 0 0 1 0 0 0 1 0 0 
1 0 0 0 0 1 1 0 0 0 0 
0 0 1 0 0 0 1 0 1 1 0 
1 1 0 1 0 1 0 0 0 0 0 
0 0 0 0 0 1 0 1 1 0 1 
0 0 0 0 0 0 0 0 0 0 0 
0 0 0 0 0 0 0 0 1 1 0 
1 0 0 1 1 0 1 0 1 0 1 
0 1 1 0 0 0 1 1 1 0 0 
1 1 1 1 1 1 0 0 0 0 0 
1 1 0 0 0 0 0 0 0 1 1 
1 0 1 0 0 0 1 1 0 1 0 
0 1 0 1 1 0 0 1 0 0 0 
0 0 0 0 0 0 1 0 0 0 0 
0 0 0 0 0 0 0 0 0 0 0 
0 0 0 0 0 0 0 1 0 1 0 
0 0 1 0 0 1 0 1 0 1 1 

JOBS [11] - [0, 9, 12, 8, 3, 10, 2, 5, 1, 13, 7]
TOOL SWITCHES : 5
MAKESPAN : 76

# -------------------------- #

--- TOTAL TOOL SWITCHES : 5
--- HIGHEST MAKESPAN : 76
--- TOTAL FLOWTIME : 471
--- RUNNING TIME : 2.19502

# -------------------------- #
RUN : 1 - instancias_txt/SSP-NPM-I/ins137_m=3_j=15_t=20_var=17.txt

- MACHINE [0]

0 0 
0 0 
1 0 
1 1 
0 0 
1 1 
0 0 
0 0 
0 0 
0 0 
0 0 
1 1 
1 1 
0 1 
1 1 
0 0 
0 0 
0 1 
0 0 
0 0 

JOBS [2] - [14, 0]
TOOL SWITCHES : 1
MAKESPAN : 7

- MACHINE [1]

1 1 0 1 0 1 0 1 
0 0 1 1 1 1 0 0 
1 0 0 0 1 0 0 0 
0 0 1 1 1 0 1 0 
0 0 0 0 0 0 1 1 
1 0 0 1 0 0 0 1 
0 1 0 1 0 0 0 0 
0 0 0 0 0 0 1 1 
0 0 0 0 0 0 0 0 
1 1 0 0 0 1 1 0 
0 0 0 0 0 0 0 0 
0 0 0 0 0 0 0 0 
0 1 1 0 0 1 0 0 
0 0 0 0 0 0 0 0 
1 1 1 0 1 0 1 0 
1 0 1 0 0 0 0 1 
0 0 0 0 0 0 0 0 
0 0 0 0 1 1 1 0 
1 1 0 0 0 0 0 0 
0 0 0 0 0 1 0 1 

JOBS [8] - [12, 1, 9, 11, 4, 10, 8, 3]
TOOL SWITCHES : 5
MAKESPAN : 44

- MACHINE [2]

0 0 0 0 0 
1 1 1 0 0 
1 1 1 0 0 
0 0 0 0 0 
0 0 0 0 0 
0 0 1 0 0 
0 0 0 0 0 
1 0 0 0 1 
1 1 1 1 1 
0 0 1 1 0 
0 0 0 0 0 
0 1 0 1 1 
1 0 0 0 0 
0 0 0 0 1 
0 0 0 0 0 
0 1 0 0 0 
0 0 0 0 1 
0 0 0 0 0 
0 1 0 1 1 
1 0 1 1 0 

JOBS [5] - [13, 6, 2, 5, 7]
TOOL SWITCHES : 0
MAKESPAN : 24

# -------------------------- #

--- TOTAL TOOL SWITCHES : 6
--- HIGHEST MAKESPAN : 44
--- TOTAL FLOWTIME : 291
--- RUNNING TIME : 1.57251

# -------------------------- #
RUN : 1 - instancias_txt/SSP-NPM-I/ins138_m=3_j=15_t=20_var=18.txt

- MACHINE [0]

0 
1 
0 
1 
0 
0 
1 
1 
0 
0 
1 
0 
0 
0 
1 
0 
1 
0 
0 
0 

JOBS [1] - [0]
TOOL SWITCHES : 0
MAKESPAN : 10

- MACHINE [1]

0 1 0 
1 0 1 
1 0 0 
0 1 0 
1 1 1 
1 0 1 
0 0 0 
1 0 0 
0 0 0 
0 0 0 
0 0 0 
0 0 0 
0 1 1 
0 0 0 
0 1 0 
0 0 0 
0 0 0 
0 0 0 
0 0 0 
0 0 1 

JOBS [3] - [1, 5, 2]
TOOL SWITCHES : 0
MAKESPAN : 22

- MACHINE [2]

1 1 1 0 1 0 0 0 0 0 0 
0 1 0 1 0 0 0 0 0 0 0 
0 0 1 1 1 1 0 1 0 0 0 
0 1 0 0 0 1 0 0 0 0 0 
0 0 0 0 0 0 0 0 1 1 0 
1 1 1 1 1 0 0 1 0 1 0 
0 0 1 0 0 1 0 0 0 1 0 
0 0 1 0 0 1 0 1 0 0 1 
0 0 0 1 0 1 0 0 0 0 1 
0 0 0 0 0 0 0 1 0 1 1 
1 0 0 0 0 0 1 0 1 1 0 
0 0 1 0 0 0 0 1 1 1 1 
1 0 0 1 0 0 0 0 0 0 0 
1 0 0 1 1 0 1 0 1 0 1 
0 0 0 0 0 0 0 0 0 0 0 
0 0 0 0 1 1 1 1 1 0 0 
0 1 0 0 0 0 1 0 0 0 1 
0 0 0 0 0 0 0 0 0 0 0 
0 0 0 0 1 0 0 0 0 1 0 
0 0 0 0 0 1 1 0 1 0 1 

JOBS [11] - [10, 14, 11, 12, 9, 6, 3, 13, 4, 7, 8]
TOOL SWITCHES : 5
MAKESPAN : 77

# -------------------------- #

--- TOTAL TOOL SWITCHES : 5
--- HIGHEST MAKESPAN : 77
--- TOTAL FLOWTIME : 510
--- RUNNING TIME : 2.59244

# -------------------------- #
RUN : 1 - instancias_txt/SSP-NPM-I/ins139_m=3_j=15_t=20_var=19.txt

- MACHINE [0]

1 
0 
0 
0 
0 
0 
1 
0 
0 
1 
0 
0 
1 
0 
0 
0 
1 
0 
1 
0 

JOBS [1] - [0]
TOOL SWITCHES : 0
MAKESPAN : 3

- MACHINE [1]

1 0 1 
0 0 0 
1 1 0 
0 0 0 
0 1 0 
0 0 0 
1 0 1 
0 0 0 
0 0 0 
1 1 1 
0 0 0 
0 0 0 
0 1 0 
1 1 1 
0 0 0 
1 0 0 
0 1 1 
0 0 0 
0 0 0 
1 0 0 

JOBS [3] - [12, 8, 13]
TOOL SWITCHES : 0
MAKESPAN : 20

- MACHINE [2]

1 0 0 0 1 0 0 1 0 1 0 
0 0 1 1 0 0 0 1 0 0 1 
0 0 1 0 0 1 1 0 0 0 0 
0 0 1 1 0 0 0 1 0 0 0 
0 0 0 0 0 0 0 1 1 0 0 
0 0 0 0 0 0 0 0 0 0 0 
1 1 0 0 0 0 1 0 1 0 0 
1 0 1 0 1 1 1 0 0 1 0 
0 0 0 0 1 0 1 0 0 0 1 
0 0 0 0 0 0 0 0 0 1 1 
1 0 1 1 1 0 0 0 1 1 1 
0 0 0 0 0 0 1 1 1 0 0 
0 1 0 1 1 0 0 0 0 0 0 
0 1 1 0 0 1 0 0 0 1 0 
1 1 0 1 0 0 0 0 0 0 0 
0 1 0 0 1 1 0 0 1 1 0 
1 1 1 0 0 0 0 0 0 0 0 
0 1 0 1 0 0 0 0 1 0 1 
0 0 0 1 0 1 1 1 1 0 1 
0 0 0 0 0 0 0 0 0 1 1 

JOBS [11] - [1, 6, 3, 7, 9, 4, 14, 11, 10, 5, 2]
TOOL SWITCHES : 6
MAKESPAN : 77

# -------------------------- #

--- TOTAL TOOL SWITCHES : 6
--- HIGHEST MAKESPAN : 77
--- TOTAL FLOWTIME : 494
--- RUNNING TIME : 2.46989

# -------------------------- #
RUN : 1 - instancias_txt/SSP-NPM-I/ins140_m=3_j=15_t=20_var=20.txt

- MACHINE [0]

1 1 
0 0 
0 0 
0 0 
0 0 
0 0 
0 0 
1 1 
0 0 
0 0 
0 1 
0 0 
0 0 
0 1 
0 0 
1 0 
1 0 
0 0 
1 1 
1 0 

JOBS [2] - [0, 3]
TOOL SWITCHES : 1
MAKESPAN : 12

- MACHINE [1]

0 0 1 0 0 0 0 1 1 
1 1 1 0 0 1 1 0 0 
0 0 0 0 0 1 1 1 0 
0 0 0 0 0 0 1 1 0 
0 0 0 0 0 0 0 0 0 
0 0 0 0 1 0 0 1 1 
0 0 1 0 1 0 1 0 1 
0 0 0 0 1 1 1 1 0 
0 0 0 0 1 1 0 0 0 
1 1 0 1 1 1 0 0 0 
0 1 0 1 0 1 1 0 1 
0 0 0 1 0 0 0 0 0 
1 1 1 0 0 0 0 0 0 
0 0 0 0 0 0 0 1 0 
1 1 1 1 0 0 0 0 0 
0 0 0 0 0 0 0 0 0 
1 0 0 0 0 1 0 1 1 
0 0 0 0 0 0 0 0 0 
0 0 0 1 1 0 0 0 0 
1 1 0 0 0 0 0 0 0 

JOBS [9] - [8, 7, 1, 2, 6, 4, 5, 10, 13]
TOOL SWITCHES : 7
MAKESPAN : 79

- MACHINE [2]

0 0 0 0 
0 0 0 0 
0 0 0 1 
0 1 1 0 
1 0 0 1 
0 0 0 0 
0 1 0 0 
0 0 0 0 
1 1 1 0 
1 0 0 0 
0 0 0 0 
0 0 0 0 
0 1 0 1 
1 0 0 0 
1 1 0 1 
1 1 1 0 
1 0 1 1 
0 0 1 0 
0 0 1 0 
0 0 0 0 

JOBS [4] - [14, 12, 9, 11]
TOOL SWITCHES : 0
MAKESPAN : 16

# -------------------------- #

--- TOTAL TOOL SWITCHES : 8
--- HIGHEST MAKESPAN : 79
--- TOTAL FLOWTIME : 460
--- RUNNING TIME : 1.47569

# -------------------------- #


avg : 6.05
