RUN : 1 - instancias_txt/SSP-NPM-I/ins121_m=3_j=15_t=20_var=1.txt

- MACHINE [0]

1 
0 
1 
0 
1 
1 
1 
0 
0 
0 
0 
0 
0 
1 
0 
0 
1 
0 
0 
0 

JOBS [1] - [9]
TOOL SWITCHES : 0
MAKESPAN : 6

- MACHINE [1]

0 0 
0 0 
0 0 
1 0 
1 1 
1 0 
0 1 
0 0 
0 1 
0 1 
0 0 
0 0 
0 1 
0 0 
0 0 
0 0 
1 1 
1 0 
0 0 
1 1 

JOBS [2] - [0, 7]
TOOL SWITCHES : 0
MAKESPAN : 11

- MACHINE [2]

0 0 0 0 1 0 0 1 1 1 0 0 
0 0 1 1 0 1 0 1 1 0 0 0 
0 0 0 1 0 0 0 0 0 0 0 0 
0 0 0 0 0 0 0 0 0 1 1 0 
1 0 0 0 0 0 1 0 0 1 1 0 
0 0 0 0 0 1 1 0 0 0 0 0 
0 0 0 0 0 0 0 0 0 0 1 1 
1 1 0 1 0 0 0 0 0 0 1 0 
0 0 1 0 1 0 0 0 0 0 0 0 
1 1 0 0 0 0 0 0 0 0 0 0 
1 0 0 0 0 1 0 0 1 0 0 1 
0 1 0 1 0 0 0 1 0 1 1 0 
0 1 1 1 0 1 1 0 0 0 0 1 
0 1 1 0 1 0 0 0 0 0 0 0 
1 0 1 1 1 1 1 0 0 0 1 1 
0 0 0 1 0 1 1 1 0 0 0 0 
0 0 0 0 0 0 0 1 1 1 0 0 
0 0 0 0 0 0 1 1 1 1 0 1 
1 1 1 0 1 1 1 0 0 1 0 1 
0 1 0 0 0 0 0 0 1 0 1 0 

JOBS [12] - [11, 12, 1, 5, 13, 4, 3, 8, 6, 14, 2, 10]
TOOL SWITCHES : 7
MAKESPAN : 98

# -------------------------- #

--- TOTAL TOOL SWITCHES : 7
--- HIGHEST MAKESPAN : 98
--- TOTAL FLOWTIME : 616
--- RUNNING TIME : 3.95257

# -------------------------- #
RUN : 1 - instancias_txt/SSP-NPM-I/ins122_m=3_j=15_t=20_var=2.txt

- MACHINE [0]

0 0 
0 0 
0 0 
0 0 
1 1 
0 0 
0 0 
1 1 
0 0 
0 0 
0 0 
0 0 
1 1 
0 0 
0 0 
1 1 
0 1 
1 0 
0 1 
0 0 

JOBS [2] - [9, 13]
TOOL SWITCHES : 0
MAKESPAN : 11

- MACHINE [1]

0 1 1 0 0 0 0 
0 0 1 0 1 0 1 
0 0 0 1 0 1 1 
0 0 0 1 1 0 0 
0 0 0 0 0 0 0 
0 0 0 0 1 1 1 
1 0 1 1 0 0 0 
0 0 0 0 0 0 0 
0 0 0 1 0 1 1 
1 0 1 0 0 0 1 
0 0 0 0 0 0 0 
1 1 0 0 0 1 0 
0 0 0 0 0 0 0 
0 0 0 0 1 1 0 
1 1 0 1 0 0 0 
0 1 0 1 1 0 1 
0 0 0 0 0 1 0 
1 1 1 0 0 0 0 
0 0 0 0 0 0 0 
0 1 0 1 0 1 1 

JOBS [7] - [4, 11, 5, 0, 10, 2, 6]
TOOL SWITCHES : 5
MAKESPAN : 48

- MACHINE [2]

0 0 0 1 1 1 
0 0 0 0 0 0 
0 1 1 1 0 1 
0 0 0 0 0 0 
1 1 1 0 1 0 
0 0 0 1 1 0 
0 0 0 0 0 0 
0 1 0 0 0 0 
0 0 1 0 0 1 
1 0 0 0 1 0 
1 0 0 0 1 0 
0 0 0 0 0 0 
0 0 0 0 0 0 
0 0 1 0 1 0 
0 0 0 0 0 0 
0 0 1 1 0 0 
1 1 1 1 0 1 
0 0 0 0 0 0 
1 0 0 1 0 0 
0 1 0 0 0 1 

JOBS [6] - [8, 3, 1, 14, 7, 12]
TOOL SWITCHES : 0
MAKESPAN : 52

# -------------------------- #

--- TOTAL TOOL SWITCHES : 5
--- HIGHEST MAKESPAN : 52
--- TOTAL FLOWTIME : 361
--- RUNNING TIME : 1.85113

# -------------------------- #
RUN : 1 - instancias_txt/SSP-NPM-I/ins123_m=3_j=15_t=20_var=3.txt

- MACHINE [0]

1 
0 
1 
0 
0 
0 
1 
0 
0 
1 
0 
0 
0 
1 
1 
0 
0 
0 
0 
1 

JOBS [1] - [13]
TOOL SWITCHES : 0
MAKESPAN : 10

- MACHINE [1]

0 0 0 
0 0 0 
0 0 0 
1 1 0 
0 0 0 
1 1 1 
1 0 0 
0 0 0 
1 1 0 
0 0 1 
1 1 0 
0 0 0 
0 0 1 
0 1 1 
0 0 0 
0 0 0 
1 0 0 
0 0 0 
1 0 1 
0 0 0 

JOBS [3] - [7, 9, 8]
TOOL SWITCHES : 0
MAKESPAN : 15

- MACHINE [2]

0 0 0 0 0 0 0 0 0 0 0 
0 0 0 0 0 1 1 1 1 0 1 
0 0 0 0 0 0 0 0 1 0 0 
1 0 0 1 0 0 1 1 0 0 1 
0 1 1 0 1 0 0 1 0 0 0 
1 0 1 1 1 0 0 1 1 0 0 
0 0 1 0 0 0 0 0 0 1 0 
1 1 1 1 1 0 1 0 1 1 0 
0 0 0 0 0 0 0 0 0 0 0 
0 0 0 0 0 0 1 0 0 0 1 
0 1 1 0 0 1 0 0 0 0 0 
0 1 0 0 1 0 0 0 0 1 0 
0 1 0 0 0 0 0 0 0 0 0 
0 1 0 0 0 1 1 0 0 0 0 
1 0 1 1 1 0 0 0 0 0 0 
0 0 0 0 1 1 1 0 1 0 1 
1 0 0 1 0 1 0 1 0 1 1 
0 1 0 1 0 0 1 0 0 0 0 
0 0 0 0 0 0 0 0 0 0 0 
0 0 0 0 0 0 0 0 1 1 1 

JOBS [11] - [2, 0, 3, 14, 11, 10, 1, 12, 6, 4, 5]
TOOL SWITCHES : 4
MAKESPAN : 85

# -------------------------- #

--- TOTAL TOOL SWITCHES : 4
--- HIGHEST MAKESPAN : 85
--- TOTAL FLOWTIME : 499
--- RUNNING TIME : 2.92997

# -------------------------- #
RUN : 1 - instancias_txt/SSP-NPM-I/ins124_m=3_j=15_t=20_var=4.txt

- MACHINE [0]

0 
1 
0 
0 
1 
1 
0 
0 
0 
1 
0 
0 
0 
0 
1 
0 
0 
0 
0 
0 

JOBS [1] - [6]
TOOL SWITCHES : 0
MAKESPAN : 7

- MACHINE [1]

0 0 0 
0 0 0 
0 0 1 
0 0 0 
0 0 0 
0 0 0 
0 1 0 
0 0 0 
1 1 0 
0 0 0 
1 0 0 
1 1 1 
0 0 1 
0 0 1 
1 1 1 
0 1 0 
0 0 0 
1 0 1 
0 0 0 
0 0 0 

JOBS [3] - [10, 3, 8]
TOOL SWITCHES : 0
MAKESPAN : 23

- MACHINE [2]

1 0 0 0 0 0 1 1 0 1 1 
0 1 1 1 0 0 1 0 0 0 0 
0 0 0 1 1 0 0 1 1 1 1 
0 0 0 0 0 0 0 1 1 0 1 
0 0 0 0 0 0 0 0 0 0 0 
0 0 0 0 0 0 0 0 1 0 0 
1 1 1 0 0 0 1 0 1 0 1 
0 0 1 1 0 1 0 1 0 0 0 
0 0 0 1 0 1 1 0 1 0 0 
0 0 0 1 1 1 0 0 0 1 0 
1 0 0 1 1 0 0 1 0 1 0 
0 1 0 0 1 1 0 1 0 0 0 
0 0 0 0 0 1 0 0 0 1 1 
1 1 1 0 0 0 0 0 0 0 0 
0 0 0 0 0 0 0 0 0 0 0 
1 0 0 0 0 0 0 0 0 0 0 
0 0 1 0 0 0 0 0 1 1 0 
0 0 0 0 0 0 0 0 0 0 0 
0 1 1 0 0 1 0 0 1 1 0 
0 1 0 0 1 0 1 1 0 0 0 

JOBS [11] - [0, 12, 2, 11, 5, 13, 7, 4, 1, 14, 9]
TOOL SWITCHES : 4
MAKESPAN : 77

# -------------------------- #

--- TOTAL TOOL SWITCHES : 4
--- HIGHEST MAKESPAN : 77
--- TOTAL FLOWTIME : 479
--- RUNNING TIME : 3.10458

# -------------------------- #
RUN : 1 - instancias_txt/SSP-NPM-I/ins125_m=3_j=15_t=20_var=5.txt

- MACHINE [0]

1 
1 
1 
0 
0 
1 
0 
0 
0 
0 
0 
0 
0 
0 
0 
1 
1 
0 
1 
0 

JOBS [1] - [5]
TOOL SWITCHES : 0
MAKESPAN : 10

- MACHINE [1]

1 0 
0 0 
0 0 
1 0 
0 0 
0 0 
0 0 
0 0 
1 0 
1 1 
0 0 
0 0 
0 1 
0 1 
0 1 
0 1 
1 0 
0 0 
1 1 
0 0 

JOBS [2] - [2, 7]
TOOL SWITCHES : 0
MAKESPAN : 9

- MACHINE [2]

0 0 1 0 0 1 0 0 1 0 1 0 
0 0 0 0 0 0 0 1 1 0 1 0 
0 1 0 0 0 0 0 0 0 0 0 0 
0 0 0 0 1 1 0 1 0 0 0 1 
0 0 0 0 0 0 0 0 1 1 1 1 
0 0 1 1 0 1 0 1 0 1 0 0 
1 1 0 1 1 0 1 1 0 0 0 0 
1 1 0 0 1 0 1 1 0 0 0 0 
0 1 1 1 0 0 0 0 1 0 0 1 
0 0 0 1 1 0 0 0 1 0 0 0 
1 1 1 0 0 0 0 0 0 0 0 0 
0 0 0 0 0 0 1 0 0 1 1 0 
0 0 1 0 1 0 0 0 0 0 0 0 
1 0 1 1 0 1 0 1 0 0 0 1 
0 0 0 0 0 0 0 0 0 0 0 1 
0 1 0 0 0 1 1 0 0 0 1 0 
1 1 0 0 0 0 1 0 0 0 0 0 
1 0 0 0 1 0 0 0 1 1 1 0 
0 0 0 0 0 0 0 0 0 0 0 0 
0 0 1 0 0 0 1 1 0 1 1 1 

JOBS [12] - [4, 9, 0, 13, 11, 10, 1, 8, 3, 12, 14, 6]
TOOL SWITCHES : 6
MAKESPAN : 87

# -------------------------- #

--- TOTAL TOOL SWITCHES : 6
--- HIGHEST MAKESPAN : 87
--- TOTAL FLOWTIME : 526
--- RUNNING TIME : 3.26975

# -------------------------- #
RUN : 1 - instancias_txt/SSP-NPM-I/ins126_m=3_j=15_t=20_var=6.txt

- MACHINE [0]

1 
0 
1 
0 
0 
1 
1 
1 
1 
0 
0 
0 
1 
0 
0 
0 
0 
0 
0 
0 

JOBS [1] - [12]
TOOL SWITCHES : 0
MAKESPAN : 5

- MACHINE [1]

0 
0 
1 
0 
1 
0 
0 
0 
0 
0 
1 
1 
0 
0 
0 
0 
0 
0 
1 
0 

JOBS [1] - [4]
TOOL SWITCHES : 0
MAKESPAN : 1

- MACHINE [2]

0 1 1 0 1 0 1 0 0 0 0 0 0 
1 1 0 0 1 1 0 0 0 0 0 0 0 
0 0 0 0 0 0 0 0 0 0 0 0 0 
0 0 0 0 1 0 1 0 1 0 0 1 0 
0 0 0 0 0 0 0 0 1 0 1 0 1 
1 0 0 1 0 0 0 0 0 0 0 0 0 
0 1 1 0 0 0 0 0 0 1 0 1 0 
1 1 1 0 0 0 0 1 1 1 1 0 0 
0 0 0 0 0 0 0 0 1 0 0 1 1 
0 0 0 0 0 0 0 0 1 1 1 0 1 
0 0 1 1 1 1 1 0 0 0 1 0 0 
0 0 0 0 0 0 0 1 1 0 0 1 0 
0 0 0 1 1 0 1 0 0 0 0 0 1 
0 0 0 0 0 0 1 1 0 1 0 0 0 
0 1 0 1 0 1 0 1 0 1 1 1 0 
1 0 0 1 1 1 0 0 0 0 0 0 1 
0 0 0 0 0 1 0 1 0 0 0 0 0 
1 0 1 0 0 0 0 1 0 0 0 0 0 
0 1 0 1 0 1 1 0 1 0 1 0 0 
0 0 1 0 1 1 1 0 0 0 0 0 0 

JOBS [13] - [9, 10, 1, 0, 5, 3, 7, 2, 8, 11, 13, 14, 6]
TOOL SWITCHES : 6
MAKESPAN : 85

# -------------------------- #

--- TOTAL TOOL SWITCHES : 6
--- HIGHEST MAKESPAN : 85
--- TOTAL FLOWTIME : 625
--- RUNNING TIME : 3.50033

# -------------------------- #
RUN : 1 - instancias_txt/SSP-NPM-I/ins127_m=3_j=15_t=20_var=7.txt

- MACHINE [0]

0 
1 
1 
1 
1 
0 
0 
1 
0 
0 
1 
0 
0 
0 
0 
0 
0 
0 
0 
0 

JOBS [1] - [2]
TOOL SWITCHES : 0
MAKESPAN : 1

- MACHINE [1]

1 0 1 1 1 0 0 1 0 0 
1 0 0 1 1 1 0 0 1 0 
0 0 0 0 0 0 0 0 0 0 
1 0 1 1 1 0 0 0 0 0 
0 0 0 0 0 0 0 0 0 0 
0 1 0 1 0 1 1 0 0 0 
1 0 1 0 0 0 1 0 0 1 
1 1 1 0 0 0 0 0 0 0 
0 0 0 0 0 0 0 0 1 0 
0 0 0 0 0 0 0 0 0 0 
0 0 0 1 1 0 1 1 1 1 
0 1 0 0 0 1 0 0 0 0 
0 1 1 0 0 1 0 0 0 1 
0 0 0 0 0 0 1 1 1 1 
0 0 0 0 0 0 0 0 1 0 
0 0 0 0 1 0 0 1 1 0 
0 0 0 0 0 1 0 1 0 0 
0 0 0 0 0 0 1 0 1 1 
0 0 0 0 0 0 0 1 0 1 
1 1 0 0 1 0 0 0 0 0 

JOBS [10] - [12, 9, 1, 11, 3, 4, 6, 7, 8, 5]
TOOL SWITCHES : 7
MAKESPAN : 73

- MACHINE [2]

0 0 0 0 
0 0 0 0 
0 0 0 1 
0 1 0 0 
0 0 0 0 
1 0 1 1 
1 0 0 1 
0 1 0 1 
1 1 1 0 
1 0 0 1 
0 0 0 0 
0 0 1 0 
0 0 0 0 
0 0 0 0 
0 1 1 0 
0 1 1 0 
0 1 0 0 
0 0 0 0 
1 0 1 1 
0 0 1 0 

JOBS [4] - [14, 13, 0, 10]
TOOL SWITCHES : 0
MAKESPAN : 35

# -------------------------- #

--- TOTAL TOOL SWITCHES : 7
--- HIGHEST MAKESPAN : 73
--- TOTAL FLOWTIME : 461
--- RUNNING TIME : 2.18443

# -------------------------- #
RUN : 1 - instancias_txt/SSP-NPM-I/ins128_m=3_j=15_t=20_var=8.txt

- MACHINE [0]

0 
0 
0 
1 
0 
0 
0 
1 
1 
1 
0 
1 
1 
0 
0 
0 
0 
0 
0 
1 

JOBS [1] - [4]
TOOL SWITCHES : 0
MAKESPAN : 1

- MACHINE [1]

0 1 
0 0 
1 1 
0 0 
0 1 
0 0 
0 0 
0 1 
1 1 
1 0 
0 0 
0 0 
0 0 
1 0 
0 0 
1 1 
0 1 
0 0 
0 0 
1 0 

JOBS [2] - [13, 10]
TOOL SWITCHES : 0
MAKESPAN : 14

- MACHINE [2]

0 0 0 1 0 1 0 0 1 1 0 0 
1 0 1 0 0 0 0 0 0 1 0 1 
0 0 0 0 0 0 0 0 0 0 0 0 
0 0 1 0 1 0 0 0 0 0 0 1 
0 0 1 1 0 0 0 1 0 0 1 0 
0 0 0 1 1 1 1 0 0 0 0 0 
1 0 0 1 0 0 0 0 0 0 0 0 
1 0 0 0 0 1 0 0 0 0 0 0 
0 0 0 0 0 0 0 0 1 0 1 1 
0 0 0 0 0 0 0 0 0 1 1 1 
0 0 0 0 1 0 1 1 0 1 0 0 
0 0 0 0 0 0 1 0 0 0 0 0 
0 1 1 1 0 0 0 0 0 0 0 0 
1 0 0 0 1 0 0 0 1 1 0 1 
0 1 1 1 1 1 1 0 1 0 0 1 
1 1 0 0 0 0 1 0 0 0 1 0 
0 0 0 0 0 0 0 1 1 0 0 1 
0 1 0 0 1 0 0 0 0 0 1 0 
1 1 1 0 1 1 1 1 0 1 0 0 
0 0 0 0 0 1 0 1 1 0 0 0 

JOBS [12] - [7, 1, 2, 5, 12, 8, 14, 3, 11, 0, 6, 9]
TOOL SWITCHES : 6
MAKESPAN : 94

# -------------------------- #

--- TOTAL TOOL SWITCHES : 6
--- HIGHEST MAKESPAN : 94
--- TOTAL FLOWTIME : 639
--- RUNNING TIME : 4.46961

# -------------------------- #
RUN : 1 - instancias_txt/SSP-NPM-I/ins129_m=3_j=15_t=20_var=9.txt

- MACHINE [0]






















JOBS [0] - []
TOOL SWITCHES : 0
MAKESPAN : 0

- MACHINE [1]

0 0 
0 0 
0 0 
0 0 
1 0 
0 1 
1 0 
0 0 
1 1 
1 1 
0 0 
0 1 
0 0 
0 1 
1 0 
0 0 
1 0 
0 0 
0 1 
0 0 

JOBS [2] - [2, 1]
TOOL SWITCHES : 0
MAKESPAN : 12

- MACHINE [2]

0 0 1 0 1 0 0 1 0 0 0 0 0 
1 1 0 0 0 1 0 0 0 0 1 0 0 
0 0 0 0 0 1 0 1 1 0 0 0 0 
0 1 1 1 0 0 0 0 0 0 0 0 0 
0 0 0 0 0 0 0 0 1 0 1 0 1 
0 0 0 1 0 0 1 0 0 0 0 1 0 
0 0 0 0 0 0 0 0 0 0 0 0 0 
1 0 0 1 1 0 0 0 0 1 0 0 1 
0 0 0 0 0 0 0 0 1 0 0 1 1 
0 0 0 0 0 0 0 0 0 0 0 0 0 
1 1 1 0 0 0 0 0 0 0 0 0 0 
0 1 1 0 0 1 1 0 0 0 0 0 0 
0 0 0 0 0 0 0 1 1 1 0 1 1 
0 0 0 1 0 0 1 1 0 0 1 0 0 
0 1 1 0 0 1 0 0 0 0 1 0 1 
0 0 0 0 0 1 1 0 0 0 0 0 0 
1 0 0 1 1 0 0 0 0 1 1 1 0 
0 0 0 0 1 0 1 1 1 1 0 1 1 
1 0 0 1 1 0 0 0 1 1 0 0 0 
0 0 0 1 0 0 1 1 0 1 0 1 0 

JOBS [13] - [3, 4, 9, 7, 6, 14, 12, 10, 13, 11, 8, 0, 5]
TOOL SWITCHES : 5
MAKESPAN : 65

# -------------------------- #

--- TOTAL TOOL SWITCHES : 5
--- HIGHEST MAKESPAN : 65
--- TOTAL FLOWTIME : 468
--- RUNNING TIME : 3.37141

# -------------------------- #
RUN : 1 - instancias_txt/SSP-NPM-I/ins130_m=3_j=15_t=20_var=10.txt

- MACHINE [0]

0 
1 
1 
0 
1 
0 
1 
0 
0 
0 
0 
0 
0 
0 
1 
0 
0 
0 
1 
1 

JOBS [1] - [11]
TOOL SWITCHES : 0
MAKESPAN : 8

- MACHINE [1]

0 1 
0 0 
0 1 
0 0 
0 0 
0 1 
0 0 
0 0 
0 0 
0 0 
0 1 
1 0 
1 0 
0 0 
1 0 
1 1 
0 0 
0 0 
1 1 
0 0 

JOBS [2] - [6, 14]
TOOL SWITCHES : 0
MAKESPAN : 6

- MACHINE [2]

1 1 1 0 1 1 1 0 0 0 0 0 
0 0 0 1 0 1 0 1 1 0 0 1 
0 1 0 0 1 0 0 0 0 1 0 0 
0 1 0 0 0 0 0 0 0 0 0 0 
0 0 0 0 0 0 0 0 0 0 1 1 
1 0 0 1 0 1 0 0 0 0 0 0 
0 0 0 0 0 0 0 0 0 0 0 0 
0 0 1 1 0 1 1 1 0 1 0 0 
1 1 1 0 0 0 0 1 0 0 0 0 
0 0 0 0 1 1 1 0 1 0 0 1 
0 0 0 0 0 0 0 1 0 1 1 0 
0 0 0 0 0 0 1 0 0 0 0 0 
0 1 0 1 1 0 0 0 1 1 1 0 
0 1 0 1 1 0 1 0 0 1 1 1 
0 0 0 1 0 0 0 1 0 0 1 0 
0 0 1 0 0 0 1 0 1 0 1 0 
1 0 1 1 1 0 0 0 1 1 1 0 
0 0 0 0 0 0 0 1 1 1 0 1 
0 0 0 0 0 0 0 0 0 0 0 0 
1 1 1 0 0 0 0 0 0 0 0 0 

JOBS [12] - [13, 4, 5, 0, 1, 12, 8, 10, 9, 2, 3, 7]
TOOL SWITCHES : 5
MAKESPAN : 79

# -------------------------- #

--- TOTAL TOOL SWITCHES : 5
--- HIGHEST MAKESPAN : 79
--- TOTAL FLOWTIME : 511
--- RUNNING TIME : 3.97222

# -------------------------- #
RUN : 1 - instancias_txt/SSP-NPM-I/ins131_m=3_j=15_t=20_var=11.txt

- MACHINE [0]

0 
0 
1 
0 
1 
0 
0 
0 
0 
0 
0 
1 
1 
0 
1 
1 
0 
0 
1 
0 

JOBS [1] - [5]
TOOL SWITCHES : 0
MAKESPAN : 4

- MACHINE [1]

0 0 
1 0 
0 0 
0 0 
1 0 
0 1 
0 1 
0 1 
0 0 
0 1 
0 1 
0 0 
1 1 
0 0 
0 0 
0 0 
0 0 
1 0 
0 0 
1 1 

JOBS [2] - [10, 1]
TOOL SWITCHES : 0
MAKESPAN : 11

- MACHINE [2]

0 1 1 1 0 0 0 0 1 0 1 1 
1 0 1 0 1 0 0 0 0 0 1 0 
0 0 0 0 0 0 0 0 0 0 0 0 
0 0 0 1 1 0 1 0 0 0 0 0 
1 0 0 1 0 0 1 1 1 0 0 0 
0 0 0 0 0 0 1 1 1 0 0 0 
0 0 1 0 1 0 0 0 0 0 0 0 
0 0 0 0 0 0 0 1 0 1 0 0 
0 1 0 0 0 0 0 0 0 1 1 1 
1 0 0 0 0 1 0 0 0 0 0 1 
1 1 0 0 0 0 1 0 1 1 1 0 
0 1 1 1 0 1 0 0 0 0 0 0 
0 0 1 1 0 0 0 0 0 0 0 0 
0 0 0 1 1 1 0 0 0 0 0 1 
1 1 0 0 1 1 0 0 0 1 1 0 
1 1 1 0 0 0 0 0 0 0 0 0 
0 0 0 0 0 1 1 0 0 1 0 1 
0 0 0 0 0 0 0 0 0 0 0 0 
0 0 1 1 0 0 0 1 0 1 0 0 
0 0 0 0 0 1 1 1 1 0 1 1 

JOBS [12] - [11, 14, 6, 0, 4, 2, 8, 9, 12, 13, 7, 3]
TOOL SWITCHES : 5
MAKESPAN : 83

# -------------------------- #

--- TOTAL TOOL SWITCHES : 5
--- HIGHEST MAKESPAN : 83
--- TOTAL FLOWTIME : 612
--- RUNNING TIME : 4.69543

# -------------------------- #
RUN : 1 - instancias_txt/SSP-NPM-I/ins132_m=3_j=15_t=20_var=12.txt

- MACHINE [0]

0 
0 
1 
0 
0 
1 
0 
0 
0 
1 
1 
1 
0 
1 
0 
0 
0 
0 
0 
0 

JOBS [1] - [12]
TOOL SWITCHES : 0
MAKESPAN : 3

- MACHINE [1]

1 0 1 1 
0 0 0 0 
0 0 0 0 
1 0 1 1 
0 0 1 0 
0 0 0 0 
0 1 0 1 
1 0 1 0 
0 0 0 0 
0 0 0 0 
0 0 0 0 
1 1 1 1 
0 0 0 0 
1 1 0 1 
0 1 0 0 
0 0 0 0 
1 1 1 0 
0 0 0 0 
0 1 0 0 
0 0 0 1 

JOBS [4] - [2, 13, 6, 11]
TOOL SWITCHES : 1
MAKESPAN : 31

- MACHINE [2]

1 1 1 0 0 1 0 0 0 0 
0 0 1 0 0 1 0 0 0 1 
0 0 0 0 0 0 0 1 1 0 
1 0 0 1 0 1 1 0 0 1 
0 1 0 1 1 0 0 0 0 0 
0 0 0 0 0 0 0 0 0 0 
0 0 0 0 0 0 0 1 1 1 
1 0 0 0 1 1 1 1 0 0 
1 1 1 1 1 0 0 0 0 0 
0 0 0 0 0 1 1 1 0 1 
0 1 0 1 0 0 1 1 1 0 
0 0 0 0 0 0 0 0 0 0 
0 0 0 0 1 0 0 0 0 0 
0 0 1 0 0 0 0 0 0 1 
0 1 1 0 0 1 1 0 1 0 
1 1 0 0 0 0 0 1 0 1 
0 0 0 0 0 0 0 0 0 0 
0 0 0 1 1 0 0 0 1 0 
0 0 0 0 0 0 0 0 0 0 
0 0 0 1 0 0 1 1 0 0 

JOBS [10] - [0, 14, 1, 9, 3, 4, 10, 7, 8, 5]
TOOL SWITCHES : 3
MAKESPAN : 59

# -------------------------- #

--- TOTAL TOOL SWITCHES : 4
--- HIGHEST MAKESPAN : 59
--- TOTAL FLOWTIME : 354
--- RUNNING TIME : 3.72088

# -------------------------- #
RUN : 1 - instancias_txt/SSP-NPM-I/ins133_m=3_j=15_t=20_var=13.txt

- MACHINE [0]

0 
1 
1 
0 
0 
0 
0 
1 
0 
0 
0 
1 
0 
0 
0 
1 
1 
0 
0 
0 

JOBS [1] - [6]
TOOL SWITCHES : 0
MAKESPAN : 4

- MACHINE [1]

0 1 1 0 
0 0 0 0 
0 0 0 0 
0 0 0 0 
0 0 0 0 
1 0 0 1 
0 0 1 0 
1 0 1 0 
0 0 0 0 
1 1 0 1 
0 0 0 0 
1 1 1 1 
0 0 0 0 
0 0 0 0 
1 1 0 0 
0 1 1 0 
0 0 0 1 
0 0 0 1 
0 0 0 0 
0 0 0 0 

JOBS [4] - [9, 7, 1, 2]
TOOL SWITCHES : 0
MAKESPAN : 22

- MACHINE [2]

0 0 0 0 0 0 0 0 1 0 
0 1 0 1 1 1 0 0 0 0 
0 0 0 0 0 0 1 0 0 0 
1 1 0 0 0 0 0 0 0 1 
1 0 1 1 0 0 0 0 0 1 
0 0 1 1 0 0 0 0 0 0 
0 0 0 0 1 0 1 0 0 0 
0 1 1 0 0 0 0 1 0 0 
1 0 0 0 1 0 0 0 0 0 
0 0 0 0 0 0 0 0 0 0 
0 1 0 0 0 0 0 0 1 1 
1 1 1 1 1 0 0 0 1 1 
0 0 0 1 0 0 0 1 0 0 
1 1 0 1 0 1 1 1 0 0 
0 0 0 0 0 0 0 0 0 1 
0 0 0 0 0 0 0 0 0 0 
0 0 0 0 0 1 0 1 1 0 
0 0 1 0 0 1 1 0 1 0 
1 0 0 0 0 1 1 1 0 1 
1 0 1 0 1 0 0 1 1 0 

JOBS [10] - [5, 12, 8, 11, 4, 0, 14, 3, 13, 10]
TOOL SWITCHES : 5
MAKESPAN : 78

# -------------------------- #

--- TOTAL TOOL SWITCHES : 5
--- HIGHEST MAKESPAN : 78
--- TOTAL FLOWTIME : 440
--- RUNNING TIME : 2.05649

# -------------------------- #
RUN : 1 - instancias_txt/SSP-NPM-I/ins134_m=3_j=15_t=20_var=14.txt

- MACHINE [0]

1 
1 
0 
0 
1 
0 
1 
0 
0 
0 
0 
0 
0 
0 
0 
0 
0 
1 
1 
0 

JOBS [1] - [8]
TOOL SWITCHES : 0
MAKESPAN : 2

- MACHINE [1]

0 
0 
1 
1 
0 
0 
0 
0 
1 
1 
0 
0 
0 
0 
0 
1 
0 
1 
0 
1 

JOBS [1] - [11]
TOOL SWITCHES : 0
MAKESPAN : 10

- MACHINE [2]

0 0 0 0 0 0 0 0 1 1 0 1 0 
0 0 0 1 0 1 0 0 0 0 0 0 0 
0 0 0 0 0 0 0 0 0 0 0 0 0 
0 0 0 0 0 0 1 1 0 0 0 0 1 
0 1 1 1 1 0 0 0 0 0 0 0 0 
1 0 1 1 0 0 1 0 0 0 1 0 0 
0 0 0 0 0 1 0 1 0 1 0 1 0 
1 0 0 1 1 1 1 1 1 0 0 0 1 
0 0 0 1 0 0 0 0 0 1 1 0 1 
1 1 0 0 0 0 1 0 1 0 1 0 0 
0 1 1 0 0 0 0 0 0 0 1 1 0 
1 0 1 0 1 1 0 1 1 0 1 1 0 
0 1 1 0 1 1 0 1 0 0 0 0 0 
0 0 0 0 0 0 0 0 0 0 1 1 1 
1 0 0 1 0 1 1 0 0 0 0 1 1 
0 0 1 0 1 0 0 0 1 1 0 0 0 
1 1 0 0 0 0 0 0 0 0 0 0 0 
1 1 0 0 0 1 1 1 1 0 0 0 0 
0 0 0 0 0 0 0 0 0 0 0 0 0 
0 0 1 0 1 0 0 1 0 1 0 1 0 

JOBS [13] - [10, 13, 7, 5, 2, 3, 9, 1, 6, 4, 12, 0, 14]
TOOL SWITCHES : 5
MAKESPAN : 85

# -------------------------- #

--- TOTAL TOOL SWITCHES : 5
--- HIGHEST MAKESPAN : 85
--- TOTAL FLOWTIME : 618
--- RUNNING TIME : 2.51805

# -------------------------- #
RUN : 1 - instancias_txt/SSP-NPM-I/ins135_m=3_j=15_t=20_var=15.txt

- MACHINE [0]

0 
0 
0 
0 
1 
0 
1 
0 
1 
0 
0 
0 
0 
1 
1 
0 
0 
1 
0 
0 

JOBS [1] - [13]
TOOL SWITCHES : 0
MAKESPAN : 3

- MACHINE [1]

1 1 0 
0 0 0 
0 1 1 
0 0 0 
0 0 0 
0 1 1 
1 0 1 
0 0 1 
1 1 0 
1 0 1 
0 0 0 
1 0 0 
0 0 0 
0 0 0 
0 0 0 
1 1 0 
0 0 0 
0 0 0 
0 0 0 
0 1 0 

JOBS [3] - [12, 10, 4]
TOOL SWITCHES : 0
MAKESPAN : 16

- MACHINE [2]

0 1 1 0 0 0 1 0 0 0 0 
1 0 0 1 0 1 0 0 0 0 0 
0 1 1 0 0 1 0 0 0 1 0 
0 0 0 0 0 0 1 1 0 0 1 
0 0 1 0 0 1 0 1 1 0 0 
0 0 0 0 0 0 0 0 0 0 0 
1 1 1 1 1 0 1 1 1 0 0 
0 0 0 1 1 1 0 0 0 1 0 
0 0 0 0 0 0 0 0 0 0 0 
1 0 0 1 0 0 0 1 0 0 0 
0 0 0 0 0 0 0 0 1 0 1 
0 0 0 0 0 0 1 1 0 1 1 
1 1 1 0 0 0 0 0 0 0 0 
0 1 0 0 0 1 1 0 0 0 1 
0 0 0 0 1 0 0 1 0 0 0 
0 1 0 0 0 0 1 0 1 1 0 
1 0 0 0 1 0 0 0 1 0 0 
1 1 0 1 1 1 0 0 0 1 1 
0 0 0 0 0 0 0 1 0 1 1 
0 0 1 0 1 0 0 0 0 0 0 

JOBS [11] - [0, 5, 9, 8, 7, 14, 11, 1, 2, 6, 3]
TOOL SWITCHES : 5
MAKESPAN : 101

# -------------------------- #

--- TOTAL TOOL SWITCHES : 5
--- HIGHEST MAKESPAN : 101
--- TOTAL FLOWTIME : 665
--- RUNNING TIME : 2.35699

# -------------------------- #
RUN : 1 - instancias_txt/SSP-NPM-I/ins136_m=3_j=15_t=20_var=16.txt

- MACHINE [0]

1 
0 
1 
0 
0 
1 
1 
0 
1 
1 
0 
0 
0 
0 
0 
0 
0 
1 
0 
0 

JOBS [1] - [4]
TOOL SWITCHES : 0
MAKESPAN : 7

- MACHINE [1]

1 0 1 0 1 0 1 
0 0 0 0 1 1 0 
0 0 0 0 0 0 0 
0 1 0 1 1 0 0 
1 1 0 0 0 0 0 
0 0 0 0 0 1 0 
1 1 0 1 0 0 1 
1 0 1 0 0 0 0 
0 0 0 0 0 0 0 
0 0 0 0 0 0 0 
0 1 1 0 1 0 1 
0 0 0 1 0 1 0 
1 1 0 1 1 1 1 
0 1 1 1 0 0 0 
0 1 0 0 0 1 0 
0 0 0 1 1 0 1 
0 0 0 0 0 0 0 
0 0 0 0 0 0 0 
0 0 0 0 0 0 0 
1 0 1 0 0 1 0 

JOBS [7] - [10, 0, 7, 9, 3, 12, 8]
TOOL SWITCHES : 4
MAKESPAN : 45

- MACHINE [2]

0 0 0 0 0 0 0 
0 0 0 0 0 0 0 
0 0 1 0 1 1 1 
1 0 1 1 0 0 0 
0 1 0 0 0 0 0 
1 1 0 0 1 0 1 
0 0 0 0 0 0 0 
1 0 1 0 0 1 1 
0 0 1 1 0 0 1 
1 0 0 0 1 0 1 
1 1 0 0 0 0 0 
1 1 0 0 0 1 0 
0 0 0 0 0 0 0 
0 0 0 0 1 0 0 
0 1 0 0 1 1 0 
0 0 0 0 0 1 1 
0 1 0 1 0 0 0 
0 0 0 1 0 0 0 
0 0 0 0 1 1 0 
0 0 1 1 1 1 0 

JOBS [7] - [1, 2, 6, 11, 13, 5, 14]
TOOL SWITCHES : 3
MAKESPAN : 41

# -------------------------- #

--- TOTAL TOOL SWITCHES : 7
--- HIGHEST MAKESPAN : 45
--- TOTAL FLOWTIME : 329
--- RUNNING TIME : 1.60696

# -------------------------- #
RUN : 1 - instancias_txt/SSP-NPM-I/ins137_m=3_j=15_t=20_var=17.txt

- MACHINE [0]

0 
0 
0 
1 
0 
1 
0 
0 
0 
0 
0 
1 
1 
1 
1 
0 
0 
1 
0 
0 

JOBS [1] - [0]
TOOL SWITCHES : 0
MAKESPAN : 4

- MACHINE [1]

1 0 0 1 0 1 1 1 0 
0 0 1 1 1 0 0 1 0 
0 0 0 0 1 1 0 0 1 
0 1 1 0 1 0 0 1 1 
1 1 0 0 0 0 0 0 0 
1 0 0 0 0 1 0 1 1 
0 0 0 0 0 0 1 1 0 
1 1 0 0 0 0 0 0 0 
0 0 0 0 0 0 0 0 0 
0 1 0 1 0 1 1 0 0 
0 0 0 0 0 0 0 0 0 
0 0 0 0 0 0 0 0 1 
0 0 1 1 0 0 1 0 1 
0 0 0 0 0 0 0 0 0 
0 1 1 0 1 1 1 0 1 
1 0 1 0 0 1 0 0 0 
0 0 0 0 0 0 0 0 0 
0 1 0 1 1 0 0 0 0 
0 0 0 0 0 1 1 0 0 
1 0 0 1 0 0 0 0 0 

JOBS [9] - [3, 8, 9, 10, 4, 12, 1, 11, 14]
TOOL SWITCHES : 6
MAKESPAN : 53

- MACHINE [2]

0 0 0 0 0 
1 0 0 1 1 
1 0 0 1 1 
0 0 0 0 0 
0 0 0 0 0 
0 0 0 0 1 
0 0 0 0 0 
1 0 1 0 0 
1 1 1 1 1 
0 1 0 0 1 
0 0 0 0 0 
0 1 1 1 0 
1 0 0 0 0 
0 0 1 0 0 
0 0 0 0 0 
0 0 0 1 0 
0 0 1 0 0 
0 0 0 0 0 
0 1 1 1 0 
1 1 0 0 1 

JOBS [5] - [13, 5, 7, 6, 2]
TOOL SWITCHES : 0
MAKESPAN : 24

# -------------------------- #

--- TOTAL TOOL SWITCHES : 6
--- HIGHEST MAKESPAN : 53
--- TOTAL FLOWTIME : 327
--- RUNNING TIME : 1.59572

# -------------------------- #
RUN : 1 - instancias_txt/SSP-NPM-I/ins138_m=3_j=15_t=20_var=18.txt

- MACHINE [0]

0 
1 
0 
1 
0 
0 
1 
1 
0 
0 
1 
0 
0 
0 
1 
0 
1 
0 
0 
0 

JOBS [1] - [0]
TOOL SWITCHES : 0
MAKESPAN : 10

- MACHINE [1]

1 1 1 
0 1 0 
0 0 0 
1 1 0 
1 0 0 
0 1 1 
0 0 0 
0 0 0 
0 0 0 
0 0 0 
0 0 1 
0 0 0 
1 0 1 
0 0 1 
1 0 0 
0 0 0 
0 1 0 
0 0 0 
0 0 0 
0 0 0 

JOBS [3] - [5, 14, 10]
TOOL SWITCHES : 0
MAKESPAN : 26

- MACHINE [2]

0 0 1 1 0 0 0 0 0 0 0 
0 0 0 0 0 1 0 1 1 0 0 
0 1 1 1 1 1 0 1 0 0 0 
0 1 0 0 0 0 0 0 0 0 0 
1 0 0 0 0 1 1 0 1 0 0 
1 0 1 1 1 1 0 1 1 0 0 
1 1 1 0 0 0 0 0 0 0 0 
0 1 1 0 1 1 0 0 0 1 0 
0 1 0 0 0 0 0 1 0 1 0 
1 0 0 0 1 0 0 0 0 1 0 
1 0 0 0 0 0 1 0 0 0 1 
1 0 1 0 1 0 1 0 0 1 0 
0 0 0 0 0 0 0 1 1 0 0 
0 0 0 1 0 0 1 1 0 1 1 
0 0 0 0 0 0 0 0 0 0 0 
0 1 0 1 1 0 1 0 0 0 1 
0 0 0 0 0 0 0 0 0 1 1 
0 0 0 0 0 0 0 0 0 0 0 
1 0 0 1 0 0 0 0 0 0 0 
0 1 0 0 0 0 1 0 1 1 1 

JOBS [11] - [7, 6, 11, 9, 13, 1, 4, 12, 2, 8, 3]
TOOL SWITCHES : 5
MAKESPAN : 73

# -------------------------- #

--- TOTAL TOOL SWITCHES : 5
--- HIGHEST MAKESPAN : 73
--- TOTAL FLOWTIME : 501
--- RUNNING TIME : 2.61798

# -------------------------- #
RUN : 1 - instancias_txt/SSP-NPM-I/ins139_m=3_j=15_t=20_var=19.txt

- MACHINE [0]

0 
1 
0 
0 
0 
0 
0 
0 
1 
1 
1 
0 
0 
0 
0 
0 
0 
1 
1 
1 

JOBS [1] - [2]
TOOL SWITCHES : 0
MAKESPAN : 4

- MACHINE [1]

1 1 1 0 0 
0 0 0 0 0 
0 0 1 1 1 
0 0 0 0 0 
0 0 0 0 0 
0 0 0 0 0 
0 0 1 1 0 
1 1 0 1 1 
1 0 0 1 0 
0 1 1 0 0 
1 1 0 0 0 
0 0 0 1 0 
1 0 0 0 0 
0 1 1 0 1 
0 0 0 0 0 
1 1 1 0 1 
0 0 0 0 0 
0 0 0 0 0 
0 0 0 1 1 
0 1 1 0 0 

JOBS [5] - [9, 5, 12, 14, 4]
TOOL SWITCHES : 3
MAKESPAN : 37

- MACHINE [2]

0 0 1 1 0 0 1 1 0 
0 0 1 0 1 0 0 0 1 
0 0 0 0 0 1 0 0 1 
0 0 1 0 1 0 0 0 1 
1 0 1 0 0 1 0 0 0 
0 0 0 0 0 0 0 0 0 
1 1 0 1 0 0 1 1 0 
0 0 0 0 0 0 0 1 1 
0 0 0 0 0 0 0 0 0 
0 0 0 1 0 1 1 0 0 
1 0 0 0 1 0 0 1 1 
1 0 1 0 0 0 0 0 0 
0 1 0 0 1 1 1 0 0 
0 1 0 1 0 1 0 0 1 
0 1 0 0 1 0 0 1 0 
1 1 0 0 0 0 0 0 0 
0 1 0 1 0 1 1 1 1 
1 1 0 0 1 0 0 0 0 
1 0 1 0 1 0 1 0 0 
0 0 0 0 0 0 0 0 0 

JOBS [9] - [10, 6, 11, 13, 7, 8, 0, 1, 3]
TOOL SWITCHES : 4
MAKESPAN : 59

# -------------------------- #

--- TOTAL TOOL SWITCHES : 7
--- HIGHEST MAKESPAN : 59
--- TOTAL FLOWTIME : 368
--- RUNNING TIME : 2.11103

# -------------------------- #
RUN : 1 - instancias_txt/SSP-NPM-I/ins140_m=3_j=15_t=20_var=20.txt

- MACHINE [0]

1 
0 
0 
0 
0 
0 
0 
1 
0 
0 
0 
0 
0 
0 
0 
1 
1 
0 
1 
1 

JOBS [1] - [0]
TOOL SWITCHES : 0
MAKESPAN : 6

- MACHINE [1]

1 1 0 0 1 0 0 0 1 0 
0 0 1 1 0 0 1 1 1 0 
0 1 1 1 0 0 0 0 0 0 
0 1 1 0 0 0 0 0 0 0 
0 0 0 0 0 0 0 0 0 0 
1 1 0 0 0 1 0 0 0 0 
1 0 1 0 0 1 0 0 1 0 
0 1 1 1 1 1 0 0 0 0 
0 0 0 1 0 1 0 0 0 0 
0 0 0 1 0 1 1 1 0 1 
1 0 1 1 1 0 1 0 0 1 
0 0 0 0 0 0 0 0 0 1 
0 0 0 0 0 0 1 1 1 0 
0 1 0 0 1 0 0 0 0 0 
0 0 0 0 0 0 1 1 1 1 
0 0 0 0 0 0 0 0 0 0 
1 1 0 1 0 0 0 1 0 0 
0 0 0 0 0 0 0 0 0 0 
0 0 0 0 1 1 0 0 0 1 
0 0 0 0 0 0 1 1 0 0 

JOBS [10] - [13, 10, 5, 4, 3, 6, 7, 8, 1, 2]
TOOL SWITCHES : 8
MAKESPAN : 87

- MACHINE [2]

0 0 0 0 
0 0 0 0 
1 0 0 0 
0 1 1 0 
1 0 0 1 
0 0 0 0 
0 1 0 0 
0 0 0 0 
0 1 1 1 
0 0 0 1 
0 0 0 0 
0 0 0 0 
1 1 0 0 
0 0 0 1 
1 1 0 1 
0 1 1 1 
1 0 1 1 
0 0 1 0 
0 0 1 0 
0 0 0 0 

JOBS [4] - [11, 12, 9, 14]
TOOL SWITCHES : 0
MAKESPAN : 16

# -------------------------- #

--- TOTAL TOOL SWITCHES : 8
--- HIGHEST MAKESPAN : 87
--- TOTAL FLOWTIME : 505
--- RUNNING TIME : 1.42504

# -------------------------- #


avg : 5.6
