RUN : 1 - instancias_txt/SSP-NPM-I/ins121_m=3_j=15_t=20_var=1.txt

- MACHINE [0]

1 
0 
1 
0 
1 
1 
1 
0 
0 
0 
0 
0 
0 
1 
0 
0 
1 
0 
0 
0 

JOBS [1] - [9]
TOOL SWITCHES : 0
MAKESPAN : 6

- MACHINE [1]

0 0 
1 1 
0 1 
0 0 
0 0 
0 0 
0 0 
0 1 
1 0 
0 0 
0 0 
0 1 
1 1 
1 0 
1 1 
0 1 
0 0 
0 0 
1 0 
0 0 

JOBS [2] - [1, 5]
TOOL SWITCHES : 0
MAKESPAN : 13

- MACHINE [2]

1 1 0 0 0 0 1 0 1 0 0 0 
1 1 1 0 0 0 0 0 0 0 0 0 
0 0 0 0 0 0 0 0 0 0 0 0 
0 0 0 0 0 1 1 0 0 0 1 0 
0 0 0 1 0 1 1 1 0 0 1 1 
0 0 1 1 0 1 0 0 0 0 0 0 
0 0 0 0 1 0 0 1 0 0 1 0 
0 0 0 0 0 0 0 0 0 1 1 1 
0 0 0 0 0 0 0 1 1 0 0 0 
0 0 0 0 0 0 0 1 0 1 0 1 
0 1 1 0 1 0 0 0 0 0 0 1 
1 0 0 0 0 0 1 0 0 1 1 0 
0 0 1 1 1 0 0 1 0 1 0 0 
0 0 0 0 0 0 0 0 1 1 0 0 
0 0 1 1 1 0 0 0 1 0 1 1 
1 0 1 1 0 0 0 0 0 0 0 0 
1 1 0 0 0 1 1 1 0 0 0 0 
1 1 0 1 1 1 1 0 0 0 0 0 
0 0 1 1 1 0 1 0 1 1 0 1 
0 1 0 0 0 1 0 1 0 1 1 0 

JOBS [12] - [8, 6, 4, 3, 10, 0, 14, 7, 13, 12, 2, 11]
TOOL SWITCHES : 6
MAKESPAN : 96

# -------------------------- #

--- TOTAL TOOL SWITCHES : 6
--- HIGHEST MAKESPAN : 96
--- TOTAL FLOWTIME : 647
--- RUNNING TIME : 3.59871

# -------------------------- #
RUN : 1 - instancias_txt/SSP-NPM-I/ins122_m=3_j=15_t=20_var=2.txt

- MACHINE [0]

0 0 
0 0 
0 0 
0 0 
1 1 
0 0 
0 0 
1 1 
0 0 
0 0 
0 0 
0 0 
1 1 
0 0 
0 0 
1 1 
1 0 
0 1 
1 0 
0 0 

JOBS [2] - [13, 9]
TOOL SWITCHES : 0
MAKESPAN : 11

- MACHINE [1]

0 1 1 
0 0 0 
0 1 0 
0 0 0 
1 0 1 
0 1 1 
0 0 0 
0 0 0 
0 0 0 
1 0 1 
1 0 1 
0 0 0 
0 0 0 
0 0 1 
0 0 0 
0 1 0 
1 1 0 
0 0 0 
1 1 0 
0 0 0 

JOBS [3] - [8, 14, 7]
TOOL SWITCHES : 0
MAKESPAN : 8

- MACHINE [2]

1 0 0 1 0 0 0 0 0 1 
0 0 0 1 0 1 1 0 0 0 
0 0 1 0 1 1 0 1 1 1 
0 0 0 0 1 0 1 0 0 0 
0 0 1 0 0 0 0 0 1 0 
0 0 0 0 0 1 1 1 0 0 
0 1 0 1 1 0 0 0 0 0 
0 0 1 0 0 0 0 0 0 0 
0 0 0 0 1 1 0 1 1 1 
0 1 0 1 0 1 0 0 0 0 
0 0 0 0 0 0 0 0 0 0 
1 1 0 0 0 0 0 1 0 0 
0 0 0 0 0 0 0 0 0 0 
0 0 0 0 0 0 1 1 1 0 
1 1 0 0 1 0 0 0 0 0 
1 0 0 0 1 1 1 0 1 0 
0 0 1 0 0 0 0 1 1 1 
1 1 0 1 0 0 0 0 0 0 
0 0 0 0 0 0 0 0 0 0 
1 0 1 0 1 1 0 1 0 1 

JOBS [10] - [11, 4, 3, 5, 0, 6, 10, 2, 1, 12]
TOOL SWITCHES : 4
MAKESPAN : 77

# -------------------------- #

--- TOTAL TOOL SWITCHES : 4
--- HIGHEST MAKESPAN : 77
--- TOTAL FLOWTIME : 410
--- RUNNING TIME : 2.71066

# -------------------------- #
RUN : 1 - instancias_txt/SSP-NPM-I/ins123_m=3_j=15_t=20_var=3.txt

- MACHINE [0]

1 
0 
1 
0 
0 
0 
1 
0 
0 
1 
0 
0 
0 
1 
1 
0 
0 
0 
0 
1 

JOBS [1] - [13]
TOOL SWITCHES : 0
MAKESPAN : 10

- MACHINE [1]

0 0 0 
0 0 0 
0 0 0 
1 1 0 
0 0 0 
1 1 1 
0 1 0 
0 0 0 
1 1 0 
0 0 1 
1 1 0 
0 0 0 
0 0 1 
1 0 1 
0 0 0 
0 0 0 
0 1 0 
0 0 0 
0 1 1 
0 0 0 

JOBS [3] - [9, 7, 8]
TOOL SWITCHES : 0
MAKESPAN : 15

- MACHINE [2]

0 0 0 0 0 0 0 0 0 0 0 
1 0 1 0 1 1 0 1 0 0 0 
0 0 0 0 0 0 0 1 0 0 0 
1 0 1 0 1 0 1 0 0 1 0 
0 1 0 1 1 0 0 0 1 0 0 
0 0 0 1 1 0 1 1 1 1 0 
0 0 0 0 0 0 0 0 1 0 1 
1 1 0 1 0 0 1 1 1 1 1 
0 0 0 0 0 0 0 0 0 0 0 
1 0 1 0 0 0 0 0 0 0 0 
0 1 0 0 0 1 0 0 1 0 0 
0 1 0 1 0 0 0 0 0 0 1 
0 1 0 0 0 0 0 0 0 0 0 
1 1 0 0 0 1 0 0 0 0 0 
0 0 0 1 0 0 1 0 1 1 0 
1 0 1 1 0 1 0 1 0 0 0 
0 0 1 0 1 1 1 0 0 1 1 
1 1 0 0 0 0 1 0 0 0 0 
0 0 0 0 0 0 0 0 0 0 0 
0 0 1 0 0 0 0 1 0 0 1 

JOBS [11] - [1, 0, 5, 11, 12, 10, 14, 6, 3, 2, 4]
TOOL SWITCHES : 4
MAKESPAN : 85

# -------------------------- #

--- TOTAL TOOL SWITCHES : 4
--- HIGHEST MAKESPAN : 85
--- TOTAL FLOWTIME : 554
--- RUNNING TIME : 3.5007

# -------------------------- #
RUN : 1 - instancias_txt/SSP-NPM-I/ins124_m=3_j=15_t=20_var=4.txt

- MACHINE [0]

0 0 
0 0 
0 0 
0 0 
0 0 
0 0 
1 0 
0 0 
1 1 
0 0 
0 1 
1 1 
0 0 
0 0 
1 1 
1 0 
0 0 
0 1 
0 0 
0 0 

JOBS [2] - [3, 10]
TOOL SWITCHES : 0
MAKESPAN : 5

- MACHINE [1]

0 0 
0 1 
1 0 
0 0 
0 1 
0 1 
0 0 
0 0 
0 0 
0 1 
0 0 
1 0 
1 0 
1 0 
1 1 
0 0 
0 0 
1 0 
0 0 
0 0 

JOBS [2] - [8, 6]
TOOL SWITCHES : 0
MAKESPAN : 7

- MACHINE [2]

0 1 0 1 0 1 0 1 1 0 0 
1 1 1 0 1 0 0 0 0 0 0 
1 0 0 0 0 1 0 1 1 1 1 
0 0 0 0 0 0 0 1 1 1 0 
0 0 0 0 0 0 0 0 0 0 0 
0 0 0 0 0 0 0 0 0 1 0 
0 1 1 1 1 0 0 0 1 1 0 
1 0 0 0 1 0 1 1 0 0 0 
1 1 0 0 0 0 1 0 0 1 0 
1 0 0 0 0 1 1 0 0 0 1 
1 0 0 1 0 1 0 1 0 0 1 
0 0 1 0 0 0 1 1 0 0 1 
0 0 0 0 0 1 1 0 1 0 0 
0 0 1 1 1 0 0 0 0 0 0 
0 0 0 0 0 0 0 0 0 0 0 
0 0 0 1 0 0 0 0 0 0 0 
0 0 0 0 1 1 0 0 0 1 0 
0 0 0 0 0 0 0 0 0 0 0 
0 0 1 0 1 1 1 0 0 1 0 
0 1 1 0 0 0 0 1 0 0 1 

JOBS [11] - [11, 7, 12, 0, 2, 14, 13, 4, 9, 1, 5]
TOOL SWITCHES : 4
MAKESPAN : 77

# -------------------------- #

--- TOTAL TOOL SWITCHES : 4
--- HIGHEST MAKESPAN : 77
--- TOTAL FLOWTIME : 379
--- RUNNING TIME : 3.63458

# -------------------------- #
RUN : 1 - instancias_txt/SSP-NPM-I/ins125_m=3_j=15_t=20_var=5.txt

- MACHINE [0]

0 
0 
0 
0 
0 
0 
0 
0 
0 
1 
0 
0 
1 
1 
1 
1 
0 
0 
1 
0 

JOBS [1] - [7]
TOOL SWITCHES : 0
MAKESPAN : 2

- MACHINE [1]

1 0 
0 0 
0 0 
0 1 
0 1 
1 0 
0 0 
0 0 
1 1 
0 0 
1 0 
0 0 
1 0 
1 1 
0 1 
0 0 
0 0 
0 0 
0 0 
1 1 

JOBS [2] - [0, 6]
TOOL SWITCHES : 0
MAKESPAN : 8

- MACHINE [2]

1 0 1 0 0 1 0 0 0 1 1 0 
1 0 0 0 0 1 0 0 0 1 0 1 
1 1 0 0 0 0 0 0 0 0 0 0 
0 0 1 0 0 0 1 0 0 0 1 1 
0 0 0 0 0 1 0 1 0 1 0 0 
1 0 0 1 0 0 0 1 0 0 1 1 
0 1 0 1 1 0 1 0 1 0 0 1 
0 1 0 0 1 0 1 0 1 0 0 1 
0 1 1 1 0 1 0 0 0 0 0 0 
0 0 1 1 0 1 1 0 0 0 0 0 
0 1 0 0 1 0 0 0 0 0 0 0 
0 0 0 0 0 0 0 1 1 1 0 0 
0 0 0 0 0 0 1 0 0 0 0 0 
0 0 0 1 1 0 0 0 0 0 1 1 
0 0 0 0 0 0 0 0 0 0 0 0 
1 1 0 0 0 0 0 0 1 1 1 0 
1 1 1 0 1 0 0 0 1 0 0 0 
0 0 0 0 1 1 1 1 0 1 0 0 
1 0 1 0 0 0 0 0 0 0 0 0 
0 0 0 0 0 0 0 1 1 1 0 1 

JOBS [12] - [5, 9, 2, 13, 4, 3, 11, 12, 1, 14, 10, 8]
TOOL SWITCHES : 6
MAKESPAN : 88

# -------------------------- #

--- TOTAL TOOL SWITCHES : 6
--- HIGHEST MAKESPAN : 88
--- TOTAL FLOWTIME : 578
--- RUNNING TIME : 3.99273

# -------------------------- #
RUN : 1 - instancias_txt/SSP-NPM-I/ins126_m=3_j=15_t=20_var=6.txt

- MACHINE [0]

1 
0 
1 
0 
0 
1 
1 
1 
1 
0 
0 
0 
1 
0 
0 
0 
0 
0 
0 
0 

JOBS [1] - [12]
TOOL SWITCHES : 0
MAKESPAN : 5

- MACHINE [1]

0 0 
0 0 
1 0 
0 1 
1 0 
0 0 
0 1 
0 0 
0 1 
0 0 
1 0 
1 1 
0 0 
0 0 
0 1 
0 0 
0 0 
0 0 
1 0 
0 0 

JOBS [2] - [4, 14]
TOOL SWITCHES : 0
MAKESPAN : 10

- MACHINE [2]

0 0 0 0 1 1 1 0 1 0 0 0 
0 0 0 0 0 1 1 0 0 1 0 1 
0 0 0 0 0 0 0 0 0 0 0 0 
0 0 0 1 1 1 0 0 0 0 0 0 
0 1 1 1 0 0 0 0 0 0 0 0 
0 0 0 0 0 0 0 1 0 1 0 0 
1 0 0 0 0 0 1 0 1 0 0 0 
1 1 0 1 0 0 1 0 1 1 1 0 
0 0 1 1 0 0 0 0 0 0 0 0 
1 1 1 1 0 0 0 0 0 0 0 0 
0 1 0 0 1 1 0 1 1 0 0 1 
0 0 0 1 0 0 0 0 0 0 1 0 
0 0 1 0 1 1 0 1 0 0 0 0 
1 0 0 0 1 0 0 0 0 0 1 0 
1 1 0 0 0 0 1 1 0 0 1 1 
0 0 1 0 0 1 0 1 0 1 0 1 
0 0 0 0 0 0 0 0 0 0 1 1 
0 0 0 0 0 0 0 0 1 1 1 0 
0 1 0 1 1 0 1 1 0 0 0 1 
0 0 0 0 1 1 0 0 1 0 0 1 

JOBS [12] - [11, 13, 6, 8, 7, 5, 10, 0, 1, 9, 2, 3]
TOOL SWITCHES : 6
MAKESPAN : 84

# -------------------------- #

--- TOTAL TOOL SWITCHES : 6
--- HIGHEST MAKESPAN : 84
--- TOTAL FLOWTIME : 502
--- RUNNING TIME : 3.85724

# -------------------------- #
RUN : 1 - instancias_txt/SSP-NPM-I/ins127_m=3_j=15_t=20_var=7.txt

- MACHINE [0]

0 0 
0 0 
0 1 
0 0 
0 0 
1 1 
1 1 
0 1 
1 0 
1 1 
0 0 
0 0 
0 0 
0 0 
0 0 
0 0 
0 0 
0 0 
1 1 
0 0 

JOBS [2] - [14, 10]
TOOL SWITCHES : 0
MAKESPAN : 13

- MACHINE [1]

1 1 0 
1 1 1 
0 0 1 
1 1 1 
0 0 1 
1 0 0 
0 0 0 
0 0 1 
0 0 0 
0 0 0 
1 1 1 
0 0 0 
0 0 0 
0 0 0 
0 0 0 
0 1 0 
0 0 0 
0 0 0 
0 0 0 
0 1 0 

JOBS [3] - [11, 3, 2]
TOOL SWITCHES : 0
MAKESPAN : 19

- MACHINE [2]

0 0 1 0 0 1 1 0 0 0 
1 0 0 0 0 1 0 0 0 1 
0 0 0 0 0 0 0 0 0 0 
0 0 0 0 0 1 1 1 0 0 
0 0 0 0 0 0 0 0 0 0 
0 0 0 1 1 0 0 0 1 1 
0 1 0 1 0 1 1 0 0 0 
0 0 0 0 0 1 1 1 1 0 
1 0 0 0 1 0 0 1 0 0 
0 0 0 0 0 0 0 0 0 0 
1 1 1 1 0 0 0 0 0 0 
0 0 0 0 1 0 0 0 1 1 
0 1 0 0 0 0 1 0 1 1 
1 1 1 1 0 0 0 0 0 0 
1 0 0 0 1 0 0 1 0 0 
1 0 1 0 1 0 0 1 0 0 
0 0 1 0 0 0 0 1 0 1 
1 1 0 1 0 0 0 0 0 0 
0 1 1 0 1 0 0 0 0 0 
0 0 0 0 1 1 0 0 1 0 

JOBS [10] - [8, 5, 7, 6, 0, 12, 1, 13, 9, 4]
TOOL SWITCHES : 4
MAKESPAN : 76

# -------------------------- #

--- TOTAL TOOL SWITCHES : 4
--- HIGHEST MAKESPAN : 76
--- TOTAL FLOWTIME : 483
--- RUNNING TIME : 3.26066

# -------------------------- #
RUN : 1 - instancias_txt/SSP-NPM-I/ins128_m=3_j=15_t=20_var=8.txt

- MACHINE [0]

0 
0 
0 
1 
0 
0 
0 
1 
1 
1 
0 
1 
1 
0 
0 
0 
0 
0 
0 
1 

JOBS [1] - [4]
TOOL SWITCHES : 0
MAKESPAN : 1

- MACHINE [1]

0 0 0 
0 0 0 
0 0 0 
0 0 1 
0 0 0 
1 0 1 
0 0 0 
0 0 0 
0 0 0 
0 0 0 
1 0 1 
1 0 0 
0 1 0 
0 0 1 
1 1 1 
1 1 0 
0 0 0 
0 1 1 
1 1 1 
0 0 0 

JOBS [3] - [14, 1, 12]
TOOL SWITCHES : 0
MAKESPAN : 9

- MACHINE [2]

1 0 0 0 1 0 0 1 1 1 0 
0 1 1 1 1 0 0 0 0 0 0 
0 0 0 0 0 0 0 0 1 0 1 
0 1 0 1 0 0 0 0 0 0 0 
1 1 0 0 0 1 1 0 1 0 0 
1 0 0 0 0 0 0 1 0 0 0 
1 0 1 0 0 0 0 0 0 0 0 
0 0 1 0 0 0 0 1 1 0 0 
0 0 0 1 0 1 0 0 1 1 1 
0 0 0 1 1 1 0 0 0 0 1 
0 0 0 0 1 0 1 0 0 0 0 
0 0 0 0 0 0 0 0 0 0 0 
1 1 0 0 0 0 0 0 0 0 0 
0 0 1 1 1 0 0 0 0 1 1 
1 1 0 1 0 0 0 1 0 1 0 
0 0 1 0 0 1 0 0 1 0 1 
0 0 0 1 0 0 1 0 1 1 0 
0 0 0 0 0 1 0 0 0 0 0 
0 1 1 0 1 0 1 1 0 0 0 
0 0 0 0 0 0 1 1 0 1 1 

JOBS [11] - [5, 2, 7, 9, 0, 6, 3, 8, 10, 11, 13]
TOOL SWITCHES : 6
MAKESPAN : 88

# -------------------------- #

--- TOTAL TOOL SWITCHES : 6
--- HIGHEST MAKESPAN : 88
--- TOTAL FLOWTIME : 528
--- RUNNING TIME : 4.39848

# -------------------------- #
RUN : 1 - instancias_txt/SSP-NPM-I/ins129_m=3_j=15_t=20_var=9.txt

- MACHINE [0]

0 
0 
0 
0 
1 
0 
1 
0 
1 
1 
0 
0 
0 
0 
1 
0 
1 
0 
0 
0 

JOBS [1] - [2]
TOOL SWITCHES : 0
MAKESPAN : 9

- MACHINE [1]

1 0 1 0 
0 1 0 1 
0 0 0 0 
0 1 1 0 
0 0 0 0 
0 0 0 0 
0 0 0 0 
1 0 0 1 
0 0 0 0 
0 0 0 0 
0 1 1 1 
0 1 1 0 
0 0 0 0 
0 0 0 0 
0 1 1 0 
0 0 0 0 
1 0 0 1 
1 0 0 0 
1 0 0 1 
0 0 0 0 

JOBS [4] - [6, 4, 9, 3]
TOOL SWITCHES : 0
MAKESPAN : 25

- MACHINE [2]

0 1 0 0 0 0 0 0 0 0 
0 0 0 0 0 0 0 1 1 0 
1 1 0 0 0 0 0 0 1 0 
0 0 0 0 1 0 0 0 0 0 
1 0 1 0 0 0 0 1 0 0 
0 0 0 0 1 1 1 0 0 1 
0 0 0 0 0 0 0 0 0 0 
0 0 1 1 1 0 0 0 0 0 
1 0 1 0 0 1 1 0 0 0 
0 0 0 0 0 0 1 0 0 0 
0 0 0 0 0 0 0 0 0 0 
0 0 0 0 0 0 1 0 1 1 
1 1 1 1 0 1 0 0 0 0 
0 1 0 0 1 0 1 1 0 1 
0 0 1 0 0 0 0 1 1 0 
0 0 0 0 0 0 0 0 1 1 
0 0 0 1 1 1 0 1 0 0 
1 1 1 1 0 1 0 0 0 1 
1 0 0 1 1 0 1 0 0 0 
0 1 0 1 1 1 0 0 0 1 

JOBS [10] - [13, 10, 5, 11, 7, 0, 1, 8, 14, 12]
TOOL SWITCHES : 5
MAKESPAN : 57

# -------------------------- #

--- TOTAL TOOL SWITCHES : 5
--- HIGHEST MAKESPAN : 57
--- TOTAL FLOWTIME : 348
--- RUNNING TIME : 3.45536

# -------------------------- #
RUN : 1 - instancias_txt/SSP-NPM-I/ins130_m=3_j=15_t=20_var=10.txt

- MACHINE [0]

1 
0 
1 
1 
0 
0 
0 
0 
1 
0 
0 
0 
1 
1 
0 
0 
0 
0 
0 
1 

JOBS [1] - [4]
TOOL SWITCHES : 0
MAKESPAN : 2

- MACHINE [1]

0 0 
1 1 
1 0 
0 0 
1 1 
0 0 
1 0 
0 0 
0 0 
0 1 
0 0 
0 0 
0 0 
0 1 
1 0 
0 0 
0 0 
0 1 
1 0 
1 0 

JOBS [2] - [11, 7]
TOOL SWITCHES : 0
MAKESPAN : 11

- MACHINE [2]

1 0 1 0 1 0 1 0 1 0 0 1 
0 1 0 0 0 1 1 1 0 0 0 0 
0 0 0 0 0 0 0 0 1 0 1 1 
0 0 0 0 0 0 0 0 0 0 0 0 
0 0 0 1 0 0 0 0 0 0 0 0 
0 0 1 0 0 1 1 0 0 0 0 1 
0 0 0 0 0 0 0 0 0 0 0 0 
1 1 0 0 1 1 1 0 0 0 1 0 
1 1 1 0 0 0 0 0 0 0 0 0 
0 0 0 0 1 0 1 1 1 0 0 0 
0 1 0 1 0 0 0 0 0 0 1 1 
0 0 0 0 1 0 0 0 0 1 0 0 
0 0 0 1 0 1 0 1 1 1 1 0 
0 0 0 1 1 1 0 0 1 0 1 0 
0 1 0 1 0 1 0 0 0 1 0 0 
1 0 0 1 1 0 0 1 0 1 0 1 
1 0 1 1 0 1 0 1 1 0 1 0 
0 1 0 0 0 0 0 1 0 0 1 0 
0 0 0 0 0 0 0 0 0 1 0 1 
1 0 1 0 0 0 0 0 0 0 0 0 

JOBS [12] - [5, 10, 13, 3, 8, 0, 12, 9, 1, 6, 2, 14]
TOOL SWITCHES : 5
MAKESPAN : 84

# -------------------------- #

--- TOTAL TOOL SWITCHES : 5
--- HIGHEST MAKESPAN : 84
--- TOTAL FLOWTIME : 504
--- RUNNING TIME : 3.76291

# -------------------------- #
RUN : 1 - instancias_txt/SSP-NPM-I/ins131_m=3_j=15_t=20_var=11.txt

- MACHINE [0]

0 
0 
0 
0 
0 
0 
0 
0 
0 
1 
0 
1 
0 
1 
1 
0 
1 
0 
0 
1 

JOBS [1] - [2]
TOOL SWITCHES : 0
MAKESPAN : 2

- MACHINE [1]

0 0 
0 1 
1 0 
0 0 
1 1 
0 0 
0 0 
0 0 
0 0 
0 0 
0 0 
1 0 
1 1 
0 0 
1 0 
1 0 
0 0 
0 1 
1 0 
0 1 

JOBS [2] - [5, 10]
TOOL SWITCHES : 0
MAKESPAN : 8

- MACHINE [2]

1 0 0 0 0 1 1 0 1 1 1 0 
0 0 0 0 0 0 1 1 0 1 0 1 
0 0 0 0 0 0 0 0 0 0 0 0 
0 0 0 0 1 0 0 0 1 0 0 1 
1 0 1 0 1 0 0 1 1 0 0 0 
1 1 1 0 1 0 0 0 0 0 0 0 
0 1 0 0 0 0 0 0 0 1 0 1 
0 1 1 1 0 0 0 0 0 0 0 0 
0 0 0 1 0 1 1 0 0 0 1 0 
0 1 0 0 0 1 0 1 0 0 0 0 
1 1 0 1 1 0 1 1 0 0 1 0 
0 0 0 0 0 0 0 0 1 1 1 0 
0 1 0 0 0 0 0 0 1 1 0 0 
0 0 0 0 0 1 0 0 1 0 0 1 
0 0 0 1 0 0 1 1 0 0 1 1 
0 0 0 0 0 0 0 1 0 1 1 0 
0 0 0 1 1 1 0 0 0 0 0 0 
0 0 0 0 0 0 0 0 0 0 0 0 
0 0 1 1 0 0 0 0 1 1 0 0 
1 1 1 0 1 1 1 0 0 0 0 0 

JOBS [12] - [12, 1, 9, 13, 8, 3, 7, 11, 0, 6, 14, 4]
TOOL SWITCHES : 5
MAKESPAN : 87

# -------------------------- #

--- TOTAL TOOL SWITCHES : 5
--- HIGHEST MAKESPAN : 87
--- TOTAL FLOWTIME : 555
--- RUNNING TIME : 3.69305

# -------------------------- #
RUN : 1 - instancias_txt/SSP-NPM-I/ins132_m=3_j=15_t=20_var=12.txt

- MACHINE [0]

0 
0 
1 
0 
0 
1 
0 
0 
0 
1 
1 
1 
0 
1 
0 
0 
0 
0 
0 
0 

JOBS [1] - [12]
TOOL SWITCHES : 0
MAKESPAN : 3

- MACHINE [1]

1 1 0 1 1 1 1 0 
0 1 1 0 1 0 0 0 
0 0 0 0 0 0 0 0 
1 0 1 1 1 1 1 0 
0 0 0 0 0 0 1 0 
0 0 0 0 0 0 0 0 
0 0 1 0 0 1 0 1 
1 0 0 1 1 0 1 0 
1 1 0 0 0 0 0 0 
0 0 1 0 1 0 0 0 
0 0 0 0 0 0 0 0 
0 0 0 1 0 1 1 1 
0 0 0 0 0 0 0 0 
0 1 1 1 0 1 0 1 
0 1 0 0 1 0 0 1 
1 0 1 0 0 0 0 0 
0 0 0 1 0 0 1 1 
0 0 0 0 0 0 0 0 
0 0 0 0 0 0 0 1 
0 0 0 0 0 1 0 0 

JOBS [8] - [0, 1, 5, 2, 4, 11, 6, 13]
TOOL SWITCHES : 5
MAKESPAN : 55

- MACHINE [2]

0 0 0 1 0 0 
0 0 0 0 0 0 
0 1 0 0 1 0 
1 0 0 0 0 1 
1 0 1 1 0 0 
0 0 0 0 0 0 
0 1 0 0 1 0 
0 1 1 0 0 1 
1 0 1 1 0 0 
0 1 0 0 0 1 
1 1 0 1 1 1 
0 0 0 0 0 0 
0 0 1 0 0 0 
0 0 0 0 0 0 
0 0 0 1 1 1 
0 1 0 1 0 0 
0 0 0 0 0 0 
1 0 1 0 1 0 
0 0 0 0 0 0 
1 1 0 0 0 1 

JOBS [6] - [9, 7, 3, 14, 8, 10]
TOOL SWITCHES : 1
MAKESPAN : 32

# -------------------------- #

--- TOTAL TOOL SWITCHES : 6
--- HIGHEST MAKESPAN : 55
--- TOTAL FLOWTIME : 312
--- RUNNING TIME : 2.01228

# -------------------------- #
RUN : 1 - instancias_txt/SSP-NPM-I/ins133_m=3_j=15_t=20_var=13.txt

- MACHINE [0]

1 1 
0 0 
0 0 
0 0 
0 0 
0 0 
1 0 
1 0 
0 0 
0 1 
0 0 
1 1 
0 0 
0 0 
0 1 
1 1 
0 0 
0 0 
0 0 
0 0 

JOBS [2] - [1, 7]
TOOL SWITCHES : 0
MAKESPAN : 19

- MACHINE [1]

1 0 
0 1 
0 1 
0 0 
0 0 
0 0 
0 0 
0 1 
0 0 
0 0 
1 0 
1 1 
0 0 
0 0 
0 0 
0 1 
1 1 
1 0 
0 0 
1 0 

JOBS [2] - [13, 6]
TOOL SWITCHES : 0
MAKESPAN : 9

- MACHINE [2]

0 0 0 0 0 0 0 0 0 0 0 
1 0 0 0 0 1 0 0 1 1 0 
0 0 0 0 0 0 0 0 0 0 1 
1 0 1 0 1 0 0 0 0 0 0 
0 1 1 0 1 0 0 0 0 1 0 
0 1 0 1 0 0 1 0 0 1 0 
0 0 0 0 0 0 0 0 1 0 1 
1 1 0 1 0 0 0 1 0 0 0 
0 0 0 0 1 0 0 0 1 0 0 
0 0 0 1 0 0 1 0 0 0 0 
1 0 1 0 0 0 0 0 0 0 0 
1 1 1 1 1 0 1 0 1 1 0 
0 0 0 0 0 0 0 1 0 1 0 
1 0 0 0 1 1 0 1 0 1 1 
0 0 1 1 0 0 0 0 0 0 0 
0 0 0 0 0 0 0 0 0 0 0 
0 0 0 0 0 1 1 1 0 0 0 
0 1 0 0 0 1 1 0 0 0 1 
0 0 1 0 1 1 0 1 0 0 1 
0 1 0 0 1 0 0 1 1 0 0 

JOBS [11] - [12, 8, 10, 9, 5, 0, 2, 3, 4, 11, 14]
TOOL SWITCHES : 5
MAKESPAN : 88

# -------------------------- #

--- TOTAL TOOL SWITCHES : 5
--- HIGHEST MAKESPAN : 88
--- TOTAL FLOWTIME : 552
--- RUNNING TIME : 1.94865

# -------------------------- #
RUN : 1 - instancias_txt/SSP-NPM-I/ins134_m=3_j=15_t=20_var=14.txt

- MACHINE [0]

1 
1 
0 
0 
1 
0 
1 
0 
0 
0 
0 
0 
0 
0 
0 
0 
0 
1 
1 
0 

JOBS [1] - [8]
TOOL SWITCHES : 0
MAKESPAN : 2

- MACHINE [1]

0 0 
0 0 
0 0 
0 0 
0 1 
1 0 
0 0 
1 0 
0 0 
1 1 
0 1 
1 0 
0 1 
0 0 
1 0 
0 0 
1 1 
1 1 
0 0 
0 0 

JOBS [2] - [10, 13]
TOOL SWITCHES : 0
MAKESPAN : 9

- MACHINE [2]

0 0 0 0 0 1 1 0 0 0 0 1 
0 0 0 1 1 0 0 0 0 0 0 0 
0 0 0 0 0 0 0 0 0 0 1 0 
0 1 0 0 0 0 0 1 0 1 1 0 
1 0 1 0 1 0 0 0 0 0 0 0 
1 0 0 0 1 0 0 0 1 1 0 0 
0 1 0 1 0 1 1 0 0 0 0 0 
0 1 1 1 1 0 0 1 0 1 0 1 
0 0 0 0 1 1 0 1 1 0 1 0 
0 0 0 0 0 0 0 0 1 1 1 1 
1 0 0 0 0 0 1 0 1 0 0 0 
1 1 1 1 0 0 1 0 1 0 0 1 
1 1 1 1 0 0 0 0 0 0 0 0 
0 0 0 0 0 0 1 1 1 0 0 0 
0 0 0 1 1 0 1 1 0 1 0 0 
1 0 1 0 0 1 0 0 0 0 1 1 
0 0 0 0 0 0 0 0 0 0 0 0 
0 1 0 1 0 0 0 0 0 1 1 1 
0 0 0 0 0 0 0 0 0 0 0 0 
1 1 1 0 0 1 1 0 0 0 1 0 

JOBS [12] - [7, 1, 2, 3, 5, 4, 0, 14, 12, 9, 11, 6]
TOOL SWITCHES : 5
MAKESPAN : 79

# -------------------------- #

--- TOTAL TOOL SWITCHES : 5
--- HIGHEST MAKESPAN : 79
--- TOTAL FLOWTIME : 512
--- RUNNING TIME : 2.34986

# -------------------------- #
RUN : 1 - instancias_txt/SSP-NPM-I/ins135_m=3_j=15_t=20_var=15.txt

- MACHINE [0]

0 
0 
1 
0 
0 
0 
0 
1 
0 
0 
0 
1 
0 
0 
0 
1 
0 
1 
1 
0 

JOBS [1] - [6]
TOOL SWITCHES : 0
MAKESPAN : 7

- MACHINE [1]

1 1 1 0 0 0 0 0 
0 0 0 0 1 1 1 0 
1 1 1 1 0 1 0 0 
0 0 0 0 0 0 0 0 
1 0 0 0 0 1 0 0 
0 1 0 1 0 0 0 0 
1 0 1 1 1 0 1 1 
0 0 0 1 1 1 0 1 
0 1 0 0 0 0 0 0 
0 0 0 1 1 0 1 0 
0 0 0 0 0 0 0 0 
0 0 0 0 0 0 0 0 
1 0 1 0 0 0 1 0 
0 0 1 0 0 1 0 0 
0 0 0 0 0 0 0 1 
0 1 1 0 0 0 0 0 
0 0 0 0 0 0 1 1 
0 0 1 0 1 1 1 1 
0 0 0 0 0 0 0 0 
1 1 0 0 0 0 0 1 

JOBS [8] - [9, 10, 5, 4, 8, 14, 0, 7]
TOOL SWITCHES : 6
MAKESPAN : 73

- MACHINE [2]

1 1 0 0 0 0 
0 0 0 0 0 0 
0 0 0 0 0 0 
1 0 1 0 0 1 
0 0 0 1 1 1 
0 0 0 0 0 0 
1 1 0 1 1 1 
0 0 0 0 0 0 
0 1 0 1 0 0 
0 1 0 0 0 1 
0 0 1 0 1 0 
1 1 1 0 0 1 
0 0 0 0 0 0 
1 0 1 1 0 0 
0 0 0 1 0 1 
1 1 0 0 1 0 
0 0 0 0 1 0 
0 0 1 1 0 0 
0 0 1 0 0 1 
0 0 0 0 0 0 

JOBS [6] - [11, 12, 3, 13, 2, 1]
TOOL SWITCHES : 1
MAKESPAN : 41

# -------------------------- #

--- TOTAL TOOL SWITCHES : 7
--- HIGHEST MAKESPAN : 73
--- TOTAL FLOWTIME : 436
--- RUNNING TIME : 1.37879

# -------------------------- #
RUN : 1 - instancias_txt/SSP-NPM-I/ins136_m=3_j=15_t=20_var=16.txt

- MACHINE [0]

1 
0 
1 
0 
0 
1 
1 
0 
1 
1 
0 
0 
0 
0 
0 
0 
0 
1 
0 
0 

JOBS [1] - [4]
TOOL SWITCHES : 0
MAKESPAN : 7

- MACHINE [1]

0 0 
0 0 
0 0 
1 0 
0 1 
0 1 
0 0 
0 0 
1 0 
0 0 
0 1 
0 1 
0 0 
0 0 
0 1 
0 0 
1 1 
1 0 
0 0 
1 0 

JOBS [2] - [11, 2]
TOOL SWITCHES : 0
MAKESPAN : 11

- MACHINE [2]

0 0 0 0 0 0 1 0 1 0 1 1 
0 0 0 0 0 1 1 0 0 0 0 0 
1 1 0 1 1 0 0 0 0 0 0 0 
0 1 1 0 0 0 1 1 0 1 0 0 
0 0 0 0 0 0 0 0 1 1 0 0 
1 0 1 0 1 1 0 0 0 0 0 0 
0 0 0 0 0 0 0 1 1 1 0 1 
1 1 1 1 0 0 0 0 1 0 1 0 
1 1 0 0 0 0 0 0 0 0 0 0 
1 0 1 0 1 0 0 0 0 0 0 0 
0 0 1 0 0 0 1 0 0 1 1 1 
0 0 1 1 0 1 0 1 0 0 0 0 
0 0 0 0 0 1 1 1 1 1 0 1 
0 0 0 0 1 0 0 1 0 1 1 0 
0 0 0 1 1 1 0 0 0 1 0 0 
1 0 0 1 0 0 1 1 0 0 0 1 
0 0 0 0 0 0 0 0 0 0 0 0 
0 0 0 0 0 0 0 0 0 0 0 0 
0 0 0 1 1 0 0 0 0 0 0 0 
0 1 0 1 1 1 0 0 1 0 1 0 

JOBS [12] - [14, 6, 1, 5, 13, 12, 3, 9, 10, 0, 7, 8]
TOOL SWITCHES : 5
MAKESPAN : 87

# -------------------------- #

--- TOTAL TOOL SWITCHES : 5
--- HIGHEST MAKESPAN : 87
--- TOTAL FLOWTIME : 572
--- RUNNING TIME : 2.62761

# -------------------------- #
RUN : 1 - instancias_txt/SSP-NPM-I/ins137_m=3_j=15_t=20_var=17.txt

- MACHINE [0]

0 
0 
0 
0 
0 
0 
0 
1 
1 
0 
0 
1 
0 
1 
0 
0 
1 
0 
1 
0 

JOBS [1] - [7]
TOOL SWITCHES : 0
MAKESPAN : 2

- MACHINE [1]

0 0 
0 0 
0 0 
1 1 
0 1 
1 0 
0 0 
0 1 
0 0 
0 1 
0 0 
1 0 
1 0 
1 0 
1 1 
0 0 
0 0 
1 1 
0 0 
0 0 

JOBS [2] - [0, 8]
TOOL SWITCHES : 0
MAKESPAN : 12

- MACHINE [2]

0 0 1 1 0 0 0 1 0 0 1 1 
1 1 1 0 0 1 0 0 1 1 0 1 
1 1 0 0 0 1 1 0 1 0 1 0 
0 1 0 0 0 0 1 0 0 1 0 1 
0 0 0 1 0 0 0 0 0 0 0 0 
0 0 0 1 0 0 1 0 1 0 1 1 
0 0 0 0 0 0 0 1 0 0 0 1 
1 0 0 1 0 0 0 0 0 0 0 0 
1 0 0 0 1 1 0 0 1 0 0 0 
0 0 1 0 1 0 0 1 1 0 1 0 
0 0 0 0 0 0 0 0 0 0 0 0 
0 0 0 0 1 1 1 0 0 0 0 0 
1 0 1 0 0 0 1 1 0 1 0 0 
0 0 0 0 0 0 0 0 0 0 0 0 
0 1 0 0 0 0 1 1 0 1 1 0 
0 0 0 1 0 1 0 0 0 1 1 0 
0 0 0 0 0 0 0 0 0 0 0 0 
0 1 1 0 0 0 0 0 0 0 0 0 
0 0 0 0 1 1 0 1 0 0 1 0 
1 0 1 1 1 0 0 0 1 0 0 0 

JOBS [12] - [13, 4, 10, 3, 5, 6, 14, 1, 2, 9, 12, 11]
TOOL SWITCHES : 4
MAKESPAN : 74

# -------------------------- #

--- TOTAL TOOL SWITCHES : 4
--- HIGHEST MAKESPAN : 74
--- TOTAL FLOWTIME : 545
--- RUNNING TIME : 3.19679

# -------------------------- #
RUN : 1 - instancias_txt/SSP-NPM-I/ins138_m=3_j=15_t=20_var=18.txt

- MACHINE [0]

0 
1 
0 
1 
0 
0 
1 
1 
0 
0 
1 
0 
0 
0 
1 
0 
1 
0 
0 
0 

JOBS [1] - [0]
TOOL SWITCHES : 0
MAKESPAN : 10

- MACHINE [1]

1 0 1 
1 1 0 
0 1 0 
1 0 1 
0 1 1 
1 1 0 
0 0 0 
0 1 0 
0 0 0 
0 0 0 
0 0 0 
0 0 0 
0 0 1 
0 0 0 
0 0 1 
0 0 0 
1 0 0 
0 0 0 
0 0 0 
0 0 0 

JOBS [3] - [14, 1, 5]
TOOL SWITCHES : 0
MAKESPAN : 29

- MACHINE [2]

1 0 0 0 1 1 0 0 0 0 0 
0 0 1 1 0 0 0 0 0 0 0 
1 1 0 1 0 1 0 0 0 0 1 
0 1 0 0 0 0 0 0 0 0 0 
0 0 1 0 0 0 1 1 0 0 0 
1 0 1 1 1 1 1 0 0 0 1 
1 1 0 0 0 0 1 0 0 0 0 
1 1 0 0 0 0 0 0 1 0 1 
0 1 0 1 0 0 0 0 1 0 0 
0 0 0 0 0 0 1 0 1 0 1 
0 0 0 0 1 0 1 1 0 1 0 
1 0 0 0 0 0 1 1 1 0 1 
0 0 1 1 1 0 0 0 0 0 0 
0 0 0 1 1 1 0 1 1 1 0 
0 0 0 0 0 0 0 0 0 0 0 
0 1 0 0 0 1 0 1 0 1 1 
0 0 0 0 0 0 0 0 1 1 0 
0 0 0 0 0 0 0 0 0 0 0 
0 0 0 0 0 1 1 0 0 0 0 
0 1 1 0 0 0 0 1 1 1 0 

JOBS [11] - [11, 6, 2, 12, 10, 9, 7, 4, 8, 3, 13]
TOOL SWITCHES : 5
MAKESPAN : 78

# -------------------------- #

--- TOTAL TOOL SWITCHES : 5
--- HIGHEST MAKESPAN : 78
--- TOTAL FLOWTIME : 473
--- RUNNING TIME : 2.45608

# -------------------------- #
RUN : 1 - instancias_txt/SSP-NPM-I/ins139_m=3_j=15_t=20_var=19.txt

- MACHINE [0]

0 
0 
1 
0 
1 
0 
0 
0 
0 
1 
0 
0 
1 
1 
0 
0 
1 
0 
0 
0 

JOBS [1] - [8]
TOOL SWITCHES : 0
MAKESPAN : 9

- MACHINE [1]

0 1 
0 1 
0 0 
0 1 
1 1 
0 0 
1 0 
0 0 
0 0 
0 0 
1 0 
1 1 
0 0 
0 0 
0 0 
1 0 
0 0 
1 0 
1 1 
0 0 

JOBS [2] - [10, 11]
TOOL SWITCHES : 0
MAKESPAN : 15

- MACHINE [2]

0 1 1 0 1 1 1 1 0 0 0 0 
1 0 0 0 0 0 0 0 1 0 0 1 
0 0 1 1 0 0 0 0 1 1 0 0 
0 0 0 0 0 0 0 0 1 0 0 1 
0 0 0 0 0 0 0 0 0 0 0 0 
0 0 0 0 0 0 0 0 0 0 0 0 
0 0 1 1 0 1 1 1 0 0 1 0 
0 1 0 1 1 0 0 1 1 1 0 0 
1 0 0 1 1 0 0 0 0 0 0 0 
1 1 1 0 0 1 1 0 0 0 0 0 
1 1 0 0 1 0 0 1 1 0 0 1 
0 0 0 1 0 0 0 0 0 0 0 0 
0 0 0 0 1 0 1 0 0 0 1 1 
0 1 1 0 0 1 0 0 1 1 1 0 
0 0 0 0 0 0 0 1 0 0 1 1 
0 1 1 0 1 0 0 0 0 1 1 0 
0 0 0 0 0 1 1 1 1 0 1 0 
1 0 0 0 0 0 0 0 0 0 1 1 
1 0 0 1 0 0 1 0 0 1 0 1 
1 1 1 0 0 0 0 0 0 0 0 0 

JOBS [12] - [2, 5, 12, 14, 9, 13, 0, 1, 3, 4, 6, 7]
TOOL SWITCHES : 5
MAKESPAN : 78

# -------------------------- #

--- TOTAL TOOL SWITCHES : 5
--- HIGHEST MAKESPAN : 78
--- TOTAL FLOWTIME : 550
--- RUNNING TIME : 2.70306

# -------------------------- #
RUN : 1 - instancias_txt/SSP-NPM-I/ins140_m=3_j=15_t=20_var=20.txt

- MACHINE [0]

0 
0 
0 
0 
1 
0 
0 
0 
1 
1 
0 
0 
0 
1 
1 
1 
1 
0 
0 
0 

JOBS [1] - [14]
TOOL SWITCHES : 0
MAKESPAN : 3

- MACHINE [1]

0 0 
0 0 
0 0 
1 0 
0 0 
0 0 
0 0 
0 0 
1 0 
0 1 
0 1 
0 1 
0 0 
0 0 
0 1 
1 0 
1 0 
1 0 
1 1 
0 0 

JOBS [2] - [9, 2]
TOOL SWITCHES : 0
MAKESPAN : 11

- MACHINE [2]

0 1 0 0 0 1 1 0 1 0 1 0 
1 1 0 1 0 0 0 0 0 1 0 1 
0 0 1 0 0 0 1 0 0 1 0 1 
0 0 0 0 1 0 1 0 0 1 0 0 
0 0 1 0 0 0 0 0 0 0 0 0 
0 0 0 0 0 0 1 1 0 0 1 0 
0 1 0 0 1 0 0 1 0 1 1 0 
0 0 0 0 0 1 1 1 1 1 0 1 
0 0 0 0 1 0 0 1 0 0 0 1 
1 0 0 1 0 0 0 1 0 0 0 1 
0 0 0 1 0 0 0 0 1 1 1 1 
0 0 0 0 0 0 0 0 0 0 0 0 
1 1 1 1 1 0 0 0 0 0 0 0 
0 0 0 0 0 0 1 0 1 0 0 0 
1 1 1 1 1 0 0 0 0 0 0 0 
0 0 0 0 1 1 0 0 0 0 0 0 
1 0 1 0 0 1 1 0 0 0 1 1 
0 0 0 0 0 0 0 0 0 0 0 0 
0 0 0 0 0 1 0 1 1 0 0 0 
1 0 0 1 0 1 0 0 0 0 0 0 

JOBS [12] - [8, 1, 11, 7, 12, 0, 10, 6, 3, 5, 13, 4]
TOOL SWITCHES : 5
MAKESPAN : 73

# -------------------------- #

--- TOTAL TOOL SWITCHES : 5
--- HIGHEST MAKESPAN : 73
--- TOTAL FLOWTIME : 463
--- RUNNING TIME : 2.31161

# -------------------------- #


avg : 5.1
