RUN : 1 - instancias_txt/SSP-NPM-I/ins121_m=3_j=15_t=20_var=1.txt

- MACHINE [0]

1 
0 
1 
0 
1 
1 
1 
0 
0 
0 
0 
0 
0 
1 
0 
0 
1 
0 
0 
0 

JOBS [1] - [9]
TOOL SWITCHES : 0
MAKESPAN : 6

- MACHINE [1]

0 0 
1 1 
1 0 
0 0 
0 0 
0 0 
0 0 
1 0 
0 1 
0 0 
0 0 
1 0 
1 1 
0 1 
1 1 
1 0 
0 0 
0 0 
0 1 
0 0 

JOBS [2] - [5, 1]
TOOL SWITCHES : 0
MAKESPAN : 13

- MACHINE [2]

1 1 0 0 1 0 1 0 0 0 0 0 
1 1 1 0 0 0 0 0 0 0 0 0 
0 0 0 0 0 0 0 0 0 0 0 0 
0 0 0 0 1 1 0 0 1 0 0 0 
0 0 0 1 1 1 0 0 1 0 1 1 
0 0 1 1 0 1 0 0 0 0 0 0 
0 0 0 0 0 0 0 1 1 0 1 0 
0 0 0 0 0 0 0 0 1 1 0 1 
0 0 0 0 0 0 1 0 0 0 1 0 
0 0 0 0 0 0 0 0 0 1 1 1 
1 0 1 0 0 0 0 1 0 0 0 1 
0 1 0 0 1 0 0 0 1 1 0 0 
0 0 1 1 0 0 0 1 0 1 1 0 
0 0 0 0 0 0 1 0 0 1 0 0 
0 0 1 1 0 0 1 1 1 0 0 1 
0 1 1 1 0 0 0 0 0 0 0 0 
1 1 0 0 1 1 0 0 0 0 1 0 
1 1 0 1 1 1 0 1 0 0 0 0 
0 0 1 1 1 0 1 1 0 1 0 1 
1 0 0 0 0 1 0 0 1 1 1 0 

JOBS [12] - [6, 8, 4, 3, 14, 0, 13, 10, 2, 12, 7, 11]
TOOL SWITCHES : 6
MAKESPAN : 96

# -------------------------- #

--- TOTAL TOOL SWITCHES : 6
--- HIGHEST MAKESPAN : 96
--- TOTAL FLOWTIME : 667
--- RUNNING TIME : 3.48511

# -------------------------- #
RUN : 1 - instancias_txt/SSP-NPM-I/ins122_m=3_j=15_t=20_var=2.txt

- MACHINE [0]

0 0 
0 0 
0 0 
0 0 
1 1 
0 0 
0 0 
1 1 
0 0 
0 0 
0 0 
0 0 
1 1 
0 0 
0 0 
1 1 
0 1 
1 0 
0 1 
0 0 

JOBS [2] - [9, 13]
TOOL SWITCHES : 0
MAKESPAN : 11

- MACHINE [1]

0 1 1 
0 0 0 
0 0 1 
0 0 0 
1 1 0 
0 1 1 
0 0 0 
0 0 0 
0 0 0 
1 1 0 
1 1 0 
0 0 0 
0 0 0 
0 1 0 
0 0 0 
0 0 1 
1 0 1 
0 0 0 
1 0 1 
0 0 0 

JOBS [3] - [8, 7, 14]
TOOL SWITCHES : 0
MAKESPAN : 8

- MACHINE [2]

0 0 1 0 1 0 1 0 0 0 
0 0 0 0 1 1 0 0 0 1 
1 0 0 1 0 0 1 1 1 1 
1 0 0 0 0 1 0 0 0 0 
0 0 0 0 0 0 0 1 1 0 
0 0 0 1 0 1 0 0 0 1 
1 1 0 0 1 0 0 0 0 0 
0 0 0 0 0 0 0 1 0 0 
1 0 0 1 0 0 1 0 1 1 
0 1 0 0 1 0 0 0 0 1 
0 0 0 0 0 0 0 0 0 0 
0 1 1 1 0 0 0 0 0 0 
0 0 0 0 0 0 0 0 0 0 
0 0 0 1 0 1 0 0 1 0 
1 1 1 0 0 0 0 0 0 0 
1 0 1 0 0 1 0 0 1 1 
0 0 0 1 0 0 1 1 1 0 
0 1 1 0 1 0 0 0 0 0 
0 0 0 0 0 0 0 0 0 0 
1 0 1 1 0 0 1 1 0 1 

JOBS [10] - [0, 4, 11, 2, 5, 10, 12, 3, 1, 6]
TOOL SWITCHES : 4
MAKESPAN : 77

# -------------------------- #

--- TOTAL TOOL SWITCHES : 4
--- HIGHEST MAKESPAN : 77
--- TOTAL FLOWTIME : 374
--- RUNNING TIME : 2.62943

# -------------------------- #
RUN : 1 - instancias_txt/SSP-NPM-I/ins123_m=3_j=15_t=20_var=3.txt

- MACHINE [0]

1 
0 
1 
0 
0 
0 
1 
0 
0 
1 
0 
0 
0 
1 
1 
0 
0 
0 
0 
1 

JOBS [1] - [13]
TOOL SWITCHES : 0
MAKESPAN : 10

- MACHINE [1]

0 0 0 0 0 0 0 0 0 0 
1 1 1 0 0 1 1 0 0 0 
1 0 0 0 0 0 0 0 0 0 
0 1 1 1 1 0 1 0 0 0 
0 0 0 0 0 0 1 1 0 1 
1 0 0 1 1 0 1 1 0 1 
0 0 0 0 0 0 0 0 1 1 
1 1 0 1 1 0 0 1 1 1 
0 0 0 0 0 0 0 0 0 0 
0 1 1 0 0 0 0 0 0 0 
0 0 0 0 0 1 0 0 0 1 
0 0 0 0 0 0 0 1 1 0 
0 0 0 0 0 0 0 0 0 0 
0 1 0 0 0 1 0 0 0 0 
0 0 0 1 1 0 0 1 0 1 
1 1 1 0 0 1 0 1 0 0 
0 0 1 1 1 1 1 0 1 0 
0 1 0 0 1 0 0 0 0 0 
0 0 0 0 0 0 0 0 0 0 
1 0 1 0 0 0 0 0 1 0 

JOBS [10] - [6, 1, 5, 2, 14, 10, 12, 11, 4, 3]
TOOL SWITCHES : 6
MAKESPAN : 64

- MACHINE [2]

0 0 0 0 
0 0 0 0 
0 0 0 0 
0 0 1 1 
1 0 0 0 
0 1 1 1 
0 0 1 0 
1 0 0 0 
0 0 1 1 
0 1 0 0 
1 0 1 1 
1 0 0 0 
1 1 0 0 
1 1 0 1 
0 0 0 0 
0 0 0 0 
0 0 1 0 
1 0 0 0 
0 1 1 0 
0 0 0 0 

JOBS [4] - [0, 8, 7, 9]
TOOL SWITCHES : 1
MAKESPAN : 19

# -------------------------- #

--- TOTAL TOOL SWITCHES : 7
--- HIGHEST MAKESPAN : 64
--- TOTAL FLOWTIME : 402
--- RUNNING TIME : 2.12334

# -------------------------- #
RUN : 1 - instancias_txt/SSP-NPM-I/ins124_m=3_j=15_t=20_var=4.txt

- MACHINE [0]

0 
1 
0 
0 
1 
1 
0 
0 
0 
1 
0 
0 
0 
0 
1 
0 
0 
0 
0 
0 

JOBS [1] - [6]
TOOL SWITCHES : 0
MAKESPAN : 7

- MACHINE [1]

0 0 0 1 
0 0 0 0 
0 0 1 0 
0 0 0 0 
0 0 0 0 
0 0 0 0 
1 0 0 1 
0 0 0 0 
1 1 0 0 
0 0 0 0 
0 1 0 1 
1 1 1 0 
0 0 1 0 
0 0 1 1 
1 1 1 0 
1 0 0 1 
0 0 0 0 
0 1 1 0 
0 0 0 0 
0 0 0 0 

JOBS [4] - [3, 10, 8, 0]
TOOL SWITCHES : 1
MAKESPAN : 36

- MACHINE [2]

0 0 0 1 0 1 1 1 0 0 
0 1 1 0 1 1 0 0 0 0 
1 0 0 1 1 0 1 1 0 1 
1 0 0 1 0 0 0 1 0 0 
0 0 0 0 0 0 0 0 0 0 
1 0 0 0 0 0 0 0 0 0 
1 1 1 0 0 1 0 1 0 0 
0 1 0 1 1 0 0 0 1 0 
1 0 0 0 1 1 0 0 1 0 
0 0 0 0 1 0 1 0 1 1 
0 0 0 1 1 0 1 0 0 1 
0 0 1 1 0 0 0 0 1 1 
0 0 0 0 0 0 1 1 1 0 
0 1 1 0 0 0 0 0 0 0 
0 0 0 0 0 0 0 0 0 0 
0 0 0 0 0 0 0 0 0 0 
1 1 0 0 0 0 1 0 0 0 
0 0 0 0 0 0 0 0 0 0 
1 1 1 0 0 0 1 0 1 0 
0 0 1 1 0 1 0 0 0 1 

JOBS [10] - [1, 2, 12, 4, 11, 7, 14, 9, 13, 5]
TOOL SWITCHES : 3
MAKESPAN : 63

# -------------------------- #

--- TOTAL TOOL SWITCHES : 4
--- HIGHEST MAKESPAN : 63
--- TOTAL FLOWTIME : 406
--- RUNNING TIME : 3.21708

# -------------------------- #
RUN : 1 - instancias_txt/SSP-NPM-I/ins125_m=3_j=15_t=20_var=5.txt

- MACHINE [0]

0 
0 
0 
1 
1 
0 
0 
0 
1 
0 
0 
0 
0 
1 
1 
0 
0 
0 
0 
1 

JOBS [1] - [6]
TOOL SWITCHES : 0
MAKESPAN : 7

- MACHINE [1]

0 1 1 
0 1 1 
0 0 0 
0 0 0 
1 1 1 
1 0 0 
0 0 0 
0 0 0 
0 0 1 
0 0 1 
0 0 0 
1 1 0 
0 0 0 
0 0 0 
0 0 0 
0 1 0 
0 0 0 
1 1 1 
0 0 0 
1 1 0 

JOBS [3] - [12, 14, 3]
TOOL SWITCHES : 0
MAKESPAN : 15

- MACHINE [2]

0 0 0 0 1 1 1 0 1 0 0 
0 0 0 0 0 0 0 1 1 0 0 
0 0 0 0 0 0 0 0 1 1 0 
0 1 0 0 1 0 1 1 0 0 0 
0 0 0 0 0 0 0 0 0 0 0 
0 0 0 1 0 1 1 1 1 0 0 
0 1 1 1 0 0 0 1 0 1 1 
0 1 1 0 0 0 0 1 0 1 1 
0 0 0 1 1 1 0 0 0 1 0 
1 1 0 1 1 0 0 0 0 0 0 
0 0 1 0 0 1 0 0 0 1 0 
0 0 0 0 0 0 0 0 0 0 1 
1 1 0 0 0 1 0 0 0 0 0 
1 0 1 1 0 1 1 1 0 0 0 
1 0 0 0 0 0 0 0 0 0 0 
1 0 0 0 0 0 1 0 1 1 1 
0 0 1 0 1 0 0 0 1 1 1 
0 1 1 0 0 0 0 0 0 0 0 
1 0 0 0 1 0 0 0 1 0 0 
0 0 0 0 0 1 0 1 0 0 1 

JOBS [11] - [7, 11, 4, 13, 2, 0, 10, 8, 5, 9, 1]
TOOL SWITCHES : 6
MAKESPAN : 74

# -------------------------- #

--- TOTAL TOOL SWITCHES : 6
--- HIGHEST MAKESPAN : 74
--- TOTAL FLOWTIME : 447
--- RUNNING TIME : 2.79075

# -------------------------- #
RUN : 1 - instancias_txt/SSP-NPM-I/ins126_m=3_j=15_t=20_var=6.txt

- MACHINE [0]

1 
0 
1 
0 
0 
1 
1 
1 
1 
0 
0 
0 
1 
0 
0 
0 
0 
0 
0 
0 

JOBS [1] - [12]
TOOL SWITCHES : 0
MAKESPAN : 5

- MACHINE [1]

0 0 0 
0 0 0 
0 0 1 
0 0 0 
1 0 1 
0 0 0 
0 1 0 
1 1 0 
0 0 0 
1 1 0 
1 0 1 
0 0 1 
0 0 0 
0 1 0 
1 1 0 
0 0 0 
0 0 0 
0 0 0 
1 0 1 
0 0 0 

JOBS [3] - [13, 11, 4]
TOOL SWITCHES : 0
MAKESPAN : 14

- MACHINE [2]

0 0 0 0 1 1 1 1 0 0 0 
1 0 0 1 0 0 1 1 0 0 0 
0 0 0 0 0 0 0 0 0 0 0 
0 0 0 0 0 1 1 0 1 0 1 
0 0 0 0 0 0 0 0 1 1 0 
1 1 0 0 0 0 0 0 0 0 0 
0 0 0 0 1 0 0 1 0 0 1 
1 0 1 0 1 0 0 1 1 0 0 
0 0 0 0 0 0 0 0 1 1 1 
0 0 0 0 0 0 0 0 1 1 0 
0 1 0 1 1 1 1 0 0 0 0 
0 0 1 0 0 0 0 0 1 0 1 
0 1 0 0 0 1 1 0 0 1 0 
0 0 1 0 0 1 0 0 0 0 0 
0 1 1 1 0 0 0 1 0 0 1 
1 1 0 1 0 0 1 0 0 1 0 
0 0 1 1 0 0 0 0 0 0 0 
1 0 1 0 1 0 0 0 0 0 0 
0 1 0 1 0 1 0 1 1 0 0 
0 0 0 1 1 1 1 0 0 0 0 

JOBS [11] - [9, 0, 2, 3, 1, 7, 5, 10, 8, 6, 14]
TOOL SWITCHES : 6
MAKESPAN : 77

# -------------------------- #

--- TOTAL TOOL SWITCHES : 6
--- HIGHEST MAKESPAN : 77
--- TOTAL FLOWTIME : 507
--- RUNNING TIME : 3.93207

# -------------------------- #
RUN : 1 - instancias_txt/SSP-NPM-I/ins127_m=3_j=15_t=20_var=7.txt

- MACHINE [0]

0 0 
0 0 
1 0 
0 0 
0 0 
1 1 
1 1 
1 0 
0 1 
1 1 
0 0 
0 0 
0 0 
0 0 
0 0 
0 0 
0 0 
0 0 
1 1 
0 0 

JOBS [2] - [10, 14]
TOOL SWITCHES : 0
MAKESPAN : 13

- MACHINE [1]

0 
1 
1 
1 
1 
0 
0 
1 
0 
0 
1 
0 
0 
0 
0 
0 
0 
0 
0 
0 

JOBS [1] - [2]
TOOL SWITCHES : 0
MAKESPAN : 7

- MACHINE [2]

0 1 0 1 0 0 1 1 0 0 1 0 
0 1 0 0 1 0 1 1 0 1 0 0 
0 0 0 0 0 0 0 0 0 0 0 0 
1 1 0 1 0 0 1 1 0 0 0 0 
0 0 0 0 0 0 0 0 0 0 0 0 
0 0 1 0 1 1 0 1 1 0 0 0 
0 1 0 1 0 0 0 0 1 0 0 1 
1 1 1 1 0 0 0 0 0 0 0 0 
1 0 0 0 0 1 0 0 0 1 0 0 
0 0 0 0 0 0 0 0 0 0 0 0 
0 0 0 0 0 0 1 1 1 1 1 1 
0 0 1 0 1 1 0 0 0 0 0 0 
0 0 1 1 1 0 0 0 0 0 0 1 
0 0 0 0 0 0 0 0 1 1 1 1 
1 0 0 0 0 1 0 0 0 1 0 0 
1 0 0 0 0 1 1 0 0 1 1 0 
1 0 0 0 1 0 0 0 0 0 1 0 
0 0 0 0 0 0 0 0 1 1 0 1 
0 0 0 0 0 1 0 0 0 0 1 1 
0 1 1 0 0 1 1 0 0 0 0 0 

JOBS [12] - [13, 12, 9, 1, 4, 0, 3, 11, 6, 8, 7, 5]
TOOL SWITCHES : 4
MAKESPAN : 85

# -------------------------- #

--- TOTAL TOOL SWITCHES : 4
--- HIGHEST MAKESPAN : 85
--- TOTAL FLOWTIME : 591
--- RUNNING TIME : 2.61941

# -------------------------- #
RUN : 1 - instancias_txt/SSP-NPM-I/ins128_m=3_j=15_t=20_var=8.txt

- MACHINE [0]

0 
0 
0 
1 
0 
0 
0 
1 
1 
1 
0 
1 
1 
0 
0 
0 
0 
0 
0 
1 

JOBS [1] - [4]
TOOL SWITCHES : 0
MAKESPAN : 1

- MACHINE [1]

0 0 0 
0 0 0 
0 0 0 
0 0 1 
0 0 0 
0 1 1 
0 0 0 
0 0 0 
0 0 0 
0 0 0 
0 1 1 
0 1 0 
1 0 0 
0 0 1 
1 1 1 
1 1 0 
0 0 0 
1 0 1 
1 1 1 
0 0 0 

JOBS [3] - [1, 14, 12]
TOOL SWITCHES : 0
MAKESPAN : 9

- MACHINE [2]

0 1 0 1 0 0 0 1 0 1 1 
0 0 0 0 1 1 1 0 0 0 1 
0 0 1 1 0 0 0 0 0 0 0 
0 0 0 0 1 1 0 0 0 0 0 
1 0 0 1 0 1 0 1 1 0 0 
0 0 0 0 0 0 0 1 0 1 0 
0 0 0 0 0 0 1 1 0 0 0 
0 0 0 1 0 0 1 0 0 1 0 
1 1 1 1 1 0 0 0 0 0 0 
1 0 1 0 1 0 0 0 0 0 1 
0 0 0 0 0 0 0 0 1 0 1 
0 0 0 0 0 0 0 0 0 0 0 
0 0 0 0 0 1 0 1 0 0 0 
0 1 1 0 1 0 1 0 0 0 1 
0 1 0 0 1 1 0 1 0 1 0 
1 0 1 1 0 0 1 0 0 0 0 
0 1 0 1 1 0 0 0 1 0 0 
1 0 0 0 0 0 0 0 0 0 0 
0 0 0 0 0 1 1 0 1 1 1 
0 1 1 0 0 0 0 0 1 1 0 

JOBS [11] - [6, 11, 13, 10, 9, 2, 7, 5, 3, 8, 0]
TOOL SWITCHES : 6
MAKESPAN : 88

# -------------------------- #

--- TOTAL TOOL SWITCHES : 6
--- HIGHEST MAKESPAN : 88
--- TOTAL FLOWTIME : 534
--- RUNNING TIME : 4.07317

# -------------------------- #
RUN : 1 - instancias_txt/SSP-NPM-I/ins129_m=3_j=15_t=20_var=9.txt

- MACHINE [0]

0 
1 
1 
0 
0 
0 
0 
0 
0 
0 
0 
1 
0 
0 
1 
1 
0 
0 
0 
0 

JOBS [1] - [14]
TOOL SWITCHES : 0
MAKESPAN : 4

- MACHINE [1]

0 0 
0 0 
0 0 
0 0 
1 0 
0 1 
1 0 
0 0 
1 1 
1 1 
0 0 
0 1 
0 0 
0 1 
1 0 
0 0 
1 0 
0 0 
0 1 
0 0 

JOBS [2] - [2, 1]
TOOL SWITCHES : 0
MAKESPAN : 12

- MACHINE [2]

0 0 1 0 0 0 1 1 0 0 0 0 
1 1 0 0 0 0 0 0 1 0 0 0 
0 0 0 0 0 0 0 1 0 0 0 1 
1 0 1 1 0 0 0 0 0 0 0 0 
0 0 0 0 0 0 0 0 1 1 0 1 
0 0 0 1 1 0 0 0 0 0 1 0 
0 0 0 0 0 0 0 0 0 0 0 0 
0 1 0 1 0 1 1 0 0 1 0 0 
0 0 0 0 0 0 0 0 0 1 1 1 
0 0 0 0 0 0 0 0 0 0 0 0 
1 1 1 0 0 0 0 0 0 0 0 0 
1 0 1 0 1 0 0 0 0 0 0 0 
0 0 0 0 0 1 0 1 0 1 1 1 
0 0 0 1 1 0 0 1 1 0 0 0 
1 0 1 0 0 0 0 0 1 1 0 0 
0 0 0 0 1 0 0 0 0 0 0 0 
0 1 0 1 0 1 1 0 1 0 1 0 
0 0 0 0 1 1 1 1 0 1 1 1 
0 1 0 1 0 1 1 0 0 0 0 1 
0 0 0 1 1 1 0 1 0 0 1 0 

JOBS [12] - [4, 3, 9, 7, 12, 11, 6, 10, 8, 5, 0, 13]
TOOL SWITCHES : 5
MAKESPAN : 62

# -------------------------- #

--- TOTAL TOOL SWITCHES : 5
--- HIGHEST MAKESPAN : 62
--- TOTAL FLOWTIME : 401
--- RUNNING TIME : 2.85084

# -------------------------- #
RUN : 1 - instancias_txt/SSP-NPM-I/ins130_m=3_j=15_t=20_var=10.txt

- MACHINE [0]

0 
1 
1 
0 
1 
0 
1 
0 
0 
0 
0 
0 
0 
0 
1 
0 
0 
0 
1 
1 

JOBS [1] - [11]
TOOL SWITCHES : 0
MAKESPAN : 8

- MACHINE [1]

0 0 1 1 1 0 0 0 0 0 
1 0 0 1 0 1 1 0 0 1 
0 0 0 0 1 0 0 1 0 0 
0 0 0 0 0 0 0 0 0 0 
0 0 0 0 0 1 0 0 1 0 
1 0 0 1 0 0 0 0 0 0 
0 0 0 0 0 0 0 0 0 0 
1 0 1 1 0 0 0 1 0 1 
0 0 0 0 0 0 0 0 0 1 
0 0 1 1 1 1 1 0 0 0 
0 0 0 0 0 0 0 1 1 1 
0 1 1 0 0 0 0 0 0 0 
1 1 0 0 1 0 1 1 1 0 
1 0 1 0 1 1 0 1 1 0 
1 1 0 0 0 0 0 0 1 1 
0 1 1 0 0 0 1 0 1 0 
1 0 0 0 1 0 1 1 1 0 
0 0 0 0 0 1 1 1 0 1 
0 1 0 0 0 0 0 0 0 0 
0 0 0 0 0 0 0 0 0 0 

JOBS [10] - [0, 6, 8, 12, 1, 7, 9, 2, 3, 10]
TOOL SWITCHES : 8
MAKESPAN : 68

- MACHINE [2]

1 1 1 1 
0 0 0 0 
1 0 1 0 
1 0 0 0 
0 0 0 0 
0 1 1 0 
0 0 0 0 
0 0 0 1 
1 1 0 1 
0 0 0 0 
0 0 1 0 
0 0 0 0 
1 0 0 0 
1 0 0 0 
0 0 0 0 
0 0 1 1 
0 1 0 1 
0 0 0 0 
0 0 1 0 
1 1 0 1 

JOBS [4] - [4, 13, 14, 5]
TOOL SWITCHES : 0
MAKESPAN : 9

# -------------------------- #

--- TOTAL TOOL SWITCHES : 8
--- HIGHEST MAKESPAN : 68
--- TOTAL FLOWTIME : 401
--- RUNNING TIME : 2.17172

# -------------------------- #
RUN : 1 - instancias_txt/SSP-NPM-I/ins131_m=3_j=15_t=20_var=11.txt

- MACHINE [0]

0 
0 
0 
0 
0 
1 
1 
1 
0 
1 
1 
0 
1 
0 
0 
0 
0 
0 
0 
1 

JOBS [1] - [1]
TOOL SWITCHES : 0
MAKESPAN : 4

- MACHINE [1]

0 0 
1 0 
0 1 
0 0 
1 1 
0 0 
0 0 
0 0 
0 0 
0 0 
0 0 
0 1 
1 1 
0 0 
0 1 
0 1 
0 0 
1 0 
0 1 
1 0 

JOBS [2] - [10, 5]
TOOL SWITCHES : 0
MAKESPAN : 8

- MACHINE [2]

1 1 0 0 1 1 0 0 1 1 0 0 
1 0 1 0 0 1 1 0 0 0 0 0 
0 0 0 0 0 0 0 0 0 0 0 0 
0 1 1 0 0 0 0 1 0 0 0 0 
0 1 0 0 0 0 1 1 1 0 0 1 
0 0 0 0 0 0 0 1 1 0 0 1 
1 0 1 0 0 0 0 0 0 0 0 0 
0 0 0 0 0 0 0 0 0 0 1 1 
0 0 0 0 1 1 0 0 0 1 1 0 
0 0 0 1 1 0 1 0 0 0 0 0 
0 0 0 0 0 1 1 1 1 1 1 0 
1 1 0 1 0 0 0 0 0 1 0 0 
1 1 0 0 0 0 0 0 0 0 0 0 
0 1 1 1 1 0 0 0 0 0 0 0 
0 0 1 1 0 1 1 0 0 1 1 0 
1 0 0 0 0 0 1 0 0 1 0 0 
0 0 0 1 1 0 0 1 0 0 1 0 
0 0 0 0 0 0 0 0 0 0 0 0 
1 1 0 0 0 0 0 0 0 0 1 1 
0 0 0 1 1 1 0 1 1 0 0 1 

JOBS [12] - [6, 0, 4, 2, 3, 7, 11, 8, 12, 14, 13, 9]
TOOL SWITCHES : 5
MAKESPAN : 83

# -------------------------- #

--- TOTAL TOOL SWITCHES : 5
--- HIGHEST MAKESPAN : 83
--- TOTAL FLOWTIME : 537
--- RUNNING TIME : 4.37901

# -------------------------- #
RUN : 1 - instancias_txt/SSP-NPM-I/ins132_m=3_j=15_t=20_var=12.txt

- MACHINE [0]

0 
0 
1 
0 
0 
1 
0 
0 
0 
1 
1 
1 
0 
1 
0 
0 
0 
0 
0 
0 

JOBS [1] - [12]
TOOL SWITCHES : 0
MAKESPAN : 3

- MACHINE [1]

1 1 1 0 
0 0 0 0 
0 0 0 0 
1 1 1 0 
0 0 1 0 
0 0 0 0 
0 1 0 1 
1 0 1 0 
0 0 0 0 
0 0 0 0 
0 0 0 0 
1 1 1 1 
0 0 0 0 
1 1 0 1 
0 0 0 1 
0 0 0 0 
1 0 1 1 
0 0 0 0 
0 0 0 1 
0 1 0 0 

JOBS [4] - [2, 11, 6, 13]
TOOL SWITCHES : 1
MAKESPAN : 31

- MACHINE [2]

0 0 0 0 1 1 1 1 0 0 
0 0 1 0 0 1 1 0 0 0 
1 1 0 0 0 0 0 0 0 0 
0 0 1 1 1 0 1 0 1 0 
0 0 0 1 0 0 0 1 0 1 
0 0 0 0 0 0 0 0 0 0 
1 1 1 0 0 0 0 0 0 0 
0 1 0 0 1 0 1 0 1 1 
0 0 0 1 1 1 0 1 0 1 
0 1 1 0 0 0 1 0 1 0 
1 1 0 1 0 0 0 1 1 0 
0 0 0 0 0 0 0 0 0 0 
0 0 0 0 0 0 0 0 0 1 
0 0 1 0 0 1 0 0 0 0 
1 0 0 0 0 1 1 1 1 0 
0 1 1 0 1 0 0 1 0 0 
0 0 0 0 0 0 0 0 0 0 
1 0 0 1 0 0 0 0 0 1 
0 0 0 0 0 0 0 0 0 0 
0 1 0 1 0 0 0 0 1 0 

JOBS [10] - [8, 7, 5, 9, 0, 1, 4, 14, 10, 3]
TOOL SWITCHES : 3
MAKESPAN : 59

# -------------------------- #

--- TOTAL TOOL SWITCHES : 4
--- HIGHEST MAKESPAN : 59
--- TOTAL FLOWTIME : 422
--- RUNNING TIME : 3.4955

# -------------------------- #
RUN : 1 - instancias_txt/SSP-NPM-I/ins133_m=3_j=15_t=20_var=13.txt

- MACHINE [0]

1 1 
0 0 
0 0 
0 0 
0 0 
0 0 
1 0 
1 0 
0 0 
0 1 
0 0 
1 1 
0 0 
0 0 
0 1 
1 1 
0 0 
0 0 
0 0 
0 0 

JOBS [2] - [1, 7]
TOOL SWITCHES : 0
MAKESPAN : 19

- MACHINE [1]

0 0 0 
1 0 1 
0 1 1 
0 0 0 
0 0 0 
0 0 0 
0 1 0 
0 0 1 
0 0 0 
0 0 0 
0 0 0 
0 0 1 
0 0 0 
1 1 0 
0 0 0 
0 0 1 
1 0 1 
1 1 0 
1 1 0 
0 0 0 

JOBS [3] - [0, 14, 6]
TOOL SWITCHES : 0
MAKESPAN : 19

- MACHINE [2]

0 0 0 0 0 0 1 0 0 0 
0 1 0 0 0 1 0 0 1 0 
0 0 0 0 0 0 0 0 0 0 
0 0 0 0 0 0 0 1 1 1 
0 1 0 0 1 0 0 1 0 1 
1 1 1 0 1 0 0 0 0 0 
0 0 0 0 0 1 0 0 0 0 
0 0 1 1 1 0 0 0 1 0 
0 0 0 0 0 1 0 0 0 1 
1 0 1 0 0 0 0 0 0 0 
0 0 0 0 0 0 1 1 1 0 
1 1 1 0 1 1 1 1 1 1 
0 1 0 1 0 0 0 0 0 0 
0 1 0 1 0 0 0 0 1 1 
0 0 1 0 0 0 0 1 0 0 
0 0 0 0 0 0 0 0 0 0 
1 0 0 1 0 0 1 0 0 0 
1 0 0 0 1 0 1 0 0 0 
0 0 0 1 0 0 0 1 0 1 
0 0 0 1 1 1 1 0 0 1 

JOBS [10] - [2, 11, 9, 3, 8, 4, 13, 10, 12, 5]
TOOL SWITCHES : 5
MAKESPAN : 85

# -------------------------- #

--- TOTAL TOOL SWITCHES : 5
--- HIGHEST MAKESPAN : 85
--- TOTAL FLOWTIME : 494
--- RUNNING TIME : 1.97444

# -------------------------- #
RUN : 1 - instancias_txt/SSP-NPM-I/ins134_m=3_j=15_t=20_var=14.txt

- MACHINE [0]

1 
1 
0 
0 
1 
0 
1 
0 
0 
0 
0 
0 
0 
0 
0 
0 
0 
1 
1 
0 

JOBS [1] - [8]
TOOL SWITCHES : 0
MAKESPAN : 2

- MACHINE [1]

0 0 
0 0 
0 0 
0 0 
1 0 
0 1 
0 0 
0 1 
0 0 
1 1 
1 0 
0 1 
1 0 
0 0 
0 1 
0 0 
1 1 
1 1 
0 0 
0 0 

JOBS [2] - [13, 10]
TOOL SWITCHES : 0
MAKESPAN : 9

- MACHINE [2]

0 0 0 0 0 0 1 1 1 0 0 0 
1 0 1 0 0 0 0 0 0 0 0 0 
0 0 0 0 0 1 0 0 0 0 0 0 
0 1 0 0 0 1 0 0 0 0 1 1 
1 0 0 1 1 0 0 0 0 0 0 0 
1 0 0 0 1 0 0 0 0 1 0 1 
0 1 1 0 0 0 0 1 1 0 0 0 
1 1 1 1 0 0 1 0 0 0 1 1 
1 0 0 0 0 1 0 1 0 1 1 0 
0 0 0 0 0 1 1 0 0 1 0 1 
0 0 0 0 1 0 0 0 1 1 0 0 
0 1 1 1 1 0 1 0 1 1 0 0 
0 1 1 1 1 0 0 0 0 0 0 0 
0 0 0 0 0 0 0 0 1 1 1 0 
1 0 1 0 0 0 0 0 1 0 1 1 
0 0 0 1 1 1 1 1 0 0 0 0 
0 0 0 0 0 0 0 0 0 0 0 0 
0 1 1 0 0 1 1 0 0 0 0 1 
0 0 0 0 0 0 0 0 0 0 0 0 
0 1 0 1 1 1 0 1 1 0 0 0 

JOBS [12] - [5, 1, 3, 2, 7, 11, 6, 4, 0, 12, 14, 9]
TOOL SWITCHES : 5
MAKESPAN : 79

# -------------------------- #

--- TOTAL TOOL SWITCHES : 5
--- HIGHEST MAKESPAN : 79
--- TOTAL FLOWTIME : 541
--- RUNNING TIME : 2.80655

# -------------------------- #
RUN : 1 - instancias_txt/SSP-NPM-I/ins135_m=3_j=15_t=20_var=15.txt

- MACHINE [0]

0 
0 
0 
0 
1 
0 
1 
0 
1 
0 
0 
0 
0 
1 
1 
0 
0 
1 
0 
0 

JOBS [1] - [13]
TOOL SWITCHES : 0
MAKESPAN : 3

- MACHINE [1]

1 1 0 
0 0 0 
0 1 1 
0 0 0 
0 0 0 
0 1 1 
1 0 1 
0 0 1 
1 1 0 
1 0 1 
0 0 0 
1 0 0 
0 0 0 
0 0 0 
0 0 0 
1 1 0 
0 0 0 
0 0 0 
0 0 0 
0 1 0 

JOBS [3] - [12, 10, 4]
TOOL SWITCHES : 0
MAKESPAN : 16

- MACHINE [2]

1 0 0 1 0 0 0 0 1 0 0 
0 1 1 0 1 0 0 0 0 0 0 
1 0 0 1 1 0 1 0 0 0 0 
0 0 0 0 0 0 0 1 1 0 1 
0 0 0 1 1 0 0 0 0 1 1 
0 0 0 0 0 0 0 0 0 0 0 
1 1 1 1 0 1 0 0 1 1 1 
0 1 0 0 1 1 1 0 0 0 0 
0 0 0 0 0 0 0 0 0 0 0 
0 1 1 0 0 0 0 0 0 0 1 
0 0 0 0 0 0 0 1 0 1 0 
0 0 0 0 0 0 1 1 1 0 1 
1 0 1 1 0 0 0 0 0 0 0 
1 0 0 0 1 0 0 1 1 0 0 
0 0 0 0 0 1 0 0 0 0 1 
1 0 0 0 0 0 1 0 1 1 0 
0 0 1 0 0 1 0 0 0 1 0 
1 1 1 0 1 1 1 1 0 0 0 
0 0 0 0 0 0 1 1 0 0 1 
0 0 0 1 0 1 0 0 0 0 0 

JOBS [11] - [5, 8, 0, 9, 14, 7, 6, 3, 11, 2, 1]
TOOL SWITCHES : 5
MAKESPAN : 101

# -------------------------- #

--- TOTAL TOOL SWITCHES : 5
--- HIGHEST MAKESPAN : 101
--- TOTAL FLOWTIME : 645
--- RUNNING TIME : 2.30572

# -------------------------- #
RUN : 1 - instancias_txt/SSP-NPM-I/ins136_m=3_j=15_t=20_var=16.txt

- MACHINE [0]

1 
0 
1 
0 
0 
1 
1 
0 
1 
1 
0 
0 
0 
0 
0 
0 
0 
1 
0 
0 

JOBS [1] - [4]
TOOL SWITCHES : 0
MAKESPAN : 7

- MACHINE [1]

0 0 
0 0 
0 0 
0 1 
1 0 
1 0 
0 0 
0 0 
0 1 
0 0 
1 0 
1 0 
0 0 
0 0 
1 0 
0 0 
1 1 
0 1 
0 0 
0 1 

JOBS [2] - [2, 11]
TOOL SWITCHES : 0
MAKESPAN : 11

- MACHINE [2]

1 1 0 0 1 0 0 0 0 0 1 0 
1 0 0 1 0 0 0 0 0 0 0 0 
0 0 0 0 0 0 1 1 1 0 0 1 
1 0 1 0 0 1 0 1 0 1 0 0 
0 0 0 0 1 1 0 0 0 0 0 0 
0 0 0 1 0 0 1 0 0 1 0 1 
0 1 1 0 1 1 0 0 0 0 0 0 
0 0 0 0 1 0 1 1 1 1 1 0 
0 0 0 0 0 0 1 1 0 0 0 0 
0 0 0 0 0 0 1 0 0 1 0 1 
1 1 0 0 0 1 0 0 0 1 1 0 
0 0 1 1 0 0 0 0 1 1 0 0 
1 1 1 1 1 1 0 0 0 0 0 0 
0 0 1 0 0 1 0 0 0 0 1 1 
0 0 0 1 0 1 0 0 1 0 0 1 
1 1 1 0 0 0 1 0 1 0 0 0 
0 0 0 0 0 0 0 0 0 0 0 0 
0 0 0 0 0 0 0 0 0 0 0 0 
0 0 0 0 0 0 0 0 1 0 0 1 
0 0 0 1 1 0 0 1 1 0 1 1 

JOBS [12] - [3, 8, 9, 12, 10, 0, 14, 6, 5, 1, 7, 13]
TOOL SWITCHES : 5
MAKESPAN : 87

# -------------------------- #

--- TOTAL TOOL SWITCHES : 5
--- HIGHEST MAKESPAN : 87
--- TOTAL FLOWTIME : 572
--- RUNNING TIME : 2.52882

# -------------------------- #
RUN : 1 - instancias_txt/SSP-NPM-I/ins137_m=3_j=15_t=20_var=17.txt

- MACHINE [0]

0 
0 
0 
0 
0 
0 
0 
1 
1 
0 
0 
1 
0 
1 
0 
0 
1 
0 
1 
0 

JOBS [1] - [7]
TOOL SWITCHES : 0
MAKESPAN : 2

- MACHINE [1]

0 
0 
0 
1 
0 
1 
0 
0 
0 
0 
0 
1 
1 
1 
1 
0 
0 
1 
0 
0 

JOBS [1] - [0]
TOOL SWITCHES : 0
MAKESPAN : 8

- MACHINE [2]

0 1 1 1 1 1 0 0 0 0 0 0 0 
0 1 0 1 0 0 1 1 1 1 0 0 1 
0 0 0 0 0 1 1 1 1 1 1 0 0 
1 0 0 1 0 0 0 1 0 0 1 0 1 
1 0 1 0 0 0 0 0 0 0 0 0 0 
0 0 1 1 0 1 0 0 1 0 1 0 0 
0 0 0 1 1 0 0 0 0 0 0 0 0 
1 0 1 0 0 0 1 0 0 0 0 0 0 
0 0 0 0 0 0 1 0 1 1 0 1 0 
1 1 0 0 1 1 0 0 1 0 0 1 0 
0 0 0 0 0 0 0 0 0 0 0 0 0 
0 0 0 0 0 0 0 0 0 1 1 1 0 
0 1 0 0 1 0 1 0 0 0 1 0 1 
0 0 0 0 0 0 0 0 0 0 0 0 0 
1 0 0 0 1 1 0 1 0 0 1 0 1 
0 0 1 0 0 1 0 0 0 1 0 0 1 
0 0 0 0 0 0 0 0 0 0 0 0 0 
1 1 0 0 0 0 0 1 0 0 0 0 0 
0 0 0 0 1 1 0 0 0 1 0 1 0 
0 1 1 0 0 0 1 0 1 0 0 1 0 

JOBS [13] - [8, 10, 3, 11, 1, 12, 13, 4, 2, 6, 14, 5, 9]
TOOL SWITCHES : 4
MAKESPAN : 81

# -------------------------- #

--- TOTAL TOOL SWITCHES : 4
--- HIGHEST MAKESPAN : 81
--- TOTAL FLOWTIME : 548
--- RUNNING TIME : 2.89645

# -------------------------- #
RUN : 1 - instancias_txt/SSP-NPM-I/ins138_m=3_j=15_t=20_var=18.txt

- MACHINE [0]

0 
1 
0 
1 
0 
0 
1 
1 
0 
0 
1 
0 
0 
0 
1 
0 
1 
0 
0 
0 

JOBS [1] - [0]
TOOL SWITCHES : 0
MAKESPAN : 10

- MACHINE [1]

1 1 0 
0 1 1 
0 0 1 
1 1 0 
1 0 1 
0 1 1 
0 0 0 
0 0 1 
0 0 0 
0 0 0 
0 0 0 
0 0 0 
1 0 0 
0 0 0 
1 0 0 
0 0 0 
0 1 0 
0 0 0 
0 0 0 
0 0 0 

JOBS [3] - [5, 14, 1]
TOOL SWITCHES : 0
MAKESPAN : 29

- MACHINE [2]

0 0 0 0 0 0 1 0 1 0 1 
0 0 1 1 0 0 0 0 0 0 0 
0 1 1 0 0 0 1 0 1 1 0 
0 1 0 0 0 0 0 0 0 0 0 
0 0 0 1 0 1 0 1 0 0 0 
0 0 1 1 0 0 1 1 1 1 1 
0 1 0 0 0 0 1 1 0 0 0 
1 1 0 0 0 0 1 0 0 1 0 
1 1 1 0 0 0 0 0 0 0 0 
1 0 0 0 0 0 0 1 0 1 0 
0 0 0 0 1 1 0 1 0 0 1 
1 0 0 0 0 1 1 1 0 1 0 
0 0 1 1 0 0 0 0 0 0 1 
1 0 1 0 1 1 0 0 1 0 1 
0 0 0 0 0 0 0 0 0 0 0 
0 1 0 0 1 1 0 0 1 1 0 
1 0 0 0 1 0 0 0 0 0 0 
0 0 0 0 0 0 0 0 0 0 0 
0 0 0 0 0 0 0 1 1 0 0 
1 1 0 1 1 1 0 0 0 0 0 

JOBS [11] - [8, 6, 12, 2, 3, 4, 11, 7, 9, 13, 10]
TOOL SWITCHES : 5
MAKESPAN : 78

# -------------------------- #

--- TOTAL TOOL SWITCHES : 5
--- HIGHEST MAKESPAN : 78
--- TOTAL FLOWTIME : 468
--- RUNNING TIME : 2.71505

# -------------------------- #
RUN : 1 - instancias_txt/SSP-NPM-I/ins139_m=3_j=15_t=20_var=19.txt

- MACHINE [0]

0 
0 
1 
0 
1 
0 
0 
0 
0 
1 
0 
0 
1 
1 
0 
0 
1 
0 
0 
0 

JOBS [1] - [8]
TOOL SWITCHES : 0
MAKESPAN : 9

- MACHINE [1]

0 1 
0 1 
0 0 
0 1 
1 1 
0 0 
1 0 
0 0 
0 0 
0 0 
1 0 
1 1 
0 0 
0 0 
0 0 
1 0 
0 0 
1 0 
1 1 
0 0 

JOBS [2] - [10, 11]
TOOL SWITCHES : 0
MAKESPAN : 15

- MACHINE [2]

1 0 0 1 1 1 1 0 0 0 1 0 
0 0 1 0 0 0 0 0 0 1 0 1 
0 1 0 0 1 0 0 0 1 0 0 1 
0 0 0 0 0 0 0 0 0 1 0 1 
0 0 0 0 0 0 0 0 0 0 0 0 
0 0 0 0 0 0 0 0 0 0 0 0 
0 1 0 0 1 1 1 1 0 0 1 0 
1 1 0 1 0 0 0 0 1 0 1 1 
1 1 1 0 0 0 0 0 0 0 0 0 
0 0 1 1 1 1 1 0 0 0 0 0 
1 0 1 1 0 0 0 0 0 1 1 1 
0 1 0 0 0 0 0 0 0 0 0 0 
1 0 0 0 0 0 1 1 0 1 0 0 
0 0 0 1 1 1 0 1 1 0 0 1 
0 0 0 0 0 0 0 1 0 1 1 0 
1 0 0 1 1 0 0 1 1 0 0 0 
0 0 0 0 0 1 1 1 0 0 1 1 
0 0 1 0 0 0 0 1 0 1 0 0 
0 1 1 0 0 0 1 0 1 1 0 0 
0 0 1 1 1 0 0 0 0 0 0 0 

JOBS [12] - [9, 14, 2, 5, 12, 13, 0, 6, 4, 7, 1, 3]
TOOL SWITCHES : 5
MAKESPAN : 78

# -------------------------- #

--- TOTAL TOOL SWITCHES : 5
--- HIGHEST MAKESPAN : 78
--- TOTAL FLOWTIME : 543
--- RUNNING TIME : 3.14809

# -------------------------- #
RUN : 1 - instancias_txt/SSP-NPM-I/ins140_m=3_j=15_t=20_var=20.txt

- MACHINE [0]

0 
0 
0 
1 
0 
0 
0 
0 
1 
0 
0 
0 
0 
0 
0 
1 
1 
1 
1 
0 

JOBS [1] - [9]
TOOL SWITCHES : 0
MAKESPAN : 6

- MACHINE [1]

0 0 
0 0 
0 0 
0 0 
1 0 
0 0 
0 0 
0 0 
1 0 
1 1 
0 1 
0 1 
0 0 
1 0 
1 1 
1 0 
1 0 
0 0 
0 1 
0 0 

JOBS [2] - [14, 2]
TOOL SWITCHES : 0
MAKESPAN : 13

- MACHINE [2]

0 1 0 0 0 1 0 0 1 1 1 0 
1 1 0 0 1 0 1 0 0 0 0 1 
0 0 0 1 0 0 1 0 0 0 1 1 
0 0 1 0 0 0 1 0 0 0 1 0 
0 0 0 1 0 0 0 0 0 0 0 0 
0 0 0 0 0 0 0 1 1 0 1 0 
0 1 1 0 0 0 1 1 1 0 0 0 
0 0 0 0 0 1 1 1 0 1 1 1 
0 0 1 0 0 0 0 1 0 0 0 1 
1 0 0 0 1 0 0 1 0 0 0 1 
0 0 0 0 1 0 1 0 1 1 0 1 
0 0 0 0 0 0 0 0 0 0 0 0 
1 1 1 1 1 0 0 0 0 0 0 0 
0 0 0 0 0 0 0 0 0 1 1 0 
1 1 1 1 1 0 0 0 0 0 0 0 
0 0 1 0 0 1 0 0 0 0 0 0 
1 0 0 1 0 1 0 0 1 0 1 1 
0 0 0 0 0 0 0 0 0 0 0 0 
0 0 0 0 0 1 0 1 0 1 0 0 
1 0 0 0 1 1 0 0 0 0 0 0 

JOBS [12] - [8, 1, 12, 11, 7, 0, 5, 6, 13, 3, 10, 4]
TOOL SWITCHES : 5
MAKESPAN : 73

# -------------------------- #

--- TOTAL TOOL SWITCHES : 5
--- HIGHEST MAKESPAN : 73
--- TOTAL FLOWTIME : 486
--- RUNNING TIME : 2.58083

# -------------------------- #


avg : 5.2
