RUN : 1 - instancias_txt/SSP-NPM-I/ins121_m=3_j=15_t=20_var=1.txt

- MACHINE [0]

1 
0 
1 
0 
1 
1 
1 
0 
0 
0 
0 
0 
0 
1 
0 
0 
1 
0 
0 
0 

JOBS [1] - [9]
TOOL SWITCHES : 0
MAKESPAN : 6

- MACHINE [1]

0 0 
1 1 
0 1 
0 0 
0 0 
0 0 
0 0 
0 1 
1 0 
0 0 
0 0 
0 1 
1 1 
1 0 
1 1 
0 1 
0 0 
0 0 
1 0 
0 0 

JOBS [2] - [1, 5]
TOOL SWITCHES : 0
MAKESPAN : 13

- MACHINE [2]

0 1 0 0 0 1 0 1 0 0 0 1 
0 0 0 0 0 0 0 1 1 0 0 1 
0 0 0 0 0 0 0 0 0 0 0 0 
0 0 0 1 0 1 1 0 0 0 0 0 
0 0 1 1 1 1 1 0 0 1 0 0 
0 0 0 0 0 0 1 0 1 1 0 0 
0 0 1 1 0 0 0 0 0 0 1 0 
1 0 0 1 1 0 0 0 0 0 0 0 
0 1 1 0 0 0 0 0 0 0 0 0 
1 0 1 0 1 0 0 0 0 0 0 0 
0 0 0 0 1 0 0 1 1 0 1 0 
1 0 0 1 0 1 0 0 0 0 0 1 
1 0 1 0 0 0 0 0 1 1 1 0 
1 1 0 0 0 0 0 0 0 0 0 0 
0 1 0 1 1 0 0 0 1 1 1 0 
0 0 0 0 0 0 0 0 1 1 0 1 
0 0 1 0 0 1 1 1 0 0 0 1 
0 0 0 0 0 1 1 1 0 1 1 1 
1 1 0 0 1 1 0 0 1 1 1 0 
1 0 1 1 0 0 1 1 0 0 0 0 

JOBS [12] - [12, 13, 7, 2, 11, 14, 0, 6, 4, 3, 10, 8]
TOOL SWITCHES : 6
MAKESPAN : 96

# -------------------------- #

--- TOTAL TOOL SWITCHES : 6
--- HIGHEST MAKESPAN : 96
--- TOTAL FLOWTIME : 628
--- RUNNING TIME : 3.42381

# -------------------------- #
RUN : 1 - instancias_txt/SSP-NPM-I/ins122_m=3_j=15_t=20_var=2.txt

- MACHINE [0]

0 0 
0 0 
0 0 
0 0 
1 1 
0 0 
0 0 
1 1 
0 0 
0 0 
0 0 
0 0 
1 1 
0 0 
0 0 
1 1 
0 1 
1 0 
0 1 
0 0 

JOBS [2] - [9, 13]
TOOL SWITCHES : 0
MAKESPAN : 11

- MACHINE [1]

1 0 1 
0 0 0 
0 0 1 
0 0 0 
1 1 0 
1 0 1 
0 0 0 
0 0 0 
0 0 0 
1 1 0 
1 1 0 
0 0 0 
0 0 0 
1 0 0 
0 0 0 
0 0 1 
0 1 1 
0 0 0 
0 1 1 
0 0 0 

JOBS [3] - [7, 8, 14]
TOOL SWITCHES : 0
MAKESPAN : 8

- MACHINE [2]

0 0 0 1 0 1 0 0 1 0 
0 0 0 0 0 1 1 0 0 1 
0 1 1 0 1 0 0 1 1 1 
0 0 0 0 0 0 1 1 0 0 
0 1 1 0 0 0 0 0 0 0 
0 0 0 0 1 0 1 0 0 1 
1 0 0 0 0 1 0 1 0 0 
0 1 0 0 0 0 0 0 0 0 
0 0 1 0 1 0 0 1 1 1 
1 0 0 0 0 1 0 0 0 1 
0 0 0 0 0 0 0 0 0 0 
1 0 0 1 1 0 0 0 0 0 
0 0 0 0 0 0 0 0 0 0 
0 0 1 0 1 0 1 0 0 0 
1 0 0 1 0 0 0 1 0 0 
0 0 1 1 0 0 1 1 0 1 
0 1 1 0 1 0 0 0 1 0 
1 0 0 1 0 1 0 0 0 0 
0 0 0 0 0 0 0 0 0 0 
0 1 0 1 1 0 0 1 1 1 

JOBS [10] - [4, 3, 1, 11, 2, 5, 10, 0, 12, 6]
TOOL SWITCHES : 4
MAKESPAN : 77

# -------------------------- #

--- TOTAL TOOL SWITCHES : 4
--- HIGHEST MAKESPAN : 77
--- TOTAL FLOWTIME : 413
--- RUNNING TIME : 2.84239

# -------------------------- #
RUN : 1 - instancias_txt/SSP-NPM-I/ins123_m=3_j=15_t=20_var=3.txt

- MACHINE [0]

0 
0 
0 
0 
1 
0 
0 
1 
0 
0 
1 
1 
1 
1 
0 
0 
0 
1 
0 
0 

JOBS [1] - [0]
TOOL SWITCHES : 0
MAKESPAN : 4

- MACHINE [1]

0 0 0 
0 0 0 
0 0 0 
1 0 1 
0 0 0 
1 1 1 
0 0 1 
0 0 0 
1 0 1 
0 1 0 
1 0 1 
0 0 0 
0 1 0 
1 1 0 
0 0 0 
0 0 0 
0 0 1 
0 0 0 
0 1 1 
0 0 0 

JOBS [3] - [9, 8, 7]
TOOL SWITCHES : 0
MAKESPAN : 15

- MACHINE [2]

0 0 0 0 0 0 0 0 0 1 0 
0 0 0 1 0 1 1 1 0 0 1 
0 0 0 0 0 0 0 1 0 1 0 
1 0 0 1 0 0 1 0 1 0 1 
0 1 1 1 0 0 0 0 0 0 0 
1 1 1 1 0 0 0 1 1 0 0 
0 0 1 0 1 0 0 0 0 1 0 
1 1 1 0 1 0 0 1 1 0 1 
0 0 0 0 0 0 0 0 0 0 0 
0 0 0 0 0 0 1 0 0 1 1 
0 0 1 0 0 1 0 0 0 0 0 
0 1 0 0 1 0 0 0 0 0 0 
0 0 0 0 0 0 0 0 0 0 0 
0 0 0 0 0 1 0 0 0 1 1 
1 1 1 0 0 0 0 0 1 1 0 
0 1 0 0 0 1 1 1 0 0 1 
1 0 0 1 1 1 1 0 1 0 0 
0 0 0 0 0 0 0 0 1 0 1 
0 0 0 0 0 0 0 0 0 0 0 
0 0 0 0 1 0 1 1 0 1 0 

JOBS [11] - [2, 11, 3, 12, 4, 10, 5, 6, 14, 13, 1]
TOOL SWITCHES : 4
MAKESPAN : 87

# -------------------------- #

--- TOTAL TOOL SWITCHES : 4
--- HIGHEST MAKESPAN : 87
--- TOTAL FLOWTIME : 502
--- RUNNING TIME : 3.47101

# -------------------------- #
RUN : 1 - instancias_txt/SSP-NPM-I/ins124_m=3_j=15_t=20_var=4.txt

- MACHINE [0]

0 
1 
0 
0 
1 
1 
0 
0 
0 
1 
0 
0 
0 
0 
1 
0 
0 
0 
0 
0 

JOBS [1] - [6]
TOOL SWITCHES : 0
MAKESPAN : 7

- MACHINE [1]

1 0 0 0 
0 0 0 0 
0 0 0 1 
0 0 0 0 
0 0 0 0 
0 0 0 0 
1 0 1 0 
0 0 0 0 
0 1 1 0 
0 0 0 0 
1 1 0 0 
0 1 1 1 
0 0 0 1 
1 0 0 1 
0 1 1 1 
1 0 1 0 
0 0 0 0 
0 1 0 1 
0 0 0 0 
0 0 0 0 

JOBS [4] - [0, 10, 3, 8]
TOOL SWITCHES : 1
MAKESPAN : 36

- MACHINE [2]

1 1 0 1 1 0 0 0 0 0 
0 0 0 0 1 1 1 0 0 1 
1 1 0 1 0 0 1 1 1 0 
0 1 0 1 0 0 0 0 1 0 
0 0 0 0 0 0 0 0 0 0 
0 0 0 0 0 0 0 0 1 0 
0 0 0 1 1 1 0 0 1 1 
0 1 1 0 0 0 1 0 0 1 
0 0 1 0 1 0 1 0 1 0 
1 0 1 0 0 0 1 1 0 0 
1 1 0 0 0 0 1 1 0 0 
0 1 1 0 0 1 0 1 0 0 
1 0 1 1 0 0 0 0 0 0 
0 0 0 0 0 1 0 0 0 1 
0 0 0 0 0 0 0 0 0 0 
0 0 0 0 0 0 0 0 0 0 
1 0 0 0 0 0 0 0 1 1 
0 0 0 0 0 0 0 0 0 0 
1 0 1 0 0 1 0 0 1 1 
0 1 0 0 1 1 0 1 0 0 

JOBS [10] - [14, 4, 13, 9, 7, 12, 11, 5, 1, 2]
TOOL SWITCHES : 3
MAKESPAN : 63

# -------------------------- #

--- TOTAL TOOL SWITCHES : 4
--- HIGHEST MAKESPAN : 63
--- TOTAL FLOWTIME : 457
--- RUNNING TIME : 2.92488

# -------------------------- #
RUN : 1 - instancias_txt/SSP-NPM-I/ins125_m=3_j=15_t=20_var=5.txt

- MACHINE [0]

0 
0 
0 
0 
0 
0 
0 
0 
0 
1 
0 
0 
1 
1 
1 
1 
0 
0 
1 
0 

JOBS [1] - [7]
TOOL SWITCHES : 0
MAKESPAN : 2

- MACHINE [1]

0 0 
1 0 
0 0 
1 1 
0 1 
1 0 
1 0 
1 0 
0 1 
0 0 
0 0 
0 0 
0 0 
1 1 
0 1 
0 0 
0 0 
0 0 
0 0 
1 1 

JOBS [2] - [8, 6]
TOOL SWITCHES : 0
MAKESPAN : 14

- MACHINE [2]

0 1 1 1 1 0 0 1 1 0 0 0 
0 0 1 1 1 0 0 0 0 0 0 0 
0 0 0 0 1 0 1 0 0 0 0 0 
0 1 0 0 0 0 0 1 0 0 0 1 
1 0 1 1 0 0 0 0 0 0 0 0 
1 0 0 0 1 0 0 1 1 0 1 0 
0 0 0 0 0 1 1 0 0 1 1 1 
0 0 0 0 0 1 1 0 0 1 0 1 
0 1 1 0 0 0 1 0 1 0 1 0 
0 1 1 0 0 0 0 0 0 0 1 1 
0 0 0 0 0 0 1 0 1 1 0 0 
1 0 0 1 0 1 0 0 0 0 0 0 
0 0 0 0 0 0 0 0 1 0 0 1 
0 0 0 0 0 0 0 1 1 1 1 0 
0 0 0 0 0 0 0 0 0 0 0 0 
0 0 0 1 1 1 1 1 0 0 0 0 
0 1 0 0 1 1 1 0 0 1 0 0 
1 0 1 1 0 0 0 0 0 1 0 1 
0 1 0 0 1 0 0 0 0 0 0 0 
1 0 0 1 0 1 0 0 1 0 0 0 

JOBS [12] - [12, 2, 3, 14, 5, 1, 9, 10, 0, 4, 13, 11]
TOOL SWITCHES : 6
MAKESPAN : 82

# -------------------------- #

--- TOTAL TOOL SWITCHES : 6
--- HIGHEST MAKESPAN : 82
--- TOTAL FLOWTIME : 570
--- RUNNING TIME : 3.18924

# -------------------------- #
RUN : 1 - instancias_txt/SSP-NPM-I/ins126_m=3_j=15_t=20_var=6.txt

- MACHINE [0]

0 
0 
0 
0 
0 
0 
0 
1 
0 
0 
0 
1 
0 
1 
1 
0 
1 
1 
0 
0 

JOBS [1] - [2]
TOOL SWITCHES : 0
MAKESPAN : 8

- MACHINE [1]

0 0 
0 1 
1 0 
0 0 
1 0 
0 0 
0 0 
0 0 
0 0 
0 0 
1 1 
1 0 
0 0 
0 0 
0 1 
0 1 
0 1 
0 0 
1 1 
0 1 

JOBS [2] - [4, 3]
TOOL SWITCHES : 0
MAKESPAN : 3

- MACHINE [2]

0 1 1 0 1 1 1 0 0 0 0 0 
1 0 0 0 0 1 1 0 0 0 0 0 
0 0 1 0 0 0 0 0 0 0 0 0 
0 0 0 0 1 0 1 0 0 1 1 0 
0 0 0 0 0 0 0 1 1 1 0 0 
1 0 1 1 0 0 0 0 0 0 0 0 
0 1 1 0 0 1 0 0 0 0 1 1 
1 1 1 0 0 1 0 1 0 1 0 1 
0 0 1 0 0 0 0 0 1 1 1 0 
0 0 0 0 0 0 0 1 1 1 0 1 
0 1 0 1 1 0 1 1 0 0 0 0 
0 0 0 0 0 0 0 0 0 1 1 0 
0 0 1 1 1 0 1 0 1 0 0 0 
0 0 0 0 1 0 0 0 0 0 0 1 
0 0 0 1 0 1 0 1 0 0 1 1 
1 0 0 1 0 0 1 0 1 0 0 0 
0 0 0 0 0 0 0 0 0 0 0 0 
1 1 0 0 0 0 0 0 0 0 0 0 
0 0 0 1 1 1 0 1 0 1 0 0 
0 1 0 0 1 0 1 0 0 0 0 0 

JOBS [12] - [9, 1, 12, 0, 7, 10, 5, 13, 6, 8, 14, 11]
TOOL SWITCHES : 6
MAKESPAN : 80

# -------------------------- #

--- TOTAL TOOL SWITCHES : 6
--- HIGHEST MAKESPAN : 80
--- TOTAL FLOWTIME : 580
--- RUNNING TIME : 2.80841

# -------------------------- #
RUN : 1 - instancias_txt/SSP-NPM-I/ins127_m=3_j=15_t=20_var=7.txt

- MACHINE [0]

0 
1 
1 
1 
1 
0 
0 
1 
0 
0 
1 
0 
0 
0 
0 
0 
0 
0 
0 
0 

JOBS [1] - [2]
TOOL SWITCHES : 0
MAKESPAN : 1

- MACHINE [1]

0 0 0 
0 0 0 
1 0 0 
0 0 0 
0 0 0 
1 1 1 
1 1 1 
1 0 0 
0 0 1 
1 0 1 
0 1 0 
0 0 0 
0 0 0 
0 1 0 
0 0 0 
0 0 0 
0 0 0 
0 1 0 
1 0 1 
0 0 0 

JOBS [3] - [10, 6, 14]
TOOL SWITCHES : 0
MAKESPAN : 12

- MACHINE [2]

1 0 1 1 1 0 0 0 0 0 1 
0 0 1 1 1 1 0 0 0 1 0 
0 0 0 0 0 0 0 0 0 0 0 
1 1 1 1 1 0 0 0 0 0 0 
0 0 0 0 0 0 0 0 0 0 0 
0 0 0 0 1 1 1 1 0 0 0 
1 0 0 1 0 0 0 0 1 0 0 
1 1 0 1 0 0 1 0 0 0 0 
0 1 0 0 0 0 0 1 0 1 0 
0 0 0 0 0 0 0 0 0 0 0 
0 0 1 0 1 0 0 0 1 1 1 
0 0 0 0 0 1 1 1 0 0 0 
1 0 0 0 0 1 1 0 1 0 0 
0 0 0 0 0 0 0 0 1 1 1 
0 1 0 0 0 0 0 1 0 1 0 
0 1 1 0 0 0 0 1 0 1 1 
0 1 0 0 0 1 0 0 0 0 1 
0 0 0 0 0 0 0 0 1 1 0 
0 0 0 0 0 0 0 1 1 0 1 
0 0 1 1 0 0 1 1 0 0 0 

JOBS [11] - [1, 13, 3, 12, 11, 4, 9, 0, 5, 8, 7]
TOOL SWITCHES : 4
MAKESPAN : 76

# -------------------------- #

--- TOTAL TOOL SWITCHES : 4
--- HIGHEST MAKESPAN : 76
--- TOTAL FLOWTIME : 483
--- RUNNING TIME : 2.84312

# -------------------------- #
RUN : 1 - instancias_txt/SSP-NPM-I/ins128_m=3_j=15_t=20_var=8.txt

- MACHINE [0]

0 
0 
0 
1 
0 
0 
0 
1 
1 
1 
0 
1 
1 
0 
0 
0 
0 
0 
0 
1 

JOBS [1] - [4]
TOOL SWITCHES : 0
MAKESPAN : 1

- MACHINE [1]

1 0 0 0 1 1 0 
0 0 0 0 1 0 1 
1 1 0 0 0 0 0 
0 0 0 0 0 0 1 
1 0 1 1 0 0 0 
0 0 0 0 0 0 0 
0 0 0 0 0 0 0 
1 0 0 0 0 0 0 
1 1 1 0 0 1 1 
0 1 1 0 1 0 1 
0 0 0 1 1 0 0 
0 0 0 0 0 0 0 
0 0 0 0 0 0 0 
0 1 0 0 1 1 1 
0 0 0 0 0 1 1 
1 1 1 0 0 0 0 
1 0 0 1 0 1 1 
0 0 1 0 0 0 0 
0 0 0 1 1 0 0 
0 1 0 1 0 1 0 

JOBS [7] - [10, 13, 6, 3, 0, 11, 9]
TOOL SWITCHES : 6
MAKESPAN : 65

- MACHINE [2]

1 0 0 1 0 0 0 
0 0 0 0 1 0 1 
0 0 0 0 0 0 0 
0 0 1 0 0 0 1 
1 0 0 0 0 0 1 
1 1 1 1 0 0 0 
1 0 0 0 1 0 0 
0 0 0 1 1 0 0 
0 0 0 0 0 0 0 
0 0 0 0 0 0 0 
0 1 1 0 0 0 0 
0 1 0 0 0 0 0 
1 0 0 0 0 1 1 
0 0 1 0 1 0 0 
1 1 1 1 0 1 1 
0 1 0 0 1 1 0 
0 0 0 0 0 0 0 
0 0 1 0 0 1 0 
0 1 1 1 1 1 1 
0 0 0 1 0 0 0 

JOBS [7] - [5, 14, 12, 8, 7, 1, 2]
TOOL SWITCHES : 3
MAKESPAN : 60

# -------------------------- #

--- TOTAL TOOL SWITCHES : 9
--- HIGHEST MAKESPAN : 65
--- TOTAL FLOWTIME : 484
--- RUNNING TIME : 2.33144

# -------------------------- #
RUN : 1 - instancias_txt/SSP-NPM-I/ins129_m=3_j=15_t=20_var=9.txt

- MACHINE [0]

0 1 0 
1 0 1 
0 0 1 
1 1 0 
0 0 0 
0 0 0 
0 0 0 
0 0 0 
0 0 0 
0 0 0 
1 1 0 
1 1 1 
0 0 0 
0 0 0 
1 1 1 
0 0 1 
0 0 0 
0 0 0 
0 0 0 
0 0 0 

JOBS [3] - [4, 9, 14]
TOOL SWITCHES : 1
MAKESPAN : 15

- MACHINE [1]

0 0 0 1 1 0 0 0 
0 0 0 0 0 0 0 0 
0 1 0 0 1 0 0 0 
0 0 0 0 0 0 0 1 
1 1 0 0 0 0 0 0 
0 0 0 0 0 1 1 1 
0 0 0 0 0 0 0 0 
1 0 1 1 0 0 0 1 
1 1 0 0 0 1 0 0 
0 0 0 0 0 0 0 0 
0 0 0 0 0 0 0 0 
0 0 0 0 0 0 1 0 
1 1 1 0 1 1 0 0 
0 0 0 0 1 0 1 1 
1 0 0 0 0 0 0 0 
0 0 0 0 0 0 1 0 
0 0 1 1 0 1 0 1 
1 1 1 1 1 1 1 0 
0 1 1 1 0 0 0 1 
0 0 1 0 1 1 1 1 

JOBS [8] - [5, 13, 11, 6, 10, 0, 12, 7]
TOOL SWITCHES : 6
MAKESPAN : 53

- MACHINE [2]

0 0 0 0 
0 1 1 0 
0 0 0 0 
0 0 0 0 
1 1 0 0 
0 0 0 1 
1 0 0 0 
0 0 1 0 
1 0 0 1 
1 0 0 1 
0 0 1 0 
0 0 0 1 
0 0 0 0 
0 1 0 1 
1 1 0 0 
0 0 0 0 
1 1 1 0 
0 0 0 0 
0 0 1 1 
0 0 0 0 

JOBS [4] - [2, 8, 3, 1]
TOOL SWITCHES : 0
MAKESPAN : 11

# -------------------------- #

--- TOTAL TOOL SWITCHES : 7
--- HIGHEST MAKESPAN : 53
--- TOTAL FLOWTIME : 290
--- RUNNING TIME : 1.4691

# -------------------------- #
RUN : 1 - instancias_txt/SSP-NPM-I/ins130_m=3_j=15_t=20_var=10.txt

- MACHINE [0]

1 
0 
1 
1 
0 
0 
0 
0 
1 
0 
0 
0 
1 
1 
0 
0 
0 
0 
0 
1 

JOBS [1] - [4]
TOOL SWITCHES : 0
MAKESPAN : 2

- MACHINE [1]

0 0 
0 1 
0 1 
0 0 
0 1 
0 0 
0 1 
0 0 
0 0 
0 0 
0 0 
1 0 
1 0 
0 0 
1 1 
1 0 
0 0 
0 0 
1 1 
0 1 

JOBS [2] - [6, 11]
TOOL SWITCHES : 0
MAKESPAN : 10

- MACHINE [2]

0 0 0 0 0 0 1 1 1 1 1 1 
1 1 1 0 1 0 0 0 1 0 0 0 
0 0 0 0 0 1 0 1 0 1 0 0 
0 0 0 0 0 0 0 0 0 0 0 0 
1 0 0 1 0 0 0 0 0 0 0 0 
0 0 0 0 1 0 0 0 1 1 0 1 
0 0 0 0 0 0 0 0 0 0 0 0 
0 1 0 0 1 1 1 0 1 0 1 0 
0 1 0 0 0 0 0 0 0 0 1 1 
1 0 1 0 0 0 1 1 1 0 0 0 
0 1 0 1 0 1 0 0 0 1 0 0 
0 0 0 0 0 0 1 0 0 0 0 0 
0 0 1 1 1 1 0 1 0 0 0 0 
1 0 0 1 1 1 1 1 0 0 0 0 
0 1 0 1 1 0 0 0 0 0 0 0 
0 0 1 1 0 0 1 0 0 1 1 0 
0 0 1 1 1 1 0 1 0 0 1 1 
1 1 1 0 0 1 0 0 0 0 0 0 
0 0 0 0 0 0 0 0 0 1 0 0 
0 0 0 0 0 0 0 0 0 0 1 1 

JOBS [12] - [7, 10, 9, 3, 0, 2, 8, 1, 12, 14, 5, 13]
TOOL SWITCHES : 5
MAKESPAN : 80

# -------------------------- #

--- TOTAL TOOL SWITCHES : 5
--- HIGHEST MAKESPAN : 80
--- TOTAL FLOWTIME : 482
--- RUNNING TIME : 3.59388

# -------------------------- #
RUN : 1 - instancias_txt/SSP-NPM-I/ins131_m=3_j=15_t=20_var=11.txt

- MACHINE [0]

0 
0 
1 
0 
1 
0 
0 
0 
0 
0 
0 
1 
1 
0 
1 
1 
0 
0 
1 
0 

JOBS [1] - [5]
TOOL SWITCHES : 0
MAKESPAN : 4

- MACHINE [1]

0 0 
1 0 
0 0 
0 0 
1 0 
0 1 
0 1 
0 1 
0 0 
0 1 
0 1 
0 0 
1 1 
0 0 
0 0 
0 0 
0 0 
1 0 
0 0 
1 1 

JOBS [2] - [10, 1]
TOOL SWITCHES : 0
MAKESPAN : 11

- MACHINE [2]

0 0 0 1 1 1 0 0 0 1 1 1 
0 0 0 0 0 0 0 1 1 1 0 1 
0 0 0 0 0 0 0 0 0 0 0 0 
0 0 1 0 0 0 0 0 1 0 1 0 
0 1 1 1 0 0 0 1 0 0 1 0 
0 1 1 1 0 0 0 0 0 0 0 0 
0 0 0 0 0 0 0 0 1 0 0 1 
1 1 0 0 0 0 0 0 0 0 0 0 
1 0 0 0 1 1 0 0 0 1 0 0 
0 0 0 0 1 0 1 1 0 0 0 0 
1 0 1 1 0 1 0 1 0 1 0 0 
0 0 0 0 0 1 1 0 0 0 1 1 
0 0 0 0 0 0 0 0 0 0 1 1 
0 0 0 0 1 0 1 0 1 0 1 0 
1 0 0 0 0 1 1 1 1 1 0 0 
0 0 0 0 0 1 0 1 0 0 0 1 
1 0 1 0 1 0 1 0 0 0 0 0 
0 0 0 0 0 0 0 0 0 0 0 0 
1 1 0 0 0 0 0 0 0 0 1 1 
0 1 1 1 1 0 1 0 0 1 0 0 

JOBS [12] - [13, 9, 8, 12, 3, 14, 2, 11, 4, 7, 0, 6]
TOOL SWITCHES : 5
MAKESPAN : 83

# -------------------------- #

--- TOTAL TOOL SWITCHES : 5
--- HIGHEST MAKESPAN : 83
--- TOTAL FLOWTIME : 544
--- RUNNING TIME : 5.01418

# -------------------------- #
RUN : 1 - instancias_txt/SSP-NPM-I/ins132_m=3_j=15_t=20_var=12.txt

- MACHINE [0]

0 
0 
1 
0 
0 
1 
0 
0 
0 
1 
1 
1 
0 
1 
0 
0 
0 
0 
0 
0 

JOBS [1] - [12]
TOOL SWITCHES : 0
MAKESPAN : 3

- MACHINE [1]

1 0 1 1 1 1 1 0 
0 0 0 0 0 1 1 1 
0 0 0 0 0 0 0 0 
1 0 1 1 1 1 0 1 
1 0 0 0 0 0 0 0 
0 0 0 0 0 0 0 0 
0 1 0 0 1 0 0 1 
1 0 1 1 0 1 0 0 
0 0 1 0 0 0 1 0 
0 0 0 0 0 1 0 1 
0 0 0 0 0 0 0 0 
1 1 0 1 1 0 0 0 
0 0 0 0 0 0 0 0 
0 1 0 1 1 0 1 1 
0 1 0 0 0 1 1 0 
0 0 1 0 0 0 0 1 
1 1 0 1 0 0 0 0 
0 0 0 0 0 0 0 0 
0 1 0 0 0 0 0 0 
0 0 0 0 1 0 0 0 

JOBS [8] - [6, 13, 0, 2, 11, 4, 1, 5]
TOOL SWITCHES : 5
MAKESPAN : 55

- MACHINE [2]

0 0 0 0 0 1 
0 0 0 0 0 0 
0 1 1 0 0 0 
1 0 0 1 0 0 
1 0 0 0 1 1 
0 0 0 0 0 0 
0 1 1 0 0 0 
0 0 1 1 1 0 
1 0 0 0 1 1 
0 0 1 1 0 0 
1 1 1 1 0 1 
0 0 0 0 0 0 
0 0 0 0 1 0 
0 0 0 0 0 0 
0 1 0 1 0 1 
0 0 1 0 0 1 
0 0 0 0 0 0 
1 1 0 0 1 0 
0 0 0 0 0 0 
1 0 1 1 0 0 

JOBS [6] - [9, 8, 7, 10, 3, 14]
TOOL SWITCHES : 1
MAKESPAN : 32

# -------------------------- #

--- TOTAL TOOL SWITCHES : 6
--- HIGHEST MAKESPAN : 55
--- TOTAL FLOWTIME : 371
--- RUNNING TIME : 2.33494

# -------------------------- #
RUN : 1 - instancias_txt/SSP-NPM-I/ins133_m=3_j=15_t=20_var=13.txt

- MACHINE [0]

1 1 
0 0 
0 0 
0 0 
0 0 
0 0 
1 0 
1 0 
0 0 
0 1 
0 0 
1 1 
0 0 
0 0 
0 1 
1 1 
0 0 
0 0 
0 0 
0 0 

JOBS [2] - [1, 7]
TOOL SWITCHES : 0
MAKESPAN : 19

- MACHINE [1]

0 0 0 
1 0 0 
1 0 0 
0 0 0 
0 0 0 
0 1 1 
0 0 0 
1 0 1 
0 0 0 
0 1 1 
0 0 0 
1 1 1 
0 0 0 
0 0 0 
0 0 1 
1 0 0 
1 1 0 
0 1 0 
0 0 0 
0 0 0 

JOBS [3] - [6, 2, 9]
TOOL SWITCHES : 0
MAKESPAN : 19

- MACHINE [2]

0 0 0 0 1 0 0 0 0 0 
0 1 0 1 0 0 0 1 1 0 
0 0 0 0 0 1 0 0 0 0 
0 0 0 0 0 0 1 1 0 1 
1 1 0 0 0 0 1 0 0 1 
1 1 0 0 0 0 0 0 0 0 
0 0 0 0 0 1 0 0 1 0 
1 0 1 0 0 0 0 1 0 0 
0 0 0 0 0 0 0 0 1 1 
0 0 0 0 0 0 0 0 0 0 
0 0 0 0 1 0 1 1 0 0 
1 1 0 0 1 0 1 1 1 1 
0 1 1 0 0 0 0 0 0 0 
0 1 1 1 0 1 0 1 0 1 
0 0 0 0 0 0 1 0 0 0 
0 0 0 0 0 0 0 0 0 0 
0 0 1 1 1 0 0 0 0 0 
1 0 0 1 1 1 0 0 0 0 
0 0 1 1 0 1 1 0 0 1 
1 0 1 0 1 0 0 0 1 1 

JOBS [10] - [8, 11, 3, 0, 13, 14, 10, 12, 4, 5]
TOOL SWITCHES : 5
MAKESPAN : 78

# -------------------------- #

--- TOTAL TOOL SWITCHES : 5
--- HIGHEST MAKESPAN : 78
--- TOTAL FLOWTIME : 450
--- RUNNING TIME : 2.83354

# -------------------------- #
RUN : 1 - instancias_txt/SSP-NPM-I/ins134_m=3_j=15_t=20_var=14.txt

- MACHINE [0]

0 
0 
1 
1 
0 
0 
0 
0 
1 
1 
0 
0 
0 
0 
0 
1 
0 
1 
0 
1 

JOBS [1] - [11]
TOOL SWITCHES : 0
MAKESPAN : 7

- MACHINE [1]

1 0 
1 1 
0 0 
0 0 
1 0 
0 0 
1 1 
0 1 
0 0 
0 0 
0 0 
0 1 
0 1 
0 0 
0 1 
0 0 
0 0 
1 1 
1 0 
0 0 

JOBS [2] - [8, 3]
TOOL SWITCHES : 0
MAKESPAN : 12

- MACHINE [2]

1 1 0 1 0 0 0 0 0 0 0 0 
0 0 0 0 0 0 0 0 0 0 1 0 
0 0 0 0 0 0 0 0 0 0 0 0 
0 0 0 0 1 1 1 0 0 0 0 0 
0 0 0 0 0 0 0 1 1 0 1 1 
0 0 1 0 0 1 0 1 0 1 1 0 
1 0 0 1 0 0 1 0 0 0 0 0 
0 1 0 0 1 1 1 0 1 1 1 0 
0 0 1 1 1 0 0 0 0 0 1 0 
0 1 1 0 0 1 0 0 0 1 0 1 
1 0 1 0 0 0 0 1 0 0 0 1 
1 1 1 0 0 0 1 1 1 1 0 0 
0 0 0 0 0 0 1 1 1 0 0 1 
1 0 1 0 1 0 0 0 0 0 0 0 
1 0 0 0 1 1 0 0 0 1 1 0 
0 1 0 1 0 0 0 1 1 0 0 0 
0 0 0 0 0 0 0 0 0 1 0 1 
0 1 0 0 0 1 1 0 0 1 0 1 
0 0 0 0 0 0 0 0 0 0 0 0 
1 0 0 1 0 0 1 1 1 0 0 0 

JOBS [12] - [0, 6, 12, 4, 14, 9, 1, 7, 2, 10, 5, 13]
TOOL SWITCHES : 5
MAKESPAN : 83

# -------------------------- #

--- TOTAL TOOL SWITCHES : 5
--- HIGHEST MAKESPAN : 83
--- TOTAL FLOWTIME : 486
--- RUNNING TIME : 2.96032

# -------------------------- #
RUN : 1 - instancias_txt/SSP-NPM-I/ins135_m=3_j=15_t=20_var=15.txt

- MACHINE [0]

0 
0 
1 
0 
0 
0 
0 
1 
0 
0 
0 
1 
0 
0 
0 
1 
0 
1 
1 
0 

JOBS [1] - [6]
TOOL SWITCHES : 0
MAKESPAN : 7

- MACHINE [1]

0 0 0 0 0 1 1 1 
0 1 1 1 0 0 0 0 
0 0 0 1 1 1 1 1 
0 0 0 0 0 0 0 0 
0 0 0 1 0 1 0 0 
0 0 0 0 1 0 0 1 
1 1 1 0 1 1 1 0 
1 0 1 1 1 0 0 0 
0 0 0 0 0 0 0 1 
0 1 1 0 1 0 0 0 
0 0 0 0 0 0 0 0 
0 0 0 0 0 0 0 0 
0 1 0 0 0 1 1 0 
0 0 0 1 0 0 1 0 
1 0 0 0 0 0 0 0 
0 0 0 0 0 0 1 1 
1 1 0 0 0 0 0 0 
1 1 1 1 0 0 1 0 
0 0 0 0 0 0 0 0 
1 0 0 0 0 1 0 1 

JOBS [8] - [7, 0, 8, 14, 4, 9, 5, 10]
TOOL SWITCHES : 6
MAKESPAN : 73

- MACHINE [2]

1 0 0 0 1 0 
0 0 0 0 0 0 
0 0 0 0 0 0 
0 1 0 0 1 1 
0 1 1 1 0 0 
0 0 0 0 0 0 
1 1 1 1 1 0 
0 0 0 0 0 0 
1 0 1 0 0 0 
1 1 0 0 0 0 
0 0 0 1 0 1 
1 1 0 0 1 1 
0 0 0 0 0 0 
0 0 1 0 1 1 
0 1 1 0 0 0 
1 0 0 1 1 0 
0 0 0 1 0 0 
0 0 1 0 0 1 
0 1 0 0 0 1 
0 0 0 0 0 0 

JOBS [6] - [12, 1, 13, 2, 11, 3]
TOOL SWITCHES : 1
MAKESPAN : 41

# -------------------------- #

--- TOTAL TOOL SWITCHES : 7
--- HIGHEST MAKESPAN : 73
--- TOTAL FLOWTIME : 490
--- RUNNING TIME : 1.28843

# -------------------------- #
RUN : 1 - instancias_txt/SSP-NPM-I/ins136_m=3_j=15_t=20_var=16.txt

- MACHINE [0]

1 
0 
1 
0 
0 
1 
1 
0 
1 
1 
0 
0 
0 
0 
0 
0 
0 
1 
0 
0 

JOBS [1] - [4]
TOOL SWITCHES : 0
MAKESPAN : 7

- MACHINE [1]

0 0 0 0 0 1 1 1 1 
0 1 0 0 0 0 1 0 0 
0 0 0 0 0 0 0 0 0 
1 0 0 1 1 0 1 0 0 
0 0 1 1 0 0 0 0 1 
0 1 1 0 0 0 0 0 0 
0 0 0 1 1 1 0 0 1 
0 0 0 0 0 0 0 1 1 
1 0 0 0 0 0 0 0 0 
0 0 0 0 0 0 0 0 0 
0 0 1 1 0 1 1 1 0 
0 1 1 0 1 0 0 0 0 
0 1 0 1 1 1 1 0 1 
0 0 0 1 1 0 0 1 0 
0 1 1 1 0 0 0 0 0 
0 0 0 0 1 1 1 0 0 
1 0 1 0 0 0 0 0 0 
1 0 0 0 0 0 0 0 0 
0 0 0 0 0 0 0 0 0 
1 1 0 0 0 0 0 1 1 

JOBS [9] - [11, 12, 2, 0, 9, 8, 3, 7, 10]
TOOL SWITCHES : 7
MAKESPAN : 65

- MACHINE [2]

0 0 0 0 0 
0 0 0 0 0 
1 0 1 1 1 
1 1 0 0 0 
0 0 0 0 0 
0 1 0 1 1 
0 0 0 0 0 
1 1 1 0 1 
1 0 0 0 1 
0 1 0 1 1 
0 1 0 0 0 
0 1 1 0 0 
0 0 0 0 0 
0 0 0 1 0 
0 0 1 1 0 
0 0 1 0 1 
0 0 0 0 0 
0 0 0 0 0 
0 0 1 1 0 
1 0 1 1 0 

JOBS [5] - [6, 1, 5, 13, 14]
TOOL SWITCHES : 0
MAKESPAN : 26

# -------------------------- #

--- TOTAL TOOL SWITCHES : 7
--- HIGHEST MAKESPAN : 65
--- TOTAL FLOWTIME : 423
--- RUNNING TIME : 1.66844

# -------------------------- #
RUN : 1 - instancias_txt/SSP-NPM-I/ins137_m=3_j=15_t=20_var=17.txt

- MACHINE [0]

0 
0 
0 
0 
0 
0 
0 
1 
1 
0 
0 
1 
0 
1 
0 
0 
1 
0 
1 
0 

JOBS [1] - [7]
TOOL SWITCHES : 0
MAKESPAN : 2

- MACHINE [1]

0 0 0 0 
1 1 0 0 
1 0 0 1 
1 1 1 1 
0 0 0 0 
0 0 1 1 
0 0 0 0 
0 0 0 0 
0 0 0 0 
0 0 0 0 
0 0 0 0 
0 0 1 1 
0 1 1 1 
0 0 1 0 
1 1 1 1 
0 1 0 0 
0 0 0 0 
1 0 1 0 
0 0 0 0 
0 0 0 0 

JOBS [4] - [4, 9, 0, 14]
TOOL SWITCHES : 0
MAKESPAN : 21

- MACHINE [2]

0 0 0 1 1 0 1 0 1 1 
1 1 1 0 0 0 0 0 1 1 
1 1 1 1 0 0 0 0 0 0 
0 0 0 0 0 0 0 1 0 1 
0 0 0 0 1 0 0 1 0 0 
0 0 1 1 1 0 0 0 0 1 
0 0 0 0 0 0 1 0 0 1 
0 1 0 0 1 0 0 1 0 0 
1 1 1 0 0 1 0 0 0 0 
0 0 1 1 0 1 1 1 1 0 
0 0 0 0 0 0 0 0 0 0 
1 0 0 0 0 1 0 0 0 0 
0 1 0 0 0 0 1 0 1 0 
0 0 0 0 0 0 0 0 0 0 
0 0 0 1 0 0 1 1 0 0 
1 0 0 1 1 0 0 0 0 0 
0 0 0 0 0 0 0 0 0 0 
0 0 0 0 0 0 0 1 1 0 
1 0 0 1 0 1 1 0 0 0 
0 1 1 0 1 1 0 0 1 0 

JOBS [10] - [6, 13, 2, 12, 3, 5, 1, 8, 10, 11]
TOOL SWITCHES : 4
MAKESPAN : 62

# -------------------------- #

--- TOTAL TOOL SWITCHES : 4
--- HIGHEST MAKESPAN : 62
--- TOTAL FLOWTIME : 382
--- RUNNING TIME : 2.9507

# -------------------------- #
RUN : 1 - instancias_txt/SSP-NPM-I/ins138_m=3_j=15_t=20_var=18.txt

- MACHINE [0]

0 
0 
0 
0 
1 
1 
1 
0 
0 
1 
1 
1 
0 
0 
0 
0 
0 
0 
1 
0 

JOBS [1] - [7]
TOOL SWITCHES : 0
MAKESPAN : 3

- MACHINE [1]

1 0 
0 1 
1 1 
0 0 
0 0 
1 1 
0 0 
0 0 
0 1 
0 0 
0 0 
0 0 
0 1 
1 1 
0 0 
1 0 
0 0 
0 0 
1 0 
0 0 

JOBS [2] - [9, 12]
TOOL SWITCHES : 0
MAKESPAN : 4

- MACHINE [2]

0 0 0 0 0 0 1 1 0 1 1 0 
0 0 0 0 0 1 0 0 1 1 0 1 
1 0 0 1 0 0 0 1 0 0 0 1 
0 0 0 1 0 0 0 0 1 1 1 0 
0 0 0 0 1 1 0 0 0 0 1 1 
1 0 0 0 0 1 1 1 0 1 0 1 
0 0 0 1 0 0 0 1 1 0 0 0 
1 0 1 1 0 0 0 1 1 0 0 1 
0 0 1 1 0 0 0 0 0 0 0 0 
1 0 1 0 0 0 0 0 0 0 0 0 
0 1 0 0 1 0 1 0 1 0 0 0 
1 0 1 0 1 0 0 1 0 0 0 0 
0 0 0 0 0 1 1 0 0 0 1 0 
0 1 1 0 1 0 1 0 0 0 0 0 
0 0 0 0 0 0 0 0 1 0 1 0 
1 1 0 1 1 0 0 0 0 0 0 0 
0 1 1 0 0 0 0 0 1 1 0 0 
0 0 0 0 0 0 0 0 0 0 0 0 
0 0 0 0 0 0 0 0 0 0 0 0 
0 1 1 1 1 1 0 0 0 0 0 0 

JOBS [12] - [13, 3, 8, 6, 4, 2, 10, 11, 0, 14, 5, 1]
TOOL SWITCHES : 5
MAKESPAN : 76

# -------------------------- #

--- TOTAL TOOL SWITCHES : 5
--- HIGHEST MAKESPAN : 76
--- TOTAL FLOWTIME : 558
--- RUNNING TIME : 2.69574

# -------------------------- #
RUN : 1 - instancias_txt/SSP-NPM-I/ins139_m=3_j=15_t=20_var=19.txt

- MACHINE [0]

0 
0 
1 
0 
1 
0 
0 
0 
0 
1 
0 
0 
1 
1 
0 
0 
1 
0 
0 
0 

JOBS [1] - [8]
TOOL SWITCHES : 0
MAKESPAN : 9

- MACHINE [1]

1 0 
1 0 
0 0 
1 0 
1 1 
0 0 
0 1 
0 0 
0 0 
0 0 
0 1 
1 1 
0 0 
0 0 
0 0 
0 1 
0 0 
0 1 
1 1 
0 0 

JOBS [2] - [11, 10]
TOOL SWITCHES : 0
MAKESPAN : 15

- MACHINE [2]

0 1 0 1 0 1 1 1 1 0 0 0 
0 0 1 0 0 0 0 0 0 1 1 0 
1 0 0 1 1 0 0 0 0 0 1 0 
0 0 0 0 0 0 0 0 0 1 1 0 
0 0 0 0 0 0 0 0 0 0 0 0 
0 0 0 0 0 0 0 0 0 0 0 0 
1 0 0 1 0 0 1 1 1 0 0 1 
1 1 0 0 1 1 0 0 1 0 1 0 
1 1 1 0 0 0 0 0 0 0 0 0 
0 0 1 1 0 1 1 1 0 0 0 0 
0 1 1 0 0 1 0 0 1 1 1 0 
1 0 0 0 0 0 0 0 0 0 0 0 
0 1 0 0 0 0 0 1 0 1 0 1 
0 0 0 1 1 1 1 0 0 0 1 1 
0 0 0 0 0 0 0 0 1 1 0 1 
0 1 0 1 1 1 0 0 0 0 0 1 
0 0 0 0 0 0 1 1 1 0 1 1 
0 0 1 0 0 0 0 0 0 1 0 1 
1 0 1 0 1 0 0 1 0 1 0 0 
0 0 1 1 0 1 0 0 0 0 0 0 

JOBS [12] - [14, 9, 2, 12, 4, 5, 13, 0, 1, 7, 3, 6]
TOOL SWITCHES : 5
MAKESPAN : 78

# -------------------------- #

--- TOTAL TOOL SWITCHES : 5
--- HIGHEST MAKESPAN : 78
--- TOTAL FLOWTIME : 517
--- RUNNING TIME : 2.73716

# -------------------------- #
RUN : 1 - instancias_txt/SSP-NPM-I/ins140_m=3_j=15_t=20_var=20.txt

- MACHINE [0]

0 
0 
0 
0 
0 
0 
0 
0 
0 
1 
1 
1 
0 
0 
1 
0 
0 
0 
1 
0 

JOBS [1] - [2]
TOOL SWITCHES : 0
MAKESPAN : 2

- MACHINE [1]

1 0 1 0 0 0 0 0 
0 1 1 1 0 0 0 0 
0 0 0 0 1 0 0 0 
0 0 0 0 0 0 1 1 
0 0 0 0 1 1 0 0 
0 0 0 0 0 0 0 0 
0 0 1 0 0 0 0 1 
1 0 0 0 0 0 0 0 
0 0 0 0 0 1 1 1 
0 1 0 1 0 1 0 0 
0 1 0 0 0 0 0 0 
0 0 0 0 0 0 0 0 
0 1 1 1 1 0 0 1 
0 0 0 0 0 1 0 0 
0 1 1 1 1 1 0 1 
1 0 0 0 0 1 1 1 
1 0 0 1 1 1 1 0 
0 0 0 0 0 0 1 0 
1 0 0 0 0 0 1 0 
1 1 0 1 0 0 0 0 

JOBS [8] - [0, 7, 1, 8, 11, 14, 9, 12]
TOOL SWITCHES : 8
MAKESPAN : 85

- MACHINE [2]

0 0 1 0 1 1 
1 1 0 0 0 0 
1 1 1 0 0 0 
1 0 1 0 0 0 
0 0 0 0 0 0 
0 0 1 1 1 0 
1 0 0 1 1 0 
1 1 1 1 0 1 
0 1 0 1 0 0 
0 1 0 1 0 0 
1 1 0 0 1 1 
0 0 0 0 0 0 
0 0 0 0 0 0 
0 0 1 0 0 1 
0 0 0 0 0 0 
0 0 0 0 0 0 
0 1 1 0 1 0 
0 0 0 0 0 0 
0 0 0 1 0 1 
0 0 0 0 0 0 

JOBS [6] - [5, 4, 10, 6, 13, 3]
TOOL SWITCHES : 0
MAKESPAN : 29

# -------------------------- #

--- TOTAL TOOL SWITCHES : 8
--- HIGHEST MAKESPAN : 85
--- TOTAL FLOWTIME : 472
--- RUNNING TIME : 1.37951

# -------------------------- #


avg : 5.6
