RUN : 1 - instancias_txt/SSP-NPM-I/ins121_m=3_j=15_t=20_var=1.txt

- MACHINE [0]

1 
0 
1 
0 
1 
1 
1 
0 
0 
0 
0 
0 
0 
1 
0 
0 
1 
0 
0 
0 

JOBS [1] - [9]
TOOL SWITCHES : 0
MAKESPAN : 6

- MACHINE [1]

0 0 
1 1 
0 1 
0 0 
0 0 
0 0 
0 0 
0 1 
1 0 
0 0 
0 0 
0 1 
1 1 
1 0 
1 1 
0 1 
0 0 
0 0 
1 0 
0 0 

JOBS [2] - [1, 5]
TOOL SWITCHES : 0
MAKESPAN : 13

- MACHINE [2]

0 0 1 0 0 0 1 0 0 0 1 1 
0 0 0 0 0 0 0 0 1 0 1 1 
0 0 0 0 0 0 0 0 0 0 0 0 
0 0 0 0 1 1 1 0 0 0 0 0 
1 1 0 0 1 1 1 1 0 0 0 0 
0 0 0 0 0 1 0 1 1 0 0 0 
1 0 0 0 1 0 0 0 0 1 0 0 
0 1 0 1 1 0 0 0 0 0 0 0 
1 0 1 0 0 0 0 0 0 0 0 0 
1 1 0 1 0 0 0 0 0 0 0 0 
0 1 0 0 0 0 0 0 1 1 1 0 
0 0 0 1 1 0 1 0 0 0 0 1 
1 0 0 1 0 0 0 1 1 1 0 0 
0 0 1 1 0 0 0 0 0 0 0 0 
0 1 1 0 1 0 0 1 1 1 0 0 
0 0 0 0 0 0 0 1 1 0 0 1 
1 0 0 0 0 1 1 0 0 0 1 1 
0 0 0 0 0 1 1 1 0 1 1 1 
0 1 1 1 0 0 1 1 1 1 0 0 
1 0 0 1 1 1 0 0 0 0 1 0 

JOBS [12] - [7, 11, 13, 12, 2, 0, 14, 3, 4, 10, 6, 8]
TOOL SWITCHES : 6
MAKESPAN : 96

# -------------------------- #

--- TOTAL TOOL SWITCHES : 6
--- HIGHEST MAKESPAN : 96
--- TOTAL FLOWTIME : 622
--- RUNNING TIME : 4.05502

# -------------------------- #
RUN : 1 - instancias_txt/SSP-NPM-I/ins122_m=3_j=15_t=20_var=2.txt

- MACHINE [0]

0 0 
0 0 
0 0 
0 0 
1 1 
0 0 
0 0 
1 1 
0 0 
0 0 
0 0 
0 0 
1 1 
0 0 
0 0 
1 1 
0 1 
1 0 
0 1 
0 0 

JOBS [2] - [9, 13]
TOOL SWITCHES : 0
MAKESPAN : 11

- MACHINE [1]

1 1 0 
0 0 0 
0 1 0 
0 0 0 
1 0 1 
1 1 0 
0 0 0 
0 0 0 
0 0 0 
1 0 1 
1 0 1 
0 0 0 
0 0 0 
1 0 0 
0 0 0 
0 1 0 
0 1 1 
0 0 0 
0 1 1 
0 0 0 

JOBS [3] - [7, 14, 8]
TOOL SWITCHES : 0
MAKESPAN : 8

- MACHINE [2]

0 0 1 1 0 0 0 1 0 0 
0 0 1 0 1 0 1 0 0 0 
1 0 0 0 0 1 1 1 1 1 
1 0 0 0 1 0 0 0 0 0 
0 0 0 0 0 1 0 0 0 1 
0 0 0 0 1 0 1 0 1 0 
1 1 1 0 0 0 0 0 0 0 
0 0 0 0 0 0 0 0 0 1 
1 0 0 0 0 1 1 1 1 0 
0 1 1 0 0 0 1 0 0 0 
0 0 0 0 0 0 0 0 0 0 
0 1 0 1 0 0 0 0 1 0 
0 0 0 0 0 0 0 0 0 0 
0 0 0 0 1 1 0 0 1 0 
1 1 0 1 0 0 0 0 0 0 
1 0 0 1 1 1 1 0 0 0 
0 0 0 0 0 1 0 1 1 1 
0 1 1 1 0 0 0 0 0 0 
0 0 0 0 0 0 0 0 0 0 
1 0 0 1 0 0 1 1 1 1 

JOBS [10] - [0, 4, 5, 11, 10, 1, 6, 12, 2, 3]
TOOL SWITCHES : 4
MAKESPAN : 77

# -------------------------- #

--- TOTAL TOOL SWITCHES : 4
--- HIGHEST MAKESPAN : 77
--- TOTAL FLOWTIME : 395
--- RUNNING TIME : 2.79848

# -------------------------- #
RUN : 1 - instancias_txt/SSP-NPM-I/ins123_m=3_j=15_t=20_var=3.txt

- MACHINE [0]

1 
0 
1 
0 
0 
0 
1 
0 
0 
1 
0 
0 
0 
1 
1 
0 
0 
0 
0 
1 

JOBS [1] - [13]
TOOL SWITCHES : 0
MAKESPAN : 10

- MACHINE [1]

0 0 0 0 0 0 0 0 0 0 
0 0 0 1 1 0 0 1 1 1 
0 0 0 0 0 0 0 0 0 1 
0 0 0 0 1 1 1 1 1 0 
1 1 1 0 1 0 0 0 0 0 
0 1 1 0 1 1 1 0 0 1 
0 1 0 0 0 0 0 0 0 0 
1 1 1 0 0 1 1 0 1 1 
0 0 0 0 0 0 0 0 0 0 
0 0 0 0 0 0 0 1 1 0 
1 1 0 1 0 0 0 0 0 0 
1 0 1 0 0 0 0 0 0 0 
1 0 0 0 0 0 0 0 0 0 
1 0 0 1 0 0 0 0 1 0 
0 1 1 0 0 1 1 0 0 0 
0 0 1 1 0 0 0 1 1 1 
0 0 0 1 1 1 1 1 0 0 
1 0 0 0 0 1 0 0 1 0 
0 0 0 0 0 0 0 0 0 0 
0 0 0 0 0 0 0 1 0 1 

JOBS [10] - [0, 3, 11, 10, 12, 14, 2, 5, 1, 6]
TOOL SWITCHES : 7
MAKESPAN : 70

- MACHINE [2]

0 0 0 0 
0 0 0 0 
0 0 0 0 
1 0 1 0 
0 0 0 0 
1 1 1 0 
1 0 0 1 
0 0 0 1 
1 0 1 0 
0 1 0 0 
1 0 1 0 
0 0 0 1 
0 1 0 0 
0 1 1 0 
0 0 0 0 
0 0 0 0 
1 0 0 1 
0 0 0 0 
1 1 0 0 
0 0 0 1 

JOBS [4] - [7, 8, 9, 4]
TOOL SWITCHES : 0
MAKESPAN : 16

# -------------------------- #

--- TOTAL TOOL SWITCHES : 7
--- HIGHEST MAKESPAN : 70
--- TOTAL FLOWTIME : 433
--- RUNNING TIME : 2.2082

# -------------------------- #
RUN : 1 - instancias_txt/SSP-NPM-I/ins124_m=3_j=15_t=20_var=4.txt

- MACHINE [0]

0 
1 
0 
0 
1 
1 
0 
0 
0 
1 
0 
0 
0 
0 
1 
0 
0 
0 
0 
0 

JOBS [1] - [6]
TOOL SWITCHES : 0
MAKESPAN : 7

- MACHINE [1]

0 0 0 1 
0 0 0 0 
0 0 1 0 
0 0 0 0 
0 0 0 0 
0 0 0 0 
0 1 0 1 
0 0 0 0 
1 1 0 0 
0 0 0 0 
1 0 0 1 
1 1 1 0 
0 0 1 0 
0 0 1 1 
1 1 1 0 
0 1 0 1 
0 0 0 0 
1 0 1 0 
0 0 0 0 
0 0 0 0 

JOBS [4] - [10, 3, 8, 0]
TOOL SWITCHES : 1
MAKESPAN : 36

- MACHINE [2]

0 0 1 0 0 0 1 1 0 1 
1 1 1 1 0 0 0 0 0 0 
0 0 0 1 1 0 1 1 1 1 
0 0 0 0 1 0 0 1 0 1 
0 0 0 0 0 0 0 0 0 0 
0 0 0 0 1 0 0 0 0 0 
1 1 1 0 1 0 0 0 0 1 
1 0 0 1 0 1 0 1 0 0 
0 0 1 1 1 1 0 0 0 0 
0 0 0 1 0 1 1 0 1 0 
0 0 0 1 0 0 1 1 1 0 
0 1 0 0 0 1 0 1 1 0 
0 0 0 0 0 1 1 0 0 1 
1 1 0 0 0 0 0 0 0 0 
0 0 0 0 0 0 0 0 0 0 
0 0 0 0 0 0 0 0 0 0 
1 0 0 0 1 0 1 0 0 0 
0 0 0 0 0 0 0 0 0 0 
1 1 0 0 1 1 1 0 0 0 
0 1 1 0 0 0 0 1 1 0 

JOBS [10] - [2, 12, 7, 11, 1, 13, 14, 4, 5, 9]
TOOL SWITCHES : 3
MAKESPAN : 63

# -------------------------- #

--- TOTAL TOOL SWITCHES : 4
--- HIGHEST MAKESPAN : 63
--- TOTAL FLOWTIME : 369
--- RUNNING TIME : 2.99995

# -------------------------- #
RUN : 1 - instancias_txt/SSP-NPM-I/ins125_m=3_j=15_t=20_var=5.txt

- MACHINE [0]

1 
1 
1 
0 
0 
1 
0 
0 
0 
0 
0 
0 
0 
0 
0 
1 
1 
0 
1 
0 

JOBS [1] - [5]
TOOL SWITCHES : 0
MAKESPAN : 10

- MACHINE [1]

0 0 
0 0 
0 0 
1 0 
1 0 
0 0 
0 0 
0 0 
1 0 
0 1 
0 0 
0 0 
0 1 
1 1 
1 1 
0 1 
0 0 
0 0 
0 1 
1 0 

JOBS [2] - [6, 7]
TOOL SWITCHES : 0
MAKESPAN : 7

- MACHINE [2]

1 1 1 0 0 0 0 0 0 1 1 0 
1 1 0 0 0 1 0 0 0 0 0 0 
0 0 0 0 0 0 0 0 0 0 0 1 
0 0 1 0 0 1 1 0 0 0 1 0 
1 1 0 1 0 0 0 0 0 0 0 0 
0 0 0 1 0 1 0 1 0 1 1 0 
0 0 0 0 1 1 1 1 1 0 0 1 
0 0 0 0 1 1 1 0 1 0 0 1 
1 0 1 0 0 0 0 1 0 1 0 1 
1 0 1 0 0 0 1 1 0 0 0 0 
0 0 0 0 0 0 0 0 1 1 0 1 
0 1 0 1 1 0 0 0 0 0 0 0 
0 0 0 0 0 0 1 0 0 1 0 0 
0 0 0 0 0 1 0 1 1 1 1 0 
0 0 0 0 0 0 0 0 0 0 0 0 
0 1 0 0 1 0 0 0 0 0 1 1 
0 0 1 0 1 0 0 0 1 0 0 1 
1 1 0 1 0 0 1 0 1 0 0 0 
0 0 1 0 0 0 0 0 0 0 0 0 
0 1 0 1 1 1 0 0 0 1 0 0 

JOBS [12] - [3, 14, 2, 12, 1, 8, 11, 13, 4, 0, 10, 9]
TOOL SWITCHES : 6
MAKESPAN : 83

# -------------------------- #

--- TOTAL TOOL SWITCHES : 6
--- HIGHEST MAKESPAN : 83
--- TOTAL FLOWTIME : 577
--- RUNNING TIME : 3.65185

# -------------------------- #
RUN : 1 - instancias_txt/SSP-NPM-I/ins126_m=3_j=15_t=20_var=6.txt

- MACHINE [0]

1 
0 
1 
0 
0 
1 
1 
1 
1 
0 
0 
0 
1 
0 
0 
0 
0 
0 
0 
0 

JOBS [1] - [12]
TOOL SWITCHES : 0
MAKESPAN : 5

- MACHINE [1]

0 0 0 
0 0 0 
0 0 1 
0 0 0 
1 0 1 
0 0 0 
0 1 0 
1 1 0 
0 0 0 
1 1 0 
1 0 1 
0 0 1 
0 0 0 
0 1 0 
1 1 0 
0 0 0 
0 0 0 
0 0 0 
1 0 1 
0 0 0 

JOBS [3] - [13, 11, 4]
TOOL SWITCHES : 0
MAKESPAN : 14

- MACHINE [2]

1 1 1 1 0 0 0 0 0 0 0 
0 0 1 1 1 0 1 0 0 0 0 
0 0 0 0 0 0 0 0 0 0 0 
1 0 1 0 0 0 0 0 1 1 0 
0 0 0 0 0 0 0 0 1 0 1 
0 0 0 0 0 1 1 0 0 0 0 
0 1 0 1 0 0 0 0 0 1 0 
0 1 0 1 0 0 1 1 1 0 0 
0 0 0 0 0 0 0 0 1 1 1 
0 0 0 0 0 0 0 0 1 0 1 
1 1 1 0 1 1 0 0 0 0 0 
0 0 0 0 0 0 0 1 1 1 0 
1 0 1 0 0 1 0 0 0 0 1 
1 0 0 0 0 0 0 1 0 0 0 
0 0 0 1 1 1 0 1 0 1 0 
0 0 1 0 1 1 1 0 0 0 1 
0 0 0 0 1 0 0 1 0 0 0 
0 1 0 0 0 0 1 1 0 0 0 
1 0 0 1 1 1 0 0 1 0 0 
1 1 1 0 1 0 0 0 0 0 0 

JOBS [11] - [7, 1, 5, 10, 3, 0, 9, 2, 8, 14, 6]
TOOL SWITCHES : 6
MAKESPAN : 77

# -------------------------- #

--- TOTAL TOOL SWITCHES : 6
--- HIGHEST MAKESPAN : 77
--- TOTAL FLOWTIME : 491
--- RUNNING TIME : 3.11321

# -------------------------- #
RUN : 1 - instancias_txt/SSP-NPM-I/ins127_m=3_j=15_t=20_var=7.txt

- MACHINE [0]

0 
0 
0 
0 
0 
1 
1 
0 
1 
1 
0 
0 
0 
0 
0 
0 
0 
0 
1 
0 

JOBS [1] - [14]
TOOL SWITCHES : 0
MAKESPAN : 9

- MACHINE [1]

0 0 
0 1 
1 1 
0 1 
0 1 
1 0 
1 0 
1 1 
0 0 
1 0 
0 1 
0 0 
0 0 
0 0 
0 0 
0 0 
0 0 
0 0 
1 0 
0 0 

JOBS [2] - [10, 2]
TOOL SWITCHES : 0
MAKESPAN : 11

- MACHINE [2]

0 0 0 1 0 1 1 0 0 1 1 0 
1 0 0 0 0 1 1 1 0 0 1 0 
0 0 0 0 0 0 0 0 0 0 0 0 
0 0 0 0 0 1 1 0 0 1 1 1 
0 0 0 0 0 0 0 0 0 0 0 0 
0 1 0 0 1 1 0 1 1 0 0 0 
0 1 1 0 0 0 0 0 0 1 1 0 
0 0 0 0 0 0 0 0 1 1 1 1 
1 0 0 0 1 0 0 0 0 0 0 1 
0 0 0 0 0 0 0 0 0 0 0 0 
1 1 1 1 0 1 1 0 0 0 0 0 
0 0 0 0 1 0 0 1 1 0 0 0 
0 0 1 0 0 0 0 1 1 1 0 0 
1 1 1 1 0 0 0 0 0 0 0 0 
1 0 0 0 1 0 0 0 0 0 0 1 
1 0 0 1 1 0 1 0 0 0 0 1 
0 0 0 1 0 0 0 1 0 0 0 1 
1 1 1 0 0 0 0 0 0 0 0 0 
0 0 1 1 1 0 0 0 0 0 0 0 
0 0 0 0 1 0 1 0 1 0 1 0 

JOBS [12] - [8, 6, 5, 7, 0, 11, 3, 4, 9, 1, 12, 13]
TOOL SWITCHES : 4
MAKESPAN : 85

# -------------------------- #

--- TOTAL TOOL SWITCHES : 4
--- HIGHEST MAKESPAN : 85
--- TOTAL FLOWTIME : 560
--- RUNNING TIME : 3.30117

# -------------------------- #
RUN : 1 - instancias_txt/SSP-NPM-I/ins128_m=3_j=15_t=20_var=8.txt

- MACHINE [0]

0 
0 
0 
1 
0 
0 
0 
1 
1 
1 
0 
1 
1 
0 
0 
0 
0 
0 
0 
1 

JOBS [1] - [4]
TOOL SWITCHES : 0
MAKESPAN : 1

- MACHINE [1]

0 0 0 
0 0 0 
0 0 0 
0 1 0 
0 0 0 
1 1 0 
0 0 0 
0 0 0 
0 0 0 
0 0 0 
1 1 0 
1 0 0 
0 0 1 
0 1 0 
1 1 1 
1 0 1 
0 0 0 
0 1 1 
1 1 1 
0 0 0 

JOBS [3] - [14, 12, 1]
TOOL SWITCHES : 0
MAKESPAN : 9

- MACHINE [2]

1 1 0 0 1 0 0 0 1 1 0 
0 0 1 1 1 0 0 0 0 0 1 
0 0 0 0 0 0 0 1 0 1 0 
0 0 0 1 0 0 0 0 0 0 1 
1 0 0 1 0 1 1 0 0 1 0 
1 1 0 0 0 0 0 0 0 0 0 
1 0 1 0 0 0 0 0 0 0 0 
0 1 1 0 0 0 0 0 0 1 0 
0 0 0 0 0 0 1 1 1 1 1 
0 0 0 0 1 0 1 1 0 0 1 
0 0 0 0 1 1 0 0 0 0 0 
0 0 0 0 0 0 0 0 0 0 0 
1 0 0 1 0 0 0 0 0 0 0 
0 0 1 0 1 0 0 1 1 0 1 
1 1 0 1 0 0 0 0 1 0 1 
0 0 1 0 0 0 1 1 0 1 0 
0 0 0 0 0 1 0 0 1 1 1 
0 0 0 0 0 0 1 0 0 0 0 
0 1 1 1 1 1 0 0 0 0 0 
0 1 0 0 0 1 0 1 1 0 0 

JOBS [11] - [5, 8, 7, 2, 0, 3, 6, 13, 11, 10, 9]
TOOL SWITCHES : 6
MAKESPAN : 88

# -------------------------- #

--- TOTAL TOOL SWITCHES : 6
--- HIGHEST MAKESPAN : 88
--- TOTAL FLOWTIME : 525
--- RUNNING TIME : 4.15403

# -------------------------- #
RUN : 1 - instancias_txt/SSP-NPM-I/ins129_m=3_j=15_t=20_var=9.txt

- MACHINE [0]

0 
0 
0 
0 
0 
1 
0 
0 
0 
0 
0 
1 
0 
1 
0 
1 
0 
1 
0 
1 

JOBS [1] - [12]
TOOL SWITCHES : 0
MAKESPAN : 7

- MACHINE [1]

0 0 
0 0 
0 0 
0 0 
1 0 
0 1 
1 0 
0 0 
1 1 
1 1 
0 0 
0 1 
0 0 
0 1 
1 0 
0 0 
1 0 
0 0 
0 1 
0 0 

JOBS [2] - [2, 1]
TOOL SWITCHES : 0
MAKESPAN : 12

- MACHINE [2]

0 0 0 1 1 0 0 0 1 0 0 0 
0 0 0 0 0 1 1 0 0 1 0 1 
0 0 0 1 0 0 0 0 0 1 1 0 
0 0 1 0 0 0 0 0 1 0 0 1 
0 0 0 0 0 1 0 1 0 0 1 0 
1 0 1 0 0 0 0 0 0 0 0 0 
0 0 0 0 0 0 0 0 0 0 0 0 
0 1 1 0 1 0 1 1 0 0 0 0 
1 0 0 0 0 0 0 1 0 0 1 0 
0 0 0 0 0 0 0 0 0 0 0 0 
0 0 0 0 0 0 1 0 1 0 0 1 
0 0 0 0 0 0 0 0 1 1 0 1 
1 1 0 1 0 0 0 1 0 0 1 0 
0 0 1 1 0 1 0 0 0 0 0 0 
0 0 0 0 0 1 0 1 1 1 0 1 
0 0 0 0 0 0 0 0 0 1 0 0 
1 1 1 0 1 1 1 0 0 0 0 0 
1 1 0 1 1 0 0 1 0 0 1 0 
0 1 1 0 1 0 1 0 0 0 1 0 
1 1 1 1 0 0 0 0 0 0 0 0 

JOBS [12] - [0, 11, 7, 10, 6, 8, 3, 5, 9, 14, 13, 4]
TOOL SWITCHES : 5
MAKESPAN : 59

# -------------------------- #

--- TOTAL TOOL SWITCHES : 5
--- HIGHEST MAKESPAN : 59
--- TOTAL FLOWTIME : 389
--- RUNNING TIME : 3.52408

# -------------------------- #
RUN : 1 - instancias_txt/SSP-NPM-I/ins130_m=3_j=15_t=20_var=10.txt

- MACHINE [0]

1 
0 
0 
0 
0 
0 
0 
1 
0 
1 
0 
1 
0 
1 
0 
1 
0 
0 
0 
0 

JOBS [1] - [8]
TOOL SWITCHES : 0
MAKESPAN : 5

- MACHINE [1]

0 0 
0 1 
0 1 
0 0 
0 1 
0 0 
0 1 
0 0 
0 0 
0 0 
0 0 
1 0 
1 0 
0 0 
1 1 
1 0 
0 0 
0 0 
1 1 
0 1 

JOBS [2] - [6, 11]
TOOL SWITCHES : 0
MAKESPAN : 10

- MACHINE [2]

1 1 1 1 0 0 0 0 1 0 0 1 
0 0 0 0 1 0 0 1 1 1 1 0 
1 1 0 0 0 1 0 0 0 0 0 1 
0 1 0 0 0 0 0 0 0 0 0 0 
0 0 0 0 0 0 1 1 0 0 0 0 
1 0 1 0 0 0 0 0 1 1 0 0 
0 0 0 0 0 0 0 0 0 0 0 0 
0 0 0 1 1 1 0 0 1 1 0 0 
0 1 1 1 1 0 0 0 0 0 0 0 
0 0 0 0 0 0 0 1 1 0 1 1 
1 0 0 0 1 1 1 0 0 0 0 0 
0 0 0 0 0 0 0 0 0 0 0 0 
0 1 0 0 0 1 1 0 0 1 1 1 
0 1 0 0 0 1 1 1 0 1 0 1 
0 0 0 0 1 0 1 0 0 1 0 0 
1 0 0 1 0 0 1 0 0 0 1 0 
0 0 1 1 0 1 1 0 0 1 1 1 
0 0 0 0 1 1 0 1 0 0 1 0 
1 0 0 0 0 0 0 0 0 0 0 0 
0 1 1 1 0 0 0 0 0 0 0 0 

JOBS [12] - [14, 4, 13, 5, 10, 2, 3, 7, 12, 0, 9, 1]
TOOL SWITCHES : 5
MAKESPAN : 75

# -------------------------- #

--- TOTAL TOOL SWITCHES : 5
--- HIGHEST MAKESPAN : 75
--- TOTAL FLOWTIME : 431
--- RUNNING TIME : 3.52771

# -------------------------- #
RUN : 1 - instancias_txt/SSP-NPM-I/ins131_m=3_j=15_t=20_var=11.txt

- MACHINE [0]

0 
0 
0 
0 
0 
1 
1 
1 
0 
1 
1 
0 
1 
0 
0 
0 
0 
0 
0 
1 

JOBS [1] - [1]
TOOL SWITCHES : 0
MAKESPAN : 4

- MACHINE [1]

0 0 
1 0 
0 1 
0 0 
1 1 
0 0 
0 0 
0 0 
0 0 
0 0 
0 0 
0 1 
1 1 
0 0 
0 1 
0 1 
0 0 
1 0 
0 1 
1 0 

JOBS [2] - [10, 5]
TOOL SWITCHES : 0
MAKESPAN : 8

- MACHINE [2]

1 0 1 0 1 0 0 0 0 1 1 1 
0 0 0 1 1 0 0 0 1 0 0 1 
0 0 0 0 0 0 0 0 0 0 0 0 
0 0 0 0 0 0 0 1 1 0 1 0 
0 0 0 1 0 0 1 1 0 1 1 0 
0 0 0 0 0 0 1 1 0 1 0 0 
0 0 0 0 0 0 0 0 1 0 0 1 
0 0 0 0 0 1 1 0 0 0 0 0 
1 0 1 0 1 1 0 0 0 0 0 0 
0 1 1 1 0 0 0 0 0 0 0 0 
1 0 0 1 1 1 0 1 0 1 0 0 
1 1 0 0 0 0 0 0 0 0 1 1 
0 0 0 0 0 0 0 0 0 0 1 1 
0 1 1 0 0 0 0 0 1 0 1 0 
1 1 0 1 1 1 0 0 1 0 0 0 
1 0 0 1 0 0 0 0 0 0 0 1 
0 1 1 0 0 1 0 1 0 0 0 0 
0 0 0 0 0 0 0 0 0 0 0 0 
0 0 0 0 0 1 1 0 0 0 1 1 
0 1 1 0 1 0 1 1 0 1 0 0 

JOBS [12] - [14, 2, 3, 11, 7, 13, 9, 8, 4, 12, 0, 6]
TOOL SWITCHES : 5
MAKESPAN : 83

# -------------------------- #

--- TOTAL TOOL SWITCHES : 5
--- HIGHEST MAKESPAN : 83
--- TOTAL FLOWTIME : 547
--- RUNNING TIME : 4.56258

# -------------------------- #
RUN : 1 - instancias_txt/SSP-NPM-I/ins132_m=3_j=15_t=20_var=12.txt

- MACHINE [0]

0 
0 
1 
0 
0 
1 
0 
0 
0 
1 
1 
1 
0 
1 
0 
0 
0 
0 
0 
0 

JOBS [1] - [12]
TOOL SWITCHES : 0
MAKESPAN : 3

- MACHINE [1]

1 1 1 0 
0 0 0 0 
0 0 0 0 
1 1 1 0 
0 1 0 0 
0 0 0 0 
0 0 1 1 
1 1 0 0 
0 0 0 0 
0 0 0 0 
0 0 0 0 
1 1 1 1 
0 0 0 0 
1 0 1 1 
0 0 0 1 
0 0 0 0 
1 1 0 1 
0 0 0 0 
0 0 0 1 
0 0 1 0 

JOBS [4] - [2, 6, 11, 13]
TOOL SWITCHES : 1
MAKESPAN : 31

- MACHINE [2]

0 1 1 1 0 0 0 0 0 1 
1 1 1 0 0 0 0 0 0 0 
0 0 0 0 1 0 0 1 0 0 
1 0 1 1 0 1 1 0 0 0 
0 0 0 0 0 0 1 0 1 1 
0 0 0 0 0 0 0 0 0 0 
1 0 0 0 1 0 0 1 0 0 
0 0 1 1 0 1 0 1 1 0 
0 1 0 1 0 0 1 0 1 1 
1 0 1 0 0 1 0 1 0 0 
0 0 0 0 1 1 1 1 0 1 
0 0 0 0 0 0 0 0 0 0 
0 0 0 0 0 0 0 0 1 0 
1 1 0 0 0 0 0 0 0 0 
0 1 1 0 1 1 0 0 0 1 
1 0 0 1 0 0 0 1 0 1 
0 0 0 0 0 0 0 0 0 0 
0 0 0 0 1 0 1 0 1 0 
0 0 0 0 0 0 0 0 0 0 
0 0 0 0 0 1 1 1 0 0 

JOBS [10] - [5, 1, 4, 0, 8, 10, 9, 7, 3, 14]
TOOL SWITCHES : 3
MAKESPAN : 59

# -------------------------- #

--- TOTAL TOOL SWITCHES : 4
--- HIGHEST MAKESPAN : 59
--- TOTAL FLOWTIME : 393
--- RUNNING TIME : 3.32146

# -------------------------- #
RUN : 1 - instancias_txt/SSP-NPM-I/ins133_m=3_j=15_t=20_var=13.txt

- MACHINE [0]

0 
0 
0 
1 
1 
0 
0 
0 
0 
0 
1 
1 
0 
0 
1 
0 
0 
0 
1 
0 

JOBS [1] - [10]
TOOL SWITCHES : 0
MAKESPAN : 7

- MACHINE [1]

1 1 0 0 
0 0 0 0 
0 0 0 0 
0 0 0 0 
0 0 0 0 
0 0 1 1 
0 1 0 0 
0 1 1 0 
0 0 0 0 
1 0 1 1 
0 0 0 0 
1 1 1 1 
0 0 0 0 
0 0 0 0 
1 0 1 0 
1 1 0 0 
0 0 0 1 
0 0 0 1 
0 0 0 0 
0 0 0 0 

JOBS [4] - [7, 1, 9, 2]
TOOL SWITCHES : 0
MAKESPAN : 22

- MACHINE [2]

0 0 0 0 0 1 0 0 0 0 
1 0 1 0 1 0 1 0 0 1 
0 0 0 0 0 0 1 0 1 0 
0 1 1 0 0 0 0 0 0 0 
0 1 0 0 1 0 0 1 0 0 
0 0 0 0 1 0 0 1 0 0 
1 0 0 0 0 0 0 0 1 0 
0 0 1 1 0 0 1 1 0 0 
1 1 0 0 0 0 0 0 0 0 
0 0 0 0 0 0 0 0 0 0 
0 0 1 0 0 1 0 0 0 0 
1 1 1 0 1 1 1 1 0 0 
0 0 0 1 1 0 0 0 0 0 
0 1 1 1 1 0 0 0 1 1 
0 0 0 0 0 0 0 0 0 0 
0 0 0 0 0 0 1 0 0 0 
0 0 0 1 0 1 1 0 0 1 
0 0 0 0 0 1 0 1 1 1 
0 1 0 1 0 0 0 0 1 1 
1 1 0 1 0 1 0 1 0 0 

JOBS [10] - [4, 5, 12, 3, 11, 13, 6, 8, 14, 0]
TOOL SWITCHES : 5
MAKESPAN : 77

# -------------------------- #

--- TOTAL TOOL SWITCHES : 5
--- HIGHEST MAKESPAN : 77
--- TOTAL FLOWTIME : 490
--- RUNNING TIME : 1.98372

# -------------------------- #
RUN : 1 - instancias_txt/SSP-NPM-I/ins134_m=3_j=15_t=20_var=14.txt

- MACHINE [0]

1 
1 
0 
0 
1 
0 
1 
0 
0 
0 
0 
0 
0 
0 
0 
0 
0 
1 
1 
0 

JOBS [1] - [8]
TOOL SWITCHES : 0
MAKESPAN : 2

- MACHINE [1]

1 0 
0 0 
0 1 
0 1 
0 0 
0 0 
0 0 
1 0 
0 1 
1 1 
0 0 
1 0 
0 0 
0 0 
0 0 
1 1 
0 0 
1 1 
0 0 
0 1 

JOBS [2] - [6, 11]
TOOL SWITCHES : 0
MAKESPAN : 19

- MACHINE [2]

0 0 0 0 0 0 0 0 0 1 1 0 
0 0 0 0 0 0 1 1 0 0 0 0 
0 0 0 0 0 0 0 0 0 0 0 0 
1 1 0 0 0 1 0 0 0 0 0 0 
0 0 0 1 0 0 1 0 1 0 0 1 
0 1 1 0 1 0 1 0 1 0 0 0 
0 0 0 0 0 1 0 1 0 1 1 0 
1 1 0 0 1 1 1 1 0 0 0 1 
1 0 1 0 0 0 1 0 0 1 0 0 
0 1 1 1 1 0 0 0 0 0 0 0 
0 0 1 1 0 0 0 0 1 0 1 0 
0 0 1 0 1 1 0 1 1 0 1 1 
0 0 0 1 0 1 0 1 1 0 0 1 
1 0 1 0 0 0 0 0 0 0 1 0 
1 1 0 0 1 0 1 1 0 0 1 0 
0 0 0 0 0 0 0 0 1 1 0 1 
0 0 0 1 1 0 0 0 0 0 0 0 
0 1 0 1 1 1 0 1 0 0 0 0 
0 0 0 0 0 0 0 0 0 0 0 0 
0 0 0 0 0 1 0 0 1 1 1 1 

JOBS [12] - [14, 9, 12, 13, 10, 1, 5, 3, 7, 4, 0, 2]
TOOL SWITCHES : 5
MAKESPAN : 82

# -------------------------- #

--- TOTAL TOOL SWITCHES : 5
--- HIGHEST MAKESPAN : 82
--- TOTAL FLOWTIME : 614
--- RUNNING TIME : 2.64348

# -------------------------- #
RUN : 1 - instancias_txt/SSP-NPM-I/ins135_m=3_j=15_t=20_var=15.txt

- MACHINE [0]

0 
0 
0 
0 
1 
0 
1 
0 
1 
0 
0 
0 
0 
1 
1 
0 
0 
1 
0 
0 

JOBS [1] - [13]
TOOL SWITCHES : 0
MAKESPAN : 3

- MACHINE [1]

0 1 1 
0 0 0 
1 1 0 
0 0 0 
0 0 0 
1 1 0 
1 0 1 
1 0 0 
0 1 1 
1 0 1 
0 0 0 
0 0 1 
0 0 0 
0 0 0 
0 0 0 
0 1 1 
0 0 0 
0 0 0 
0 0 0 
0 1 0 

JOBS [3] - [4, 10, 12]
TOOL SWITCHES : 0
MAKESPAN : 16

- MACHINE [2]

0 0 1 0 0 0 0 1 1 0 0 
0 0 0 0 0 0 1 0 0 1 1 
0 0 0 0 0 1 0 1 1 0 1 
1 1 1 0 0 0 0 0 0 0 0 
0 1 0 1 0 0 0 1 0 0 1 
0 0 0 0 0 0 0 0 0 0 0 
0 1 1 1 1 0 1 1 1 1 0 
0 0 0 0 1 1 1 0 0 0 1 
0 0 0 0 0 0 0 0 0 0 0 
0 1 0 0 0 0 1 0 0 1 0 
1 0 0 1 0 0 0 0 0 0 0 
1 1 1 0 0 1 0 0 0 0 0 
0 0 0 0 0 0 0 1 1 1 0 
1 0 1 0 0 0 0 0 1 0 1 
0 1 0 0 1 0 0 0 0 0 0 
0 0 1 1 0 1 0 0 1 0 0 
0 0 0 1 1 0 0 0 0 1 0 
1 0 0 0 1 1 1 0 1 1 1 
1 1 0 0 0 1 0 0 0 0 0 
0 0 0 0 1 0 0 1 0 0 0 

JOBS [11] - [3, 1, 11, 2, 7, 6, 8, 9, 5, 0, 14]
TOOL SWITCHES : 5
MAKESPAN : 101

# -------------------------- #

--- TOTAL TOOL SWITCHES : 5
--- HIGHEST MAKESPAN : 101
--- TOTAL FLOWTIME : 594
--- RUNNING TIME : 2.48377

# -------------------------- #
RUN : 1 - instancias_txt/SSP-NPM-I/ins136_m=3_j=15_t=20_var=16.txt

- MACHINE [0]

1 
0 
1 
0 
0 
1 
1 
0 
1 
1 
0 
0 
0 
0 
0 
0 
0 
1 
0 
0 

JOBS [1] - [4]
TOOL SWITCHES : 0
MAKESPAN : 7

- MACHINE [1]

0 0 
0 0 
0 0 
1 0 
0 1 
0 1 
0 0 
0 0 
1 0 
0 0 
0 1 
0 1 
0 0 
0 0 
0 1 
0 0 
1 1 
1 0 
0 0 
1 0 

JOBS [2] - [11, 2]
TOOL SWITCHES : 0
MAKESPAN : 11

- MACHINE [2]

1 0 0 1 0 1 0 0 0 1 0 0 
0 0 1 1 0 0 0 0 0 0 0 0 
0 0 0 0 0 0 1 1 1 0 0 1 
0 1 0 1 1 0 1 0 0 0 1 0 
0 0 0 0 1 1 0 0 0 0 0 0 
0 0 1 0 0 0 0 1 0 0 1 1 
1 1 0 0 1 1 0 0 0 0 0 0 
0 0 0 0 0 1 1 1 1 1 1 0 
0 0 0 0 0 0 1 1 0 0 0 0 
0 0 0 0 0 0 0 1 0 0 1 1 
1 0 0 1 1 0 0 0 0 1 1 0 
0 1 1 0 0 0 0 0 1 0 1 0 
1 1 1 1 1 1 0 0 0 0 0 0 
0 1 0 0 1 0 0 0 0 1 0 1 
0 0 1 0 1 0 0 0 1 0 0 1 
1 1 0 1 0 0 0 1 1 0 0 0 
0 0 0 0 0 0 0 0 0 0 0 0 
0 0 0 0 0 0 0 0 0 0 0 0 
0 0 0 0 0 0 0 0 1 0 0 1 
0 0 1 0 0 1 1 0 1 1 0 1 

JOBS [12] - [8, 9, 12, 3, 0, 10, 6, 14, 5, 7, 1, 13]
TOOL SWITCHES : 5
MAKESPAN : 87

# -------------------------- #

--- TOTAL TOOL SWITCHES : 5
--- HIGHEST MAKESPAN : 87
--- TOTAL FLOWTIME : 594
--- RUNNING TIME : 2.29515

# -------------------------- #
RUN : 1 - instancias_txt/SSP-NPM-I/ins137_m=3_j=15_t=20_var=17.txt

- MACHINE [0]

0 
0 
0 
0 
0 
0 
0 
1 
1 
0 
0 
1 
0 
1 
0 
0 
1 
0 
1 
0 

JOBS [1] - [7]
TOOL SWITCHES : 0
MAKESPAN : 2

- MACHINE [1]

0 
0 
0 
1 
0 
1 
0 
0 
0 
0 
0 
1 
1 
1 
1 
0 
0 
1 
0 
0 

JOBS [1] - [0]
TOOL SWITCHES : 0
MAKESPAN : 8

- MACHINE [2]

0 0 0 0 1 0 1 1 0 1 0 0 1 
0 1 0 1 0 1 0 1 1 1 0 1 0 
0 1 1 1 1 1 0 0 0 0 0 1 0 
0 0 1 0 0 0 0 0 1 1 1 1 0 
0 0 0 0 0 0 0 0 0 0 1 0 1 
0 0 1 0 1 1 0 0 0 1 0 0 1 
0 0 0 0 0 0 1 0 0 1 0 0 0 
0 1 0 0 0 0 0 0 0 0 1 0 1 
1 1 0 1 0 1 0 0 0 0 0 0 0 
1 0 0 0 1 1 1 1 0 0 1 0 0 
0 0 0 0 0 0 0 0 0 0 0 0 0 
1 0 1 1 0 0 0 0 0 0 0 0 0 
0 1 1 0 0 0 1 1 1 0 0 0 0 
0 0 0 0 0 0 0 0 0 0 0 0 0 
0 0 1 0 1 0 1 0 1 0 1 1 0 
0 0 0 1 1 0 0 0 1 0 0 0 1 
0 0 0 0 0 0 0 0 0 0 0 0 0 
0 0 0 0 0 0 0 1 0 0 1 1 0 
1 0 0 1 1 0 1 0 0 0 0 0 0 
1 1 0 0 0 1 0 1 0 0 0 0 1 

JOBS [13] - [5, 13, 14, 6, 12, 2, 1, 10, 9, 11, 8, 4, 3]
TOOL SWITCHES : 4
MAKESPAN : 81

# -------------------------- #

--- TOTAL TOOL SWITCHES : 4
--- HIGHEST MAKESPAN : 81
--- TOTAL FLOWTIME : 599
--- RUNNING TIME : 3.07374

# -------------------------- #
RUN : 1 - instancias_txt/SSP-NPM-I/ins138_m=3_j=15_t=20_var=18.txt

- MACHINE [0]

0 
0 
0 
0 
1 
1 
1 
0 
0 
1 
1 
1 
0 
0 
0 
0 
0 
0 
1 
0 

JOBS [1] - [7]
TOOL SWITCHES : 0
MAKESPAN : 3

- MACHINE [1]

1 1 0 
0 0 1 
0 1 1 
0 0 0 
0 0 0 
1 1 1 
0 0 0 
0 0 0 
0 0 1 
0 0 0 
1 0 0 
0 0 0 
1 0 1 
1 1 1 
0 0 0 
0 1 0 
0 0 0 
0 0 0 
0 1 0 
0 0 0 

JOBS [3] - [10, 9, 12]
TOOL SWITCHES : 0
MAKESPAN : 11

- MACHINE [2]

0 0 0 0 0 1 1 0 0 1 0 
0 0 0 0 0 1 0 1 1 0 1 
1 0 0 1 0 0 1 0 0 0 1 
0 0 0 1 0 1 0 1 0 1 0 
0 1 0 0 0 0 0 0 1 1 1 
1 0 0 0 0 1 1 0 1 0 1 
0 0 0 1 0 0 1 1 0 0 0 
1 0 1 1 0 0 1 1 0 0 1 
0 0 1 1 0 0 0 0 0 0 0 
1 0 1 0 0 0 0 0 0 0 0 
0 1 0 0 1 0 0 1 0 0 0 
1 1 1 0 0 0 1 0 0 0 0 
0 0 0 0 0 0 0 0 1 1 0 
0 1 1 0 1 0 0 0 0 0 0 
0 0 0 0 0 0 0 1 0 1 0 
1 1 0 1 1 0 0 0 0 0 0 
0 0 1 0 1 1 0 1 0 0 0 
0 0 0 0 0 0 0 0 0 0 0 
0 0 0 0 0 0 0 0 0 0 0 
0 1 1 1 1 0 0 0 1 0 0 

JOBS [11] - [13, 4, 8, 6, 3, 14, 11, 0, 2, 5, 1]
TOOL SWITCHES : 5
MAKESPAN : 66

# -------------------------- #

--- TOTAL TOOL SWITCHES : 5
--- HIGHEST MAKESPAN : 66
--- TOTAL FLOWTIME : 440
--- RUNNING TIME : 2.68699

# -------------------------- #
RUN : 1 - instancias_txt/SSP-NPM-I/ins139_m=3_j=15_t=20_var=19.txt

- MACHINE [0]

0 
1 
1 
1 
0 
0 
0 
1 
0 
0 
1 
0 
0 
1 
0 
0 
1 
0 
0 
0 

JOBS [1] - [3]
TOOL SWITCHES : 0
MAKESPAN : 4

- MACHINE [1]

1 0 
1 1 
0 0 
1 1 
1 0 
0 0 
0 0 
0 0 
0 0 
0 0 
0 1 
1 0 
0 1 
0 0 
0 1 
0 0 
0 0 
0 1 
1 1 
0 0 

JOBS [2] - [11, 7]
TOOL SWITCHES : 0
MAKESPAN : 9

- MACHINE [2]

0 0 0 1 1 1 1 0 0 1 0 1 
1 0 0 0 0 0 0 0 0 0 0 0 
0 0 1 1 0 0 0 1 1 0 0 0 
0 0 0 0 0 0 0 0 0 0 0 0 
0 1 0 0 0 0 0 1 0 0 0 0 
0 0 0 0 0 0 0 0 0 0 0 0 
0 1 1 1 0 0 1 0 0 1 1 1 
0 0 1 0 1 1 0 0 1 1 0 0 
1 0 1 0 0 1 0 0 0 0 0 0 
1 0 0 1 1 0 1 1 0 0 0 1 
1 1 0 0 1 1 0 0 0 1 0 0 
0 1 1 0 0 0 0 0 0 0 0 0 
0 0 0 0 0 1 0 1 0 0 1 1 
0 0 0 1 1 0 1 1 1 0 1 0 
0 0 0 0 0 0 0 0 0 1 1 0 
0 1 0 1 1 1 0 0 1 0 1 0 
0 0 0 0 0 0 1 1 0 1 1 1 
1 1 0 0 0 0 0 0 0 0 1 0 
1 1 1 0 0 0 0 0 1 0 0 1 
1 0 0 1 1 0 0 0 0 0 0 0 

JOBS [12] - [2, 10, 14, 12, 5, 9, 13, 8, 4, 1, 6, 0]
TOOL SWITCHES : 5
MAKESPAN : 77

# -------------------------- #

--- TOTAL TOOL SWITCHES : 5
--- HIGHEST MAKESPAN : 77
--- TOTAL FLOWTIME : 514
--- RUNNING TIME : 2.86085

# -------------------------- #
RUN : 1 - instancias_txt/SSP-NPM-I/ins140_m=3_j=15_t=20_var=20.txt

- MACHINE [0]

0 
0 
0 
0 
1 
0 
0 
0 
1 
1 
0 
0 
0 
1 
1 
1 
1 
0 
0 
0 

JOBS [1] - [14]
TOOL SWITCHES : 0
MAKESPAN : 3

- MACHINE [1]

0 0 
0 0 
0 0 
1 0 
0 0 
0 0 
0 0 
0 0 
1 0 
0 1 
0 1 
0 1 
0 0 
0 0 
0 1 
1 0 
1 0 
1 0 
1 1 
0 0 

JOBS [2] - [9, 2]
TOOL SWITCHES : 0
MAKESPAN : 11

- MACHINE [2]

0 0 0 1 0 1 0 1 1 0 1 0 
1 0 0 1 1 0 0 0 0 1 0 1 
0 1 0 0 0 0 0 1 0 1 0 1 
0 0 1 0 0 0 0 1 0 1 0 0 
0 1 0 0 0 0 0 0 0 0 0 0 
0 0 0 0 0 0 1 1 1 0 0 0 
0 0 1 1 0 0 1 0 1 1 0 0 
0 0 0 0 0 1 1 1 0 1 1 1 
0 0 1 0 0 0 1 0 0 0 0 1 
1 0 0 0 1 0 1 0 0 0 0 1 
0 0 0 0 1 0 0 0 1 1 1 1 
0 0 0 0 0 0 0 0 0 0 0 0 
1 1 1 1 1 0 0 0 0 0 0 0 
0 0 0 0 0 0 0 1 0 0 1 0 
1 1 1 1 1 0 0 0 0 0 0 0 
0 0 1 0 0 1 0 0 0 0 0 0 
1 1 0 0 0 1 0 1 1 0 0 1 
0 0 0 0 0 0 0 0 0 0 0 0 
0 0 0 0 0 1 1 0 0 0 1 0 
1 0 0 0 1 1 0 0 0 0 0 0 

JOBS [12] - [8, 11, 12, 1, 7, 0, 6, 10, 13, 5, 3, 4]
TOOL SWITCHES : 5
MAKESPAN : 73

# -------------------------- #

--- TOTAL TOOL SWITCHES : 5
--- HIGHEST MAKESPAN : 73
--- TOTAL FLOWTIME : 493
--- RUNNING TIME : 2.07748

# -------------------------- #


avg : 5.05
