RUN : 1 - instancias_txt/SSP-NPM-I/ins121_m=3_j=15_t=20_var=1.txt

- MACHINE [0]

1 
0 
1 
0 
1 
1 
1 
0 
0 
0 
0 
0 
0 
1 
0 
0 
1 
0 
0 
0 

JOBS [1] - [9]
TOOL SWITCHES : 0
MAKESPAN : 6

- MACHINE [1]

0 0 
1 1 
1 0 
0 0 
0 0 
0 1 
0 0 
1 0 
0 0 
0 0 
0 1 
1 0 
1 1 
0 0 
1 1 
1 1 
0 0 
0 0 
0 1 
0 0 

JOBS [2] - [5, 4]
TOOL SWITCHES : 0
MAKESPAN : 10

- MACHINE [2]

1 0 1 0 1 0 0 0 0 0 1 0 
1 0 1 0 0 0 0 0 0 0 0 1 
0 0 0 0 0 0 0 0 0 0 0 0 
0 0 0 1 1 0 1 0 0 0 0 0 
0 1 0 1 1 0 1 1 0 1 0 0 
0 1 0 1 0 0 0 0 0 0 0 0 
0 0 0 0 0 1 1 0 0 1 0 0 
0 0 0 0 0 0 1 1 1 0 0 0 
0 0 0 0 0 0 0 0 0 1 1 1 
0 0 0 0 0 0 0 1 1 1 0 0 
0 0 1 0 0 1 0 1 0 0 0 0 
1 0 0 0 1 0 1 0 1 0 0 0 
0 1 0 0 0 1 0 0 1 1 0 1 
0 0 0 0 0 0 0 0 1 0 1 1 
0 1 0 0 0 1 1 1 0 0 1 1 
1 1 0 0 0 0 0 0 0 0 0 0 
1 0 1 1 1 0 0 0 0 1 0 0 
1 1 1 1 1 1 0 0 0 0 0 0 
0 1 0 0 1 1 0 1 1 0 1 1 
0 0 1 1 0 0 1 0 1 1 0 0 

JOBS [12] - [8, 3, 6, 0, 14, 10, 2, 11, 12, 7, 13, 1]
TOOL SWITCHES : 6
MAKESPAN : 97

# -------------------------- #

--- TOTAL TOOL SWITCHES : 6
--- HIGHEST MAKESPAN : 97
--- TOTAL FLOWTIME : 712
--- RUNNING TIME : 3.60222

# -------------------------- #
RUN : 1 - instancias_txt/SSP-NPM-I/ins122_m=3_j=15_t=20_var=2.txt

- MACHINE [0]

0 0 
0 0 
0 0 
0 0 
1 1 
0 0 
0 0 
1 1 
0 0 
0 0 
0 0 
0 0 
1 1 
0 0 
0 0 
1 1 
0 1 
1 0 
0 1 
0 0 

JOBS [2] - [9, 13]
TOOL SWITCHES : 0
MAKESPAN : 11

- MACHINE [1]

1 1 0 
0 0 0 
0 1 0 
0 0 0 
1 0 1 
1 1 0 
0 0 0 
0 0 0 
0 0 0 
1 0 1 
1 0 1 
0 0 0 
0 0 0 
1 0 0 
0 0 0 
0 1 0 
0 1 1 
0 0 0 
0 1 1 
0 0 0 

JOBS [3] - [7, 14, 8]
TOOL SWITCHES : 0
MAKESPAN : 8

- MACHINE [2]

0 0 0 1 1 0 0 0 0 1 
0 0 1 1 0 1 0 0 0 0 
0 1 0 0 1 1 1 1 1 0 
0 1 1 0 0 0 0 0 0 0 
0 0 0 0 0 0 1 1 0 0 
0 0 1 0 0 1 0 0 1 0 
1 1 0 1 0 0 0 0 0 0 
0 0 0 0 0 0 0 1 0 0 
0 1 0 0 1 1 1 0 1 0 
1 0 0 1 0 1 0 0 0 0 
0 0 0 0 0 0 0 0 0 0 
1 0 0 0 0 0 0 0 1 1 
0 0 0 0 0 0 0 0 0 0 
0 0 1 0 0 0 1 0 1 0 
1 1 0 0 0 0 0 0 0 1 
0 1 1 0 0 1 1 0 0 1 
0 0 0 0 1 0 1 1 1 0 
1 0 0 1 0 0 0 0 0 1 
0 0 0 0 0 0 0 0 0 0 
0 1 0 0 1 1 0 1 1 1 

JOBS [10] - [4, 0, 10, 5, 12, 6, 1, 3, 2, 11]
TOOL SWITCHES : 4
MAKESPAN : 77

# -------------------------- #

--- TOTAL TOOL SWITCHES : 4
--- HIGHEST MAKESPAN : 77
--- TOTAL FLOWTIME : 460
--- RUNNING TIME : 2.57337

# -------------------------- #
RUN : 1 - instancias_txt/SSP-NPM-I/ins123_m=3_j=15_t=20_var=3.txt

- MACHINE [0]

0 
0 
0 
0 
1 
0 
0 
1 
0 
0 
1 
1 
1 
1 
0 
0 
0 
1 
0 
0 

JOBS [1] - [0]
TOOL SWITCHES : 0
MAKESPAN : 4

- MACHINE [1]

0 0 0 0 0 0 0 0 0 0 
0 0 0 1 1 0 0 1 1 1 
0 0 0 0 1 0 0 0 0 0 
0 0 0 1 0 1 1 1 1 0 
1 1 0 1 0 0 0 0 0 0 
1 1 0 1 1 1 1 0 0 0 
1 0 1 0 0 0 0 0 0 0 
1 1 1 0 1 1 1 0 1 0 
0 0 0 0 0 0 0 0 0 0 
0 0 0 0 0 0 0 1 1 0 
1 0 0 0 0 0 0 0 0 1 
0 1 1 0 0 0 0 0 0 0 
0 0 0 0 0 0 0 0 0 0 
0 0 0 0 0 0 0 0 1 1 
1 1 0 0 0 1 1 0 0 0 
0 1 0 0 1 0 0 1 1 1 
0 0 1 1 0 1 1 1 0 1 
0 0 0 0 0 0 1 0 1 0 
0 0 0 0 0 0 0 0 0 0 
0 0 1 0 1 0 0 1 0 0 

JOBS [10] - [3, 11, 4, 12, 6, 2, 14, 5, 1, 10]
TOOL SWITCHES : 6
MAKESPAN : 64

- MACHINE [2]

0 1 0 0 
0 0 0 0 
0 1 0 0 
1 0 0 1 
0 0 0 0 
1 0 1 1 
1 1 0 0 
0 0 0 0 
1 0 0 1 
0 1 1 0 
1 0 0 1 
0 0 0 0 
0 0 1 0 
0 1 1 1 
0 1 0 0 
0 0 0 0 
1 0 0 0 
0 0 0 0 
1 0 1 0 
0 1 0 0 

JOBS [4] - [7, 13, 8, 9]
TOOL SWITCHES : 1
MAKESPAN : 21

# -------------------------- #

--- TOTAL TOOL SWITCHES : 7
--- HIGHEST MAKESPAN : 64
--- TOTAL FLOWTIME : 416
--- RUNNING TIME : 2.40511

# -------------------------- #
RUN : 1 - instancias_txt/SSP-NPM-I/ins124_m=3_j=15_t=20_var=4.txt

- MACHINE [0]

0 
1 
0 
0 
1 
1 
0 
0 
0 
1 
0 
0 
0 
0 
1 
0 
0 
0 
0 
0 

JOBS [1] - [6]
TOOL SWITCHES : 0
MAKESPAN : 7

- MACHINE [1]

0 0 0 
0 0 0 
0 1 0 
0 0 0 
0 0 0 
0 0 0 
0 0 1 
0 0 0 
1 0 1 
0 0 0 
1 0 0 
1 1 1 
0 1 0 
0 1 0 
1 1 1 
0 0 1 
0 0 0 
1 1 0 
0 0 0 
0 0 0 

JOBS [3] - [10, 8, 3]
TOOL SWITCHES : 0
MAKESPAN : 23

- MACHINE [2]

1 0 0 1 1 1 0 1 0 0 0 
0 0 0 0 0 0 0 1 1 1 1 
1 1 0 1 1 0 1 0 0 0 1 
1 1 0 1 0 0 0 0 0 0 0 
0 0 0 0 0 0 0 0 0 0 0 
0 1 0 0 0 0 0 0 0 0 0 
1 1 0 0 0 1 0 1 1 1 0 
0 0 1 1 0 0 0 0 1 0 1 
0 1 1 0 0 0 0 1 0 0 1 
0 0 1 0 1 0 1 0 0 0 1 
0 0 0 1 1 1 1 0 0 0 1 
0 0 1 1 0 0 1 0 0 1 0 
1 0 1 0 1 0 0 0 0 0 0 
0 0 0 0 0 1 0 0 1 1 0 
0 0 0 0 0 0 0 0 0 0 0 
0 0 0 0 0 1 0 0 0 0 0 
0 1 0 0 1 0 0 0 1 0 0 
0 0 0 0 0 0 0 0 0 0 0 
0 1 1 0 1 0 0 0 1 1 0 
0 0 0 1 0 0 1 1 0 1 0 

JOBS [11] - [9, 1, 13, 4, 14, 0, 5, 7, 2, 12, 11]
TOOL SWITCHES : 4
MAKESPAN : 77

# -------------------------- #

--- TOTAL TOOL SWITCHES : 4
--- HIGHEST MAKESPAN : 77
--- TOTAL FLOWTIME : 581
--- RUNNING TIME : 3.49852

# -------------------------- #
RUN : 1 - instancias_txt/SSP-NPM-I/ins125_m=3_j=15_t=20_var=5.txt

- MACHINE [0]

0 
0 
1 
0 
0 
0 
1 
1 
1 
0 
1 
0 
0 
0 
0 
1 
1 
0 
0 
0 

JOBS [1] - [9]
TOOL SWITCHES : 0
MAKESPAN : 9

- MACHINE [1]

1 1 
0 1 
0 1 
1 0 
0 0 
0 1 
0 0 
0 0 
1 0 
1 0 
0 0 
0 0 
0 0 
0 0 
0 0 
0 1 
1 1 
0 0 
1 1 
0 0 

JOBS [2] - [2, 5]
TOOL SWITCHES : 0
MAKESPAN : 7

- MACHINE [2]

0 0 0 0 0 1 1 1 1 0 0 0 
0 0 0 1 0 0 0 1 1 0 0 0 
0 0 0 0 0 0 0 0 0 0 0 0 
0 1 0 1 0 1 0 0 0 0 1 0 
0 0 0 0 0 0 0 1 1 0 1 1 
0 0 0 1 1 1 1 0 0 0 0 1 
1 1 1 1 1 0 0 0 0 0 0 0 
1 1 1 1 0 0 0 0 0 0 0 0 
0 0 0 0 1 0 1 0 1 0 1 0 
0 1 0 0 1 0 0 0 1 1 0 0 
0 0 1 0 0 0 1 0 0 0 0 0 
1 0 0 0 0 0 0 1 0 0 0 1 
0 1 0 0 0 0 1 0 0 1 0 0 
0 0 1 1 1 1 1 0 0 1 1 0 
0 0 0 0 0 0 0 0 0 1 1 0 
1 0 0 0 0 1 0 1 0 1 0 0 
1 0 1 0 0 0 0 0 0 0 0 0 
0 1 1 0 0 0 0 1 1 0 0 1 
0 0 0 0 0 0 0 0 0 1 0 0 
1 0 0 1 0 0 1 1 0 0 1 1 

JOBS [12] - [1, 11, 4, 8, 13, 10, 0, 14, 3, 7, 6, 12]
TOOL SWITCHES : 6
MAKESPAN : 86

# -------------------------- #

--- TOTAL TOOL SWITCHES : 6
--- HIGHEST MAKESPAN : 86
--- TOTAL FLOWTIME : 573
--- RUNNING TIME : 3.82419

# -------------------------- #
RUN : 1 - instancias_txt/SSP-NPM-I/ins126_m=3_j=15_t=20_var=6.txt

- MACHINE [0]

1 
0 
1 
0 
0 
1 
1 
1 
1 
0 
0 
0 
1 
0 
0 
0 
0 
0 
0 
0 

JOBS [1] - [12]
TOOL SWITCHES : 0
MAKESPAN : 5

- MACHINE [1]

0 0 0 
0 0 0 
0 1 0 
1 0 0 
1 1 1 
0 0 0 
0 0 0 
1 0 1 
1 0 0 
1 0 1 
0 1 1 
1 1 0 
0 0 0 
0 0 0 
0 0 1 
0 0 0 
0 0 0 
0 0 0 
1 1 1 
0 0 0 

JOBS [3] - [8, 4, 13]
TOOL SWITCHES : 0
MAKESPAN : 15

- MACHINE [2]

0 0 1 0 1 1 0 1 0 0 0 
1 0 1 1 1 0 0 0 0 0 0 
0 0 0 0 0 0 0 0 0 0 0 
0 0 0 0 1 1 0 0 0 0 1 
0 0 0 0 0 0 0 0 1 0 0 
1 1 0 0 0 0 0 0 0 0 0 
0 0 1 0 0 0 1 1 0 0 1 
1 0 1 0 0 0 1 1 0 1 0 
0 0 0 0 0 0 0 0 1 0 1 
0 0 0 0 0 0 1 0 1 0 0 
0 1 0 1 1 1 0 1 0 0 0 
0 0 0 0 0 0 0 0 0 1 1 
0 1 0 0 1 1 0 0 1 0 0 
0 0 0 0 0 1 1 0 0 1 0 
0 1 1 1 0 0 1 0 0 1 1 
1 1 0 1 1 0 0 0 1 0 0 
0 0 0 1 0 0 0 0 0 1 0 
1 0 0 0 0 0 0 1 0 1 0 
0 1 1 1 0 1 0 0 0 0 0 
0 0 0 1 1 1 0 1 0 0 0 

JOBS [11] - [9, 0, 10, 3, 5, 7, 11, 1, 6, 2, 14]
TOOL SWITCHES : 6
MAKESPAN : 79

# -------------------------- #

--- TOTAL TOOL SWITCHES : 6
--- HIGHEST MAKESPAN : 79
--- TOTAL FLOWTIME : 506
--- RUNNING TIME : 3.24821

# -------------------------- #
RUN : 1 - instancias_txt/SSP-NPM-I/ins127_m=3_j=15_t=20_var=7.txt

- MACHINE [0]

0 0 
0 0 
1 0 
0 0 
0 0 
1 1 
1 1 
1 0 
0 1 
1 1 
0 0 
0 0 
0 0 
0 0 
0 0 
0 0 
0 0 
0 0 
1 1 
0 0 

JOBS [2] - [10, 14]
TOOL SWITCHES : 0
MAKESPAN : 13

- MACHINE [1]

0 0 
1 0 
1 0 
1 1 
1 0 
0 0 
0 0 
1 1 
0 1 
0 0 
1 0 
0 0 
0 0 
0 0 
0 1 
0 1 
0 1 
0 0 
0 0 
0 0 

JOBS [2] - [2, 13]
TOOL SWITCHES : 0
MAKESPAN : 9

- MACHINE [2]

0 1 0 0 1 0 0 1 1 1 0 
0 0 1 1 1 0 0 1 0 1 0 
0 0 0 0 0 0 0 0 0 0 0 
0 0 0 0 1 0 0 1 1 1 0 
0 0 0 0 0 0 0 0 0 0 0 
1 0 1 0 0 1 0 0 0 1 1 
0 0 0 0 0 1 1 1 1 0 0 
0 0 0 0 0 0 0 1 1 0 1 
1 0 0 1 0 0 0 0 0 0 0 
0 0 0 0 0 0 0 0 0 0 0 
0 1 0 1 1 1 1 0 0 1 0 
1 0 1 0 0 0 0 0 0 0 1 
0 0 1 0 0 0 1 0 1 0 1 
0 1 0 1 0 1 1 0 0 0 0 
1 0 0 1 0 0 0 0 0 0 0 
1 1 0 1 1 0 0 0 0 0 0 
0 1 1 0 0 0 0 0 0 0 0 
0 0 0 1 0 1 1 0 0 0 0 
1 1 0 0 0 0 1 0 0 0 0 
1 0 0 0 1 0 0 1 0 0 1 

JOBS [11] - [0, 7, 4, 8, 3, 6, 5, 12, 1, 11, 9]
TOOL SWITCHES : 4
MAKESPAN : 79

# -------------------------- #

--- TOTAL TOOL SWITCHES : 4
--- HIGHEST MAKESPAN : 79
--- TOTAL FLOWTIME : 479
--- RUNNING TIME : 3.50621

# -------------------------- #
RUN : 1 - instancias_txt/SSP-NPM-I/ins128_m=3_j=15_t=20_var=8.txt

- MACHINE [0]

0 
0 
0 
1 
0 
0 
0 
1 
1 
1 
0 
1 
1 
0 
0 
0 
0 
0 
0 
1 

JOBS [1] - [4]
TOOL SWITCHES : 0
MAKESPAN : 1

- MACHINE [1]

0 0 0 
0 0 0 
0 0 0 
0 0 1 
0 0 0 
1 0 1 
0 0 0 
0 0 0 
0 0 0 
0 0 0 
1 0 1 
1 0 0 
0 1 0 
0 0 1 
1 1 1 
1 1 0 
0 0 0 
0 1 1 
1 1 1 
0 0 0 

JOBS [3] - [14, 1, 12]
TOOL SWITCHES : 0
MAKESPAN : 9

- MACHINE [2]

0 0 1 1 0 1 0 1 0 0 1 
0 0 0 0 1 1 0 0 1 1 0 
1 0 0 1 0 0 0 0 0 0 0 
0 0 0 0 1 0 0 0 1 0 0 
0 1 0 1 0 0 1 1 1 0 0 
0 0 0 0 0 0 0 1 0 0 1 
0 0 0 0 0 0 0 1 0 1 0 
0 0 0 1 0 0 0 0 0 1 1 
1 1 1 1 1 0 0 0 0 0 0 
1 1 0 0 1 1 0 0 0 0 0 
0 0 0 0 0 1 1 0 0 0 0 
0 0 0 0 0 0 0 0 0 0 0 
0 0 0 0 0 0 0 1 1 0 0 
1 0 1 0 1 1 0 0 0 1 0 
0 0 1 0 1 0 0 1 1 0 1 
1 1 0 1 0 0 0 0 0 1 0 
0 0 1 1 1 0 1 0 0 0 0 
0 1 0 0 0 0 0 0 0 0 0 
0 0 0 0 0 1 1 0 1 1 1 
1 0 1 0 0 0 1 0 0 0 1 

JOBS [11] - [13, 6, 11, 10, 9, 0, 3, 5, 2, 7, 8]
TOOL SWITCHES : 6
MAKESPAN : 88

# -------------------------- #

--- TOTAL TOOL SWITCHES : 6
--- HIGHEST MAKESPAN : 88
--- TOTAL FLOWTIME : 508
--- RUNNING TIME : 3.44759

# -------------------------- #
RUN : 1 - instancias_txt/SSP-NPM-I/ins129_m=3_j=15_t=20_var=9.txt

- MACHINE [0]

0 1 0 
1 0 1 
1 0 0 
0 1 1 
0 0 0 
0 0 0 
0 0 0 
0 0 0 
0 0 0 
0 0 0 
0 1 1 
1 1 1 
0 0 0 
0 0 0 
1 1 1 
1 0 0 
0 0 0 
0 0 0 
0 0 0 
0 0 0 

JOBS [3] - [14, 9, 4]
TOOL SWITCHES : 1
MAKESPAN : 15

- MACHINE [1]

0 1 0 0 0 1 0 0 0 
1 0 1 0 0 0 0 0 0 
0 0 0 0 1 1 0 0 0 
0 0 0 0 0 0 1 0 0 
0 0 1 1 1 0 0 0 0 
0 0 0 0 0 0 1 1 0 
0 0 0 0 0 0 0 0 0 
1 1 0 1 0 0 1 0 1 
0 0 0 1 1 0 0 1 0 
0 0 0 0 0 0 0 0 0 
1 0 0 0 0 0 0 0 0 
0 0 0 0 0 0 0 0 0 
0 0 0 1 1 1 0 1 1 
0 0 1 0 0 1 1 0 0 
0 0 1 1 0 0 0 0 0 
0 0 0 0 0 0 0 0 0 
1 1 1 0 0 0 1 1 1 
0 1 0 1 1 1 0 1 1 
1 1 0 0 1 0 1 0 1 
0 0 0 0 0 1 1 1 1 

JOBS [9] - [3, 6, 8, 5, 13, 10, 7, 0, 11]
TOOL SWITCHES : 6
MAKESPAN : 65

- MACHINE [2]

0 0 0 
0 0 0 
0 0 0 
0 0 0 
1 0 0 
0 1 1 
1 0 0 
0 0 0 
1 0 1 
1 0 1 
0 0 0 
0 1 1 
0 0 0 
0 1 1 
1 0 0 
0 1 0 
1 0 0 
0 1 0 
0 0 1 
0 1 0 

JOBS [3] - [2, 12, 1]
TOOL SWITCHES : 0
MAKESPAN : 14

# -------------------------- #

--- TOTAL TOOL SWITCHES : 7
--- HIGHEST MAKESPAN : 65
--- TOTAL FLOWTIME : 415
--- RUNNING TIME : 1.91537

# -------------------------- #
RUN : 1 - instancias_txt/SSP-NPM-I/ins130_m=3_j=15_t=20_var=10.txt

- MACHINE [0]

0 
1 
1 
0 
1 
0 
1 
0 
0 
0 
0 
0 
0 
0 
1 
0 
0 
0 
1 
1 

JOBS [1] - [11]
TOOL SWITCHES : 0
MAKESPAN : 8

- MACHINE [1]

1 
0 
1 
1 
0 
0 
0 
0 
1 
0 
0 
0 
1 
1 
0 
0 
0 
0 
0 
1 

JOBS [1] - [4]
TOOL SWITCHES : 0
MAKESPAN : 6

- MACHINE [2]

0 1 1 1 1 1 0 1 0 0 0 0 0 
0 0 0 0 0 0 1 1 1 1 1 0 0 
0 0 1 0 1 0 0 0 0 0 0 0 1 
0 0 0 0 0 0 0 0 0 0 0 0 0 
0 0 0 0 0 0 0 0 1 0 0 1 0 
0 0 1 0 0 1 1 1 0 0 0 0 0 
0 0 0 0 0 0 0 0 0 0 0 0 0 
0 1 0 1 0 0 1 1 0 0 1 0 1 
0 0 0 1 0 1 0 0 0 0 1 0 0 
0 1 0 0 1 0 0 1 1 1 0 0 0 
0 0 1 0 0 0 0 0 0 0 1 1 1 
1 1 0 0 0 0 0 0 0 0 0 0 0 
1 0 0 0 1 0 1 0 0 1 0 1 1 
0 1 0 0 1 0 1 0 1 0 0 1 1 
1 0 0 0 0 0 1 0 0 0 1 1 0 
1 1 1 1 0 0 0 0 0 1 0 1 0 
0 0 0 1 1 1 1 0 0 1 0 1 1 
0 0 0 0 0 0 0 0 1 1 1 0 1 
1 0 1 0 0 0 0 0 0 0 0 0 0 
0 0 0 1 0 1 0 0 0 0 0 0 0 

JOBS [13] - [6, 8, 14, 5, 1, 13, 0, 12, 7, 9, 10, 3, 2]
TOOL SWITCHES : 5
MAKESPAN : 87

# -------------------------- #

--- TOTAL TOOL SWITCHES : 5
--- HIGHEST MAKESPAN : 87
--- TOTAL FLOWTIME : 643
--- RUNNING TIME : 3.881

# -------------------------- #
RUN : 1 - instancias_txt/SSP-NPM-I/ins131_m=3_j=15_t=20_var=11.txt

- MACHINE [0]

0 
0 
1 
0 
1 
0 
0 
0 
0 
0 
0 
1 
1 
0 
1 
1 
0 
0 
1 
0 

JOBS [1] - [5]
TOOL SWITCHES : 0
MAKESPAN : 4

- MACHINE [1]

0 0 
1 0 
0 0 
0 0 
1 0 
0 1 
0 1 
0 1 
0 0 
0 1 
0 1 
0 0 
1 1 
0 0 
0 0 
0 0 
0 0 
1 0 
0 0 
1 1 

JOBS [2] - [10, 1]
TOOL SWITCHES : 0
MAKESPAN : 11

- MACHINE [2]

0 0 1 0 0 1 0 0 1 1 1 1 
0 0 0 0 0 0 1 1 1 0 1 0 
0 0 0 0 0 0 0 0 0 0 0 0 
1 0 0 0 0 0 0 1 0 0 0 1 
1 1 0 0 0 1 1 0 0 0 0 1 
1 1 0 0 0 1 0 0 0 0 0 0 
0 0 0 0 0 0 0 1 0 0 1 0 
0 1 0 1 0 0 0 0 0 0 0 0 
0 0 1 1 0 0 0 0 1 1 0 0 
0 0 1 0 1 0 1 0 0 0 0 0 
1 0 0 1 0 1 1 0 1 1 0 0 
0 0 0 0 1 0 0 0 0 1 1 1 
0 0 0 0 0 0 0 0 0 0 1 1 
0 0 1 0 1 0 0 1 0 0 0 1 
0 0 0 1 1 0 1 1 1 1 0 0 
0 0 0 0 0 0 1 0 0 1 1 0 
1 0 1 1 1 0 0 0 0 0 0 0 
0 0 0 0 0 0 0 0 0 0 0 0 
0 1 0 1 0 0 0 0 0 0 1 1 
1 1 1 0 1 1 0 0 1 0 0 0 

JOBS [12] - [8, 9, 3, 13, 2, 12, 11, 4, 7, 14, 6, 0]
TOOL SWITCHES : 5
MAKESPAN : 83

# -------------------------- #

--- TOTAL TOOL SWITCHES : 5
--- HIGHEST MAKESPAN : 83
--- TOTAL FLOWTIME : 552
--- RUNNING TIME : 4.58492

# -------------------------- #
RUN : 1 - instancias_txt/SSP-NPM-I/ins132_m=3_j=15_t=20_var=12.txt

- MACHINE [0]

0 
0 
1 
0 
0 
1 
0 
0 
0 
1 
1 
1 
0 
1 
0 
0 
0 
0 
0 
0 

JOBS [1] - [12]
TOOL SWITCHES : 0
MAKESPAN : 3

- MACHINE [1]

1 1 1 0 
0 0 0 0 
0 0 0 0 
1 1 1 0 
0 0 1 0 
0 0 0 0 
1 0 0 1 
0 1 1 0 
0 0 0 0 
0 0 0 0 
0 0 0 0 
1 1 1 1 
0 0 0 0 
1 1 0 1 
0 0 0 1 
0 0 0 0 
0 1 1 1 
0 0 0 0 
0 0 0 1 
1 0 0 0 

JOBS [4] - [11, 2, 6, 13]
TOOL SWITCHES : 1
MAKESPAN : 31

- MACHINE [2]

0 1 0 1 0 1 0 0 1 0 
0 0 0 1 0 0 1 0 1 0 
0 0 0 0 0 0 0 1 0 1 
1 0 0 1 1 1 1 0 0 0 
1 1 1 0 0 0 0 0 0 0 
0 0 0 0 0 0 0 0 0 0 
0 0 0 0 0 0 1 1 0 1 
0 0 1 1 1 1 0 0 0 1 
1 1 1 0 0 1 0 0 1 0 
0 0 0 1 1 0 1 0 0 1 
1 1 0 0 1 0 0 1 0 1 
0 0 0 0 0 0 0 0 0 0 
0 0 1 0 0 0 0 0 0 0 
0 0 0 0 0 0 1 0 1 0 
0 1 0 1 1 0 0 1 1 0 
0 1 0 0 0 1 1 0 0 1 
0 0 0 0 0 0 0 0 0 0 
1 0 1 0 0 0 0 1 0 0 
0 0 0 0 0 0 0 0 0 0 
1 0 0 0 1 0 0 0 0 1 

JOBS [10] - [9, 14, 3, 4, 10, 0, 5, 8, 1, 7]
TOOL SWITCHES : 3
MAKESPAN : 59

# -------------------------- #

--- TOTAL TOOL SWITCHES : 4
--- HIGHEST MAKESPAN : 59
--- TOTAL FLOWTIME : 348
--- RUNNING TIME : 3.28057

# -------------------------- #
RUN : 1 - instancias_txt/SSP-NPM-I/ins133_m=3_j=15_t=20_var=13.txt

- MACHINE [0]

1 
0 
0 
0 
0 
0 
0 
0 
0 
0 
1 
1 
0 
0 
0 
0 
1 
1 
0 
1 

JOBS [1] - [13]
TOOL SWITCHES : 0
MAKESPAN : 5

- MACHINE [1]

1 1 0 0 
0 0 0 0 
0 0 0 0 
0 0 0 0 
0 0 0 0 
0 0 1 1 
0 1 0 0 
0 1 1 0 
0 0 0 0 
1 0 1 1 
0 0 0 0 
1 1 1 1 
0 0 0 0 
0 0 0 0 
1 0 1 0 
1 1 0 0 
0 0 0 1 
0 0 0 1 
0 0 0 0 
0 0 0 0 

JOBS [4] - [7, 1, 9, 2]
TOOL SWITCHES : 0
MAKESPAN : 22

- MACHINE [2]

0 0 0 0 0 0 0 0 0 0 
0 1 1 1 0 0 1 1 0 0 
0 0 0 0 0 0 0 1 1 0 
0 0 0 0 0 1 1 0 0 1 
1 0 0 1 0 1 0 0 0 1 
1 0 0 1 0 0 0 0 0 0 
0 1 0 0 0 0 0 0 1 0 
1 0 0 0 1 0 1 1 0 0 
0 1 0 0 0 1 0 0 0 0 
0 0 0 0 0 0 0 0 0 0 
0 0 0 0 0 0 1 0 0 1 
1 1 0 1 0 1 1 1 0 1 
0 0 0 1 1 0 0 0 0 0 
0 0 1 1 1 1 1 0 1 0 
0 0 0 0 0 0 0 0 0 1 
0 0 0 0 0 0 0 1 0 0 
0 0 1 0 1 0 0 1 0 0 
1 0 1 0 0 0 0 0 1 0 
0 0 1 0 1 1 0 0 1 1 
1 1 0 0 1 1 0 0 0 0 

JOBS [10] - [8, 4, 0, 11, 3, 5, 12, 6, 14, 10]
TOOL SWITCHES : 5
MAKESPAN : 82

# -------------------------- #

--- TOTAL TOOL SWITCHES : 5
--- HIGHEST MAKESPAN : 82
--- TOTAL FLOWTIME : 419
--- RUNNING TIME : 2.34674

# -------------------------- #
RUN : 1 - instancias_txt/SSP-NPM-I/ins134_m=3_j=15_t=20_var=14.txt

- MACHINE [0]

0 
0 
1 
1 
0 
0 
0 
0 
1 
1 
0 
0 
0 
0 
0 
1 
0 
1 
0 
1 

JOBS [1] - [11]
TOOL SWITCHES : 0
MAKESPAN : 7

- MACHINE [1]

0 1 
0 1 
0 0 
0 0 
1 1 
0 0 
0 1 
0 0 
0 0 
1 0 
1 0 
0 0 
1 0 
0 0 
0 0 
0 0 
1 0 
1 1 
0 1 
0 0 

JOBS [2] - [13, 8]
TOOL SWITCHES : 0
MAKESPAN : 15

- MACHINE [2]

0 0 0 0 1 0 1 0 0 0 1 0 
0 0 1 1 0 0 0 0 0 0 0 0 
0 0 0 0 0 0 0 0 0 0 0 0 
0 0 0 0 0 1 0 0 1 1 0 0 
1 1 1 0 0 0 0 0 0 0 0 0 
0 1 1 0 0 0 0 1 0 1 0 1 
0 0 0 1 1 1 1 0 0 0 0 0 
1 0 1 1 0 1 0 0 1 1 1 1 
0 0 1 0 1 0 0 1 1 0 0 0 
0 0 0 0 0 0 0 1 0 1 1 1 
0 1 0 0 0 0 1 1 0 0 0 0 
1 1 0 1 0 1 1 1 0 0 1 1 
1 1 0 1 0 1 0 0 0 0 0 0 
0 0 0 0 0 0 1 1 1 0 0 0 
0 0 1 1 0 0 1 0 1 1 0 1 
1 1 0 0 1 0 0 0 0 0 1 0 
0 0 0 0 0 0 0 0 0 0 0 1 
0 0 0 1 0 1 0 0 0 1 1 1 
0 0 0 0 0 0 0 0 0 0 0 0 
1 1 0 0 1 1 1 0 0 0 0 0 

JOBS [12] - [2, 7, 5, 3, 4, 1, 0, 12, 14, 9, 6, 10]
TOOL SWITCHES : 5
MAKESPAN : 77

# -------------------------- #

--- TOTAL TOOL SWITCHES : 5
--- HIGHEST MAKESPAN : 77
--- TOTAL FLOWTIME : 501
--- RUNNING TIME : 2.44417

# -------------------------- #
RUN : 1 - instancias_txt/SSP-NPM-I/ins135_m=3_j=15_t=20_var=15.txt

- MACHINE [0]

0 
0 
0 
0 
1 
0 
1 
0 
1 
0 
0 
0 
0 
1 
1 
0 
0 
1 
0 
0 

JOBS [1] - [13]
TOOL SWITCHES : 0
MAKESPAN : 3

- MACHINE [1]

1 1 0 
0 0 0 
0 1 1 
0 0 0 
0 0 0 
0 1 1 
1 0 1 
0 0 1 
1 1 0 
1 0 1 
0 0 0 
1 0 0 
0 0 0 
0 0 0 
0 0 0 
1 1 0 
0 0 0 
0 0 0 
0 0 0 
0 1 0 

JOBS [3] - [12, 10, 4]
TOOL SWITCHES : 0
MAKESPAN : 16

- MACHINE [2]

0 1 0 0 0 0 0 0 0 1 1 
0 0 0 0 1 0 0 1 1 0 0 
0 0 0 1 1 0 0 0 0 1 1 
1 1 1 0 0 0 0 0 0 0 0 
0 0 1 0 1 1 0 0 0 0 1 
0 0 0 0 0 0 0 0 0 0 0 
0 1 1 0 0 1 1 1 1 1 1 
0 0 0 1 1 0 1 1 0 0 0 
0 0 0 0 0 0 0 0 0 0 0 
0 0 1 0 0 0 0 1 1 0 0 
1 0 0 0 0 1 0 0 0 0 0 
1 1 1 1 0 0 0 0 0 0 0 
0 0 0 0 0 0 0 0 1 1 1 
1 1 0 0 1 0 0 0 0 1 0 
0 0 1 0 0 0 1 0 0 0 0 
0 1 0 1 0 1 0 0 0 1 0 
0 0 0 0 0 1 1 0 1 0 0 
1 0 0 1 1 0 1 1 1 1 0 
1 0 1 1 0 0 0 0 0 0 0 
0 0 0 0 0 0 1 0 0 0 1 

JOBS [11] - [3, 11, 1, 6, 14, 2, 7, 8, 0, 5, 9]
TOOL SWITCHES : 5
MAKESPAN : 101

# -------------------------- #

--- TOTAL TOOL SWITCHES : 5
--- HIGHEST MAKESPAN : 101
--- TOTAL FLOWTIME : 594
--- RUNNING TIME : 2.44301

# -------------------------- #
RUN : 1 - instancias_txt/SSP-NPM-I/ins136_m=3_j=15_t=20_var=16.txt

- MACHINE [0]

1 
0 
1 
0 
0 
1 
1 
0 
1 
1 
0 
0 
0 
0 
0 
0 
0 
1 
0 
0 

JOBS [1] - [4]
TOOL SWITCHES : 0
MAKESPAN : 7

- MACHINE [1]

0 0 0 1 1 1 1 
1 0 0 1 0 0 0 
0 0 0 0 0 0 0 
0 1 1 1 0 0 0 
0 0 1 0 0 0 1 
1 0 0 0 0 0 0 
0 1 1 0 1 0 1 
0 0 0 0 0 1 1 
0 0 0 0 0 0 0 
0 0 0 0 0 0 0 
0 0 1 1 1 1 0 
1 1 0 0 0 0 0 
1 1 1 1 1 0 1 
0 1 1 0 0 1 0 
1 0 1 0 0 0 0 
0 1 0 1 1 0 0 
0 0 0 0 0 0 0 
0 0 0 0 0 0 0 
0 0 0 0 0 0 0 
1 0 0 0 0 1 1 

JOBS [7] - [12, 9, 0, 3, 8, 7, 10]
TOOL SWITCHES : 4
MAKESPAN : 45

- MACHINE [2]

0 0 0 0 0 0 0 
0 0 0 0 0 0 0 
0 1 1 1 1 0 0 
0 0 0 1 0 1 1 
1 0 0 0 0 0 0 
1 1 0 0 1 1 0 
0 0 0 0 0 0 0 
0 1 1 1 0 1 0 
0 1 0 1 0 0 1 
0 1 0 0 1 1 0 
1 0 0 0 0 1 0 
1 0 1 0 0 1 0 
0 0 0 0 0 0 0 
0 0 0 0 1 0 0 
1 0 1 0 1 0 0 
0 1 1 0 0 0 0 
1 0 0 0 0 0 1 
0 0 0 0 0 0 1 
0 0 1 0 1 0 0 
0 0 1 1 1 0 1 

JOBS [7] - [2, 14, 5, 6, 13, 1, 11]
TOOL SWITCHES : 3
MAKESPAN : 41

# -------------------------- #

--- TOTAL TOOL SWITCHES : 7
--- HIGHEST MAKESPAN : 45
--- TOTAL FLOWTIME : 333
--- RUNNING TIME : 1.66817

# -------------------------- #
RUN : 1 - instancias_txt/SSP-NPM-I/ins137_m=3_j=15_t=20_var=17.txt

- MACHINE [0]

0 
0 
0 
0 
0 
0 
0 
1 
1 
0 
0 
1 
0 
1 
0 
0 
1 
0 
1 
0 

JOBS [1] - [7]
TOOL SWITCHES : 0
MAKESPAN : 2

- MACHINE [1]

0 0 0 
1 0 0 
1 0 1 
1 1 1 
0 0 0 
0 1 1 
0 0 0 
0 0 0 
0 0 0 
0 0 0 
0 0 0 
0 1 1 
0 1 1 
0 1 0 
1 1 1 
0 0 0 
0 0 0 
1 1 0 
0 0 0 
0 0 0 

JOBS [3] - [4, 0, 14]
TOOL SWITCHES : 0
MAKESPAN : 20

- MACHINE [2]

1 0 0 1 0 1 0 0 0 1 1 
1 1 0 0 0 0 1 1 1 0 1 
0 1 0 0 0 1 1 0 1 0 0 
0 0 1 0 0 0 0 1 0 0 1 
0 0 1 1 0 0 0 0 0 0 0 
0 0 0 1 0 1 1 0 0 0 1 
0 0 0 0 0 0 0 0 0 1 1 
0 1 1 1 0 0 0 0 0 0 0 
0 1 0 0 1 0 1 0 1 0 0 
1 0 1 0 1 1 1 0 0 1 0 
0 0 0 0 0 0 0 0 0 0 0 
0 0 0 0 1 0 0 0 1 0 0 
1 1 0 0 0 0 0 1 0 1 0 
0 0 0 0 0 0 0 0 0 0 0 
0 0 1 0 0 1 0 1 0 1 0 
0 0 0 1 0 1 0 1 1 0 0 
0 0 0 0 0 0 0 0 0 0 0 
1 0 1 0 0 0 0 0 0 0 0 
0 0 0 0 1 1 0 0 1 1 0 
1 1 0 1 1 0 1 0 0 0 0 

JOBS [11] - [10, 13, 8, 3, 5, 12, 2, 9, 6, 1, 11]
TOOL SWITCHES : 4
MAKESPAN : 70

# -------------------------- #

--- TOTAL TOOL SWITCHES : 4
--- HIGHEST MAKESPAN : 70
--- TOTAL FLOWTIME : 478
--- RUNNING TIME : 2.90556

# -------------------------- #
RUN : 1 - instancias_txt/SSP-NPM-I/ins138_m=3_j=15_t=20_var=18.txt

- MACHINE [0]

0 
0 
0 
0 
1 
1 
1 
0 
0 
1 
1 
1 
0 
0 
0 
0 
0 
0 
1 
0 

JOBS [1] - [7]
TOOL SWITCHES : 0
MAKESPAN : 3

- MACHINE [1]

0 1 
1 0 
0 0 
1 1 
0 1 
0 0 
1 0 
1 0 
0 0 
0 0 
1 0 
0 0 
0 1 
0 0 
1 1 
0 0 
1 0 
0 0 
0 0 
0 0 

JOBS [2] - [0, 5]
TOOL SWITCHES : 0
MAKESPAN : 19

- MACHINE [2]

0 0 0 1 0 1 0 0 1 0 0 1 
1 1 0 0 1 0 0 0 0 0 0 1 
1 0 0 0 1 1 1 0 1 0 1 0 
0 0 0 0 0 0 1 0 0 0 0 1 
0 1 1 0 1 0 0 0 0 0 0 0 
1 1 0 1 1 1 0 0 1 0 1 1 
0 0 0 0 0 1 1 0 0 0 0 0 
0 0 0 0 1 1 1 0 0 1 1 0 
1 0 0 0 0 0 1 0 0 1 0 0 
0 0 0 0 0 0 0 0 0 1 1 0 
0 0 1 1 0 0 0 1 0 0 0 0 
0 0 1 0 0 1 0 0 0 1 1 0 
1 1 0 1 0 0 0 0 0 0 0 0 
1 0 1 1 0 0 0 1 1 1 0 0 
0 0 0 0 0 0 0 0 0 0 0 0 
0 0 1 0 0 0 1 1 1 0 1 0 
0 0 0 0 0 0 0 1 0 1 0 1 
0 0 0 0 0 0 0 0 0 0 0 0 
0 0 0 0 0 0 0 0 1 0 0 0 
0 1 1 0 0 0 1 1 0 1 0 0 

JOBS [12] - [12, 2, 4, 10, 1, 11, 6, 3, 9, 8, 13, 14]
TOOL SWITCHES : 5
MAKESPAN : 78

# -------------------------- #

--- TOTAL TOOL SWITCHES : 5
--- HIGHEST MAKESPAN : 78
--- TOTAL FLOWTIME : 462
--- RUNNING TIME : 2.60656

# -------------------------- #
RUN : 1 - instancias_txt/SSP-NPM-I/ins139_m=3_j=15_t=20_var=19.txt

- MACHINE [0]

0 
1 
0 
0 
0 
0 
0 
0 
1 
1 
1 
0 
0 
0 
0 
0 
0 
1 
1 
1 

JOBS [1] - [2]
TOOL SWITCHES : 0
MAKESPAN : 4

- MACHINE [1]

1 0 
0 0 
0 1 
0 0 
0 0 
0 0 
0 1 
1 1 
1 1 
0 0 
1 0 
0 1 
1 0 
0 0 
0 0 
1 0 
0 0 
0 0 
0 1 
0 0 

JOBS [2] - [9, 14]
TOOL SWITCHES : 0
MAKESPAN : 10

- MACHINE [2]

1 1 1 0 1 0 0 1 0 0 0 1 
0 0 0 0 0 1 0 0 1 0 0 1 
1 0 0 1 0 1 1 0 0 0 0 0 
0 0 0 0 0 1 0 0 1 0 0 1 
0 0 0 1 0 0 0 0 0 0 1 1 
0 0 0 0 0 0 0 0 0 0 0 0 
1 1 0 0 1 0 0 1 0 1 1 0 
0 0 1 0 0 1 1 1 0 0 0 0 
0 0 0 0 0 0 0 0 0 0 0 0 
1 1 1 1 1 0 0 0 0 0 0 0 
0 0 1 0 0 1 0 1 1 0 1 0 
0 0 0 0 0 0 0 0 0 0 1 1 
0 1 0 1 0 0 0 0 1 1 0 0 
1 0 1 1 1 1 1 0 0 1 0 0 
0 0 0 0 0 0 0 1 1 1 0 0 
1 0 1 0 0 0 1 0 0 1 1 0 
0 1 0 1 1 1 0 1 0 1 0 0 
0 0 0 0 0 0 0 0 1 1 1 0 
0 1 0 0 0 0 1 0 1 0 1 1 
1 0 1 0 0 0 0 0 0 0 0 0 

JOBS [12] - [12, 0, 5, 8, 13, 3, 4, 1, 7, 6, 10, 11]
TOOL SWITCHES : 5
MAKESPAN : 70

# -------------------------- #

--- TOTAL TOOL SWITCHES : 5
--- HIGHEST MAKESPAN : 70
--- TOTAL FLOWTIME : 451
--- RUNNING TIME : 2.63579

# -------------------------- #
RUN : 1 - instancias_txt/SSP-NPM-I/ins140_m=3_j=15_t=20_var=20.txt

- MACHINE [0]

0 0 
1 1 
0 0 
0 0 
0 0 
0 0 
0 0 
0 0 
0 0 
1 1 
0 1 
0 0 
1 1 
0 0 
1 1 
0 0 
1 0 
0 0 
0 0 
1 1 

JOBS [2] - [8, 7]
TOOL SWITCHES : 0
MAKESPAN : 6

- MACHINE [1]

0 1 
0 0 
0 0 
1 0 
0 0 
0 0 
0 0 
0 1 
1 0 
0 0 
0 0 
0 0 
0 0 
0 0 
0 0 
1 1 
1 1 
1 0 
1 1 
0 1 

JOBS [2] - [9, 0]
TOOL SWITCHES : 0
MAKESPAN : 15

- MACHINE [2]

0 0 0 0 0 1 0 1 1 0 1 
0 0 1 0 1 1 0 0 0 0 0 
0 0 1 1 1 0 0 0 1 0 0 
0 1 0 0 1 0 0 0 1 0 0 
1 0 0 1 0 0 0 0 0 0 0 
0 0 0 0 0 0 1 0 1 0 1 
0 1 0 0 1 1 1 0 0 0 1 
0 0 1 0 1 0 1 1 1 0 0 
1 1 1 0 0 0 1 0 0 0 0 
1 0 1 0 0 0 1 0 0 1 0 
0 0 1 0 1 0 0 1 0 1 1 
0 0 0 0 0 0 0 0 0 1 0 
0 1 0 1 0 1 0 0 0 0 0 
1 0 0 0 0 0 0 1 1 0 0 
1 1 0 1 0 1 0 0 0 1 0 
1 1 0 0 0 0 0 0 0 0 0 
1 0 1 1 0 0 0 0 1 0 1 
0 0 0 0 0 0 0 0 0 0 0 
0 0 0 0 0 0 1 1 0 1 0 
0 0 0 0 0 0 0 0 0 0 0 

JOBS [11] - [14, 12, 4, 11, 5, 1, 6, 3, 10, 2, 13]
TOOL SWITCHES : 5
MAKESPAN : 67

# -------------------------- #

--- TOTAL TOOL SWITCHES : 5
--- HIGHEST MAKESPAN : 67
--- TOTAL FLOWTIME : 385
--- RUNNING TIME : 2.30312

# -------------------------- #


avg : 5.25
