RUN : 1 - instancias_txt/SSP-NPM-I/ins121_m=3_j=15_t=20_var=1.txt

- MACHINE [0]

1 
0 
1 
0 
1 
1 
1 
0 
0 
0 
0 
0 
0 
1 
0 
0 
1 
0 
0 
0 

JOBS [1] - [9]
TOOL SWITCHES : 0
MAKESPAN : 6

- MACHINE [1]

0 0 
1 1 
1 0 
0 0 
0 0 
0 0 
0 0 
1 0 
0 1 
0 0 
0 0 
1 0 
1 1 
0 1 
1 1 
1 0 
0 0 
0 0 
0 1 
0 0 

JOBS [2] - [5, 1]
TOOL SWITCHES : 0
MAKESPAN : 13

- MACHINE [2]

0 1 1 0 0 1 1 0 0 0 0 0 
1 1 1 0 0 0 0 0 0 0 0 0 
0 0 0 0 0 0 0 0 0 0 0 0 
0 0 0 0 1 1 0 0 1 0 0 0 
0 0 0 1 1 1 0 0 1 1 1 0 
1 0 0 1 1 0 0 0 0 0 0 0 
0 0 0 0 0 0 0 1 1 0 1 0 
0 0 0 0 0 0 0 0 1 1 0 1 
0 0 0 0 0 0 1 0 0 0 1 0 
0 0 0 0 0 0 0 0 0 1 1 1 
1 1 0 0 0 0 0 1 0 1 0 0 
0 0 1 0 0 1 0 0 1 0 0 1 
1 0 0 1 0 0 0 1 0 0 1 1 
0 0 0 0 0 0 1 0 0 0 0 1 
1 0 0 1 0 0 1 1 1 1 0 0 
1 0 1 1 0 0 0 0 0 0 0 0 
0 1 1 0 1 1 0 0 0 0 1 0 
0 1 1 1 1 1 0 1 0 0 0 0 
1 0 0 1 0 1 1 1 0 1 0 1 
0 1 0 0 1 0 0 0 1 0 1 1 

JOBS [12] - [4, 6, 8, 3, 0, 14, 13, 10, 2, 11, 7, 12]
TOOL SWITCHES : 6
MAKESPAN : 96

# -------------------------- #

--- TOTAL TOOL SWITCHES : 6
--- HIGHEST MAKESPAN : 96
--- TOTAL FLOWTIME : 656
--- RUNNING TIME : 1.37263

# -------------------------- #
RUN : 1 - instancias_txt/SSP-NPM-I/ins122_m=3_j=15_t=20_var=2.txt

- MACHINE [0]

0 0 
0 0 
0 0 
0 0 
1 1 
0 0 
0 0 
1 1 
0 0 
0 0 
0 0 
0 0 
1 1 
0 0 
0 0 
1 1 
1 0 
0 1 
1 0 
0 0 

JOBS [2] - [13, 9]
TOOL SWITCHES : 0
MAKESPAN : 11

- MACHINE [1]

0 1 1 
0 0 0 
0 0 1 
0 0 0 
1 1 0 
0 1 1 
0 0 0 
0 0 0 
0 0 0 
1 1 0 
1 1 0 
0 0 0 
0 0 0 
0 1 0 
0 0 0 
0 0 1 
1 0 1 
0 0 0 
1 0 1 
0 0 0 

JOBS [3] - [8, 7, 14]
TOOL SWITCHES : 0
MAKESPAN : 8

- MACHINE [2]

0 1 1 0 0 0 0 0 1 0 
0 0 1 0 1 0 0 0 0 1 
0 0 0 1 1 1 1 1 1 0 
0 0 0 1 0 0 0 0 0 1 
0 0 0 0 0 1 0 1 0 0 
0 0 0 0 1 0 1 0 0 1 
1 0 1 1 0 0 0 0 0 0 
0 0 0 0 0 1 0 0 0 0 
0 0 0 1 1 0 1 1 1 0 
1 0 1 0 1 0 0 0 0 0 
0 0 0 0 0 0 0 0 0 0 
1 1 0 0 0 0 1 0 0 0 
0 0 0 0 0 0 0 0 0 0 
0 0 0 0 0 0 1 1 0 1 
1 1 0 1 0 0 0 0 0 0 
0 1 0 1 1 0 0 1 0 1 
0 0 0 0 0 1 1 1 1 0 
1 1 1 0 0 0 0 0 0 0 
0 0 0 0 0 0 0 0 0 0 
0 1 0 1 1 1 1 0 1 0 

JOBS [10] - [4, 11, 5, 0, 6, 3, 2, 1, 12, 10]
TOOL SWITCHES : 4
MAKESPAN : 77

# -------------------------- #

--- TOTAL TOOL SWITCHES : 4
--- HIGHEST MAKESPAN : 77
--- TOTAL FLOWTIME : 386
--- RUNNING TIME : 0.945785

# -------------------------- #
RUN : 1 - instancias_txt/SSP-NPM-I/ins123_m=3_j=15_t=20_var=3.txt

- MACHINE [0]

1 
0 
1 
0 
0 
0 
1 
0 
0 
1 
0 
0 
0 
1 
1 
0 
0 
0 
0 
1 

JOBS [1] - [13]
TOOL SWITCHES : 0
MAKESPAN : 10

- MACHINE [1]

0 0 0 
0 0 0 
0 0 0 
1 0 1 
0 0 0 
1 1 1 
0 0 1 
0 0 0 
1 0 1 
0 1 0 
1 0 1 
0 0 0 
0 1 0 
1 1 0 
0 0 0 
0 0 0 
0 0 1 
0 0 0 
0 1 1 
0 0 0 

JOBS [3] - [9, 8, 7]
TOOL SWITCHES : 0
MAKESPAN : 15

- MACHINE [2]

0 0 0 0 0 0 0 0 0 0 0 
1 0 1 0 0 0 1 0 1 1 0 
0 0 0 0 0 0 1 0 0 0 0 
1 1 0 0 0 0 0 0 1 1 1 
1 0 0 1 1 1 0 0 0 0 0 
1 1 0 0 1 1 1 0 0 0 1 
0 0 0 0 1 0 0 1 0 0 0 
0 1 0 1 1 1 1 1 1 0 1 
0 0 0 0 0 0 0 0 0 0 0 
0 0 0 0 0 0 0 0 1 1 0 
0 0 1 1 1 0 0 0 0 0 0 
0 0 0 1 0 1 0 1 0 0 0 
0 0 0 1 0 0 0 0 0 0 0 
0 0 1 1 0 0 0 0 1 0 0 
0 1 0 0 1 1 0 0 0 0 1 
0 0 1 0 0 1 1 0 1 1 0 
1 1 1 0 0 0 0 1 0 1 1 
0 0 0 1 0 0 0 0 1 0 1 
0 0 0 0 0 0 0 0 0 0 0 
0 0 0 0 0 0 1 1 0 1 0 

JOBS [11] - [12, 2, 10, 0, 3, 11, 6, 4, 1, 5, 14]
TOOL SWITCHES : 4
MAKESPAN : 85

# -------------------------- #

--- TOTAL TOOL SWITCHES : 4
--- HIGHEST MAKESPAN : 85
--- TOTAL FLOWTIME : 468
--- RUNNING TIME : 1.19233

# -------------------------- #
RUN : 1 - instancias_txt/SSP-NPM-I/ins124_m=3_j=15_t=20_var=4.txt

- MACHINE [0]

0 
1 
0 
0 
1 
1 
0 
0 
0 
1 
0 
0 
0 
0 
1 
0 
0 
0 
0 
0 

JOBS [1] - [6]
TOOL SWITCHES : 0
MAKESPAN : 7

- MACHINE [1]

0 0 0 
0 0 0 
0 1 0 
0 0 0 
0 0 0 
0 0 0 
0 0 1 
0 0 0 
1 0 1 
0 0 0 
1 0 0 
1 1 1 
0 1 0 
0 1 0 
1 1 1 
0 0 1 
0 0 0 
1 1 0 
0 0 0 
0 0 0 

JOBS [3] - [10, 8, 3]
TOOL SWITCHES : 0
MAKESPAN : 23

- MACHINE [2]

0 1 1 0 0 0 1 0 1 0 1 
1 1 0 1 0 1 0 0 0 0 0 
0 0 0 0 1 1 1 0 1 1 1 
0 0 0 0 0 0 1 0 0 1 1 
0 0 0 0 0 0 0 0 0 0 0 
0 0 0 0 0 0 0 0 0 1 0 
1 1 1 1 0 0 0 0 0 1 1 
1 0 0 0 0 1 1 1 0 0 0 
0 1 0 0 0 1 0 1 0 1 0 
0 0 0 0 1 1 0 1 1 0 0 
0 0 1 0 1 1 1 0 1 0 0 
0 0 0 1 1 0 1 1 0 0 0 
0 0 0 0 0 0 0 1 1 0 1 
1 0 1 1 0 0 0 0 0 0 0 
0 0 0 0 0 0 0 0 0 0 0 
0 0 1 0 0 0 0 0 0 0 0 
1 0 0 0 0 0 0 0 1 1 0 
0 0 0 0 0 0 0 0 0 0 0 
1 0 0 1 0 0 0 1 1 1 0 
0 1 0 1 1 0 1 0 0 0 0 

JOBS [11] - [2, 7, 0, 12, 5, 11, 4, 13, 14, 1, 9]
TOOL SWITCHES : 4
MAKESPAN : 77

# -------------------------- #

--- TOTAL TOOL SWITCHES : 4
--- HIGHEST MAKESPAN : 77
--- TOTAL FLOWTIME : 451
--- RUNNING TIME : 1.16841

# -------------------------- #
RUN : 1 - instancias_txt/SSP-NPM-I/ins125_m=3_j=15_t=20_var=5.txt

- MACHINE [0]

0 
0 
0 
1 
1 
0 
0 
0 
1 
0 
0 
0 
0 
1 
1 
0 
0 
0 
0 
1 

JOBS [1] - [6]
TOOL SWITCHES : 0
MAKESPAN : 7

- MACHINE [1]

0 1 
0 0 
0 0 
0 1 
0 0 
0 0 
0 0 
0 0 
0 1 
1 1 
0 0 
0 0 
1 0 
1 0 
1 0 
1 0 
0 1 
0 0 
1 1 
0 0 

JOBS [2] - [7, 2]
TOOL SWITCHES : 0
MAKESPAN : 9

- MACHINE [2]

1 0 1 1 0 0 0 0 0 1 1 0 
1 0 1 1 0 0 0 1 0 0 0 0 
0 0 0 1 0 1 0 0 0 0 0 0 
0 0 0 0 0 0 0 1 0 1 0 1 
1 1 1 0 0 0 0 0 0 0 0 0 
0 1 0 1 0 0 0 1 1 1 1 0 
0 0 0 0 1 1 1 1 1 0 0 1 
0 0 0 0 1 1 1 1 0 0 0 1 
0 0 1 0 0 1 0 0 1 0 1 0 
0 0 1 0 0 0 0 0 1 0 0 1 
0 0 0 0 0 1 1 0 0 0 1 0 
1 1 0 0 1 0 0 0 0 0 0 0 
0 0 0 0 0 0 0 0 0 0 1 1 
0 0 0 0 0 0 1 1 1 1 1 0 
0 0 0 0 0 0 0 0 0 0 0 0 
1 0 0 1 1 1 0 0 0 1 0 0 
0 0 0 1 1 1 1 0 0 0 0 0 
1 1 1 0 0 0 1 0 0 0 0 1 
0 0 0 1 0 0 0 0 0 0 0 0 
1 1 0 0 1 0 0 1 0 0 1 0 

JOBS [12] - [14, 12, 3, 5, 1, 9, 4, 8, 13, 10, 0, 11]
TOOL SWITCHES : 6
MAKESPAN : 84

# -------------------------- #

--- TOTAL TOOL SWITCHES : 6
--- HIGHEST MAKESPAN : 84
--- TOTAL FLOWTIME : 591
--- RUNNING TIME : 1.23229

# -------------------------- #
RUN : 1 - instancias_txt/SSP-NPM-I/ins126_m=3_j=15_t=20_var=6.txt

- MACHINE [0]

1 
0 
1 
0 
0 
1 
1 
1 
1 
0 
0 
0 
1 
0 
0 
0 
0 
0 
0 
0 

JOBS [1] - [12]
TOOL SWITCHES : 0
MAKESPAN : 5

- MACHINE [1]

0 
0 
1 
0 
1 
0 
0 
0 
0 
0 
1 
1 
0 
0 
0 
0 
0 
0 
1 
0 

JOBS [1] - [4]
TOOL SWITCHES : 0
MAKESPAN : 1

- MACHINE [2]

0 0 0 0 0 0 0 1 1 0 1 0 1 
0 0 0 0 0 0 1 0 0 1 1 0 1 
0 0 0 0 0 0 0 0 0 0 0 0 0 
0 1 0 1 0 0 0 1 0 0 0 0 1 
0 0 0 1 1 1 0 0 0 0 0 0 0 
0 0 0 0 0 0 0 0 0 1 0 1 0 
1 1 0 0 0 0 0 0 1 0 1 0 0 
1 0 1 1 0 1 0 0 1 1 1 0 0 
0 1 0 1 1 0 0 0 0 0 0 0 0 
1 0 0 1 1 1 0 0 0 0 0 0 0 
0 0 0 0 0 1 1 1 1 0 0 1 1 
0 1 1 1 0 0 0 0 0 0 0 0 0 
0 0 0 0 1 0 0 1 0 0 0 1 1 
1 0 1 0 0 0 0 1 0 0 0 0 0 
1 1 1 0 0 1 1 0 0 0 1 1 0 
0 0 0 0 1 0 1 0 0 1 0 1 1 
0 0 1 0 0 0 1 0 0 0 0 0 0 
0 0 1 0 0 0 0 0 1 1 0 0 0 
0 0 0 1 0 1 1 1 0 0 1 1 0 
0 0 0 0 0 0 1 1 1 0 0 0 1 

JOBS [13] - [11, 14, 2, 8, 6, 13, 3, 7, 1, 9, 10, 0, 5]
TOOL SWITCHES : 6
MAKESPAN : 85

# -------------------------- #

--- TOTAL TOOL SWITCHES : 6
--- HIGHEST MAKESPAN : 85
--- TOTAL FLOWTIME : 545
--- RUNNING TIME : 1.38809

# -------------------------- #
RUN : 1 - instancias_txt/SSP-NPM-I/ins127_m=3_j=15_t=20_var=7.txt

- MACHINE [0]

0 0 
0 0 
0 1 
0 0 
0 0 
1 1 
1 1 
0 1 
1 0 
1 1 
0 0 
0 0 
0 0 
0 0 
0 0 
0 0 
0 0 
0 0 
1 1 
0 0 

JOBS [2] - [14, 10]
TOOL SWITCHES : 0
MAKESPAN : 13

- MACHINE [1]

1 0 
1 1 
0 1 
1 1 
0 1 
1 0 
0 0 
0 1 
0 0 
0 0 
1 1 
0 0 
0 0 
0 0 
0 0 
0 0 
0 0 
0 0 
0 0 
0 0 

JOBS [2] - [11, 2]
TOOL SWITCHES : 0
MAKESPAN : 14

- MACHINE [2]

0 1 1 0 1 0 0 0 0 1 0 
0 1 0 0 1 1 0 1 0 0 0 
0 0 0 0 0 0 0 0 0 0 0 
1 1 1 0 1 0 0 0 0 0 0 
0 0 0 0 0 0 0 0 0 0 0 
0 0 0 1 0 1 1 0 1 0 0 
0 1 1 0 0 0 0 0 1 0 1 
1 1 1 1 0 0 0 0 0 0 0 
1 0 0 0 0 0 1 1 0 0 0 
0 0 0 0 0 0 0 0 0 0 0 
0 0 0 0 1 0 0 1 1 1 1 
0 0 0 1 0 1 1 0 0 0 0 
0 0 1 1 0 1 0 0 0 0 1 
0 0 0 0 0 0 0 1 1 1 1 
1 0 0 0 0 0 1 1 0 0 0 
1 0 0 0 1 0 1 1 0 1 0 
1 0 0 0 0 1 0 0 0 1 0 
0 0 0 0 0 0 0 1 1 0 1 
0 0 0 0 0 0 1 0 0 1 1 
0 1 0 1 1 0 1 0 0 0 0 

JOBS [11] - [13, 12, 1, 9, 3, 4, 0, 8, 6, 7, 5]
TOOL SWITCHES : 4
MAKESPAN : 77

# -------------------------- #

--- TOTAL TOOL SWITCHES : 4
--- HIGHEST MAKESPAN : 77
--- TOTAL FLOWTIME : 515
--- RUNNING TIME : 1.18298

# -------------------------- #
RUN : 1 - instancias_txt/SSP-NPM-I/ins128_m=3_j=15_t=20_var=8.txt

- MACHINE [0]

0 
0 
0 
1 
0 
0 
0 
1 
1 
1 
0 
1 
1 
0 
0 
0 
0 
0 
0 
1 

JOBS [1] - [4]
TOOL SWITCHES : 0
MAKESPAN : 1

- MACHINE [1]

0 0 0 
0 0 0 
0 0 0 
0 0 1 
0 0 0 
1 0 1 
0 0 0 
0 0 0 
0 0 0 
0 0 0 
1 0 1 
1 0 0 
0 1 0 
0 0 1 
1 1 1 
1 1 0 
0 0 0 
0 1 1 
1 1 1 
0 0 0 

JOBS [3] - [14, 1, 12]
TOOL SWITCHES : 0
MAKESPAN : 9

- MACHINE [2]

0 1 0 1 1 0 0 0 0 1 1 
1 0 1 0 0 0 1 0 0 0 1 
0 0 0 0 1 1 0 0 0 0 0 
0 0 1 0 0 0 1 0 0 0 0 
0 1 1 0 1 0 0 1 1 0 0 
0 1 0 1 0 0 0 0 0 0 0 
1 1 0 0 0 0 0 0 0 0 0 
1 0 0 1 1 0 0 0 0 0 0 
0 0 0 0 1 1 1 1 0 1 0 
0 0 0 0 0 1 1 1 0 0 1 
0 0 0 0 0 0 0 0 1 0 1 
0 0 0 0 0 0 0 0 0 0 0 
0 1 1 0 0 0 0 0 0 0 0 
1 0 0 0 0 1 1 0 0 1 1 
0 1 1 1 0 0 1 0 0 1 0 
1 0 0 0 1 1 0 1 0 0 0 
0 0 0 0 1 0 1 0 1 1 0 
0 0 0 0 0 0 0 1 0 0 0 
1 0 1 1 0 0 0 0 1 0 1 
0 0 0 1 0 1 0 0 1 1 0 

JOBS [11] - [7, 5, 2, 8, 10, 13, 9, 6, 3, 11, 0]
TOOL SWITCHES : 6
MAKESPAN : 88

# -------------------------- #

--- TOTAL TOOL SWITCHES : 6
--- HIGHEST MAKESPAN : 88
--- TOTAL FLOWTIME : 584
--- RUNNING TIME : 1.24263

# -------------------------- #
RUN : 1 - instancias_txt/SSP-NPM-I/ins129_m=3_j=15_t=20_var=9.txt

- MACHINE [0]

0 
0 
0 
0 
0 
1 
0 
0 
0 
0 
0 
1 
0 
1 
0 
1 
0 
1 
0 
1 

JOBS [1] - [12]
TOOL SWITCHES : 0
MAKESPAN : 7

- MACHINE [1]

0 0 
0 0 
0 0 
0 0 
1 0 
0 1 
1 0 
0 0 
1 1 
1 1 
0 0 
0 1 
0 0 
0 1 
1 0 
0 0 
1 0 
0 0 
0 1 
0 0 

JOBS [2] - [2, 1]
TOOL SWITCHES : 0
MAKESPAN : 12

- MACHINE [2]

0 0 0 0 1 1 0 0 0 0 1 0 
1 1 1 1 0 0 0 0 0 0 0 0 
1 0 0 0 0 0 0 0 0 0 1 1 
0 0 1 0 0 1 0 1 0 0 0 0 
0 1 0 0 0 0 0 0 1 0 0 1 
0 0 0 0 0 0 0 1 0 1 0 0 
0 0 0 0 0 0 0 0 0 0 0 0 
0 0 0 1 1 0 1 1 1 0 0 0 
0 0 0 0 0 0 0 0 1 1 0 1 
0 0 0 0 0 0 0 0 0 0 0 0 
0 0 1 1 0 1 0 0 0 0 0 0 
1 0 1 0 0 1 0 0 0 0 0 0 
0 0 0 0 0 0 1 0 1 1 1 1 
0 1 0 0 0 0 0 1 0 0 1 0 
1 1 1 0 0 1 0 0 1 0 0 0 
1 0 0 0 0 0 0 0 0 0 0 0 
0 1 0 1 1 0 1 1 0 1 0 0 
0 0 0 0 1 0 1 0 1 1 1 1 
0 0 0 1 1 0 1 1 0 0 0 1 
0 0 0 0 0 0 1 1 0 1 1 0 

JOBS [12] - [14, 8, 4, 3, 6, 9, 11, 7, 5, 0, 10, 13]
TOOL SWITCHES : 5
MAKESPAN : 59

# -------------------------- #

--- TOTAL TOOL SWITCHES : 5
--- HIGHEST MAKESPAN : 59
--- TOTAL FLOWTIME : 384
--- RUNNING TIME : 1.21183

# -------------------------- #
RUN : 1 - instancias_txt/SSP-NPM-I/ins130_m=3_j=15_t=20_var=10.txt

- MACHINE [0]

0 
1 
1 
0 
1 
0 
1 
0 
0 
0 
0 
0 
0 
0 
1 
0 
0 
0 
1 
1 

JOBS [1] - [11]
TOOL SWITCHES : 0
MAKESPAN : 8

- MACHINE [1]

1 0 
0 0 
0 0 
0 0 
0 0 
0 0 
0 0 
1 0 
0 0 
1 0 
0 0 
1 1 
0 1 
1 0 
0 1 
1 1 
0 0 
0 0 
0 1 
0 0 

JOBS [2] - [8, 6]
TOOL SWITCHES : 0
MAKESPAN : 3

- MACHINE [2]

1 1 1 1 0 1 1 0 0 0 0 0 
0 0 0 0 0 0 1 1 0 1 1 1 
0 1 1 1 1 0 0 0 0 0 0 0 
0 1 0 0 0 0 0 0 0 0 0 0 
0 0 0 0 0 0 0 0 1 1 0 0 
1 0 0 1 0 0 1 0 0 0 0 1 
0 0 0 0 0 0 0 0 0 0 0 0 
0 0 0 0 1 1 1 1 0 0 0 1 
1 1 0 0 0 1 0 1 0 0 0 0 
0 0 1 0 0 0 1 0 0 1 1 0 
0 0 0 1 1 0 0 1 1 0 0 0 
0 0 0 0 0 0 0 0 0 0 0 0 
0 1 1 0 1 0 0 0 1 0 1 1 
0 1 1 0 1 0 0 0 1 1 0 1 
0 0 0 0 0 0 0 1 1 0 0 1 
0 0 0 1 0 1 0 0 1 0 1 0 
1 0 1 0 1 1 0 0 1 0 1 1 
0 0 0 0 1 0 0 1 0 1 1 0 
0 0 0 1 0 0 0 0 0 0 0 0 
1 1 0 0 0 1 0 0 0 0 0 0 

JOBS [12] - [13, 4, 1, 14, 2, 5, 12, 10, 3, 7, 9, 0]
TOOL SWITCHES : 5
MAKESPAN : 75

# -------------------------- #

--- TOTAL TOOL SWITCHES : 5
--- HIGHEST MAKESPAN : 75
--- TOTAL FLOWTIME : 488
--- RUNNING TIME : 1.39055

# -------------------------- #
RUN : 1 - instancias_txt/SSP-NPM-I/ins131_m=3_j=15_t=20_var=11.txt

- MACHINE [0]

0 
0 
0 
0 
0 
1 
1 
1 
0 
1 
1 
0 
1 
0 
0 
0 
0 
0 
0 
1 

JOBS [1] - [1]
TOOL SWITCHES : 0
MAKESPAN : 4

- MACHINE [1]

0 0 
0 1 
1 0 
0 0 
1 1 
0 0 
0 0 
0 0 
0 0 
0 0 
0 0 
1 0 
1 1 
0 0 
1 0 
1 0 
0 0 
0 1 
1 0 
0 1 

JOBS [2] - [5, 10]
TOOL SWITCHES : 0
MAKESPAN : 8

- MACHINE [2]

0 0 1 1 1 1 1 1 0 0 0 0 
1 1 0 1 0 0 1 0 0 0 0 0 
0 0 0 0 0 0 0 0 0 0 0 0 
1 0 1 0 0 0 0 0 0 0 1 0 
0 1 1 0 0 1 0 0 0 0 1 1 
0 0 0 0 0 1 0 0 0 0 1 1 
1 0 0 1 0 0 0 0 0 0 0 0 
0 0 0 0 0 0 0 0 0 1 0 1 
0 0 0 0 1 0 1 1 0 1 0 0 
0 1 0 0 0 0 0 1 1 0 0 0 
0 1 0 0 1 1 1 0 0 1 1 0 
0 0 1 1 1 0 0 0 1 0 0 0 
0 0 1 1 0 0 0 0 0 0 0 0 
1 0 1 0 0 0 0 1 1 0 0 0 
1 1 0 0 1 0 1 0 1 1 0 0 
0 1 0 1 1 0 0 0 0 0 0 0 
0 0 0 0 0 0 0 1 1 1 1 0 
0 0 0 0 0 0 0 0 0 0 0 0 
0 0 1 1 0 0 0 0 0 1 0 1 
0 0 0 0 0 1 1 1 1 0 1 1 

JOBS [12] - [4, 11, 0, 6, 14, 12, 7, 3, 2, 13, 8, 9]
TOOL SWITCHES : 5
MAKESPAN : 83

# -------------------------- #

--- TOTAL TOOL SWITCHES : 5
--- HIGHEST MAKESPAN : 83
--- TOTAL FLOWTIME : 543
--- RUNNING TIME : 1.25305

# -------------------------- #
RUN : 1 - instancias_txt/SSP-NPM-I/ins132_m=3_j=15_t=20_var=12.txt

- MACHINE [0]

0 
0 
1 
0 
0 
1 
0 
0 
0 
1 
1 
1 
0 
1 
0 
0 
0 
0 
0 
0 

JOBS [1] - [12]
TOOL SWITCHES : 0
MAKESPAN : 3

- MACHINE [1]

1 0 1 1 
0 0 0 0 
0 0 0 0 
1 0 1 1 
1 0 0 0 
0 0 0 0 
0 1 0 1 
1 0 1 0 
0 0 0 0 
0 0 0 0 
0 0 0 0 
1 1 1 1 
0 0 0 0 
0 1 1 1 
0 1 0 0 
0 0 0 0 
1 1 1 0 
0 0 0 0 
0 1 0 0 
0 0 0 1 

JOBS [4] - [6, 13, 2, 11]
TOOL SWITCHES : 1
MAKESPAN : 31

- MACHINE [2]

0 1 1 0 1 0 1 0 0 0 
0 0 0 0 1 1 1 0 0 0 
0 0 0 0 0 0 0 0 1 1 
1 0 1 0 0 1 1 1 0 0 
1 1 0 1 0 0 0 0 0 0 
0 0 0 0 0 0 0 0 0 0 
0 0 0 0 0 1 0 0 1 1 
0 0 1 1 0 0 1 1 0 1 
1 1 1 1 1 0 0 0 0 0 
0 0 0 0 0 1 1 1 0 1 
1 1 0 0 0 0 0 1 1 1 
0 0 0 0 0 0 0 0 0 0 
0 0 0 1 0 0 0 0 0 0 
0 0 0 0 1 1 0 0 0 0 
0 1 0 0 1 0 1 1 1 0 
0 1 1 0 0 1 0 0 0 1 
0 0 0 0 0 0 0 0 0 0 
1 0 0 1 0 0 0 0 1 0 
0 0 0 0 0 0 0 0 0 0 
1 0 0 0 0 0 0 1 0 1 

JOBS [10] - [9, 14, 0, 3, 1, 5, 4, 10, 8, 7]
TOOL SWITCHES : 3
MAKESPAN : 59

# -------------------------- #

--- TOTAL TOOL SWITCHES : 4
--- HIGHEST MAKESPAN : 59
--- TOTAL FLOWTIME : 351
--- RUNNING TIME : 1.1854

# -------------------------- #
RUN : 1 - instancias_txt/SSP-NPM-I/ins133_m=3_j=15_t=20_var=13.txt

- MACHINE [0]

1 
0 
0 
0 
0 
0 
0 
0 
0 
0 
1 
1 
0 
0 
0 
0 
1 
1 
0 
1 

JOBS [1] - [13]
TOOL SWITCHES : 0
MAKESPAN : 5

- MACHINE [1]

1 1 0 0 
0 0 0 0 
0 0 0 0 
0 0 0 0 
0 0 0 0 
0 0 1 1 
0 1 0 0 
0 1 1 0 
0 0 0 0 
1 0 1 1 
0 0 0 0 
1 1 1 1 
0 0 0 0 
0 0 0 0 
1 0 1 0 
1 1 0 0 
0 0 0 1 
0 0 0 1 
0 0 0 0 
0 0 0 0 

JOBS [4] - [7, 1, 9, 2]
TOOL SWITCHES : 0
MAKESPAN : 22

- MACHINE [2]

0 0 0 0 0 0 0 0 0 0 
1 1 0 1 0 0 0 1 0 1 
0 1 0 0 0 1 0 0 0 0 
0 0 0 0 0 0 1 0 1 1 
0 0 0 0 1 0 1 1 1 0 
0 0 0 0 1 0 0 1 0 0 
1 0 0 0 0 1 0 0 0 0 
0 1 1 0 1 0 0 0 0 1 
1 0 0 0 0 0 0 0 1 0 
0 0 0 0 0 0 0 0 0 0 
0 0 0 0 0 0 1 0 0 1 
1 1 0 0 1 0 1 1 1 1 
0 0 1 0 0 0 0 1 0 0 
0 0 1 1 0 1 0 1 1 1 
0 0 0 0 0 0 1 0 0 0 
0 1 0 0 0 0 0 0 0 0 
0 1 1 1 0 0 0 0 0 0 
0 0 0 1 1 1 0 0 0 0 
0 0 1 1 0 1 1 0 1 0 
1 0 1 0 1 0 0 0 1 0 

JOBS [10] - [4, 6, 3, 0, 8, 14, 10, 11, 5, 12]
TOOL SWITCHES : 5
MAKESPAN : 82

# -------------------------- #

--- TOTAL TOOL SWITCHES : 5
--- HIGHEST MAKESPAN : 82
--- TOTAL FLOWTIME : 471
--- RUNNING TIME : 1.07942

# -------------------------- #
RUN : 1 - instancias_txt/SSP-NPM-I/ins134_m=3_j=15_t=20_var=14.txt

- MACHINE [0]

0 
0 
1 
1 
0 
0 
0 
0 
1 
1 
0 
0 
0 
0 
0 
1 
0 
1 
0 
1 

JOBS [1] - [11]
TOOL SWITCHES : 0
MAKESPAN : 7

- MACHINE [1]

1 0 
1 0 
0 0 
0 0 
1 1 
0 0 
1 0 
0 0 
0 0 
0 1 
0 1 
0 0 
0 1 
0 0 
0 0 
0 0 
0 1 
1 1 
1 0 
0 0 

JOBS [2] - [8, 13]
TOOL SWITCHES : 0
MAKESPAN : 15

- MACHINE [2]

0 0 0 0 0 0 0 0 0 1 1 1 
0 0 1 0 1 0 0 0 0 0 0 0 
0 0 0 0 0 0 0 0 0 0 0 0 
0 1 0 0 0 1 1 0 0 0 0 0 
1 0 0 1 1 0 0 0 0 0 0 0 
1 0 0 0 1 0 1 1 1 0 0 0 
0 1 1 0 0 0 0 0 0 1 1 0 
0 1 1 1 1 1 1 1 0 0 0 1 
0 0 0 0 1 1 0 0 1 1 0 0 
0 0 0 0 0 0 1 1 1 0 0 1 
1 0 0 0 0 0 0 0 1 0 1 0 
1 1 1 1 0 0 0 1 1 0 1 1 
1 1 1 1 0 0 0 0 0 0 0 0 
0 0 0 0 0 1 0 0 1 0 1 0 
0 0 1 0 1 1 1 1 0 0 1 0 
1 0 0 1 0 0 0 0 0 1 0 1 
0 0 0 0 0 0 0 1 0 0 0 0 
0 1 1 0 0 0 1 1 0 0 0 1 
0 0 0 0 0 0 0 0 0 0 0 0 
1 1 0 1 0 0 0 0 0 1 1 0 

JOBS [12] - [7, 1, 3, 2, 5, 14, 9, 10, 12, 4, 0, 6]
TOOL SWITCHES : 5
MAKESPAN : 77

# -------------------------- #

--- TOTAL TOOL SWITCHES : 5
--- HIGHEST MAKESPAN : 77
--- TOTAL FLOWTIME : 563
--- RUNNING TIME : 1.49697

# -------------------------- #
RUN : 1 - instancias_txt/SSP-NPM-I/ins135_m=3_j=15_t=20_var=15.txt

- MACHINE [0]

0 
0 
0 
0 
1 
0 
1 
0 
1 
0 
0 
0 
0 
1 
1 
0 
0 
1 
0 
0 

JOBS [1] - [13]
TOOL SWITCHES : 0
MAKESPAN : 3

- MACHINE [1]

1 0 1 
0 0 0 
1 1 0 
0 0 0 
0 0 0 
1 1 0 
0 1 1 
0 1 0 
1 0 1 
0 1 1 
0 0 0 
0 0 1 
0 0 0 
0 0 0 
0 0 0 
1 0 1 
0 0 0 
0 0 0 
0 0 0 
1 0 0 

JOBS [3] - [10, 4, 12]
TOOL SWITCHES : 0
MAKESPAN : 16

- MACHINE [2]

0 0 0 1 0 0 1 0 0 0 1 
0 0 0 0 0 1 0 1 1 0 0 
0 1 0 0 0 0 1 0 1 0 1 
1 0 1 1 0 0 0 0 0 0 0 
1 0 0 0 1 0 0 0 1 0 1 
0 0 0 0 0 0 0 0 0 0 0 
1 0 0 1 1 1 1 1 0 1 1 
0 1 0 0 0 0 0 1 1 1 0 
0 0 0 0 0 0 0 0 0 0 0 
1 0 0 0 0 1 0 1 0 0 0 
0 0 1 0 1 0 0 0 0 0 0 
1 1 1 1 0 0 0 0 0 0 0 
0 0 0 0 0 1 1 0 0 0 1 
0 0 1 1 0 0 1 0 1 0 0 
1 0 0 0 0 0 0 0 0 1 0 
0 1 0 1 1 0 1 0 0 0 0 
0 0 0 0 1 1 0 0 0 1 0 
0 1 1 0 0 1 1 1 1 1 0 
1 1 1 0 0 0 0 0 0 0 0 
0 0 0 0 0 0 0 0 0 1 1 

JOBS [11] - [1, 6, 3, 11, 2, 0, 5, 8, 14, 7, 9]
TOOL SWITCHES : 5
MAKESPAN : 101

# -------------------------- #

--- TOTAL TOOL SWITCHES : 5
--- HIGHEST MAKESPAN : 101
--- TOTAL FLOWTIME : 578
--- RUNNING TIME : 1.1986

# -------------------------- #
RUN : 1 - instancias_txt/SSP-NPM-I/ins136_m=3_j=15_t=20_var=16.txt

- MACHINE [0]

1 
0 
1 
0 
0 
1 
1 
0 
1 
1 
0 
0 
0 
0 
0 
0 
0 
1 
0 
0 

JOBS [1] - [4]
TOOL SWITCHES : 0
MAKESPAN : 7

- MACHINE [1]

1 1 1 1 0 0 0 
0 0 0 1 0 1 0 
0 0 0 0 0 0 0 
0 0 0 1 1 0 1 
0 0 1 0 1 0 0 
0 0 0 0 0 1 0 
0 1 1 0 1 0 1 
1 0 1 0 0 0 0 
0 0 0 0 0 0 0 
0 0 0 0 0 0 0 
1 1 0 1 1 0 0 
0 0 0 0 0 1 1 
0 1 1 1 1 1 1 
1 0 0 0 1 0 1 
0 0 0 0 1 1 0 
0 1 0 1 0 0 1 
0 0 0 0 0 0 0 
0 0 0 0 0 0 0 
0 0 0 0 0 0 0 
1 0 1 0 0 1 0 

JOBS [7] - [7, 8, 10, 3, 0, 12, 9]
TOOL SWITCHES : 4
MAKESPAN : 45

- MACHINE [2]

0 0 0 0 0 0 0 
0 0 0 0 0 0 0 
1 0 1 1 0 0 1 
0 1 0 1 0 1 0 
0 0 0 0 1 0 0 
0 0 1 0 1 1 1 
0 0 0 0 0 0 0 
1 0 1 1 0 1 0 
0 1 1 1 0 0 0 
0 0 1 0 0 1 1 
0 0 0 0 1 1 0 
1 0 0 0 1 1 0 
0 0 0 0 0 0 0 
0 0 0 0 0 0 1 
1 0 0 0 1 0 1 
1 0 1 0 0 0 0 
0 1 0 0 1 0 0 
0 1 0 0 0 0 0 
1 0 0 0 0 0 1 
1 1 0 1 0 0 1 

JOBS [7] - [5, 11, 14, 6, 2, 1, 13]
TOOL SWITCHES : 3
MAKESPAN : 41

# -------------------------- #

--- TOTAL TOOL SWITCHES : 7
--- HIGHEST MAKESPAN : 45
--- TOTAL FLOWTIME : 318
--- RUNNING TIME : 0.969055

# -------------------------- #
RUN : 1 - instancias_txt/SSP-NPM-I/ins137_m=3_j=15_t=20_var=17.txt

- MACHINE [0]

0 
0 
0 
0 
0 
0 
0 
1 
1 
0 
0 
1 
0 
1 
0 
0 
1 
0 
1 
0 

JOBS [1] - [7]
TOOL SWITCHES : 0
MAKESPAN : 2

- MACHINE [1]

0 
0 
0 
1 
0 
1 
0 
0 
0 
0 
0 
1 
1 
1 
1 
0 
0 
1 
0 
0 

JOBS [1] - [0]
TOOL SWITCHES : 0
MAKESPAN : 8

- MACHINE [2]

0 0 1 1 0 0 0 0 1 1 0 0 1 
0 1 1 0 1 1 1 1 0 0 0 0 1 
0 0 0 0 1 1 1 1 1 0 0 1 0 
1 1 0 0 0 0 1 0 0 0 0 1 1 
1 0 0 1 0 0 0 0 0 0 0 0 0 
0 0 0 1 0 1 0 0 1 0 0 1 1 
0 0 0 0 0 0 0 0 0 1 0 0 1 
1 0 0 1 1 0 0 0 0 0 0 0 0 
0 0 0 0 1 1 0 1 0 0 1 0 0 
1 0 1 0 0 1 0 0 1 1 1 0 0 
0 0 0 0 0 0 0 0 0 0 0 0 0 
0 0 0 0 0 0 0 1 0 0 1 1 0 
0 1 1 0 1 0 0 0 0 1 0 1 0 
0 0 0 0 0 0 0 0 0 0 0 0 0 
1 1 0 0 0 0 1 0 1 1 0 1 0 
0 1 0 1 0 0 0 1 1 0 0 0 0 
0 0 0 0 0 0 0 0 0 0 0 0 0 
1 0 1 0 0 0 1 0 0 0 0 0 0 
0 0 0 0 0 0 0 1 1 1 1 0 0 
0 0 1 1 1 1 0 0 0 0 1 0 0 

JOBS [13] - [8, 9, 10, 3, 13, 2, 4, 6, 12, 1, 5, 14, 11]
TOOL SWITCHES : 4
MAKESPAN : 81

# -------------------------- #

--- TOTAL TOOL SWITCHES : 4
--- HIGHEST MAKESPAN : 81
--- TOTAL FLOWTIME : 598
--- RUNNING TIME : 1.29561

# -------------------------- #
RUN : 1 - instancias_txt/SSP-NPM-I/ins138_m=3_j=15_t=20_var=18.txt

- MACHINE [0]

0 0 
0 0 
0 0 
0 0 
1 0 
0 0 
0 0 
0 0 
0 0 
0 0 
1 1 
1 0 
0 0 
1 1 
0 0 
1 1 
0 1 
0 0 
0 0 
1 1 

JOBS [2] - [4, 3]
TOOL SWITCHES : 0
MAKESPAN : 11

- MACHINE [1]

0 1 
1 0 
0 0 
1 1 
0 1 
0 0 
1 0 
1 0 
0 0 
0 0 
1 0 
0 0 
0 1 
0 0 
1 1 
0 0 
1 0 
0 0 
0 0 
0 0 

JOBS [2] - [0, 5]
TOOL SWITCHES : 0
MAKESPAN : 19

- MACHINE [2]

0 1 0 0 0 1 0 1 0 1 0 
0 0 1 1 1 0 0 0 0 1 0 
0 0 0 1 1 1 0 1 1 0 1 
0 0 0 0 0 0 0 0 0 1 1 
1 0 1 1 0 0 0 0 0 0 0 
1 1 1 1 1 1 0 1 1 1 0 
1 0 0 0 0 0 0 1 0 0 1 
0 0 0 1 0 0 1 1 1 0 1 
0 0 0 0 1 0 1 0 0 0 1 
1 0 0 0 0 0 1 0 1 0 0 
1 1 0 0 0 0 0 0 0 0 0 
1 0 0 0 0 0 1 1 1 0 0 
0 1 1 0 1 0 0 0 0 0 0 
0 1 0 0 1 1 1 0 0 0 0 
0 0 0 0 0 0 0 0 0 0 0 
0 0 0 0 0 1 0 0 1 0 1 
0 0 0 0 0 0 1 0 0 1 0 
0 0 0 0 0 0 0 0 0 0 0 
1 0 0 0 0 1 0 0 0 0 0 
0 0 1 0 0 0 1 0 0 0 1 

JOBS [11] - [7, 10, 2, 1, 12, 9, 8, 11, 13, 14, 6]
TOOL SWITCHES : 5
MAKESPAN : 73

# -------------------------- #

--- TOTAL TOOL SWITCHES : 5
--- HIGHEST MAKESPAN : 73
--- TOTAL FLOWTIME : 505
--- RUNNING TIME : 1.33888

# -------------------------- #
RUN : 1 - instancias_txt/SSP-NPM-I/ins139_m=3_j=15_t=20_var=19.txt

- MACHINE [0]

0 
0 
1 
0 
1 
0 
0 
0 
0 
1 
0 
0 
1 
1 
0 
0 
1 
0 
0 
0 

JOBS [1] - [8]
TOOL SWITCHES : 0
MAKESPAN : 9

- MACHINE [1]

0 1 
0 1 
0 0 
0 1 
1 1 
0 0 
1 0 
0 0 
0 0 
0 0 
1 0 
1 1 
0 0 
0 0 
0 0 
1 0 
0 0 
1 0 
1 1 
0 0 

JOBS [2] - [10, 11]
TOOL SWITCHES : 0
MAKESPAN : 15

- MACHINE [2]

0 1 0 1 1 1 0 1 0 0 1 0 
0 0 1 0 0 0 0 0 1 0 0 1 
1 0 0 0 1 0 1 0 1 0 0 0 
0 0 0 0 0 0 0 0 1 0 0 1 
0 0 0 0 0 0 0 0 0 0 0 0 
0 0 0 0 0 0 0 0 0 0 0 0 
1 0 0 0 1 1 0 1 0 1 1 0 
1 1 0 1 0 0 1 0 1 0 1 0 
1 1 1 0 0 0 0 0 0 0 0 0 
0 0 1 1 1 1 0 1 0 0 0 0 
0 1 1 1 0 0 0 0 1 0 1 1 
1 0 0 0 0 0 0 0 0 0 0 0 
0 1 0 0 0 1 0 0 0 1 0 1 
0 0 0 1 1 0 1 1 1 1 0 0 
0 0 0 0 0 0 0 0 0 1 1 1 
0 1 0 1 1 0 1 0 0 1 0 0 
0 0 0 0 0 1 0 1 1 1 1 0 
0 0 1 0 0 0 0 0 0 1 0 1 
1 0 1 0 0 1 1 0 0 0 0 1 
0 0 1 1 1 0 0 0 0 0 0 0 

JOBS [12] - [14, 9, 2, 5, 12, 0, 4, 13, 3, 6, 1, 7]
TOOL SWITCHES : 5
MAKESPAN : 78

# -------------------------- #

--- TOTAL TOOL SWITCHES : 5
--- HIGHEST MAKESPAN : 78
--- TOTAL FLOWTIME : 554
--- RUNNING TIME : 1.36807

# -------------------------- #
RUN : 1 - instancias_txt/SSP-NPM-I/ins140_m=3_j=15_t=20_var=20.txt

- MACHINE [0]

0 
0 
1 
0 
1 
0 
0 
0 
0 
0 
0 
0 
1 
0 
1 
0 
1 
0 
0 
0 

JOBS [1] - [11]
TOOL SWITCHES : 0
MAKESPAN : 3

- MACHINE [1]

0 0 
0 0 
0 0 
0 0 
1 0 
0 0 
0 0 
0 0 
1 0 
1 1 
0 1 
0 1 
0 0 
1 0 
1 1 
1 0 
1 0 
0 0 
0 1 
0 0 

JOBS [2] - [14, 2]
TOOL SWITCHES : 0
MAKESPAN : 13

- MACHINE [2]

0 1 1 0 1 1 0 0 0 0 0 1 
0 0 0 0 0 0 0 1 1 1 1 1 
0 1 0 0 0 0 0 0 1 1 0 0 
1 1 0 0 0 0 1 0 0 1 0 0 
0 0 0 0 0 0 0 0 0 0 0 0 
0 1 0 1 0 1 0 0 0 0 0 0 
0 0 0 1 0 1 1 0 0 1 0 1 
0 1 1 1 1 0 0 0 1 1 0 0 
1 0 0 1 0 0 1 0 1 0 0 0 
0 0 0 1 0 0 0 1 1 0 1 0 
0 0 1 0 0 1 0 1 1 1 0 0 
0 0 0 0 0 0 0 0 0 0 0 0 
0 0 0 0 0 0 1 1 0 0 1 1 
0 1 1 0 0 0 0 0 0 0 0 0 
0 0 0 0 0 0 1 1 0 0 1 1 
1 0 0 0 1 0 1 0 0 0 0 0 
1 1 0 0 1 1 0 0 1 0 1 0 
1 0 0 0 0 0 0 0 0 0 0 0 
1 0 1 1 1 0 0 0 0 0 0 0 
0 0 0 0 1 0 0 1 0 0 1 0 

JOBS [12] - [9, 10, 3, 6, 0, 13, 12, 7, 4, 5, 8, 1]
TOOL SWITCHES : 5
MAKESPAN : 73

# -------------------------- #

--- TOTAL TOOL SWITCHES : 5
--- HIGHEST MAKESPAN : 73
--- TOTAL FLOWTIME : 528
--- RUNNING TIME : 1.35183

# -------------------------- #


avg : 5
