RUN : 1 - instancias_txt/SSP-NPM-I/ins121_m=3_j=15_t=20_var=1.txt

- MACHINE [0]

0 
1 
1 
0 
0 
0 
0 
1 
0 
0 
0 
1 
1 
0 
1 
1 
0 
0 
0 
0 

JOBS [1] - [5]
TOOL SWITCHES : 0
MAKESPAN : 3

- MACHINE [1]

1 1 
0 0 
0 1 
0 0 
0 1 
0 1 
0 1 
0 0 
1 0 
0 0 
0 0 
0 0 
0 0 
1 1 
1 0 
0 0 
0 1 
0 0 
1 0 
0 0 

JOBS [2] - [13, 9]
TOOL SWITCHES : 0
MAKESPAN : 15

- MACHINE [2]

0 1 1 0 0 1 0 0 0 0 0 0 
1 1 1 0 0 0 0 1 0 0 0 0 
0 0 0 0 0 0 0 0 0 0 0 0 
0 0 0 0 1 1 0 0 1 0 0 0 
0 0 0 1 1 1 0 0 1 1 1 0 
1 0 0 1 1 0 0 0 0 0 0 0 
0 0 0 0 0 0 1 0 1 0 1 0 
0 0 0 0 0 0 0 0 1 1 0 1 
0 0 0 0 0 0 0 1 0 0 1 0 
0 0 0 0 0 0 0 0 0 1 1 1 
1 1 0 0 0 0 1 0 0 1 0 0 
0 0 1 0 0 1 0 0 1 0 0 1 
1 0 0 1 0 0 1 1 0 0 1 1 
0 0 0 0 0 0 0 1 0 0 0 1 
1 0 0 1 0 0 1 1 1 1 0 0 
1 0 1 1 0 0 0 0 0 0 0 0 
0 1 1 0 1 1 0 0 0 0 1 0 
0 1 1 1 1 1 1 0 0 0 0 0 
1 0 0 1 0 1 1 1 0 1 0 1 
0 1 0 0 1 0 0 0 1 0 1 1 

JOBS [12] - [4, 6, 8, 3, 0, 14, 10, 1, 2, 11, 7, 12]
TOOL SWITCHES : 6
MAKESPAN : 98

# -------------------------- #

--- TOTAL TOOL SWITCHES : 6
--- HIGHEST MAKESPAN : 98
--- TOTAL FLOWTIME : 660
--- RUNNING TIME : 1.38073

# -------------------------- #
RUN : 1 - instancias_txt/SSP-NPM-I/ins122_m=3_j=15_t=20_var=2.txt

- MACHINE [0]

0 0 
0 0 
0 0 
0 0 
1 1 
0 0 
0 0 
1 1 
0 0 
0 0 
0 0 
0 0 
1 1 
0 0 
0 0 
1 1 
0 1 
1 0 
0 1 
0 0 

JOBS [2] - [9, 13]
TOOL SWITCHES : 0
MAKESPAN : 11

- MACHINE [1]

1 0 1 
0 0 0 
0 0 1 
0 0 0 
1 1 0 
1 0 1 
0 0 0 
0 0 0 
0 0 0 
1 1 0 
1 1 0 
0 0 0 
0 0 0 
1 0 0 
0 0 0 
0 0 1 
0 1 1 
0 0 0 
0 1 1 
0 0 0 

JOBS [3] - [7, 8, 14]
TOOL SWITCHES : 0
MAKESPAN : 8

- MACHINE [2]

1 1 0 0 0 1 0 0 0 0 
0 1 0 0 0 0 0 1 1 0 
0 0 1 0 1 1 1 0 1 1 
0 0 0 0 1 0 0 1 0 0 
0 0 1 0 0 0 0 0 0 1 
0 0 0 0 0 0 1 1 1 0 
0 1 0 1 1 0 0 0 0 0 
0 0 1 0 0 0 0 0 0 0 
0 0 0 0 1 1 1 0 1 1 
0 1 0 1 0 0 0 0 1 0 
0 0 0 0 0 0 0 0 0 0 
1 0 0 1 0 0 1 0 0 0 
0 0 0 0 0 0 0 0 0 0 
0 0 0 0 0 0 1 1 0 1 
1 0 0 1 1 0 0 0 0 0 
1 0 0 0 1 0 0 1 1 1 
0 0 1 0 0 1 1 0 0 1 
1 1 0 1 0 0 0 0 0 0 
0 0 0 0 0 0 0 0 0 0 
1 0 1 0 1 1 1 0 1 0 

JOBS [10] - [11, 5, 3, 4, 0, 12, 2, 10, 6, 1]
TOOL SWITCHES : 4
MAKESPAN : 77

# -------------------------- #

--- TOTAL TOOL SWITCHES : 4
--- HIGHEST MAKESPAN : 77
--- TOTAL FLOWTIME : 387
--- RUNNING TIME : 1.04128

# -------------------------- #
RUN : 1 - instancias_txt/SSP-NPM-I/ins123_m=3_j=15_t=20_var=3.txt

- MACHINE [0]

1 
0 
1 
0 
0 
0 
1 
0 
0 
1 
0 
0 
0 
1 
1 
0 
0 
0 
0 
1 

JOBS [1] - [13]
TOOL SWITCHES : 0
MAKESPAN : 10

- MACHINE [1]

0 0 0 
0 0 0 
0 0 0 
1 1 0 
0 0 0 
1 1 1 
0 1 0 
0 0 0 
1 1 0 
0 0 1 
1 1 0 
0 0 0 
0 0 1 
1 0 1 
0 0 0 
0 0 0 
0 1 0 
0 0 0 
0 1 1 
0 0 0 

JOBS [3] - [9, 7, 8]
TOOL SWITCHES : 0
MAKESPAN : 15

- MACHINE [2]

0 0 0 0 0 0 0 0 0 0 0 
0 0 1 1 0 0 0 0 1 1 1 
0 0 0 1 0 0 0 0 0 0 0 
0 0 0 0 0 1 1 0 1 1 1 
1 1 0 0 1 0 0 0 0 1 0 
0 1 0 1 1 1 1 0 0 1 0 
0 0 0 0 1 0 0 1 0 0 0 
1 1 0 1 1 1 1 1 0 0 1 
0 0 0 0 0 0 0 0 0 0 0 
0 0 0 0 0 0 0 0 1 0 1 
1 0 1 0 1 0 0 0 0 0 0 
1 1 0 0 0 0 0 1 0 0 0 
1 0 0 0 0 0 0 0 0 0 0 
1 0 1 0 0 0 0 0 0 0 1 
0 1 0 0 1 1 1 0 0 0 0 
0 1 1 1 0 0 0 0 1 0 1 
0 0 1 0 0 1 1 1 1 1 0 
1 0 0 0 0 1 0 0 0 0 1 
0 0 0 0 0 0 0 0 0 0 0 
0 0 0 1 0 0 0 1 1 0 0 

JOBS [11] - [0, 11, 10, 6, 3, 14, 2, 4, 5, 12, 1]
TOOL SWITCHES : 4
MAKESPAN : 85

# -------------------------- #

--- TOTAL TOOL SWITCHES : 4
--- HIGHEST MAKESPAN : 85
--- TOTAL FLOWTIME : 553
--- RUNNING TIME : 1.31627

# -------------------------- #
RUN : 1 - instancias_txt/SSP-NPM-I/ins124_m=3_j=15_t=20_var=4.txt

- MACHINE [0]

0 
1 
0 
0 
1 
1 
0 
0 
0 
1 
0 
0 
0 
0 
1 
0 
0 
0 
0 
0 

JOBS [1] - [6]
TOOL SWITCHES : 0
MAKESPAN : 7

- MACHINE [1]

0 0 1 0 
0 0 0 0 
0 0 0 1 
0 0 0 0 
0 0 0 0 
0 0 0 0 
0 1 1 0 
0 0 0 0 
1 1 0 0 
0 0 0 0 
1 0 1 0 
1 1 0 1 
0 0 0 1 
0 0 1 1 
1 1 0 1 
0 1 1 0 
0 0 0 0 
1 0 0 1 
0 0 0 0 
0 0 0 0 

JOBS [4] - [10, 3, 0, 8]
TOOL SWITCHES : 1
MAKESPAN : 36

- MACHINE [2]

0 0 0 1 1 0 0 1 1 0 
1 1 1 1 0 0 0 0 0 0 
0 1 0 0 1 1 0 1 1 1 
0 0 0 0 1 0 0 1 0 1 
0 0 0 0 0 0 0 0 0 0 
0 0 0 0 0 0 0 0 0 1 
1 0 1 1 0 0 0 1 0 1 
1 1 0 0 1 0 1 0 0 0 
0 1 0 1 0 0 1 0 0 1 
0 1 0 0 0 1 1 0 1 0 
0 1 0 0 1 1 0 0 1 0 
0 0 1 0 1 1 1 0 0 0 
0 0 0 0 0 0 1 1 1 0 
1 0 1 0 0 0 0 0 0 0 
0 0 0 0 0 0 0 0 0 0 
0 0 0 0 0 0 0 0 0 0 
1 0 0 0 0 0 0 0 1 1 
0 0 0 0 0 0 0 0 0 0 
1 0 1 0 0 0 1 0 1 1 
0 0 1 1 1 1 0 0 0 0 

JOBS [10] - [2, 11, 12, 7, 4, 5, 13, 9, 14, 1]
TOOL SWITCHES : 3
MAKESPAN : 63

# -------------------------- #

--- TOTAL TOOL SWITCHES : 4
--- HIGHEST MAKESPAN : 63
--- TOTAL FLOWTIME : 367
--- RUNNING TIME : 1.14376

# -------------------------- #
RUN : 1 - instancias_txt/SSP-NPM-I/ins125_m=3_j=15_t=20_var=5.txt

- MACHINE [0]

0 
0 
1 
0 
0 
0 
1 
1 
1 
0 
1 
0 
0 
0 
0 
1 
1 
0 
0 
0 

JOBS [1] - [9]
TOOL SWITCHES : 0
MAKESPAN : 9

- MACHINE [1]

0 0 
0 0 
0 0 
0 1 
0 0 
0 0 
1 1 
1 1 
0 0 
0 1 
1 0 
0 0 
0 1 
1 0 
0 0 
0 0 
1 0 
1 1 
0 0 
0 0 

JOBS [2] - [4, 11]
TOOL SWITCHES : 0
MAKESPAN : 16

- MACHINE [2]

1 0 1 0 0 0 1 1 1 0 1 0 
0 0 1 0 1 0 1 0 1 0 0 0 
0 0 0 0 0 0 0 0 1 0 0 0 
1 0 0 0 1 0 0 1 0 0 0 1 
0 0 1 1 0 0 1 0 0 0 0 1 
1 0 0 1 1 1 0 0 1 0 1 0 
0 1 0 0 1 1 0 0 0 0 0 0 
0 1 0 0 1 0 0 0 0 0 0 0 
0 0 0 0 0 1 1 1 0 0 1 1 
0 0 0 0 0 1 1 1 0 1 0 0 
0 0 0 0 0 0 0 0 0 0 1 0 
0 1 1 1 0 0 0 0 0 0 0 0 
0 0 0 0 0 0 0 0 0 1 1 0 
1 0 0 0 1 1 0 0 0 1 1 1 
0 0 0 0 0 0 0 0 0 1 0 1 
1 1 1 0 0 0 0 0 1 1 0 0 
0 1 0 0 0 0 0 1 1 0 0 0 
0 0 1 1 0 0 1 0 0 0 0 0 
0 0 0 0 0 0 0 1 1 1 0 0 
0 1 1 1 1 0 0 0 0 0 1 1 

JOBS [12] - [10, 1, 14, 12, 8, 13, 3, 2, 5, 7, 0, 6]
TOOL SWITCHES : 7
MAKESPAN : 87

# -------------------------- #

--- TOTAL TOOL SWITCHES : 7
--- HIGHEST MAKESPAN : 87
--- TOTAL FLOWTIME : 544
--- RUNNING TIME : 1.36702

# -------------------------- #
RUN : 1 - instancias_txt/SSP-NPM-I/ins126_m=3_j=15_t=20_var=6.txt

- MACHINE [0]

1 
0 
1 
0 
0 
1 
1 
1 
1 
0 
0 
0 
1 
0 
0 
0 
0 
0 
0 
0 

JOBS [1] - [12]
TOOL SWITCHES : 0
MAKESPAN : 5

- MACHINE [1]

0 0 
0 0 
1 0 
0 0 
1 0 
0 1 
0 0 
0 0 
0 0 
0 0 
1 1 
1 0 
0 1 
0 0 
0 1 
0 1 
0 0 
0 0 
1 1 
0 0 

JOBS [2] - [4, 0]
TOOL SWITCHES : 0
MAKESPAN : 2

- MACHINE [2]

0 0 0 1 1 1 1 0 0 0 0 0 
0 1 1 1 0 1 0 0 0 0 0 0 
0 0 0 0 0 0 0 0 0 0 0 0 
0 0 0 0 0 1 1 0 1 0 1 0 
0 0 0 0 0 0 0 0 1 1 0 1 
0 0 1 0 0 0 0 0 0 0 0 0 
0 0 0 1 1 0 0 1 0 0 1 0 
1 0 1 1 1 0 0 1 1 1 0 0 
0 0 0 0 0 0 0 0 1 0 1 1 
0 0 0 0 0 0 0 1 1 1 0 1 
0 1 0 0 1 1 1 0 0 1 0 0 
1 0 0 0 0 0 0 0 1 0 1 0 
0 0 0 0 0 1 1 0 0 0 0 1 
1 0 0 0 0 0 1 1 0 0 0 0 
1 1 0 1 0 0 0 1 0 1 1 0 
0 1 1 0 0 1 0 0 0 0 0 1 
1 1 0 0 0 0 0 0 0 0 0 0 
1 0 1 0 1 0 0 0 0 0 0 0 
0 1 0 1 0 0 1 0 1 1 0 0 
0 1 0 0 1 1 1 0 0 0 0 0 

JOBS [12] - [2, 3, 9, 10, 1, 5, 7, 11, 8, 13, 14, 6]
TOOL SWITCHES : 6
MAKESPAN : 81

# -------------------------- #

--- TOTAL TOOL SWITCHES : 6
--- HIGHEST MAKESPAN : 81
--- TOTAL FLOWTIME : 581
--- RUNNING TIME : 1.40818

# -------------------------- #
RUN : 1 - instancias_txt/SSP-NPM-I/ins127_m=3_j=15_t=20_var=7.txt

- MACHINE [0]

0 0 
0 0 
1 0 
0 0 
0 0 
1 1 
1 1 
1 0 
0 1 
1 1 
0 0 
0 0 
0 0 
0 0 
0 0 
0 0 
0 0 
0 0 
1 1 
0 0 

JOBS [2] - [10, 14]
TOOL SWITCHES : 0
MAKESPAN : 13

- MACHINE [1]

1 1 0 
1 1 1 
0 0 1 
1 1 1 
0 0 1 
0 0 0 
0 1 0 
0 1 1 
0 0 0 
0 0 0 
1 0 1 
0 0 0 
0 0 0 
0 0 0 
0 0 0 
1 0 0 
0 0 0 
0 0 0 
0 0 0 
1 1 0 

JOBS [3] - [3, 12, 2]
TOOL SWITCHES : 0
MAKESPAN : 16

- MACHINE [2]

0 0 0 1 0 1 0 1 0 0 
0 0 1 0 0 1 0 0 1 0 
0 0 0 0 0 0 0 0 0 0 
0 0 0 0 0 1 1 1 0 0 
0 0 0 0 0 0 0 0 0 0 
1 0 0 0 1 1 0 0 1 1 
1 1 0 0 0 0 0 1 0 0 
0 0 0 0 0 0 1 1 0 1 
0 0 1 0 1 0 1 0 0 0 
0 0 0 0 0 0 0 0 0 0 
1 1 1 1 0 1 0 0 0 0 
0 0 0 0 1 0 0 0 1 1 
0 1 0 0 0 0 0 1 1 1 
1 1 1 1 0 0 0 0 0 0 
0 0 1 0 1 0 1 0 0 0 
0 0 1 1 1 0 1 0 0 0 
0 0 0 1 0 0 1 0 1 0 
1 1 1 0 0 0 0 0 0 0 
0 1 0 1 1 0 0 0 0 0 
0 0 0 0 1 0 0 0 0 1 

JOBS [10] - [6, 5, 8, 7, 0, 11, 13, 1, 4, 9]
TOOL SWITCHES : 4
MAKESPAN : 74

# -------------------------- #

--- TOTAL TOOL SWITCHES : 4
--- HIGHEST MAKESPAN : 74
--- TOTAL FLOWTIME : 468
--- RUNNING TIME : 1.18154

# -------------------------- #
RUN : 1 - instancias_txt/SSP-NPM-I/ins128_m=3_j=15_t=20_var=8.txt

- MACHINE [0]

0 
0 
0 
1 
0 
0 
0 
1 
1 
1 
0 
1 
1 
0 
0 
0 
0 
0 
0 
1 

JOBS [1] - [4]
TOOL SWITCHES : 0
MAKESPAN : 1

- MACHINE [1]

0 0 0 
0 0 0 
0 0 0 
0 1 0 
0 0 0 
1 1 0 
0 0 0 
0 0 0 
0 0 0 
0 0 0 
1 1 0 
1 0 0 
0 0 1 
0 1 0 
1 1 1 
1 0 1 
0 0 0 
0 1 1 
1 1 1 
0 0 0 

JOBS [3] - [14, 12, 1]
TOOL SWITCHES : 0
MAKESPAN : 9

- MACHINE [2]

0 0 1 0 1 1 1 0 0 0 1 
1 1 0 0 0 1 0 1 0 0 0 
0 0 0 0 0 0 1 0 0 1 0 
0 1 0 0 0 0 0 1 0 0 0 
0 1 1 1 0 0 1 0 1 0 0 
0 0 1 0 1 0 0 0 0 0 0 
1 0 1 0 0 0 0 0 0 0 0 
1 0 0 0 1 0 1 0 0 0 0 
0 0 0 0 0 0 1 1 1 1 1 
0 0 0 0 0 1 0 1 1 1 0 
0 0 0 1 0 1 0 0 0 0 0 
0 0 0 0 0 0 0 0 0 0 0 
0 1 1 0 0 0 0 0 0 0 0 
1 0 0 0 0 1 0 1 0 1 1 
0 1 1 0 1 0 0 1 0 0 1 
1 0 0 0 0 0 1 0 1 1 0 
0 0 0 1 0 0 1 1 0 0 1 
0 0 0 0 0 0 0 0 1 0 0 
1 1 0 1 1 1 0 0 0 0 0 
0 0 0 1 1 0 0 0 0 1 1 

JOBS [11] - [7, 2, 5, 3, 8, 0, 10, 9, 6, 13, 11]
TOOL SWITCHES : 6
MAKESPAN : 88

# -------------------------- #

--- TOTAL TOOL SWITCHES : 6
--- HIGHEST MAKESPAN : 88
--- TOTAL FLOWTIME : 560
--- RUNNING TIME : 1.27208

# -------------------------- #
RUN : 1 - instancias_txt/SSP-NPM-I/ins129_m=3_j=15_t=20_var=9.txt

- MACHINE [0]

0 
1 
1 
0 
0 
0 
0 
0 
0 
0 
0 
1 
0 
0 
1 
1 
0 
0 
0 
0 

JOBS [1] - [14]
TOOL SWITCHES : 0
MAKESPAN : 4

- MACHINE [1]

0 0 
0 0 
0 0 
0 0 
0 1 
1 0 
0 1 
0 0 
1 1 
1 1 
0 0 
1 0 
0 0 
1 0 
0 1 
0 0 
0 1 
0 0 
1 0 
0 0 

JOBS [2] - [1, 2]
TOOL SWITCHES : 0
MAKESPAN : 12

- MACHINE [2]

0 0 0 0 1 0 0 1 0 0 0 1 
0 0 1 0 0 0 0 0 1 1 0 0 
0 0 0 1 1 0 0 0 0 0 0 0 
0 0 0 0 0 0 0 0 0 1 1 1 
0 1 1 1 0 0 0 0 0 0 0 0 
0 0 0 0 0 1 1 0 0 0 1 0 
0 0 0 0 0 0 0 0 0 0 0 0 
1 1 0 0 0 0 0 1 1 0 1 0 
0 1 0 1 0 1 0 0 0 0 0 0 
0 0 0 0 0 0 0 0 0 0 0 0 
0 0 0 0 0 0 0 0 1 1 0 1 
0 0 0 0 0 0 1 0 0 1 0 1 
1 1 0 1 1 1 0 0 0 0 0 0 
0 0 1 0 1 0 1 0 0 0 1 0 
0 1 1 0 0 0 0 0 0 1 0 1 
0 0 0 0 0 0 1 0 0 0 0 0 
1 0 1 0 0 1 0 1 1 0 1 0 
1 1 0 1 1 1 1 1 0 0 0 0 
1 0 0 1 0 0 0 1 1 0 1 0 
1 0 0 0 1 1 1 0 0 0 1 0 

JOBS [12] - [11, 5, 8, 13, 10, 0, 12, 6, 3, 4, 7, 9]
TOOL SWITCHES : 5
MAKESPAN : 62

# -------------------------- #

--- TOTAL TOOL SWITCHES : 5
--- HIGHEST MAKESPAN : 62
--- TOTAL FLOWTIME : 404
--- RUNNING TIME : 1.25433

# -------------------------- #
RUN : 1 - instancias_txt/SSP-NPM-I/ins130_m=3_j=15_t=20_var=10.txt

- MACHINE [0]

1 
0 
1 
1 
0 
0 
0 
0 
1 
0 
0 
0 
1 
1 
0 
0 
0 
0 
0 
1 

JOBS [1] - [4]
TOOL SWITCHES : 0
MAKESPAN : 2

- MACHINE [1]

0 0 
1 1 
1 0 
0 0 
1 1 
0 0 
1 0 
0 0 
0 0 
0 1 
0 0 
0 0 
0 0 
0 1 
1 0 
0 0 
0 0 
0 1 
1 0 
1 0 

JOBS [2] - [11, 7]
TOOL SWITCHES : 0
MAKESPAN : 11

- MACHINE [2]

0 0 0 1 0 1 1 0 1 1 0 1 
1 0 1 1 1 0 0 0 0 0 0 0 
0 0 0 0 0 0 0 0 1 0 1 1 
0 0 0 0 0 0 0 0 0 0 0 0 
0 1 0 0 0 0 0 0 0 0 0 0 
0 0 0 1 1 1 0 0 1 0 0 0 
0 0 0 0 0 0 0 0 0 0 0 0 
0 0 1 1 1 0 1 0 0 1 1 0 
0 0 1 0 0 1 1 0 0 0 0 0 
1 0 0 1 0 0 0 0 0 1 0 1 
0 1 1 0 0 0 0 0 1 0 1 0 
0 0 0 0 0 0 0 1 0 1 0 0 
1 1 0 0 1 0 0 1 0 0 1 1 
0 1 0 0 1 0 0 0 0 1 1 1 
0 1 1 0 1 0 0 1 0 0 0 0 
1 1 0 0 0 0 1 1 1 1 0 0 
1 1 0 0 1 1 1 0 0 0 1 1 
1 0 1 0 0 0 0 0 0 0 1 0 
0 0 0 0 0 0 0 1 1 0 0 0 
0 0 0 0 0 1 1 0 0 0 0 0 

JOBS [12] - [9, 3, 10, 12, 0, 13, 5, 6, 14, 8, 2, 1]
TOOL SWITCHES : 5
MAKESPAN : 84

# -------------------------- #

--- TOTAL TOOL SWITCHES : 5
--- HIGHEST MAKESPAN : 84
--- TOTAL FLOWTIME : 502
--- RUNNING TIME : 1.44035

# -------------------------- #
RUN : 1 - instancias_txt/SSP-NPM-I/ins131_m=3_j=15_t=20_var=11.txt

- MACHINE [0]

0 
0 
0 
0 
0 
1 
1 
1 
0 
1 
1 
0 
1 
0 
0 
0 
0 
0 
0 
1 

JOBS [1] - [1]
TOOL SWITCHES : 0
MAKESPAN : 4

- MACHINE [1]

0 0 
0 1 
1 0 
0 0 
1 1 
0 0 
0 0 
0 0 
0 0 
0 0 
0 0 
1 0 
1 1 
0 0 
1 0 
1 0 
0 0 
0 1 
1 0 
0 1 

JOBS [2] - [5, 10]
TOOL SWITCHES : 0
MAKESPAN : 8

- MACHINE [2]

0 0 0 0 1 1 0 0 1 1 1 1 
0 0 0 0 0 0 1 1 1 1 0 0 
0 0 0 0 0 0 0 0 0 0 0 0 
0 1 0 0 0 0 0 1 0 0 0 1 
1 1 0 0 0 1 1 0 0 0 0 1 
1 1 0 0 0 1 0 0 0 0 0 0 
0 0 0 0 0 0 0 1 0 1 0 0 
1 0 0 1 0 0 0 0 0 0 0 0 
0 0 0 1 1 0 0 0 1 0 1 0 
0 0 1 0 1 0 1 0 0 0 0 0 
0 1 0 1 0 1 1 0 1 0 1 0 
0 0 1 0 0 0 0 0 0 1 1 1 
0 0 0 0 0 0 0 0 0 1 0 1 
0 0 1 0 1 0 0 1 0 0 0 1 
0 0 1 1 0 0 1 1 1 0 1 0 
0 0 0 0 0 0 1 0 0 1 1 0 
0 1 1 1 1 0 0 0 0 0 0 0 
0 0 0 0 0 0 0 0 0 0 0 0 
1 0 0 1 0 0 0 0 0 1 0 1 
1 1 1 0 1 1 0 0 1 0 0 0 

JOBS [12] - [9, 8, 2, 13, 3, 12, 11, 4, 7, 6, 14, 0]
TOOL SWITCHES : 5
MAKESPAN : 83

# -------------------------- #

--- TOTAL TOOL SWITCHES : 5
--- HIGHEST MAKESPAN : 83
--- TOTAL FLOWTIME : 549
--- RUNNING TIME : 1.31752

# -------------------------- #
RUN : 1 - instancias_txt/SSP-NPM-I/ins132_m=3_j=15_t=20_var=12.txt

- MACHINE [0]

0 
0 
1 
0 
0 
1 
0 
0 
0 
1 
1 
1 
0 
1 
0 
0 
0 
0 
0 
0 

JOBS [1] - [12]
TOOL SWITCHES : 0
MAKESPAN : 3

- MACHINE [1]

0 1 1 1 
0 0 0 0 
0 0 0 0 
0 1 1 1 
0 0 1 0 
0 0 0 0 
1 0 0 1 
0 1 1 0 
0 0 0 0 
0 0 0 0 
0 0 0 0 
1 1 1 1 
0 0 0 0 
1 1 0 1 
1 0 0 0 
0 0 0 0 
1 1 1 0 
0 0 0 0 
1 0 0 0 
0 0 0 1 

JOBS [4] - [13, 2, 6, 11]
TOOL SWITCHES : 1
MAKESPAN : 31

- MACHINE [2]

1 0 0 0 0 1 0 0 1 1 
0 0 0 0 0 1 1 0 0 1 
0 1 0 1 0 0 0 0 0 0 
0 0 1 0 1 0 1 0 1 1 
1 0 1 0 0 0 0 1 0 0 
0 0 0 0 0 0 0 0 0 0 
0 1 0 1 0 0 1 0 0 0 
0 1 0 0 1 0 0 1 1 1 
1 0 1 0 0 1 0 1 1 0 
0 1 0 0 1 0 1 0 0 1 
1 1 1 1 1 0 0 0 0 0 
0 0 0 0 0 0 0 0 0 0 
0 0 0 0 0 0 0 1 0 0 
0 0 0 0 0 1 1 0 0 0 
1 0 0 1 1 1 0 0 0 1 
1 1 0 0 0 0 1 0 1 0 
0 0 0 0 0 0 0 0 0 0 
0 0 1 1 0 0 0 1 0 0 
0 0 0 0 0 0 0 0 0 0 
0 1 1 0 1 0 0 0 0 0 

JOBS [10] - [14, 7, 9, 8, 10, 1, 5, 3, 0, 4]
TOOL SWITCHES : 3
MAKESPAN : 59

# -------------------------- #

--- TOTAL TOOL SWITCHES : 4
--- HIGHEST MAKESPAN : 59
--- TOTAL FLOWTIME : 365
--- RUNNING TIME : 1.19998

# -------------------------- #
RUN : 1 - instancias_txt/SSP-NPM-I/ins133_m=3_j=15_t=20_var=13.txt

- MACHINE [0]

0 
0 
0 
1 
1 
0 
0 
0 
0 
0 
1 
1 
0 
0 
1 
0 
0 
0 
1 
0 

JOBS [1] - [10]
TOOL SWITCHES : 0
MAKESPAN : 7

- MACHINE [1]

0 0 1 
0 0 0 
0 0 0 
0 0 0 
0 0 0 
1 1 0 
0 0 0 
1 0 0 
0 0 0 
1 1 1 
0 0 0 
1 1 1 
0 0 0 
0 0 0 
1 0 1 
0 0 1 
0 1 0 
0 1 0 
0 0 0 
0 0 0 

JOBS [3] - [9, 2, 7]
TOOL SWITCHES : 0
MAKESPAN : 15

- MACHINE [2]

0 0 0 0 0 0 0 0 1 1 0 
0 0 1 1 1 0 0 1 0 0 1 
0 0 0 0 0 1 0 1 0 0 0 
0 0 0 0 0 0 1 0 0 0 1 
1 0 0 0 1 0 1 0 0 0 0 
1 0 0 0 1 0 0 0 0 0 0 
0 0 0 1 0 1 0 0 0 1 0 
1 1 0 0 0 0 0 1 0 1 1 
0 0 0 1 0 0 1 0 0 0 0 
0 0 0 0 0 0 0 0 0 0 0 
0 0 0 0 0 0 0 0 1 0 1 
1 0 0 1 1 0 1 1 1 1 1 
0 1 0 0 1 0 0 0 0 0 0 
0 1 1 0 1 1 1 0 0 0 1 
0 0 0 0 0 0 0 0 0 0 0 
0 0 0 0 0 0 0 1 0 1 0 
0 1 1 0 0 0 0 1 1 0 0 
1 0 1 0 0 1 0 0 1 0 0 
0 1 1 0 0 1 1 0 0 0 0 
1 1 0 1 0 0 1 0 1 0 0 

JOBS [11] - [8, 3, 0, 4, 11, 14, 5, 6, 13, 1, 12]
TOOL SWITCHES : 5
MAKESPAN : 81

# -------------------------- #

--- TOTAL TOOL SWITCHES : 5
--- HIGHEST MAKESPAN : 81
--- TOTAL FLOWTIME : 467
--- RUNNING TIME : 1.05798

# -------------------------- #
RUN : 1 - instancias_txt/SSP-NPM-I/ins134_m=3_j=15_t=20_var=14.txt

- MACHINE [0]

0 
1 
0 
0 
0 
0 
1 
1 
0 
0 
0 
1 
1 
0 
1 
0 
0 
1 
0 
0 

JOBS [1] - [3]
TOOL SWITCHES : 0
MAKESPAN : 5

- MACHINE [1]

1 0 
1 1 
0 0 
0 0 
1 1 
0 1 
1 0 
0 1 
0 1 
0 0 
0 0 
0 0 
0 0 
0 0 
0 1 
0 0 
0 0 
1 0 
1 0 
0 0 

JOBS [2] - [8, 5]
TOOL SWITCHES : 0
MAKESPAN : 12

- MACHINE [2]

0 1 1 1 0 0 0 0 0 0 0 0 
0 0 0 0 0 0 0 0 0 0 0 0 
1 0 0 0 0 0 0 0 0 0 0 0 
1 0 0 0 1 1 1 0 0 0 0 0 
0 0 0 0 0 0 0 1 0 0 1 1 
0 0 0 0 0 1 0 0 1 1 0 1 
0 1 0 1 1 0 0 0 0 0 0 0 
0 0 1 0 1 1 1 1 0 1 0 0 
1 0 0 1 0 0 1 0 1 0 0 0 
1 0 1 0 0 1 0 0 1 1 1 0 
0 1 0 0 0 0 0 0 1 0 1 1 
0 1 1 0 1 0 0 1 1 1 0 1 
0 0 0 0 1 0 0 1 0 0 1 1 
0 1 0 0 0 0 1 0 1 0 0 0 
0 1 0 0 0 1 1 0 0 1 0 0 
1 0 1 1 0 0 0 1 0 0 0 1 
0 0 0 0 0 0 0 0 0 1 1 0 
1 0 1 0 1 1 0 0 0 1 1 0 
0 0 0 0 0 0 0 0 0 0 0 0 
1 1 0 1 1 0 0 1 0 0 0 1 

JOBS [12] - [11, 0, 6, 4, 1, 9, 14, 2, 12, 10, 13, 7]
TOOL SWITCHES : 5
MAKESPAN : 84

# -------------------------- #

--- TOTAL TOOL SWITCHES : 5
--- HIGHEST MAKESPAN : 84
--- TOTAL FLOWTIME : 516
--- RUNNING TIME : 1.41533

# -------------------------- #
RUN : 1 - instancias_txt/SSP-NPM-I/ins135_m=3_j=15_t=20_var=15.txt

- MACHINE [0]

0 
0 
0 
0 
1 
0 
1 
0 
1 
0 
0 
0 
0 
1 
1 
0 
0 
1 
0 
0 

JOBS [1] - [13]
TOOL SWITCHES : 0
MAKESPAN : 3

- MACHINE [1]

0 1 1 
0 0 0 
1 1 0 
0 0 0 
0 0 0 
1 1 0 
1 0 1 
1 0 0 
0 1 1 
1 0 1 
0 0 0 
0 0 1 
0 0 0 
0 0 0 
0 0 0 
0 1 1 
0 0 0 
0 0 0 
0 0 0 
0 1 0 

JOBS [3] - [4, 10, 12]
TOOL SWITCHES : 0
MAKESPAN : 16

- MACHINE [2]

0 0 0 1 1 1 0 0 0 0 0 
0 0 0 0 0 0 0 1 0 1 1 
0 1 0 0 1 1 0 1 0 0 0 
1 0 1 1 0 0 0 0 0 0 0 
1 0 0 0 1 0 0 1 1 0 0 
0 0 0 0 0 0 0 0 0 0 0 
1 0 0 1 1 1 1 0 1 1 1 
0 1 0 0 0 0 1 1 0 0 1 
0 0 0 0 0 0 0 0 0 0 0 
1 0 0 0 0 0 0 0 0 1 1 
0 0 1 0 0 0 0 0 1 0 0 
1 1 1 1 0 0 0 0 0 0 0 
0 0 0 0 1 1 0 0 0 1 0 
0 0 1 1 0 1 0 1 0 0 0 
1 0 0 0 0 0 1 0 0 0 0 
0 1 0 1 0 1 0 0 1 0 0 
0 0 0 0 0 0 1 0 1 1 0 
0 1 1 0 0 1 1 1 0 1 1 
1 1 1 0 0 0 0 0 0 0 0 
0 0 0 0 1 0 1 0 0 0 0 

JOBS [11] - [1, 6, 3, 11, 9, 5, 7, 14, 2, 0, 8]
TOOL SWITCHES : 5
MAKESPAN : 101

# -------------------------- #

--- TOTAL TOOL SWITCHES : 5
--- HIGHEST MAKESPAN : 101
--- TOTAL FLOWTIME : 585
--- RUNNING TIME : 1.19013

# -------------------------- #
RUN : 1 - instancias_txt/SSP-NPM-I/ins136_m=3_j=15_t=20_var=16.txt

- MACHINE [0]

0 
0 
0 
0 
1 
1 
0 
0 
0 
0 
1 
1 
0 
0 
1 
0 
1 
0 
0 
0 

JOBS [1] - [2]
TOOL SWITCHES : 0
MAKESPAN : 8

- MACHINE [1]

1 0 
0 0 
1 0 
0 1 
0 0 
1 0 
1 0 
0 0 
1 1 
1 0 
0 0 
0 0 
0 0 
0 0 
0 0 
0 0 
0 1 
1 1 
0 0 
0 1 

JOBS [2] - [4, 11]
TOOL SWITCHES : 0
MAKESPAN : 13

- MACHINE [2]

0 1 0 1 1 0 1 0 0 0 0 0 
0 0 0 0 0 0 1 1 0 0 0 0 
1 0 0 0 0 0 0 0 1 1 1 0 
1 0 1 0 0 1 1 0 0 0 0 1 
0 0 1 1 0 0 0 0 0 0 0 0 
0 0 0 0 0 0 0 1 0 1 1 1 
0 0 1 1 1 1 0 0 0 0 0 0 
1 1 0 1 0 0 0 0 1 1 0 1 
1 0 0 0 0 0 0 0 0 1 0 0 
0 0 0 0 0 0 0 0 0 1 1 1 
0 1 1 0 1 0 1 0 0 0 0 1 
0 0 0 0 0 1 0 1 1 0 0 1 
0 0 1 1 1 1 1 1 0 0 0 0 
0 1 1 0 0 1 0 0 0 0 1 0 
0 0 1 0 0 0 0 1 1 0 1 0 
0 0 0 0 1 1 1 0 1 1 0 0 
0 0 0 0 0 0 0 0 0 0 0 0 
0 0 0 0 0 0 0 0 0 0 0 0 
0 0 0 0 0 0 0 0 1 0 1 0 
1 1 0 1 0 0 0 1 1 0 1 0 

JOBS [12] - [6, 7, 0, 10, 8, 9, 3, 12, 5, 14, 13, 1]
TOOL SWITCHES : 5
MAKESPAN : 87

# -------------------------- #

--- TOTAL TOOL SWITCHES : 5
--- HIGHEST MAKESPAN : 87
--- TOTAL FLOWTIME : 603
--- RUNNING TIME : 1.25784

# -------------------------- #
RUN : 1 - instancias_txt/SSP-NPM-I/ins137_m=3_j=15_t=20_var=17.txt

- MACHINE [0]

0 
0 
0 
0 
0 
0 
0 
1 
1 
0 
0 
1 
0 
1 
0 
0 
1 
0 
1 
0 

JOBS [1] - [7]
TOOL SWITCHES : 0
MAKESPAN : 2

- MACHINE [1]

0 0 0 
0 0 1 
0 1 0 
1 1 1 
0 0 0 
1 1 0 
0 0 0 
0 0 0 
0 0 0 
0 0 0 
0 0 0 
1 1 0 
1 1 1 
1 0 0 
1 1 1 
0 0 1 
0 0 0 
1 0 0 
0 0 0 
0 0 0 

JOBS [3] - [0, 14, 9]
TOOL SWITCHES : 0
MAKESPAN : 15

- MACHINE [2]

1 0 0 0 1 0 1 0 1 1 0 
0 0 1 1 0 0 1 1 1 0 1 
1 0 1 1 0 0 0 1 0 0 1 
0 0 0 0 0 1 0 0 1 0 1 
0 0 0 0 1 1 0 0 0 0 0 
1 0 1 0 1 0 0 0 1 0 0 
0 0 0 0 0 0 0 0 1 1 0 
0 0 0 0 1 1 0 1 0 0 0 
0 1 1 1 0 0 0 1 0 0 0 
1 1 1 0 0 1 1 0 0 1 0 
0 0 0 0 0 0 0 0 0 0 0 
0 1 0 1 0 0 0 0 0 0 0 
0 0 0 0 0 0 1 1 0 1 0 
0 0 0 0 0 0 0 0 0 0 0 
1 0 0 0 0 1 0 0 0 1 1 
1 0 0 1 1 0 0 0 0 0 0 
0 0 0 0 0 0 0 0 0 0 0 
0 0 0 0 0 1 1 0 0 0 1 
1 1 0 1 0 0 0 0 0 1 0 
0 1 1 0 1 0 1 1 0 0 0 

JOBS [11] - [12, 5, 2, 6, 3, 8, 10, 13, 11, 1, 4]
TOOL SWITCHES : 4
MAKESPAN : 65

# -------------------------- #

--- TOTAL TOOL SWITCHES : 4
--- HIGHEST MAKESPAN : 65
--- TOTAL FLOWTIME : 394
--- RUNNING TIME : 1.27701

# -------------------------- #
RUN : 1 - instancias_txt/SSP-NPM-I/ins138_m=3_j=15_t=20_var=18.txt

- MACHINE [0]

0 
0 
0 
0 
1 
1 
1 
0 
0 
1 
1 
1 
0 
0 
0 
0 
0 
0 
1 
0 

JOBS [1] - [7]
TOOL SWITCHES : 0
MAKESPAN : 3

- MACHINE [1]

0 1 
0 0 
0 1 
0 0 
1 0 
0 1 
0 0 
0 0 
0 0 
0 0 
1 0 
1 0 
0 0 
1 1 
0 0 
1 1 
0 0 
0 0 
0 1 
1 0 

JOBS [2] - [4, 9]
TOOL SWITCHES : 0
MAKESPAN : 5

- MACHINE [2]

0 0 1 0 0 0 0 1 1 1 0 0 
0 0 0 0 0 1 1 0 0 1 1 1 
0 1 1 0 1 1 0 0 0 0 0 1 
0 0 0 0 1 0 1 1 0 1 0 0 
0 0 0 0 0 0 0 1 0 0 1 1 
0 1 1 0 0 1 0 0 1 1 1 1 
0 0 1 0 1 0 1 0 0 0 0 0 
0 1 1 1 1 0 1 0 0 0 0 1 
0 0 0 1 1 1 0 0 0 0 0 0 
0 1 0 1 0 0 0 0 0 0 0 0 
1 0 0 0 0 0 1 0 1 0 0 0 
0 1 1 1 0 0 0 0 0 0 0 0 
0 0 0 0 0 1 0 1 1 0 1 0 
1 0 0 1 0 1 0 0 1 0 0 0 
0 0 0 0 0 0 1 1 0 0 0 0 
1 1 0 0 1 0 0 0 0 0 0 0 
1 0 0 1 0 0 1 0 0 1 0 0 
0 0 0 0 0 0 0 0 0 0 0 0 
0 0 0 0 0 0 0 0 0 0 0 0 
1 0 0 1 1 0 0 0 0 0 1 0 

JOBS [12] - [3, 13, 11, 8, 6, 12, 0, 5, 10, 14, 2, 1]
TOOL SWITCHES : 5
MAKESPAN : 76

# -------------------------- #

--- TOTAL TOOL SWITCHES : 5
--- HIGHEST MAKESPAN : 76
--- TOTAL FLOWTIME : 557
--- RUNNING TIME : 1.32263

# -------------------------- #
RUN : 1 - instancias_txt/SSP-NPM-I/ins139_m=3_j=15_t=20_var=19.txt

- MACHINE [0]

0 
1 
1 
1 
0 
0 
0 
1 
0 
0 
1 
0 
0 
1 
0 
0 
1 
0 
0 
0 

JOBS [1] - [3]
TOOL SWITCHES : 0
MAKESPAN : 4

- MACHINE [1]

0 1 
1 1 
0 0 
1 1 
0 1 
0 0 
0 0 
0 0 
0 0 
0 0 
1 0 
0 1 
1 0 
0 0 
1 0 
0 0 
0 0 
1 0 
1 1 
0 0 

JOBS [2] - [7, 11]
TOOL SWITCHES : 0
MAKESPAN : 9

- MACHINE [2]

1 1 1 0 0 0 0 0 1 1 0 1 
0 0 0 0 0 0 0 0 0 0 1 0 
0 0 0 0 1 1 0 1 0 0 0 1 
0 0 0 0 0 0 0 0 0 0 0 0 
0 0 0 0 0 1 1 0 0 0 0 0 
0 0 0 0 0 0 0 0 0 0 0 0 
1 1 1 1 0 0 1 1 0 0 0 1 
0 1 0 0 1 0 0 1 1 1 0 0 
0 0 0 0 0 0 0 1 1 0 1 0 
1 0 1 0 0 1 0 0 0 1 1 1 
0 1 0 0 0 0 1 0 1 1 1 0 
0 0 0 0 0 0 1 1 0 0 0 0 
0 0 1 1 0 1 0 0 1 0 0 0 
1 0 0 1 1 1 0 0 0 1 0 1 
0 1 0 1 0 0 0 0 0 0 0 0 
0 0 0 1 1 0 1 0 1 1 0 1 
1 1 1 1 0 1 0 0 0 0 0 0 
0 0 0 1 0 0 1 0 0 0 1 0 
0 0 1 0 1 0 1 1 0 0 1 0 
0 0 0 0 0 0 0 0 0 1 1 1 

JOBS [12] - [13, 1, 0, 6, 4, 8, 10, 14, 9, 5, 2, 12]
TOOL SWITCHES : 5
MAKESPAN : 77

# -------------------------- #

--- TOTAL TOOL SWITCHES : 5
--- HIGHEST MAKESPAN : 77
--- TOTAL FLOWTIME : 466
--- RUNNING TIME : 1.14819

# -------------------------- #
RUN : 1 - instancias_txt/SSP-NPM-I/ins140_m=3_j=15_t=20_var=20.txt

- MACHINE [0]

0 1 
0 0 
0 0 
0 0 
0 0 
0 0 
0 0 
0 1 
0 0 
1 0 
1 1 
1 0 
0 0 
0 1 
1 0 
0 0 
0 0 
0 0 
1 1 
0 0 

JOBS [2] - [2, 3]
TOOL SWITCHES : 1
MAKESPAN : 8

- MACHINE [1]

1 0 0 1 0 0 1 0 1 
0 1 1 1 0 1 0 1 0 
0 0 0 0 0 1 0 1 1 
0 0 0 0 0 0 0 1 1 
0 0 0 0 0 0 0 0 0 
0 0 0 0 1 0 1 0 1 
0 0 0 1 1 0 1 1 0 
1 0 0 0 1 1 0 1 1 
0 0 0 0 1 1 0 0 0 
0 1 1 0 1 1 0 0 0 
0 1 0 0 0 1 1 1 0 
0 0 0 0 0 0 0 0 0 
0 1 1 1 0 0 0 0 0 
0 0 0 0 0 0 0 0 1 
0 1 1 1 0 0 0 0 0 
1 0 0 0 0 0 0 0 0 
1 0 1 0 0 1 1 0 1 
0 0 0 0 0 0 0 0 0 
1 0 0 0 1 0 0 0 0 
1 1 1 0 0 0 0 0 0 

JOBS [9] - [0, 7, 8, 1, 6, 4, 13, 5, 10]
TOOL SWITCHES : 7
MAKESPAN : 83

- MACHINE [2]

0 0 0 0 
0 0 0 0 
0 1 0 0 
1 0 1 0 
0 1 0 1 
0 0 0 0 
1 0 0 0 
0 0 0 0 
1 0 1 1 
0 0 0 1 
0 0 0 0 
0 0 0 0 
1 1 0 0 
0 0 0 1 
1 1 0 1 
1 0 1 1 
0 1 1 1 
0 0 1 0 
0 0 1 0 
0 0 0 0 

JOBS [4] - [12, 11, 9, 14]
TOOL SWITCHES : 0
MAKESPAN : 16

# -------------------------- #

--- TOTAL TOOL SWITCHES : 8
--- HIGHEST MAKESPAN : 83
--- TOTAL FLOWTIME : 471
--- RUNNING TIME : 0.808585

# -------------------------- #


avg : 5.1
