RUN : 1 - instancias_txt/SSP-NPM-I/ins121_m=3_j=15_t=20_var=1.txt

- MACHINE [0]

1 
0 
1 
0 
1 
1 
1 
0 
0 
0 
0 
0 
0 
1 
0 
0 
1 
0 
0 
0 

JOBS [1] - [9]
TOOL SWITCHES : 0
MAKESPAN : 6

- MACHINE [1]

0 0 
1 1 
1 0 
0 0 
0 0 
0 0 
0 0 
1 0 
0 1 
0 0 
0 0 
1 0 
1 1 
0 1 
1 1 
1 0 
0 0 
0 0 
0 1 
0 0 

JOBS [2] - [5, 1]
TOOL SWITCHES : 0
MAKESPAN : 13

- MACHINE [2]

1 0 0 0 0 0 0 1 0 0 1 1 
0 0 0 0 0 0 0 1 1 0 1 0 
0 0 0 0 0 0 0 0 0 0 0 0 
0 1 0 0 0 0 1 0 0 0 0 1 
0 1 0 1 1 0 1 0 0 1 0 1 
0 0 0 0 0 0 1 0 1 1 0 0 
0 1 0 1 0 1 0 0 0 0 0 0 
0 1 1 0 1 0 0 0 0 0 0 0 
1 0 0 1 0 0 0 0 0 0 0 0 
0 0 1 1 1 0 0 0 0 0 0 0 
0 0 0 0 1 1 0 1 1 0 0 0 
0 1 1 0 0 0 0 0 0 0 1 1 
0 0 1 1 0 1 0 0 1 1 0 0 
1 0 1 0 0 0 0 0 0 0 0 0 
1 1 0 0 1 1 0 0 1 1 0 0 
0 0 0 0 0 0 0 0 1 1 1 0 
0 0 0 1 0 0 1 1 0 0 1 1 
0 0 0 0 0 1 1 1 0 1 1 1 
1 0 1 0 1 1 0 0 1 1 0 1 
0 1 1 1 0 0 1 1 0 0 0 0 

JOBS [12] - [13, 2, 12, 7, 11, 10, 0, 6, 4, 3, 8, 14]
TOOL SWITCHES : 6
MAKESPAN : 96

# -------------------------- #

--- TOTAL TOOL SWITCHES : 6
--- HIGHEST MAKESPAN : 96
--- TOTAL FLOWTIME : 589
--- RUNNING TIME : 1.46852

# -------------------------- #
RUN : 1 - instancias_txt/SSP-NPM-I/ins122_m=3_j=15_t=20_var=2.txt

- MACHINE [0]

0 0 
0 0 
0 0 
0 0 
1 1 
0 0 
0 0 
1 1 
0 0 
0 0 
0 0 
0 0 
1 1 
0 0 
0 0 
1 1 
0 1 
1 0 
0 1 
0 0 

JOBS [2] - [9, 13]
TOOL SWITCHES : 0
MAKESPAN : 11

- MACHINE [1]

1 0 1 
0 0 0 
0 0 1 
0 0 0 
1 1 0 
1 0 1 
0 0 0 
0 0 0 
0 0 0 
1 1 0 
1 1 0 
0 0 0 
0 0 0 
1 0 0 
0 0 0 
0 0 1 
0 1 1 
0 0 0 
0 1 1 
0 0 0 

JOBS [3] - [7, 8, 14]
TOOL SWITCHES : 0
MAKESPAN : 8

- MACHINE [2]

0 0 1 1 1 0 0 0 0 0 
0 1 1 0 0 0 0 0 0 1 
0 1 0 1 0 1 1 1 1 0 
0 0 0 0 0 0 1 0 0 1 
0 0 0 0 0 0 0 1 1 0 
0 1 0 0 0 1 0 0 0 1 
1 0 1 0 0 0 1 0 0 0 
0 0 0 0 0 0 0 1 0 0 
0 1 0 1 0 1 1 0 1 0 
1 1 1 0 0 0 0 0 0 0 
0 0 0 0 0 0 0 0 0 0 
1 0 0 0 1 1 0 0 0 0 
0 0 0 0 0 0 0 0 0 0 
0 0 0 0 0 1 0 0 1 1 
1 0 0 0 1 0 1 0 0 0 
0 1 0 0 1 0 1 0 1 1 
0 0 0 1 0 1 0 1 1 0 
1 0 1 0 1 0 0 0 0 0 
0 0 0 0 0 0 0 0 0 0 
0 1 0 1 1 1 1 1 0 0 

JOBS [10] - [4, 6, 5, 12, 11, 2, 0, 3, 1, 10]
TOOL SWITCHES : 4
MAKESPAN : 77

# -------------------------- #

--- TOTAL TOOL SWITCHES : 4
--- HIGHEST MAKESPAN : 77
--- TOTAL FLOWTIME : 381
--- RUNNING TIME : 1.13796

# -------------------------- #
RUN : 1 - instancias_txt/SSP-NPM-I/ins123_m=3_j=15_t=20_var=3.txt

- MACHINE [0]

1 
0 
1 
0 
0 
0 
1 
0 
0 
1 
0 
0 
0 
1 
1 
0 
0 
0 
0 
1 

JOBS [1] - [13]
TOOL SWITCHES : 0
MAKESPAN : 10

- MACHINE [1]

0 0 0 
0 0 0 
0 0 0 
1 1 0 
0 0 0 
1 1 1 
0 1 0 
0 0 0 
1 1 0 
0 0 1 
1 1 0 
0 0 0 
0 0 1 
1 0 1 
0 0 0 
0 0 0 
0 1 0 
0 0 0 
0 1 1 
0 0 0 

JOBS [3] - [9, 7, 8]
TOOL SWITCHES : 0
MAKESPAN : 15

- MACHINE [2]

0 0 0 0 0 0 0 0 0 0 0 
0 1 0 0 1 0 1 0 1 1 0 
0 1 0 0 0 0 0 0 0 0 0 
0 0 0 0 1 1 1 1 0 1 0 
1 0 0 1 0 0 1 0 0 0 1 
1 1 0 1 0 1 1 1 0 0 0 
0 0 1 1 0 0 0 0 0 0 0 
1 1 1 1 0 1 0 1 0 1 1 
0 0 0 0 0 0 0 0 0 0 0 
0 0 0 0 1 0 0 0 0 1 0 
0 0 0 1 0 0 0 0 1 0 1 
1 0 1 0 0 0 0 0 0 0 1 
0 0 0 0 0 0 0 0 0 0 1 
0 0 0 0 0 0 0 0 1 1 1 
1 0 0 1 0 1 0 1 0 0 0 
1 1 0 0 1 0 0 0 1 1 0 
0 0 1 0 1 1 1 1 1 0 0 
0 0 0 0 0 0 0 1 0 1 1 
0 0 0 0 0 0 0 0 0 0 0 
0 1 1 0 1 0 0 0 0 0 0 

JOBS [11] - [11, 6, 4, 3, 5, 2, 12, 14, 10, 1, 0]
TOOL SWITCHES : 4
MAKESPAN : 85

# -------------------------- #

--- TOTAL TOOL SWITCHES : 4
--- HIGHEST MAKESPAN : 85
--- TOTAL FLOWTIME : 571
--- RUNNING TIME : 1.11271

# -------------------------- #
RUN : 1 - instancias_txt/SSP-NPM-I/ins124_m=3_j=15_t=20_var=4.txt

- MACHINE [0]

0 
1 
0 
0 
1 
1 
0 
0 
0 
1 
0 
0 
0 
0 
1 
0 
0 
0 
0 
0 

JOBS [1] - [6]
TOOL SWITCHES : 0
MAKESPAN : 7

- MACHINE [1]

0 0 0 1 
0 0 0 0 
0 0 1 0 
0 0 0 0 
0 0 0 0 
0 0 0 0 
0 1 0 1 
0 0 0 0 
1 1 0 0 
0 0 0 0 
1 0 0 1 
1 1 1 0 
0 0 1 0 
0 0 1 1 
1 1 1 0 
0 1 0 1 
0 0 0 0 
1 0 1 0 
0 0 0 0 
0 0 0 0 

JOBS [4] - [10, 3, 8, 0]
TOOL SWITCHES : 1
MAKESPAN : 36

- MACHINE [2]

0 1 0 1 0 0 0 0 1 1 
1 1 1 0 0 1 0 0 0 0 
0 0 0 1 1 1 0 1 1 1 
0 0 0 0 0 0 0 1 1 1 
0 0 0 0 0 0 0 0 0 0 
0 0 0 0 0 0 0 1 0 0 
1 1 1 0 0 0 0 1 0 1 
1 0 0 0 0 1 1 0 1 0 
0 1 0 0 0 1 1 1 0 0 
0 0 0 1 1 1 1 0 0 0 
0 0 0 1 1 1 0 0 1 0 
0 0 1 0 1 0 1 0 1 0 
0 0 0 1 0 0 1 0 0 1 
1 0 1 0 0 0 0 0 0 0 
0 0 0 0 0 0 0 0 0 0 
0 0 0 0 0 0 0 0 0 0 
1 0 0 1 0 0 0 1 0 0 
0 0 0 0 0 0 0 0 0 0 
1 0 1 1 0 0 1 1 0 0 
0 1 1 0 1 0 0 0 1 0 

JOBS [10] - [2, 7, 12, 14, 5, 11, 13, 1, 4, 9]
TOOL SWITCHES : 3
MAKESPAN : 63

# -------------------------- #

--- TOTAL TOOL SWITCHES : 4
--- HIGHEST MAKESPAN : 63
--- TOTAL FLOWTIME : 389
--- RUNNING TIME : 1.14177

# -------------------------- #
RUN : 1 - instancias_txt/SSP-NPM-I/ins125_m=3_j=15_t=20_var=5.txt

- MACHINE [0]

0 
0 
1 
0 
0 
0 
1 
1 
1 
0 
1 
0 
0 
0 
0 
1 
1 
0 
0 
0 

JOBS [1] - [9]
TOOL SWITCHES : 0
MAKESPAN : 9

- MACHINE [1]

1 1 
1 0 
1 0 
0 1 
0 0 
1 0 
0 0 
0 0 
0 1 
0 1 
0 0 
0 0 
0 0 
0 0 
0 0 
1 0 
1 1 
0 0 
1 1 
0 0 

JOBS [2] - [5, 2]
TOOL SWITCHES : 0
MAKESPAN : 7

- MACHINE [2]

0 0 0 0 0 1 1 0 1 0 0 1 
0 0 0 1 0 0 0 0 1 0 0 1 
0 0 0 0 0 0 0 0 0 0 0 0 
0 0 1 1 0 1 0 0 0 1 0 0 
0 0 0 0 0 0 0 1 1 1 0 1 
0 0 0 1 1 1 1 1 0 0 0 0 
1 1 1 1 1 0 0 0 0 0 0 0 
1 1 1 1 0 0 0 0 0 0 0 0 
0 0 0 0 1 0 1 0 0 1 0 1 
0 0 1 0 1 0 0 0 0 0 1 1 
1 0 0 0 0 0 1 0 0 0 0 0 
0 1 0 0 0 0 0 1 1 0 0 0 
0 0 1 0 0 0 1 0 0 0 1 0 
1 0 0 1 1 1 1 0 0 1 1 0 
0 0 0 0 0 0 0 0 0 1 1 0 
0 1 0 0 0 1 0 0 1 0 1 0 
1 1 0 0 0 0 0 0 0 0 0 0 
1 0 1 0 0 0 0 1 1 0 0 1 
0 0 0 0 0 0 0 0 0 0 1 0 
0 1 0 1 0 0 1 1 1 1 0 0 

JOBS [12] - [4, 1, 11, 8, 13, 10, 0, 12, 14, 6, 7, 3]
TOOL SWITCHES : 6
MAKESPAN : 86

# -------------------------- #

--- TOTAL TOOL SWITCHES : 6
--- HIGHEST MAKESPAN : 86
--- TOTAL FLOWTIME : 581
--- RUNNING TIME : 1.32602

# -------------------------- #
RUN : 1 - instancias_txt/SSP-NPM-I/ins126_m=3_j=15_t=20_var=6.txt

- MACHINE [0]

1 
0 
1 
0 
0 
1 
1 
1 
1 
0 
0 
0 
1 
0 
0 
0 
0 
0 
0 
0 

JOBS [1] - [12]
TOOL SWITCHES : 0
MAKESPAN : 5

- MACHINE [1]

0 
0 
1 
0 
1 
0 
0 
0 
0 
0 
1 
1 
0 
0 
0 
0 
0 
0 
1 
0 

JOBS [1] - [4]
TOOL SWITCHES : 0
MAKESPAN : 1

- MACHINE [2]

1 0 0 1 1 1 0 0 0 0 0 0 0 
0 0 1 0 1 1 1 0 0 0 0 0 0 
0 0 0 0 0 0 0 0 0 0 0 0 0 
0 0 0 1 0 1 0 0 0 1 0 1 0 
0 0 0 0 0 0 0 1 0 1 1 0 0 
0 1 1 0 0 0 0 0 0 0 0 0 0 
1 0 0 0 1 0 0 0 0 0 0 1 1 
1 0 1 0 1 0 0 1 1 1 0 0 1 
0 0 0 0 0 0 0 0 0 1 1 1 0 
0 0 0 0 0 0 0 1 0 1 1 0 1 
1 1 0 1 0 1 1 1 0 0 0 0 0 
0 0 0 0 0 0 0 0 1 1 0 1 0 
0 1 0 1 0 1 0 0 0 0 1 0 0 
0 0 0 1 0 0 0 0 1 0 0 0 1 
0 1 0 0 1 0 1 1 1 0 0 1 1 
0 1 1 0 0 1 1 0 0 0 1 0 0 
0 0 0 0 0 0 1 0 1 0 0 0 0 
1 0 1 0 0 0 0 0 1 0 0 0 0 
0 1 0 1 1 0 1 1 0 1 0 0 0 
1 0 0 1 0 1 1 0 0 0 0 0 0 

JOBS [13] - [1, 0, 9, 7, 10, 5, 3, 13, 2, 8, 6, 14, 11]
TOOL SWITCHES : 6
MAKESPAN : 85

# -------------------------- #

--- TOTAL TOOL SWITCHES : 6
--- HIGHEST MAKESPAN : 85
--- TOTAL FLOWTIME : 621
--- RUNNING TIME : 1.40921

# -------------------------- #
RUN : 1 - instancias_txt/SSP-NPM-I/ins127_m=3_j=15_t=20_var=7.txt

- MACHINE [0]

0 0 
0 0 
1 0 
0 0 
0 0 
1 1 
1 1 
1 0 
0 1 
1 1 
0 0 
0 0 
0 0 
0 0 
0 0 
0 0 
0 0 
0 0 
1 1 
0 0 

JOBS [2] - [10, 14]
TOOL SWITCHES : 0
MAKESPAN : 13

- MACHINE [1]

0 1 1 
1 0 1 
1 0 0 
1 1 1 
1 0 0 
0 0 0 
0 1 1 
1 1 1 
0 0 0 
0 0 0 
1 0 0 
0 0 0 
0 1 0 
0 0 0 
0 0 0 
0 0 0 
0 0 0 
0 0 0 
0 0 0 
0 0 1 

JOBS [3] - [2, 1, 12]
TOOL SWITCHES : 0
MAKESPAN : 16

- MACHINE [2]

0 1 1 1 0 0 0 0 0 0 
0 1 1 0 1 0 0 0 0 1 
0 0 0 0 0 0 0 0 0 0 
1 1 1 0 0 0 0 0 0 0 
0 0 0 0 0 0 0 0 0 0 
0 0 1 0 0 1 1 1 0 1 
0 0 0 0 0 0 0 1 1 0 
1 0 0 0 0 0 1 0 0 0 
1 0 0 0 1 1 0 0 0 0 
0 0 0 0 0 0 0 0 0 0 
0 1 1 1 1 0 0 1 1 0 
0 0 0 0 0 1 1 0 0 1 
0 0 0 0 0 0 1 0 1 1 
0 0 0 1 1 0 0 1 1 0 
1 0 0 0 1 1 0 0 0 0 
1 1 0 1 1 1 0 0 0 0 
1 0 0 1 0 0 0 0 0 1 
0 0 0 0 1 0 0 1 1 0 
0 0 0 1 0 1 0 0 1 0 
0 1 0 0 0 1 1 0 0 0 

JOBS [10] - [13, 3, 11, 7, 8, 0, 9, 6, 5, 4]
TOOL SWITCHES : 4
MAKESPAN : 66

# -------------------------- #

--- TOTAL TOOL SWITCHES : 4
--- HIGHEST MAKESPAN : 66
--- TOTAL FLOWTIME : 400
--- RUNNING TIME : 1.03496

# -------------------------- #
RUN : 1 - instancias_txt/SSP-NPM-I/ins128_m=3_j=15_t=20_var=8.txt

- MACHINE [0]

0 
0 
0 
1 
0 
0 
0 
1 
1 
1 
0 
1 
1 
0 
0 
0 
0 
0 
0 
1 

JOBS [1] - [4]
TOOL SWITCHES : 0
MAKESPAN : 1

- MACHINE [1]

0 0 0 
0 0 0 
0 0 0 
0 0 1 
0 0 0 
0 1 1 
0 0 0 
0 0 0 
0 0 0 
0 0 0 
0 1 1 
0 1 0 
1 0 0 
0 0 1 
1 1 1 
1 1 0 
0 0 0 
1 0 1 
1 1 1 
0 0 0 

JOBS [3] - [1, 14, 12]
TOOL SWITCHES : 0
MAKESPAN : 9

- MACHINE [2]

1 0 0 1 0 1 0 0 1 1 0 
0 0 0 0 1 1 1 0 0 0 1 
1 0 1 0 0 0 0 0 0 0 0 
0 0 0 0 1 0 0 0 0 0 1 
1 1 0 0 0 0 0 1 1 0 1 
0 0 0 0 0 0 0 0 1 1 0 
0 0 0 0 0 0 1 0 1 0 0 
1 0 0 0 0 0 1 0 0 1 0 
1 1 1 1 1 0 0 0 0 0 0 
0 1 1 0 1 1 0 0 0 0 0 
0 0 0 0 0 1 0 1 0 0 0 
0 0 0 0 0 0 0 0 0 0 0 
0 0 0 0 0 0 0 0 1 0 1 
0 0 1 1 1 1 1 0 0 0 0 
0 0 0 1 1 0 0 0 1 1 1 
1 1 1 0 0 0 1 0 0 0 0 
1 0 0 1 1 0 0 1 0 0 0 
0 1 0 0 0 0 0 0 0 0 0 
0 0 0 0 0 1 1 1 0 1 1 
0 0 1 1 0 0 0 1 0 1 0 

JOBS [11] - [10, 6, 13, 11, 9, 0, 7, 3, 5, 8, 2]
TOOL SWITCHES : 6
MAKESPAN : 88

# -------------------------- #

--- TOTAL TOOL SWITCHES : 6
--- HIGHEST MAKESPAN : 88
--- TOTAL FLOWTIME : 515
--- RUNNING TIME : 1.39167

# -------------------------- #
RUN : 1 - instancias_txt/SSP-NPM-I/ins129_m=3_j=15_t=20_var=9.txt

- MACHINE [0]

0 
0 
0 
0 
1 
0 
1 
0 
1 
1 
0 
0 
0 
0 
1 
0 
1 
0 
0 
0 

JOBS [1] - [2]
TOOL SWITCHES : 0
MAKESPAN : 9

- MACHINE [1]

1 0 0 
0 1 1 
0 0 0 
1 1 0 
0 0 0 
0 0 0 
0 0 0 
0 0 1 
0 0 0 
0 0 0 
1 1 1 
1 1 0 
0 0 0 
0 0 0 
1 1 0 
0 0 0 
0 0 1 
0 0 0 
0 0 1 
0 0 0 

JOBS [3] - [9, 4, 3]
TOOL SWITCHES : 0
MAKESPAN : 16

- MACHINE [2]

0 0 0 0 0 1 0 0 0 0 1 
1 0 0 0 0 0 0 0 1 0 0 
1 0 0 0 0 1 0 1 0 0 0 
0 0 0 0 1 0 0 0 0 0 0 
0 0 0 0 0 0 0 1 1 1 0 
0 1 1 1 1 0 0 0 0 0 0 
0 0 0 0 0 0 0 0 0 0 0 
0 0 0 0 1 0 1 0 0 1 1 
0 1 0 1 0 0 0 1 0 1 0 
0 0 0 1 0 0 0 0 0 0 0 
0 0 0 0 0 0 0 0 0 0 0 
1 0 1 1 0 0 0 0 0 0 0 
0 1 0 0 0 1 1 1 0 1 0 
0 0 1 1 1 1 0 0 1 0 0 
1 0 0 0 0 0 0 0 1 1 0 
1 0 1 0 0 0 0 0 0 0 0 
0 1 0 0 1 0 1 0 1 0 1 
0 1 1 0 0 1 1 1 0 1 1 
0 0 0 1 1 0 1 1 0 0 1 
0 1 1 0 1 1 1 0 0 0 0 

JOBS [11] - [14, 0, 12, 1, 7, 10, 11, 13, 8, 5, 6]
TOOL SWITCHES : 5
MAKESPAN : 64

# -------------------------- #

--- TOTAL TOOL SWITCHES : 5
--- HIGHEST MAKESPAN : 64
--- TOTAL FLOWTIME : 429
--- RUNNING TIME : 1.33243

# -------------------------- #
RUN : 1 - instancias_txt/SSP-NPM-I/ins130_m=3_j=15_t=20_var=10.txt

- MACHINE [0]

0 
1 
1 
0 
1 
0 
1 
0 
0 
0 
0 
0 
0 
0 
1 
0 
0 
0 
1 
1 

JOBS [1] - [11]
TOOL SWITCHES : 0
MAKESPAN : 8

- MACHINE [1]

1 1 1 
0 0 0 
0 0 1 
0 0 1 
0 0 0 
0 1 0 
0 0 0 
1 0 0 
1 1 1 
0 0 0 
0 0 0 
0 0 0 
0 0 1 
0 0 1 
0 0 0 
1 0 0 
1 1 0 
0 0 0 
0 0 0 
1 1 1 

JOBS [3] - [5, 13, 4]
TOOL SWITCHES : 1
MAKESPAN : 18

- MACHINE [2]

0 0 0 0 0 1 1 0 1 0 1 
0 1 1 1 0 0 0 1 0 0 1 
0 0 0 0 0 0 1 0 1 1 0 
0 0 0 0 0 0 0 0 0 0 0 
1 0 1 0 0 0 0 0 0 0 0 
0 1 0 0 0 0 0 0 1 0 1 
0 0 0 0 0 0 0 0 0 0 0 
0 1 0 1 0 1 0 0 0 1 1 
0 0 0 1 0 0 0 0 0 0 0 
0 0 1 0 0 1 1 1 0 0 1 
1 0 0 1 0 0 0 0 1 1 0 
0 0 0 0 1 1 0 0 0 0 0 
1 1 0 0 1 0 1 1 0 1 0 
1 1 1 0 0 1 1 0 0 1 0 
1 1 0 1 1 0 0 0 0 0 0 
1 0 0 0 1 1 0 1 1 0 0 
1 1 0 0 0 0 1 1 0 1 0 
0 0 1 1 0 0 0 1 0 1 0 
0 0 0 0 1 0 0 0 1 0 0 
0 0 0 0 0 0 0 0 0 0 0 

JOBS [11] - [3, 0, 7, 10, 6, 8, 1, 9, 14, 2, 12]
TOOL SWITCHES : 4
MAKESPAN : 77

# -------------------------- #

--- TOTAL TOOL SWITCHES : 5
--- HIGHEST MAKESPAN : 77
--- TOTAL FLOWTIME : 461
--- RUNNING TIME : 1.30903

# -------------------------- #
RUN : 1 - instancias_txt/SSP-NPM-I/ins131_m=3_j=15_t=20_var=11.txt

- MACHINE [0]

0 1 
0 0 
0 0 
1 0 
1 1 
1 1 
0 0 
0 0 
0 0 
0 0 
1 1 
0 0 
0 0 
0 0 
0 0 
0 0 
1 0 
0 0 
0 0 
1 1 

JOBS [2] - [8, 12]
TOOL SWITCHES : 0
MAKESPAN : 5

- MACHINE [1]

0 0 
1 0 
0 1 
0 0 
1 1 
0 0 
0 0 
0 0 
0 0 
0 0 
0 0 
0 1 
1 1 
0 0 
0 1 
0 1 
0 0 
1 0 
0 1 
1 0 

JOBS [2] - [10, 5]
TOOL SWITCHES : 0
MAKESPAN : 8

- MACHINE [2]

0 0 1 1 1 1 0 0 1 0 0 
1 1 0 1 0 1 0 0 0 0 0 
0 0 0 0 0 0 0 0 0 0 0 
1 0 1 0 0 0 0 0 0 0 0 
0 1 1 0 0 0 0 0 0 0 1 
0 0 0 0 0 0 0 0 0 1 1 
1 0 0 1 0 0 0 0 0 1 0 
0 0 0 0 0 0 0 1 0 1 1 
0 0 0 0 1 1 0 1 1 0 0 
0 1 0 0 0 0 1 0 1 1 0 
0 1 0 0 1 1 0 1 0 1 0 
0 0 1 1 1 0 1 0 0 0 0 
0 0 1 1 0 0 0 0 0 1 0 
1 0 1 0 0 0 1 0 1 0 0 
1 1 0 0 1 1 1 1 0 0 0 
0 1 0 1 1 0 0 0 0 0 0 
0 0 0 0 0 0 1 1 1 0 0 
0 0 0 0 0 0 0 0 0 0 0 
0 0 1 1 0 0 0 1 0 0 1 
0 0 0 0 0 1 1 0 1 1 1 

JOBS [11] - [4, 11, 0, 6, 14, 7, 2, 13, 3, 1, 9]
TOOL SWITCHES : 5
MAKESPAN : 80

# -------------------------- #

--- TOTAL TOOL SWITCHES : 5
--- HIGHEST MAKESPAN : 80
--- TOTAL FLOWTIME : 471
--- RUNNING TIME : 1.31433

# -------------------------- #
RUN : 1 - instancias_txt/SSP-NPM-I/ins132_m=3_j=15_t=20_var=12.txt

- MACHINE [0]

0 
0 
0 
0 
0 
0 
1 
0 
0 
0 
0 
1 
0 
1 
1 
0 
1 
0 
1 
0 

JOBS [1] - [13]
TOOL SWITCHES : 0
MAKESPAN : 1

- MACHINE [1]

1 0 0 1 1 1 1 1 0 1 
0 0 0 0 0 0 1 0 1 1 
0 0 0 0 0 0 0 0 0 0 
0 1 0 1 1 1 0 1 1 1 
1 1 1 0 1 0 0 0 0 0 
0 0 0 0 0 0 0 0 0 0 
0 0 0 0 0 0 0 1 1 0 
0 0 1 1 1 1 0 0 0 1 
1 1 1 1 0 0 1 0 0 0 
0 0 0 0 0 0 0 0 1 1 
1 1 0 0 0 0 0 0 0 0 
0 0 0 0 1 1 0 1 0 0 
0 0 1 0 0 0 0 0 0 0 
0 0 0 0 0 1 1 1 1 0 
1 0 0 0 0 0 1 0 0 1 
1 0 0 1 0 0 0 0 1 0 
0 0 0 0 1 1 0 0 0 0 
0 1 1 0 0 0 0 0 0 0 
0 0 0 0 0 0 0 0 0 0 
0 1 0 0 0 0 0 1 0 0 

JOBS [10] - [14, 9, 3, 0, 6, 2, 1, 11, 5, 4]
TOOL SWITCHES : 7
MAKESPAN : 78

- MACHINE [2]

0 0 0 0 
0 0 0 0 
1 1 1 0 
0 0 0 1 
0 0 0 0 
1 0 0 0 
0 1 1 0 
0 0 1 1 
0 0 0 0 
1 0 1 1 
1 1 1 1 
1 0 0 0 
0 0 0 0 
1 0 0 0 
0 1 0 1 
0 0 1 0 
0 0 0 0 
0 1 0 0 
0 0 0 0 
0 0 1 1 

JOBS [4] - [12, 8, 7, 10]
TOOL SWITCHES : 0
MAKESPAN : 24

# -------------------------- #

--- TOTAL TOOL SWITCHES : 7
--- HIGHEST MAKESPAN : 78
--- TOTAL FLOWTIME : 492
--- RUNNING TIME : 0.855169

# -------------------------- #
RUN : 1 - instancias_txt/SSP-NPM-I/ins133_m=3_j=15_t=20_var=13.txt

- MACHINE [0]

0 
0 
1 
0 
0 
0 
1 
0 
0 
0 
0 
0 
0 
1 
0 
0 
0 
1 
1 
0 

JOBS [1] - [14]
TOOL SWITCHES : 0
MAKESPAN : 8

- MACHINE [1]

1 0 0 
0 1 1 
0 1 0 
0 0 0 
0 0 0 
0 0 0 
1 0 1 
1 1 0 
0 0 1 
0 0 0 
0 0 0 
1 1 1 
0 0 0 
0 0 0 
0 0 0 
1 1 0 
0 1 0 
0 0 0 
0 0 0 
0 0 1 

JOBS [3] - [1, 6, 4]
TOOL SWITCHES : 0
MAKESPAN : 18

- MACHINE [2]

0 0 0 0 0 0 1 0 1 0 0 
1 1 1 0 0 0 0 0 0 0 0 
0 0 0 0 0 0 0 0 0 0 0 
0 1 0 0 1 0 0 1 0 0 0 
0 0 1 0 1 1 0 1 0 0 0 
0 0 1 0 0 1 0 0 0 1 1 
0 0 0 0 0 0 0 0 0 0 0 
0 1 0 1 0 1 0 0 0 0 1 
0 0 0 0 1 0 0 0 0 0 0 
0 0 0 0 0 0 0 0 1 1 1 
0 1 0 0 0 0 1 1 0 0 0 
0 1 1 0 1 1 1 1 1 1 1 
0 0 1 1 0 0 0 0 0 0 0 
1 1 1 1 1 0 0 0 0 0 0 
0 0 0 0 0 0 0 1 1 0 1 
0 0 0 0 0 0 0 0 1 0 0 
1 0 0 1 0 0 1 0 0 1 0 
1 0 0 0 0 1 1 0 0 1 0 
1 0 0 1 1 0 0 1 0 0 0 
0 0 0 1 1 1 1 0 0 0 0 

JOBS [11] - [0, 12, 11, 3, 5, 8, 13, 10, 7, 2, 9]
TOOL SWITCHES : 5
MAKESPAN : 91

# -------------------------- #

--- TOTAL TOOL SWITCHES : 5
--- HIGHEST MAKESPAN : 91
--- TOTAL FLOWTIME : 551
--- RUNNING TIME : 1.09231

# -------------------------- #
RUN : 1 - instancias_txt/SSP-NPM-I/ins134_m=3_j=15_t=20_var=14.txt

- MACHINE [0]

0 
0 
1 
1 
0 
0 
0 
0 
1 
1 
0 
0 
0 
0 
0 
1 
0 
1 
0 
1 

JOBS [1] - [11]
TOOL SWITCHES : 0
MAKESPAN : 7

- MACHINE [1]

1 1 
1 0 
0 0 
0 0 
1 0 
0 0 
1 1 
0 0 
0 1 
0 0 
0 0 
0 0 
0 0 
0 0 
0 0 
0 1 
0 0 
1 0 
1 0 
0 1 

JOBS [2] - [8, 4]
TOOL SWITCHES : 0
MAKESPAN : 15

- MACHINE [2]

0 0 0 0 0 0 0 1 0 0 0 1 
1 0 0 1 0 0 0 0 0 0 0 0 
0 0 0 0 0 0 0 0 0 0 0 0 
0 0 0 0 0 0 1 0 1 0 1 0 
0 1 0 1 1 1 0 0 0 0 0 0 
0 0 1 1 0 1 0 0 1 1 0 0 
1 0 0 0 0 0 1 0 0 0 0 1 
1 0 1 1 1 0 1 1 1 0 1 0 
0 0 0 1 0 0 0 0 0 1 1 0 
0 1 1 0 0 0 0 1 1 1 0 0 
0 1 0 0 0 1 0 0 0 1 0 1 
1 0 1 0 1 1 1 1 0 1 0 1 
1 1 0 0 1 1 1 0 0 0 0 0 
0 0 0 0 0 0 0 0 0 1 1 1 
1 0 1 1 0 0 0 0 1 0 1 1 
0 0 0 0 1 1 0 1 0 0 0 0 
0 1 1 0 0 0 0 0 0 0 0 0 
1 1 1 0 0 0 1 1 1 0 0 0 
0 0 0 0 0 0 0 0 0 0 0 0 
0 0 0 0 1 1 1 0 0 0 0 1 

JOBS [12] - [3, 13, 10, 5, 2, 7, 1, 6, 9, 12, 14, 0]
TOOL SWITCHES : 5
MAKESPAN : 84

# -------------------------- #

--- TOTAL TOOL SWITCHES : 5
--- HIGHEST MAKESPAN : 84
--- TOTAL FLOWTIME : 562
--- RUNNING TIME : 1.41996

# -------------------------- #
RUN : 1 - instancias_txt/SSP-NPM-I/ins135_m=3_j=15_t=20_var=15.txt

- MACHINE [0]

0 
0 
0 
0 
1 
0 
1 
0 
1 
0 
0 
0 
0 
1 
1 
0 
0 
1 
0 
0 

JOBS [1] - [13]
TOOL SWITCHES : 0
MAKESPAN : 3

- MACHINE [1]

1 0 1 
0 0 0 
0 1 1 
0 0 0 
0 0 0 
0 1 1 
1 1 0 
0 1 0 
1 0 1 
1 1 0 
0 0 0 
1 0 0 
0 0 0 
0 0 0 
0 0 0 
1 0 1 
0 0 0 
0 0 0 
0 0 0 
0 0 1 

JOBS [3] - [12, 4, 10]
TOOL SWITCHES : 0
MAKESPAN : 16

- MACHINE [2]

0 1 0 0 0 1 1 0 0 0 0 
0 0 0 0 0 0 0 1 1 1 0 
0 0 0 0 1 1 1 0 0 1 0 
1 1 0 1 0 0 0 0 0 0 0 
1 0 1 0 0 0 1 0 0 1 0 
0 0 0 0 0 0 0 0 0 0 0 
1 1 1 0 0 1 1 1 1 0 1 
0 0 0 0 1 0 0 0 1 1 1 
0 0 0 0 0 0 0 0 0 0 0 
1 0 0 0 0 0 0 1 1 0 0 
0 0 1 1 0 0 0 0 0 0 0 
1 1 0 1 1 0 0 0 0 0 0 
0 0 0 0 0 1 1 1 0 0 0 
0 1 0 1 0 1 0 0 0 1 0 
1 0 0 0 0 0 0 0 0 0 1 
0 1 1 0 1 1 0 0 0 0 0 
0 0 1 0 0 0 0 1 0 0 1 
0 0 0 1 1 1 0 1 1 1 1 
1 0 0 1 1 0 0 0 0 0 0 
0 0 0 0 0 0 1 0 0 0 1 

JOBS [11] - [1, 11, 2, 3, 6, 5, 9, 0, 8, 14, 7]
TOOL SWITCHES : 5
MAKESPAN : 101

# -------------------------- #

--- TOTAL TOOL SWITCHES : 5
--- HIGHEST MAKESPAN : 101
--- TOTAL FLOWTIME : 607
--- RUNNING TIME : 1.14601

# -------------------------- #
RUN : 1 - instancias_txt/SSP-NPM-I/ins136_m=3_j=15_t=20_var=16.txt

- MACHINE [0]

0 0 
0 0 
0 1 
1 1 
0 0 
0 0 
0 0 
0 1 
1 1 
0 0 
0 0 
0 0 
0 0 
0 0 
0 0 
0 0 
1 0 
1 0 
0 0 
1 1 

JOBS [2] - [11, 6]
TOOL SWITCHES : 0
MAKESPAN : 7

- MACHINE [1]

1 0 
0 0 
1 1 
0 0 
0 0 
1 1 
1 0 
0 1 
1 1 
1 1 
0 0 
0 0 
0 0 
0 0 
0 0 
0 1 
0 0 
1 0 
0 0 
0 0 

JOBS [2] - [4, 14]
TOOL SWITCHES : 0
MAKESPAN : 12

- MACHINE [2]

0 1 1 0 0 1 1 0 0 0 0 
0 0 0 0 0 0 1 1 0 0 0 
0 0 0 0 0 0 0 0 0 1 1 
1 0 0 1 0 0 1 0 1 0 0 
0 0 1 1 1 0 0 0 0 0 0 
0 0 0 0 1 0 0 1 1 0 1 
1 1 1 1 0 0 0 0 0 0 0 
0 0 1 0 0 1 0 0 1 1 0 
0 0 0 0 0 0 0 0 0 0 0 
0 0 0 0 0 0 0 0 1 0 1 
0 1 0 1 1 1 1 0 1 0 0 
1 0 0 0 1 0 0 1 1 1 0 
1 1 1 1 0 0 1 1 0 0 0 
1 0 0 1 0 1 0 0 0 0 1 
0 0 0 1 1 0 0 1 0 1 1 
1 1 0 0 0 0 1 0 0 1 0 
0 0 0 0 1 0 0 0 0 0 0 
0 0 0 0 0 0 0 0 0 0 0 
0 0 0 0 0 0 0 0 0 1 1 
0 0 1 0 0 1 0 1 0 1 1 

JOBS [11] - [9, 8, 10, 0, 2, 7, 3, 12, 1, 5, 13]
TOOL SWITCHES : 5
MAKESPAN : 76

# -------------------------- #

--- TOTAL TOOL SWITCHES : 5
--- HIGHEST MAKESPAN : 76
--- TOTAL FLOWTIME : 447
--- RUNNING TIME : 1.22535

# -------------------------- #
RUN : 1 - instancias_txt/SSP-NPM-I/ins137_m=3_j=15_t=20_var=17.txt

- MACHINE [0]

0 
0 
0 
0 
0 
0 
0 
1 
1 
0 
0 
1 
0 
1 
0 
0 
1 
0 
1 
0 

JOBS [1] - [7]
TOOL SWITCHES : 0
MAKESPAN : 2

- MACHINE [1]

0 0 0 
1 0 0 
1 1 0 
1 1 1 
0 0 0 
0 1 1 
0 0 0 
0 0 0 
0 0 0 
0 0 0 
0 0 0 
0 1 1 
0 1 1 
0 0 1 
1 1 1 
0 0 0 
0 0 0 
1 0 1 
0 0 0 
0 0 0 

JOBS [3] - [4, 14, 0]
TOOL SWITCHES : 0
MAKESPAN : 20

- MACHINE [2]

0 0 0 0 1 1 1 0 0 1 1 
0 1 1 1 0 0 1 1 0 1 0 
0 1 1 1 1 0 0 0 0 0 0 
0 0 0 0 0 0 0 1 1 1 0 
0 0 0 0 0 0 0 0 1 0 1 
0 1 0 0 1 0 0 0 0 1 1 
0 0 0 0 0 1 0 0 0 1 0 
0 0 0 1 0 0 0 0 1 0 1 
1 1 1 1 0 0 0 0 0 0 0 
1 1 0 0 1 1 1 0 1 0 0 
0 0 0 0 0 0 0 0 0 0 0 
1 0 1 0 0 0 0 0 0 0 0 
0 0 0 1 0 1 1 1 0 0 0 
0 0 0 0 0 0 0 0 0 0 0 
0 0 0 0 1 1 0 1 1 0 0 
0 0 1 0 1 0 0 1 0 0 1 
0 0 0 0 0 0 0 0 0 0 0 
0 0 0 0 0 0 1 0 1 0 0 
1 0 1 0 1 1 0 0 0 0 0 
1 1 0 1 0 0 1 0 0 0 1 

JOBS [11] - [5, 2, 6, 13, 12, 1, 10, 9, 8, 11, 3]
TOOL SWITCHES : 4
MAKESPAN : 70

# -------------------------- #

--- TOTAL TOOL SWITCHES : 4
--- HIGHEST MAKESPAN : 70
--- TOTAL FLOWTIME : 432
--- RUNNING TIME : 1.27549

# -------------------------- #
RUN : 1 - instancias_txt/SSP-NPM-I/ins138_m=3_j=15_t=20_var=18.txt

- MACHINE [0]

1 1 
0 1 
0 0 
1 1 
1 0 
0 1 
0 0 
0 0 
0 0 
0 0 
0 0 
0 0 
1 0 
0 0 
1 0 
0 0 
0 1 
0 0 
0 0 
0 0 

JOBS [2] - [5, 14]
TOOL SWITCHES : 1
MAKESPAN : 14

- MACHINE [1]

0 1 0 1 0 1 0 0 0 
0 0 0 0 0 0 1 1 1 
0 1 1 1 0 0 1 1 0 
0 0 0 0 0 0 0 0 0 
1 0 0 0 1 0 0 1 1 
1 1 1 1 0 1 1 1 1 
1 1 0 0 0 0 0 0 0 
0 1 1 0 0 0 0 1 0 
0 0 0 0 0 0 1 0 0 
1 0 1 0 0 0 0 0 0 
1 0 0 0 1 1 0 0 0 
1 1 1 0 1 0 0 0 0 
0 0 0 0 0 1 1 0 1 
0 0 0 1 1 1 1 0 0 
0 0 0 0 0 0 0 0 0 
0 0 1 1 1 0 0 0 0 
0 0 0 0 0 0 0 0 0 
0 0 0 0 0 0 0 0 0 
1 0 0 1 0 0 0 0 0 
0 0 0 0 1 0 0 0 1 

JOBS [9] - [7, 11, 13, 9, 4, 10, 12, 1, 2]
TOOL SWITCHES : 6
MAKESPAN : 65

- MACHINE [2]

0 0 0 0 
0 0 1 0 
0 1 0 0 
0 1 1 0 
0 0 0 0 
0 0 0 0 
0 1 1 0 
1 1 1 0 
1 1 0 0 
1 0 0 0 
0 0 1 1 
1 0 0 0 
0 0 0 0 
1 0 0 1 
0 0 1 0 
0 1 0 1 
1 0 1 1 
0 0 0 0 
0 0 0 0 
1 1 0 1 

JOBS [4] - [8, 6, 0, 3]
TOOL SWITCHES : 1
MAKESPAN : 28

# -------------------------- #

--- TOTAL TOOL SWITCHES : 8
--- HIGHEST MAKESPAN : 65
--- TOTAL FLOWTIME : 402
--- RUNNING TIME : 0.86075

# -------------------------- #
RUN : 1 - instancias_txt/SSP-NPM-I/ins139_m=3_j=15_t=20_var=19.txt

- MACHINE [0]

0 
0 
1 
0 
1 
0 
0 
0 
0 
1 
0 
0 
1 
1 
0 
0 
1 
0 
0 
0 

JOBS [1] - [8]
TOOL SWITCHES : 0
MAKESPAN : 9

- MACHINE [1]

1 0 
1 0 
0 0 
1 0 
1 1 
0 0 
0 1 
0 0 
0 0 
0 0 
0 1 
1 1 
0 0 
0 0 
0 0 
0 1 
0 0 
0 1 
1 1 
0 0 

JOBS [2] - [11, 10]
TOOL SWITCHES : 0
MAKESPAN : 15

- MACHINE [2]

0 0 0 0 1 1 1 1 1 0 0 1 
0 1 0 1 0 0 0 0 0 1 0 0 
1 0 0 1 0 0 0 1 0 0 1 0 
0 1 0 1 0 0 0 0 0 0 0 0 
0 0 0 0 0 0 0 0 0 0 0 0 
0 0 0 0 0 0 0 0 0 0 0 0 
0 0 1 0 1 1 1 1 0 0 1 0 
1 0 0 1 1 0 0 0 1 0 1 1 
0 0 0 0 0 0 0 0 0 1 1 1 
0 0 0 0 0 1 1 1 1 1 0 0 
0 1 0 1 1 0 0 0 1 1 0 1 
0 0 0 0 0 0 0 0 0 0 1 0 
0 1 1 0 0 1 0 0 0 0 0 1 
1 0 1 1 0 0 1 1 1 0 0 0 
0 1 1 0 1 0 0 0 0 0 0 0 
1 0 1 0 0 0 0 1 1 0 0 1 
0 0 1 1 1 1 1 0 0 0 0 0 
0 1 1 0 0 0 0 0 0 1 0 0 
1 1 0 0 0 1 0 0 0 1 1 0 
0 0 0 0 0 0 0 1 1 1 0 0 

JOBS [12] - [4, 7, 6, 3, 1, 0, 13, 12, 5, 2, 14, 9]
TOOL SWITCHES : 5
MAKESPAN : 78

# -------------------------- #

--- TOTAL TOOL SWITCHES : 5
--- HIGHEST MAKESPAN : 78
--- TOTAL FLOWTIME : 493
--- RUNNING TIME : 1.34915

# -------------------------- #
RUN : 1 - instancias_txt/SSP-NPM-I/ins140_m=3_j=15_t=20_var=20.txt

- MACHINE [0]

0 
0 
0 
0 
0 
0 
0 
0 
0 
1 
1 
1 
0 
0 
1 
0 
0 
0 
1 
0 

JOBS [1] - [2]
TOOL SWITCHES : 0
MAKESPAN : 2

- MACHINE [1]

0 0 
0 0 
1 0 
0 0 
1 1 
0 0 
0 0 
0 0 
0 1 
0 1 
0 0 
0 0 
1 0 
0 1 
1 1 
0 1 
1 1 
0 0 
0 0 
0 0 

JOBS [2] - [11, 14]
TOOL SWITCHES : 0
MAKESPAN : 16

- MACHINE [2]

0 0 0 0 1 1 1 0 0 0 1 1 
1 0 0 1 1 0 0 0 1 1 0 0 
0 0 0 0 0 0 0 0 1 1 0 1 
0 1 1 0 0 0 0 0 0 1 0 1 
0 0 0 0 0 0 0 0 0 0 0 0 
0 0 0 0 0 0 0 1 0 0 1 1 
0 1 0 0 1 0 0 1 0 1 1 0 
0 0 0 0 0 1 1 1 1 1 0 1 
0 1 1 0 0 0 0 1 1 0 0 0 
1 0 0 1 0 0 0 1 1 0 0 0 
1 0 0 0 0 1 0 0 1 1 1 0 
0 0 0 0 0 0 0 0 0 0 0 0 
1 1 0 1 1 0 0 0 0 0 0 0 
0 0 0 0 0 1 0 0 0 0 0 1 
1 1 0 1 1 0 0 0 0 0 0 0 
0 1 1 0 0 0 1 0 0 0 0 0 
0 0 1 1 0 0 1 0 1 0 1 1 
0 0 1 0 0 0 0 0 0 0 0 0 
0 0 1 0 0 1 1 1 0 0 0 0 
1 0 0 1 0 0 1 0 0 0 0 0 

JOBS [12] - [7, 12, 9, 8, 1, 3, 0, 6, 4, 5, 13, 10]
TOOL SWITCHES : 5
MAKESPAN : 73

# -------------------------- #

--- TOTAL TOOL SWITCHES : 5
--- HIGHEST MAKESPAN : 73
--- TOTAL FLOWTIME : 465
--- RUNNING TIME : 1.28258

# -------------------------- #


avg : 5.2
