RUN : 1 - instancias_txt/SSP-NPM-I/ins101_m=3_j=20_t=15_var=1.txt

- MACHINE [0]

0 1 1 0 1 1 0 1 
0 0 0 0 0 1 0 1 
0 0 1 1 1 1 1 0 
0 1 0 1 0 0 0 0 
1 1 1 0 1 0 1 1 
0 0 0 0 1 1 1 0 
0 0 0 0 0 0 0 0 
1 1 1 1 0 1 1 1 
1 1 1 1 0 0 0 1 
0 0 0 0 1 1 0 0 
0 0 0 0 0 0 0 0 
1 0 0 1 0 0 0 0 
1 1 0 0 0 0 0 0 
0 0 0 0 0 0 1 0 
0 0 0 0 0 0 1 1 

JOBS [8] - [6, 0, 7, 15, 19, 10, 18, 3]
TOOL SWITCHES : 8
MAKESPAN : 35

- MACHINE [1]

0 0 0 0 0 0 
0 0 0 0 1 0 
0 0 0 0 0 0 
0 1 0 0 1 0 
0 1 1 0 1 1 
1 1 0 1 0 0 
1 0 1 1 0 0 
0 1 1 0 0 0 
1 0 1 0 0 1 
0 1 1 0 1 0 
0 0 0 0 0 1 
0 0 0 1 1 0 
1 0 0 1 0 1 
1 0 0 1 0 1 
0 1 1 1 1 1 

JOBS [6] - [8, 1, 2, 17, 13, 9]
TOOL SWITCHES : 3
MAKESPAN : 33

- MACHINE [2]

1 1 1 0 0 1 
0 0 0 1 0 1 
1 0 0 1 1 0 
0 1 0 1 1 0 
1 0 0 0 0 0 
0 0 1 1 0 0 
0 1 1 0 1 0 
0 0 0 1 0 1 
0 0 0 0 0 1 
0 0 1 0 1 0 
1 0 1 1 0 1 
0 0 1 0 0 0 
0 1 0 0 1 0 
1 1 0 1 0 1 
0 0 0 0 0 0 

JOBS [6] - [16, 4, 12, 5, 14, 11]
TOOL SWITCHES : 1
MAKESPAN : 30

# -------------------------- #

--- TOTAL TOOL SWITCHES : 12
--- HIGHEST MAKESPAN : 35
--- TOTAL FLOWTIME : 284
--- RUNNING TIME : 4.29596

# -------------------------- #
RUN : 1 - instancias_txt/SSP-NPM-I/ins102_m=3_j=20_t=15_var=2.txt

- MACHINE [0]

0 0 0 1 1 
0 0 1 0 1 
1 1 0 0 0 
1 0 0 0 0 
0 1 1 0 1 
0 0 0 0 0 
0 1 1 0 0 
0 0 0 0 1 
1 0 1 0 0 
0 1 1 1 0 
0 1 0 1 0 
1 0 0 0 1 
0 0 0 1 0 
0 0 0 1 1 
1 1 1 0 1 

JOBS [5] - [1, 7, 6, 10, 16]
TOOL SWITCHES : 9
MAKESPAN : 31

- MACHINE [1]

0 0 0 0 0 1 
0 0 1 0 0 1 
1 1 1 1 0 0 
0 1 0 0 1 0 
0 1 0 1 0 0 
1 0 0 0 1 1 
1 1 0 1 1 0 
0 0 0 0 0 0 
1 0 1 1 1 0 
0 1 1 0 0 0 
1 0 0 1 0 0 
0 0 0 0 1 1 
0 0 0 0 0 1 
1 1 1 1 1 1 
0 0 0 0 0 0 

JOBS [6] - [5, 4, 13, 2, 0, 9]
TOOL SWITCHES : 3
MAKESPAN : 23

- MACHINE [2]

1 1 1 0 0 1 1 1 1 
0 0 1 1 1 0 0 1 0 
0 0 0 0 1 0 0 1 0 
0 1 0 0 0 0 0 1 0 
0 1 0 0 0 1 1 0 1 
1 0 0 1 0 1 0 0 0 
1 1 1 0 0 0 1 1 1 
0 1 1 0 1 0 0 1 1 
1 1 0 1 0 0 1 0 0 
1 0 0 0 1 0 0 0 1 
1 0 0 1 0 0 1 0 0 
1 0 1 1 0 1 0 1 1 
0 0 1 0 1 1 1 0 0 
0 0 0 0 0 0 0 0 0 
0 0 0 0 0 0 0 0 0 

JOBS [9] - [17, 14, 19, 8, 3, 18, 12, 15, 11]
TOOL SWITCHES : 0
MAKESPAN : 22

# -------------------------- #

--- TOTAL TOOL SWITCHES : 12
--- HIGHEST MAKESPAN : 31
--- TOTAL FLOWTIME : 198
--- RUNNING TIME : 5.49272

# -------------------------- #
RUN : 1 - instancias_txt/SSP-NPM-I/ins103_m=3_j=20_t=15_var=3.txt

- MACHINE [0]

1 1 0 1 0 
1 1 0 0 0 
0 0 0 0 1 
0 0 0 1 1 
0 1 1 1 1 
0 0 1 1 0 
1 1 1 0 0 
1 0 0 0 0 
1 0 0 0 0 
0 0 0 1 1 
1 1 1 0 0 
1 1 1 1 1 
0 0 0 0 0 
0 1 0 0 0 
0 0 1 1 1 

JOBS [5] - [18, 6, 15, 9, 5]
TOOL SWITCHES : 7
MAKESPAN : 30

- MACHINE [1]

0 0 1 1 0 0 0 
1 1 0 0 0 0 1 
0 0 0 0 0 0 1 
0 1 1 0 0 1 0 
0 0 0 1 0 1 0 
0 0 0 0 0 1 1 
1 0 1 0 0 1 0 
0 0 0 0 1 1 1 
1 0 0 1 1 0 1 
0 0 0 0 1 0 0 
0 0 1 0 1 1 0 
1 1 0 1 1 1 0 
0 1 1 1 1 0 1 
1 0 1 0 1 0 0 
0 1 0 1 0 0 0 

JOBS [7] - [2, 8, 19, 1, 10, 11, 12]
TOOL SWITCHES : 6
MAKESPAN : 38

- MACHINE [2]

0 1 0 1 0 0 0 0 
0 1 1 0 1 1 0 0 
0 1 1 1 0 1 1 0 
1 1 0 0 0 0 0 0 
1 0 0 0 1 0 1 0 
0 0 0 1 0 0 0 0 
0 0 1 0 0 1 0 1 
1 0 1 1 1 0 1 0 
0 1 1 1 1 1 1 1 
0 1 0 0 1 0 1 1 
1 0 0 1 1 0 0 1 
0 0 0 0 0 0 0 0 
0 0 0 0 0 1 1 0 
0 0 1 0 1 1 0 1 
1 0 1 0 0 0 1 1 

JOBS [8] - [3, 4, 17, 0, 13, 7, 16, 14]
TOOL SWITCHES : 1
MAKESPAN : 40

# -------------------------- #

--- TOTAL TOOL SWITCHES : 14
--- HIGHEST MAKESPAN : 40
--- TOTAL FLOWTIME : 307
--- RUNNING TIME : 5.20012

# -------------------------- #
RUN : 1 - instancias_txt/SSP-NPM-I/ins104_m=3_j=20_t=15_var=4.txt

- MACHINE [0]

0 0 1 1 0 1 
1 1 0 0 0 1 
0 0 1 0 0 0 
0 0 0 0 1 1 
1 1 1 0 1 0 
0 1 0 0 0 0 
1 0 0 0 0 0 
0 1 0 1 0 0 
1 0 1 0 0 0 
0 0 0 0 1 0 
0 1 1 1 1 1 
0 0 0 1 1 0 
1 1 0 0 1 0 
1 0 0 0 0 1 
0 0 0 1 0 1 

JOBS [6] - [14, 13, 19, 5, 10, 17]
TOOL SWITCHES : 11
MAKESPAN : 34

- MACHINE [1]

0 0 0 1 1 1 
1 1 0 0 1 1 
0 0 1 1 1 0 
1 1 1 0 0 0 
0 0 0 1 0 1 
1 1 1 1 1 0 
1 0 0 1 0 0 
0 1 0 1 0 0 
1 0 1 0 1 1 
0 1 0 0 0 1 
0 1 1 0 0 0 
0 0 0 0 0 0 
0 0 0 0 0 0 
1 0 1 1 0 1 
0 0 0 0 0 1 

JOBS [6] - [3, 11, 9, 0, 6, 7]
TOOL SWITCHES : 3
MAKESPAN : 36

- MACHINE [2]

1 0 1 0 1 1 1 1 
0 0 0 1 1 0 0 1 
1 1 1 0 0 0 0 0 
0 0 0 1 0 0 1 0 
0 1 0 0 0 1 0 0 
1 1 0 0 1 1 0 0 
1 1 0 0 1 1 1 0 
0 0 1 1 0 0 0 0 
0 0 0 0 0 0 0 0 
1 1 1 1 0 1 1 1 
0 0 0 1 0 0 0 0 
1 1 1 0 1 1 1 0 
0 0 0 0 0 0 1 1 
0 1 1 0 0 0 0 1 
0 0 0 1 1 0 0 1 

JOBS [8] - [8, 18, 2, 16, 1, 4, 15, 12]
TOOL SWITCHES : 1
MAKESPAN : 29

# -------------------------- #

--- TOTAL TOOL SWITCHES : 15
--- HIGHEST MAKESPAN : 36
--- TOTAL FLOWTIME : 260
--- RUNNING TIME : 4.63397

# -------------------------- #
RUN : 1 - instancias_txt/SSP-NPM-I/ins105_m=3_j=20_t=15_var=5.txt

- MACHINE [0]

1 0 0 1 1 
0 0 0 1 1 
0 0 0 0 1 
1 1 0 0 0 
0 0 0 0 0 
1 0 0 0 0 
1 1 1 1 0 
0 0 1 1 0 
0 0 1 0 1 
1 1 0 0 0 
0 1 0 1 1 
0 1 1 1 0 
0 0 0 0 0 
0 1 1 0 1 
0 0 0 0 0 

JOBS [5] - [13, 11, 16, 3, 9]
TOOL SWITCHES : 6
MAKESPAN : 31

- MACHINE [1]

0 1 1 0 0 1 0 
0 0 1 1 0 1 1 
0 0 0 0 1 1 1 
0 0 0 0 0 0 1 
1 0 0 1 1 0 0 
0 1 1 0 1 1 1 
1 0 0 1 0 1 0 
0 1 0 1 1 0 0 
0 0 0 0 0 0 0 
1 0 0 0 0 0 1 
1 1 1 0 1 1 1 
0 0 0 0 0 0 0 
0 1 0 1 1 0 0 
1 1 1 1 0 1 1 
1 0 1 1 0 0 0 

JOBS [7] - [18, 14, 5, 2, 10, 4, 8]
TOOL SWITCHES : 4
MAKESPAN : 43

- MACHINE [2]

1 0 0 1 0 1 0 1 
0 1 1 0 1 1 1 0 
0 0 0 1 0 0 0 0 
0 0 0 1 1 1 1 0 
1 1 1 1 0 0 0 1 
0 0 1 1 0 0 0 0 
1 0 1 0 1 0 1 0 
0 1 0 0 0 0 1 0 
0 1 1 0 0 1 0 0 
1 1 1 0 1 1 0 0 
0 0 0 0 0 0 0 1 
1 0 1 1 0 0 1 1 
0 1 0 0 1 1 0 0 
0 0 0 0 0 1 1 1 
1 0 0 0 0 0 1 1 

JOBS [8] - [7, 1, 6, 0, 12, 17, 19, 15]
TOOL SWITCHES : 2
MAKESPAN : 39

# -------------------------- #

--- TOTAL TOOL SWITCHES : 12
--- HIGHEST MAKESPAN : 43
--- TOTAL FLOWTIME : 329
--- RUNNING TIME : 5.51431

# -------------------------- #
RUN : 1 - instancias_txt/SSP-NPM-I/ins106_m=3_j=20_t=15_var=6.txt

- MACHINE [0]

1 1 0 0 1 0 
1 1 0 0 1 1 
1 1 0 0 0 0 
0 0 1 1 0 1 
0 0 0 0 0 1 
1 1 1 0 0 0 
0 0 0 0 0 0 
0 0 0 1 1 0 
0 0 0 0 0 1 
1 1 1 0 0 0 
1 0 0 0 0 0 
0 1 1 0 1 1 
1 0 1 1 1 0 
0 0 0 1 1 0 
0 0 1 1 0 0 

JOBS [6] - [12, 2, 7, 3, 8, 14]
TOOL SWITCHES : 8
MAKESPAN : 34

- MACHINE [1]

0 0 0 0 1 
1 0 1 1 0 
0 0 1 1 1 
1 1 1 0 1 
0 0 0 0 0 
0 0 0 1 0 
0 1 0 0 0 
0 1 0 0 0 
0 0 0 1 0 
1 1 1 1 0 
1 1 0 0 1 
0 1 0 1 1 
1 0 1 0 0 
1 0 0 1 0 
1 0 1 0 1 

JOBS [5] - [4, 13, 17, 10, 0]
TOOL SWITCHES : 4
MAKESPAN : 30

- MACHINE [2]

1 1 0 1 0 1 0 0 0 
0 0 0 0 0 0 0 0 1 
0 0 0 0 0 0 1 1 0 
0 0 1 1 0 0 0 0 1 
1 1 0 1 1 0 0 0 1 
1 1 1 1 0 1 0 0 0 
1 0 0 0 1 1 1 1 0 
0 0 0 0 1 0 1 0 0 
1 0 0 1 0 1 0 0 0 
0 0 0 0 0 0 1 1 1 
0 1 0 0 1 0 0 0 1 
1 0 1 1 1 0 0 0 0 
0 1 1 1 1 1 1 1 0 
1 0 1 0 0 0 0 1 0 
0 1 0 0 1 0 1 0 0 

JOBS [9] - [18, 9, 16, 1, 19, 15, 6, 5, 11]
TOOL SWITCHES : 2
MAKESPAN : 36

# -------------------------- #

--- TOTAL TOOL SWITCHES : 14
--- HIGHEST MAKESPAN : 36
--- TOTAL FLOWTIME : 292
--- RUNNING TIME : 4.92748

# -------------------------- #
RUN : 1 - instancias_txt/SSP-NPM-I/ins107_m=3_j=20_t=15_var=7.txt

- MACHINE [0]

1 0 0 0 0 0 1 
0 0 1 1 0 1 0 
0 0 0 0 1 1 0 
0 1 0 1 1 0 0 
1 1 1 0 0 0 0 
0 0 1 1 1 0 1 
1 0 1 1 0 0 1 
0 1 1 0 1 1 0 
1 1 1 1 1 1 0 
1 1 0 0 0 0 0 
1 1 0 1 1 0 1 
0 0 0 0 0 1 1 
0 0 0 0 0 0 1 
0 0 0 0 0 0 0 
0 0 0 1 0 0 0 

JOBS [7] - [3, 5, 15, 12, 9, 1, 4]
TOOL SWITCHES : 11
MAKESPAN : 39

- MACHINE [1]

0 0 0 0 1 1 
0 0 0 0 1 1 
1 0 1 1 0 1 
0 0 0 1 0 1 
1 0 0 1 1 0 
1 0 1 0 0 0 
0 0 1 0 1 0 
0 0 0 1 1 0 
0 0 0 0 0 0 
1 1 1 0 0 0 
0 0 0 0 0 0 
0 1 1 1 1 0 
0 1 0 1 0 1 
1 1 0 0 0 0 
0 1 1 1 0 0 

JOBS [6] - [11, 17, 2, 0, 18, 19]
TOOL SWITCHES : 3
MAKESPAN : 38

- MACHINE [2]

0 1 1 0 0 0 1 
0 1 1 1 1 0 1 
1 1 1 1 0 0 0 
1 1 0 1 0 0 0 
0 0 0 0 1 0 1 
0 1 0 0 0 1 1 
0 0 0 0 0 1 1 
0 0 1 0 1 0 0 
1 0 0 0 0 0 0 
1 0 0 0 0 0 0 
0 0 1 1 0 1 1 
1 0 1 0 0 0 0 
1 0 0 1 1 1 0 
0 0 0 1 1 0 0 
1 1 0 0 0 1 1 

JOBS [7] - [7, 13, 8, 16, 6, 14, 10]
TOOL SWITCHES : 2
MAKESPAN : 36

# -------------------------- #

--- TOTAL TOOL SWITCHES : 16
--- HIGHEST MAKESPAN : 39
--- TOTAL FLOWTIME : 322
--- RUNNING TIME : 5.11619

# -------------------------- #
RUN : 1 - instancias_txt/SSP-NPM-I/ins108_m=3_j=20_t=15_var=8.txt

- MACHINE [0]

1 1 0 0 0 0 
0 0 0 1 1 0 
0 0 0 0 1 0 
1 1 1 1 0 1 
0 0 0 0 0 1 
0 0 0 0 1 1 
1 1 1 1 1 1 
0 0 0 0 0 0 
1 0 0 0 0 0 
1 0 1 1 0 0 
1 0 0 0 0 0 
0 0 0 1 1 1 
0 0 1 0 0 0 
0 1 0 1 0 0 
0 1 1 1 1 0 

JOBS [6] - [18, 12, 1, 3, 4, 15]
TOOL SWITCHES : 7
MAKESPAN : 25

- MACHINE [1]

0 1 0 1 0 1 
0 0 0 1 0 1 
1 1 1 0 0 1 
0 0 0 0 1 0 
1 0 1 1 0 0 
1 1 1 0 1 1 
0 0 0 0 0 0 
1 0 0 0 0 0 
1 0 1 0 1 0 
0 0 0 0 0 0 
0 1 0 1 0 0 
0 1 1 1 1 0 
1 1 0 1 1 1 
0 0 0 0 0 0 
1 0 0 1 0 0 

JOBS [6] - [2, 6, 0, 14, 5, 16]
TOOL SWITCHES : 2
MAKESPAN : 22

- MACHINE [2]

1 0 1 0 0 1 0 0 
0 0 0 0 0 0 0 1 
1 0 0 1 0 1 1 0 
0 1 0 1 1 0 0 1 
0 0 1 1 0 0 1 0 
0 0 1 0 0 1 0 0 
0 0 0 0 0 0 0 0 
0 1 1 1 1 0 0 0 
1 0 0 0 1 0 1 1 
1 1 1 0 1 0 1 0 
0 1 0 1 0 1 1 1 
1 0 1 0 1 1 0 0 
0 1 0 1 1 0 0 1 
0 1 0 0 0 1 0 1 
1 0 1 0 0 0 0 1 

JOBS [8] - [13, 8, 11, 9, 19, 10, 17, 7]
TOOL SWITCHES : 1
MAKESPAN : 26

# -------------------------- #

--- TOTAL TOOL SWITCHES : 10
--- HIGHEST MAKESPAN : 26
--- TOTAL FLOWTIME : 209
--- RUNNING TIME : 5.82901

# -------------------------- #
RUN : 1 - instancias_txt/SSP-NPM-I/ins109_m=3_j=20_t=15_var=9.txt

- MACHINE [0]

0 0 0 1 1 
0 1 0 1 1 
1 1 0 0 0 
0 1 1 1 0 
1 0 1 1 1 
0 1 1 0 1 
0 0 0 0 0 
0 0 0 0 0 
1 1 1 1 0 
0 0 1 0 0 
1 0 1 1 0 
1 0 0 0 0 
1 0 0 0 0 
0 0 0 0 1 
0 0 0 0 0 

JOBS [5] - [1, 7, 9, 16, 2]
TOOL SWITCHES : 5
MAKESPAN : 25

- MACHINE [1]

1 0 0 0 1 0 1 0 
0 0 0 0 0 1 1 1 
0 0 0 1 0 1 1 0 
0 0 0 0 1 1 0 0 
0 0 0 0 0 0 0 0 
1 0 1 1 0 1 0 0 
1 0 1 0 1 0 0 0 
0 1 0 1 1 0 0 1 
0 1 1 1 0 0 0 0 
1 1 0 0 0 0 0 1 
0 1 0 0 0 0 0 0 
1 1 0 1 0 1 1 0 
0 0 0 0 0 0 1 0 
1 1 1 0 1 1 1 1 
0 1 1 0 1 1 1 1 

JOBS [8] - [19, 11, 5, 12, 0, 15, 13, 3]
TOOL SWITCHES : 4
MAKESPAN : 30

- MACHINE [2]

0 1 0 0 1 1 0 
1 0 0 0 1 1 0 
0 1 1 0 0 1 1 
0 0 1 0 0 0 0 
1 1 0 1 1 1 0 
0 0 0 1 1 0 0 
1 0 0 1 0 1 1 
0 0 0 0 0 0 1 
0 0 0 0 0 0 1 
1 0 1 0 0 1 0 
0 1 0 1 0 0 0 
0 0 1 0 0 0 1 
1 0 1 0 1 0 0 
1 1 1 0 0 0 0 
0 1 1 1 1 1 1 

JOBS [7] - [18, 14, 17, 6, 10, 8, 4]
TOOL SWITCHES : 2
MAKESPAN : 26

# -------------------------- #

--- TOTAL TOOL SWITCHES : 11
--- HIGHEST MAKESPAN : 30
--- TOTAL FLOWTIME : 237
--- RUNNING TIME : 4.82477

# -------------------------- #
RUN : 1 - instancias_txt/SSP-NPM-I/ins110_m=3_j=20_t=15_var=10.txt

- MACHINE [0]

1 0 0 0 0 0 
1 0 1 1 0 0 
1 1 1 1 0 1 
0 0 0 1 1 0 
0 0 0 0 0 0 
0 0 0 0 0 1 
0 0 0 1 1 1 
1 1 1 0 0 0 
1 1 1 0 0 0 
0 1 1 0 1 1 
0 0 0 0 0 1 
1 0 0 0 1 1 
0 0 0 0 0 0 
0 0 1 1 0 0 
0 1 0 0 1 0 

JOBS [6] - [15, 0, 8, 3, 2, 7]
TOOL SWITCHES : 7
MAKESPAN : 26

- MACHINE [1]

1 0 0 1 0 
0 0 0 0 1 
0 1 1 0 1 
0 0 0 0 0 
1 0 1 0 1 
1 1 1 0 0 
0 1 0 1 0 
0 1 0 1 1 
1 1 1 0 0 
1 0 0 1 1 
0 0 1 1 0 
0 0 0 0 0 
1 1 0 0 0 
0 0 0 0 1 
1 1 1 1 0 

JOBS [5] - [9, 11, 13, 10, 5]
TOOL SWITCHES : 3
MAKESPAN : 31

- MACHINE [2]

0 1 1 1 0 0 0 1 0 
1 1 1 0 0 1 0 0 1 
1 0 0 0 0 1 0 0 0 
0 1 1 1 0 0 1 1 1 
0 0 0 0 0 0 1 1 0 
0 1 0 1 1 1 0 0 0 
1 0 0 1 0 0 1 1 0 
0 1 0 0 0 0 1 0 1 
1 1 1 1 1 1 0 0 1 
0 0 0 0 0 0 0 0 0 
0 0 0 1 0 0 1 0 0 
1 1 0 0 1 1 0 0 0 
1 0 0 0 1 0 0 0 1 
1 0 1 0 1 0 0 1 0 
0 0 1 0 1 0 1 1 0 

JOBS [9] - [6, 4, 1, 16, 12, 17, 14, 19, 18]
TOOL SWITCHES : 1
MAKESPAN : 25

# -------------------------- #

--- TOTAL TOOL SWITCHES : 11
--- HIGHEST MAKESPAN : 31
--- TOTAL FLOWTIME : 228
--- RUNNING TIME : 5.84066

# -------------------------- #
RUN : 1 - instancias_txt/SSP-NPM-I/ins111_m=3_j=20_t=15_var=11.txt

- MACHINE [0]

1 0 0 0 0 
0 0 0 1 0 
1 0 0 1 0 
1 0 1 0 0 
1 0 0 0 0 
0 0 0 1 1 
0 0 0 0 0 
0 0 1 1 1 
1 1 1 0 1 
1 0 1 1 0 
0 0 0 0 1 
0 0 1 0 1 
0 1 0 1 1 
0 0 0 0 0 
1 1 0 0 0 

JOBS [5] - [2, 17, 1, 11, 6]
TOOL SWITCHES : 7
MAKESPAN : 32

- MACHINE [1]

1 0 0 0 1 0 
1 1 0 0 1 1 
0 0 0 0 0 0 
0 0 0 0 1 1 
1 1 1 1 0 0 
0 0 0 1 0 1 
0 1 0 0 0 0 
0 1 1 0 1 0 
1 1 1 0 0 0 
1 0 0 1 1 1 
0 0 0 1 0 0 
1 1 1 1 0 0 
0 0 0 0 1 1 
0 0 1 1 0 0 
1 0 1 1 0 1 

JOBS [6] - [10, 19, 14, 4, 15, 13]
TOOL SWITCHES : 4
MAKESPAN : 27

- MACHINE [2]

0 0 0 1 0 0 1 1 1 
1 1 0 0 0 1 1 0 0 
1 1 0 0 0 0 0 0 1 
0 0 0 0 0 0 0 0 0 
0 0 0 0 1 1 1 0 1 
0 1 1 1 0 1 0 1 0 
1 1 0 1 1 1 0 1 1 
0 0 0 0 0 0 0 0 0 
0 0 1 1 1 0 0 0 0 
1 0 1 0 0 1 1 1 0 
1 1 1 0 1 0 0 0 1 
1 1 1 0 0 0 0 1 0 
1 1 0 1 0 1 1 1 1 
0 0 1 1 1 1 0 0 0 
0 0 0 0 1 0 1 0 0 

JOBS [9] - [12, 16, 8, 7, 18, 9, 3, 5, 0]
TOOL SWITCHES : 0
MAKESPAN : 28

# -------------------------- #

--- TOTAL TOOL SWITCHES : 11
--- HIGHEST MAKESPAN : 32
--- TOTAL FLOWTIME : 256
--- RUNNING TIME : 5.53331

# -------------------------- #
RUN : 1 - instancias_txt/SSP-NPM-I/ins112_m=3_j=20_t=15_var=12.txt

- MACHINE [0]

0 0 0 0 1 1 
0 0 0 0 1 1 
0 0 0 0 0 1 
1 1 0 0 0 0 
0 0 0 0 0 1 
1 1 1 1 0 1 
0 1 1 1 1 0 
0 0 0 1 1 0 
0 0 0 0 0 0 
1 1 0 0 0 0 
1 0 1 0 1 0 
0 0 0 0 1 1 
0 0 1 1 0 0 
1 1 0 0 0 0 
1 1 1 1 0 0 

JOBS [6] - [19, 8, 16, 2, 5, 0]
TOOL SWITCHES : 7
MAKESPAN : 32

- MACHINE [1]

1 0 0 0 0 0 
1 1 0 1 0 1 
1 0 0 0 1 0 
0 1 0 0 0 1 
0 1 1 0 0 0 
0 0 0 0 1 1 
0 1 1 0 0 0 
0 0 1 1 1 0 
1 0 1 0 0 0 
1 0 1 1 1 0 
0 0 0 1 1 0 
0 1 1 1 1 1 
0 0 1 1 0 1 
1 1 0 1 0 1 
0 0 0 0 1 1 

JOBS [6] - [3, 7, 14, 9, 15, 10]
TOOL SWITCHES : 6
MAKESPAN : 38

- MACHINE [2]

1 1 0 1 1 1 0 1 
0 0 1 0 0 0 1 0 
0 1 1 0 1 1 0 0 
0 0 1 1 1 1 0 0 
0 0 0 1 1 0 1 1 
1 0 0 0 0 0 0 1 
0 0 1 0 0 1 1 0 
0 0 0 0 0 0 0 0 
1 1 1 0 0 0 1 0 
0 1 0 0 1 0 0 1 
0 1 1 1 0 1 1 0 
0 0 0 0 0 0 0 1 
1 1 0 1 1 0 0 0 
0 0 0 0 0 0 0 0 
1 0 1 0 0 1 1 1 

JOBS [8] - [13, 11, 1, 17, 12, 6, 18, 4]
TOOL SWITCHES : 0
MAKESPAN : 37

# -------------------------- #

--- TOTAL TOOL SWITCHES : 13
--- HIGHEST MAKESPAN : 38
--- TOTAL FLOWTIME : 312
--- RUNNING TIME : 4.67301

# -------------------------- #
RUN : 1 - instancias_txt/SSP-NPM-I/ins113_m=3_j=20_t=15_var=13.txt

- MACHINE [0]

0 0 0 0 1 1 
1 1 0 0 1 1 
1 0 1 0 1 0 
0 0 0 1 0 1 
0 1 0 0 0 0 
0 0 0 0 0 0 
1 0 1 0 0 1 
1 0 0 0 0 0 
0 0 1 1 1 0 
1 1 1 1 0 0 
0 1 1 1 1 0 
0 0 1 0 0 0 
0 0 0 1 0 0 
1 1 1 0 0 1 
0 0 0 0 1 1 

JOBS [6] - [15, 18, 7, 1, 10, 8]
TOOL SWITCHES : 10
MAKESPAN : 31

- MACHINE [1]

1 0 1 0 0 0 0 
0 0 0 0 0 0 1 
0 0 0 1 1 1 0 
0 0 0 0 0 0 1 
0 0 1 0 1 1 1 
0 1 0 1 0 1 0 
0 1 1 0 0 0 1 
1 1 0 1 0 0 1 
1 0 0 0 1 0 1 
0 1 1 0 0 0 0 
1 1 0 0 1 1 0 
0 1 1 1 1 1 0 
0 0 0 1 1 0 0 
1 0 0 0 0 0 0 
1 0 1 1 0 1 1 

JOBS [7] - [0, 19, 9, 4, 6, 16, 3]
TOOL SWITCHES : 5
MAKESPAN : 35

- MACHINE [2]

1 0 0 0 1 0 0 
1 0 1 1 0 0 1 
1 0 1 1 0 1 0 
0 0 1 0 1 1 1 
0 0 1 0 0 1 0 
1 0 0 1 1 1 0 
0 0 0 0 0 0 0 
0 1 1 0 0 0 1 
0 1 0 0 1 0 0 
1 1 1 1 1 1 0 
0 1 0 0 0 0 0 
0 1 0 1 0 0 1 
1 1 0 0 0 0 1 
1 0 1 0 1 0 0 
0 0 0 0 0 0 1 

JOBS [7] - [5, 14, 2, 12, 13, 17, 11]
TOOL SWITCHES : 1
MAKESPAN : 38

# -------------------------- #

--- TOTAL TOOL SWITCHES : 16
--- HIGHEST MAKESPAN : 38
--- TOTAL FLOWTIME : 312
--- RUNNING TIME : 5.52641

# -------------------------- #
RUN : 1 - instancias_txt/SSP-NPM-I/ins114_m=3_j=20_t=15_var=14.txt

- MACHINE [0]

0 1 1 0 0 
0 0 0 0 0 
1 1 0 1 1 
1 0 0 1 1 
0 0 1 1 0 
0 0 0 0 0 
0 0 0 0 0 
0 0 0 0 1 
0 0 0 1 1 
1 1 0 0 0 
1 0 1 1 1 
1 0 1 0 0 
0 0 1 1 0 
0 1 0 1 1 
1 1 1 0 0 

JOBS [5] - [18, 11, 19, 4, 16]
TOOL SWITCHES : 7
MAKESPAN : 33

- MACHINE [1]

0 1 0 1 1 1 1 
0 0 0 0 1 0 1 
1 0 0 0 0 1 0 
0 0 0 0 0 0 1 
0 0 0 0 0 0 0 
1 1 0 1 1 0 0 
1 1 1 0 0 0 0 
0 0 0 1 1 0 0 
1 0 0 0 0 1 1 
0 1 1 0 0 1 0 
0 1 1 0 1 1 0 
0 0 0 0 0 1 0 
1 1 1 1 0 0 1 
0 0 1 1 0 0 0 
1 1 1 1 1 0 0 

JOBS [7] - [15, 5, 3, 9, 12, 8, 2]
TOOL SWITCHES : 4
MAKESPAN : 34

- MACHINE [2]

0 0 0 0 1 1 0 0 
0 0 0 0 0 0 0 1 
0 0 0 0 0 0 0 1 
1 1 1 0 0 1 0 0 
1 0 0 0 1 0 1 1 
1 0 1 0 0 0 1 0 
0 0 0 0 0 0 1 1 
1 1 1 1 1 0 1 0 
0 0 1 0 1 1 0 0 
1 0 0 1 0 1 0 1 
0 1 0 1 1 0 1 0 
0 1 0 1 0 1 0 1 
1 0 1 0 0 1 0 0 
0 1 1 1 1 0 0 0 
1 0 0 1 0 0 1 0 

JOBS [8] - [6, 14, 13, 7, 1, 10, 0, 17]
TOOL SWITCHES : 2
MAKESPAN : 31

# -------------------------- #

--- TOTAL TOOL SWITCHES : 13
--- HIGHEST MAKESPAN : 34
--- TOTAL FLOWTIME : 263
--- RUNNING TIME : 3.79189

# -------------------------- #
RUN : 1 - instancias_txt/SSP-NPM-I/ins115_m=3_j=20_t=15_var=15.txt

- MACHINE [0]

1 1 1 0 1 
1 1 0 1 0 
0 1 0 0 0 
0 0 1 1 1 
0 0 0 0 0 
0 0 1 0 1 
0 0 0 1 0 
1 1 0 0 1 
0 0 0 1 1 
0 0 0 0 0 
1 1 0 0 0 
1 1 1 0 0 
1 1 0 1 1 
0 0 1 0 0 
0 0 0 0 0 

JOBS [5] - [3, 10, 7, 14, 16]
TOOL SWITCHES : 6
MAKESPAN : 28

- MACHINE [1]

0 1 0 1 1 0 1 
0 0 0 0 0 0 1 
0 1 0 0 1 1 1 
0 0 1 1 0 0 0 
1 1 1 0 1 0 1 
1 0 1 0 0 0 0 
0 1 0 1 0 1 0 
0 0 0 1 0 0 1 
0 1 1 0 0 1 0 
0 0 0 0 0 0 1 
1 0 1 1 1 1 0 
1 1 0 0 1 0 1 
0 0 0 0 0 0 0 
1 0 1 1 1 0 0 
0 0 0 0 0 1 0 

JOBS [7] - [13, 17, 6, 18, 12, 19, 9]
TOOL SWITCHES : 4
MAKESPAN : 30

- MACHINE [2]

0 1 0 1 0 1 1 0 
1 0 1 1 1 0 1 0 
0 1 0 1 1 1 1 1 
0 0 0 0 0 0 0 0 
0 0 0 0 1 0 1 1 
1 0 1 0 0 0 0 0 
1 1 0 0 1 1 0 0 
0 1 1 0 1 1 0 1 
0 0 0 1 0 0 0 0 
1 1 1 1 0 1 0 0 
1 0 0 1 1 1 1 1 
1 1 0 0 0 0 0 1 
0 0 0 0 0 0 0 1 
0 0 0 0 1 1 1 0 
0 0 1 1 0 0 1 0 

JOBS [8] - [8, 4, 0, 5, 11, 1, 15, 2]
TOOL SWITCHES : 1
MAKESPAN : 24

# -------------------------- #

--- TOTAL TOOL SWITCHES : 11
--- HIGHEST MAKESPAN : 30
--- TOTAL FLOWTIME : 230
--- RUNNING TIME : 4.35036

# -------------------------- #
RUN : 1 - instancias_txt/SSP-NPM-I/ins116_m=3_j=20_t=15_var=16.txt

- MACHINE [0]

0 0 0 0 0 
0 0 1 1 0 
0 0 0 0 1 
0 0 0 0 0 
1 1 1 0 0 
1 0 0 1 0 
1 1 0 0 0 
0 0 0 1 1 
1 1 1 1 1 
0 0 0 0 1 
1 1 1 1 1 
1 0 1 0 0 
0 1 1 1 0 
0 0 0 0 0 
0 0 0 0 0 

JOBS [5] - [0, 14, 3, 7, 1]
TOOL SWITCHES : 4
MAKESPAN : 29

- MACHINE [1]

0 1 0 1 1 1 1 1 
1 1 0 0 1 1 0 1 
0 1 0 1 0 0 0 0 
0 0 0 0 1 1 0 1 
0 0 0 0 0 0 1 0 
1 0 1 1 1 1 1 0 
0 0 1 1 0 1 0 1 
1 0 1 0 0 0 0 0 
0 1 0 1 1 0 0 0 
1 1 1 0 1 0 1 0 
0 0 0 0 0 0 0 1 
0 0 0 0 0 0 0 0 
0 1 0 0 0 0 1 0 
1 0 1 1 0 1 0 0 
0 0 0 0 0 1 1 1 

JOBS [8] - [17, 15, 16, 11, 2, 13, 8, 5]
TOOL SWITCHES : 4
MAKESPAN : 32

- MACHINE [2]

1 1 0 0 1 0 1 
0 0 0 0 0 0 0 
1 0 1 0 0 1 0 
0 1 1 1 0 1 1 
1 0 1 1 0 0 0 
0 1 0 0 1 0 1 
0 1 0 0 1 0 0 
1 0 0 0 0 0 1 
0 0 0 0 0 0 1 
0 0 1 1 1 0 0 
0 0 0 0 0 0 0 
1 1 1 1 1 1 0 
1 1 0 1 0 0 0 
0 0 1 0 0 1 1 
0 0 0 1 1 1 0 

JOBS [7] - [4, 9, 10, 12, 6, 18, 19]
TOOL SWITCHES : 0
MAKESPAN : 31

# -------------------------- #

--- TOTAL TOOL SWITCHES : 8
--- HIGHEST MAKESPAN : 32
--- TOTAL FLOWTIME : 281
--- RUNNING TIME : 4.53615

# -------------------------- #
RUN : 1 - instancias_txt/SSP-NPM-I/ins117_m=3_j=20_t=15_var=17.txt

- MACHINE [0]

1 1 1 0 0 
0 0 0 0 1 
1 0 1 0 0 
1 0 0 0 0 
0 1 0 0 1 
0 0 0 1 0 
1 0 0 1 1 
0 0 0 1 0 
0 0 0 0 0 
0 0 1 1 1 
1 1 0 0 0 
0 0 0 0 0 
1 1 1 0 1 
0 0 1 0 0 
0 1 1 1 0 

JOBS [5] - [1, 6, 12, 18, 7]
TOOL SWITCHES : 7
MAKESPAN : 25

- MACHINE [1]

0 0 0 0 0 0 
1 1 0 1 0 0 
0 1 1 1 0 0 
0 0 0 0 0 0 
0 1 1 1 0 1 
1 0 1 0 0 1 
0 0 0 0 1 0 
1 0 0 1 1 0 
1 1 1 1 0 1 
1 1 0 0 1 0 
0 0 0 0 0 0 
0 1 1 0 0 1 
0 0 0 0 0 1 
1 1 1 1 1 1 
0 0 0 1 1 0 

JOBS [6] - [13, 10, 16, 4, 3, 11]
TOOL SWITCHES : 2
MAKESPAN : 29

- MACHINE [2]

1 0 1 1 1 1 0 0 0 
1 0 0 0 1 0 0 0 1 
0 0 0 0 0 0 1 1 0 
0 0 0 1 0 0 1 0 0 
1 1 0 0 0 1 1 0 0 
1 1 0 0 1 0 0 1 0 
0 1 1 1 0 0 0 0 0 
0 1 1 1 1 0 0 0 0 
0 1 0 0 1 0 0 1 0 
0 0 0 0 0 0 0 0 1 
0 1 0 0 0 1 1 1 0 
1 0 1 1 0 0 1 1 1 
1 0 0 0 1 1 0 1 1 
0 0 0 1 1 1 1 0 1 
1 0 1 0 0 0 1 0 1 

JOBS [9] - [5, 17, 8, 15, 9, 2, 14, 19, 0]
TOOL SWITCHES : 2
MAKESPAN : 29

# -------------------------- #

--- TOTAL TOOL SWITCHES : 11
--- HIGHEST MAKESPAN : 29
--- TOTAL FLOWTIME : 223
--- RUNNING TIME : 5.24264

# -------------------------- #
RUN : 1 - instancias_txt/SSP-NPM-I/ins118_m=3_j=20_t=15_var=18.txt

- MACHINE [0]

0 0 0 1 0 0 
1 1 1 0 0 0 
0 0 0 1 1 1 
0 1 1 1 0 0 
0 1 1 1 0 1 
1 1 1 1 0 0 
1 0 0 0 1 0 
1 0 1 1 1 1 
1 0 0 1 1 1 
0 1 1 0 0 1 
0 0 0 0 0 1 
0 0 0 0 0 0 
0 0 0 0 0 0 
1 1 0 0 0 0 
0 0 1 0 1 0 

JOBS [6] - [13, 18, 1, 16, 10, 4]
TOOL SWITCHES : 10
MAKESPAN : 42

- MACHINE [1]

0 0 0 1 1 0 0 
0 0 0 0 0 0 1 
1 0 1 0 0 0 0 
0 0 0 0 0 0 0 
0 1 0 1 0 0 1 
1 1 0 1 0 0 0 
0 0 1 0 0 1 1 
1 1 1 0 0 1 0 
0 0 0 0 0 1 1 
0 0 1 1 0 0 1 
1 1 0 1 1 0 0 
0 0 0 0 1 1 0 
0 1 1 0 1 0 0 
1 1 1 0 1 1 0 
1 1 1 0 0 1 1 

JOBS [7] - [7, 5, 15, 12, 11, 9, 3]
TOOL SWITCHES : 4
MAKESPAN : 40

- MACHINE [2]

0 1 0 0 1 1 1 
1 0 1 1 0 0 1 
0 0 0 0 0 1 1 
0 1 0 0 0 1 1 
0 0 0 0 0 0 0 
0 0 0 0 0 0 0 
1 1 0 1 1 1 1 
1 1 0 1 0 0 0 
0 1 0 0 1 0 1 
0 0 1 1 1 0 1 
0 0 1 0 0 0 0 
1 0 0 1 0 0 0 
0 0 1 1 0 1 0 
1 0 0 0 0 0 0 
0 0 1 0 1 0 0 

JOBS [7] - [6, 0, 19, 17, 2, 14, 8]
TOOL SWITCHES : 0
MAKESPAN : 35

# -------------------------- #

--- TOTAL TOOL SWITCHES : 14
--- HIGHEST MAKESPAN : 42
--- TOTAL FLOWTIME : 351
--- RUNNING TIME : 4.20726

# -------------------------- #
RUN : 1 - instancias_txt/SSP-NPM-I/ins119_m=3_j=20_t=15_var=19.txt

- MACHINE [0]

0 1 1 0 0 0 
0 0 1 0 0 0 
1 1 0 1 0 0 
1 1 0 1 1 1 
0 1 1 1 1 0 
0 0 0 0 1 1 
0 0 0 0 0 0 
0 1 1 1 1 1 
0 0 0 1 0 1 
1 1 1 0 1 0 
1 0 0 1 1 0 
1 0 0 0 0 1 
1 1 0 0 0 0 
0 0 0 0 0 1 
0 0 0 0 0 1 

JOBS [6] - [19, 4, 7, 9, 2, 0]
TOOL SWITCHES : 9
MAKESPAN : 37

- MACHINE [1]

1 1 1 1 1 0 1 1 
0 1 1 1 1 1 0 0 
1 0 1 0 0 0 0 0 
0 0 0 1 1 1 1 1 
0 0 0 0 1 0 1 1 
1 0 0 1 0 0 0 1 
1 1 1 0 0 0 0 0 
0 0 0 0 0 1 0 0 
1 0 1 0 1 0 1 0 
0 0 0 0 0 0 0 0 
0 0 0 0 0 0 0 0 
0 0 0 1 0 1 0 0 
0 1 0 0 0 1 1 1 
1 1 0 1 0 0 0 0 
1 1 0 1 1 1 1 1 

JOBS [8] - [18, 15, 16, 11, 10, 14, 12, 6]
TOOL SWITCHES : 3
MAKESPAN : 36

- MACHINE [2]

0 1 1 0 0 1 
1 1 1 0 0 0 
0 1 1 0 1 1 
0 0 0 0 0 0 
1 0 1 1 0 0 
0 0 0 1 0 1 
0 0 1 0 0 0 
0 1 0 0 1 1 
0 0 0 0 0 0 
0 0 1 1 1 1 
1 0 0 1 1 1 
1 1 0 1 1 0 
1 0 0 1 0 0 
1 0 0 0 0 0 
1 1 1 0 0 1 

JOBS [6] - [13, 8, 1, 17, 3, 5]
TOOL SWITCHES : 0
MAKESPAN : 29

# -------------------------- #

--- TOTAL TOOL SWITCHES : 12
--- HIGHEST MAKESPAN : 37
--- TOTAL FLOWTIME : 319
--- RUNNING TIME : 6.29242

# -------------------------- #
RUN : 1 - instancias_txt/SSP-NPM-I/ins120_m=3_j=20_t=15_var=20.txt

- MACHINE [0]

1 1 1 0 0 
0 0 1 1 1 
0 0 0 1 1 
0 0 0 0 0 
1 0 0 0 0 
1 1 0 1 1 
0 0 0 0 0 
1 1 1 1 0 
1 1 1 1 1 
0 1 1 0 0 
0 1 0 0 0 
1 0 0 0 1 
0 0 0 0 1 
0 0 0 1 0 
1 1 0 0 0 

JOBS [5] - [9, 17, 6, 19, 5]
TOOL SWITCHES : 7
MAKESPAN : 35

- MACHINE [1]

0 0 0 0 0 0 
0 0 0 1 0 0 
1 1 1 1 1 1 
0 0 1 1 0 1 
0 1 1 0 0 0 
0 0 0 0 1 0 
0 0 0 0 0 1 
1 1 1 1 1 0 
1 0 0 1 0 0 
1 0 1 0 1 0 
0 0 0 0 0 0 
1 1 0 0 1 1 
1 1 0 1 0 1 
1 1 0 0 1 0 
0 1 0 0 0 1 

JOBS [6] - [12, 10, 18, 7, 11, 4]
TOOL SWITCHES : 3
MAKESPAN : 30

- MACHINE [2]

1 0 1 1 0 1 0 0 1 
1 0 0 1 0 0 0 1 1 
1 0 1 0 1 0 0 1 1 
0 0 0 0 0 0 0 0 0 
1 0 0 1 1 0 1 1 0 
1 1 1 0 0 0 1 1 1 
0 1 0 1 0 1 1 0 1 
0 0 1 0 1 0 0 1 0 
0 0 1 1 1 1 1 0 0 
0 0 0 0 1 1 0 0 0 
1 1 0 0 1 1 0 1 1 
0 0 0 0 0 0 0 0 0 
0 1 0 0 1 1 0 1 0 
0 0 0 1 0 1 0 0 0 
0 1 1 0 0 0 1 0 0 

JOBS [9] - [8, 3, 0, 13, 16, 14, 1, 15, 2]
TOOL SWITCHES : 0
MAKESPAN : 28

# -------------------------- #

--- TOTAL TOOL SWITCHES : 10
--- HIGHEST MAKESPAN : 35
--- TOTAL FLOWTIME : 249
--- RUNNING TIME : 4.31784

# -------------------------- #


avg : 273.1
