RUN : 1 - instancias_txt/SSP-NPM-I/ins101_m=3_j=20_t=15_var=1.txt

- MACHINE [0]

0 1 1 0 1 1 0 1 
0 0 0 0 0 1 0 1 
0 0 1 1 1 1 1 0 
0 1 0 1 0 0 0 0 
1 1 1 0 1 0 1 1 
0 0 0 0 1 1 1 0 
0 0 0 0 0 0 0 0 
1 1 1 1 0 1 1 1 
1 1 1 1 0 0 0 1 
0 0 0 0 1 1 0 0 
0 0 0 0 0 0 0 0 
1 0 0 1 0 0 0 0 
1 1 0 0 0 0 0 0 
0 0 0 0 0 0 1 0 
0 0 0 0 0 0 1 1 

JOBS [8] - [6, 0, 7, 15, 19, 10, 18, 3]
TOOL SWITCHES : 8
MAKESPAN : 35

- MACHINE [1]

0 0 0 0 0 0 
0 0 0 0 0 1 
0 0 0 0 0 0 
0 1 0 0 0 1 
0 1 1 1 0 1 
1 1 0 0 1 0 
1 0 1 0 1 0 
0 1 1 0 0 0 
1 0 1 1 0 0 
0 1 1 0 0 1 
0 0 0 1 0 0 
0 0 0 0 1 1 
1 0 0 1 1 0 
1 0 0 1 1 0 
0 1 1 1 1 1 

JOBS [6] - [8, 1, 2, 9, 17, 13]
TOOL SWITCHES : 3
MAKESPAN : 33

- MACHINE [2]

1 1 1 0 0 1 
0 0 0 1 0 1 
1 0 0 1 1 0 
0 1 0 1 1 0 
1 0 0 0 0 0 
0 0 1 1 0 0 
0 1 1 0 1 0 
0 0 0 1 0 1 
0 0 0 0 0 1 
0 0 1 0 1 0 
1 0 1 1 0 1 
0 0 1 0 0 0 
0 1 0 0 1 0 
1 1 0 1 0 1 
0 0 0 0 0 0 

JOBS [6] - [16, 4, 12, 5, 14, 11]
TOOL SWITCHES : 1
MAKESPAN : 30

# -------------------------- #

--- TOTAL TOOL SWITCHES : 12
--- HIGHEST MAKESPAN : 35
--- TOTAL FLOWTIME : 285
--- RUNNING TIME : 4.45065

# -------------------------- #
RUN : 1 - instancias_txt/SSP-NPM-I/ins102_m=3_j=20_t=15_var=2.txt

- MACHINE [0]

0 0 0 1 1 
0 0 1 0 1 
1 1 0 0 0 
1 0 0 0 0 
0 1 1 0 1 
0 0 0 0 0 
0 1 1 0 0 
0 0 0 0 1 
1 0 1 0 0 
0 1 1 1 0 
0 1 0 1 0 
1 0 0 0 1 
0 0 0 1 0 
0 0 0 1 1 
1 1 1 0 1 

JOBS [5] - [1, 7, 6, 10, 16]
TOOL SWITCHES : 9
MAKESPAN : 31

- MACHINE [1]

0 0 0 0 0 1 
0 0 1 0 0 1 
1 1 1 1 0 0 
0 1 0 0 1 0 
0 1 0 1 0 0 
1 0 0 0 1 1 
1 1 0 1 1 0 
0 0 0 0 0 0 
1 0 1 1 1 0 
0 1 1 0 0 0 
1 0 0 1 0 0 
0 0 0 0 1 1 
0 0 0 0 0 1 
1 1 1 1 1 1 
0 0 0 0 0 0 

JOBS [6] - [5, 4, 13, 2, 0, 9]
TOOL SWITCHES : 3
MAKESPAN : 23

- MACHINE [2]

1 1 0 1 0 1 1 1 1 
0 0 1 1 1 0 1 0 0 
0 0 0 0 1 0 1 0 0 
1 0 0 0 0 0 1 0 0 
1 0 0 0 0 1 0 1 1 
0 1 1 0 0 1 0 0 0 
1 1 0 1 0 0 1 1 1 
1 0 0 1 1 0 1 0 1 
1 1 1 0 0 0 0 1 0 
0 1 0 0 1 0 0 0 1 
0 1 1 0 0 0 0 1 0 
0 1 1 1 0 1 1 0 1 
0 0 0 1 1 1 0 1 0 
0 0 0 0 0 0 0 0 0 
0 0 0 0 0 0 0 0 0 

JOBS [9] - [14, 17, 8, 19, 3, 18, 15, 12, 11]
TOOL SWITCHES : 0
MAKESPAN : 22

# -------------------------- #

--- TOTAL TOOL SWITCHES : 12
--- HIGHEST MAKESPAN : 31
--- TOTAL FLOWTIME : 198
--- RUNNING TIME : 5.83658

# -------------------------- #
RUN : 1 - instancias_txt/SSP-NPM-I/ins103_m=3_j=20_t=15_var=3.txt

- MACHINE [0]

1 1 0 1 0 
1 1 0 0 0 
0 0 0 0 1 
0 0 0 1 1 
0 1 1 1 1 
0 0 1 1 0 
1 1 1 0 0 
1 0 0 0 0 
1 0 0 0 0 
0 0 0 1 1 
1 1 1 0 0 
1 1 1 1 1 
0 0 0 0 0 
0 1 0 0 0 
0 0 1 1 1 

JOBS [5] - [18, 6, 15, 9, 5]
TOOL SWITCHES : 7
MAKESPAN : 30

- MACHINE [1]

0 0 1 1 0 0 0 
1 1 0 0 0 0 1 
0 0 0 0 0 0 1 
0 1 1 0 0 1 0 
0 0 0 1 0 1 0 
0 0 0 0 0 1 1 
1 0 1 0 0 1 0 
0 0 0 0 1 1 1 
1 0 0 1 1 0 1 
0 0 0 0 1 0 0 
0 0 1 0 1 1 0 
1 1 0 1 1 1 0 
0 1 1 1 1 0 1 
1 0 1 0 1 0 0 
0 1 0 1 0 0 0 

JOBS [7] - [2, 8, 19, 1, 10, 11, 12]
TOOL SWITCHES : 6
MAKESPAN : 38

- MACHINE [2]

0 1 0 1 0 0 0 0 
0 1 1 0 1 1 0 0 
0 1 1 1 0 1 1 0 
1 1 0 0 0 0 0 0 
1 0 0 0 1 0 1 0 
0 0 0 1 0 0 0 0 
0 0 1 0 0 1 0 1 
1 0 1 1 1 0 1 0 
0 1 1 1 1 1 1 1 
0 1 0 0 1 0 1 1 
1 0 0 1 1 0 0 1 
0 0 0 0 0 0 0 0 
0 0 0 0 0 1 1 0 
0 0 1 0 1 1 0 1 
1 0 1 0 0 0 1 1 

JOBS [8] - [3, 4, 17, 0, 13, 7, 16, 14]
TOOL SWITCHES : 1
MAKESPAN : 40

# -------------------------- #

--- TOTAL TOOL SWITCHES : 14
--- HIGHEST MAKESPAN : 40
--- TOTAL FLOWTIME : 307
--- RUNNING TIME : 5.07357

# -------------------------- #
RUN : 1 - instancias_txt/SSP-NPM-I/ins104_m=3_j=20_t=15_var=4.txt

- MACHINE [0]

1 1 0 0 0 1 
0 0 1 0 1 1 
1 0 0 0 0 0 
0 0 0 1 0 0 
1 0 1 1 1 1 
0 0 1 0 0 0 
0 0 0 0 1 0 
0 1 1 0 0 0 
1 0 0 0 1 1 
0 0 0 1 0 1 
1 1 1 1 0 0 
0 1 0 1 0 0 
0 0 1 1 1 0 
0 0 0 0 1 1 
0 1 0 0 0 1 

JOBS [6] - [19, 5, 13, 10, 14, 7]
TOOL SWITCHES : 11
MAKESPAN : 36

- MACHINE [1]

0 0 0 1 1 1 
1 1 0 1 0 1 
0 0 1 1 1 0 
1 1 1 0 0 1 
0 0 0 0 1 0 
1 1 1 1 1 0 
0 1 0 0 1 0 
1 0 0 0 1 0 
0 1 1 1 0 0 
1 0 0 0 0 0 
1 0 1 0 0 1 
0 0 0 0 0 0 
0 0 0 0 0 0 
0 1 1 0 1 1 
0 0 0 0 0 1 

JOBS [6] - [11, 3, 9, 6, 0, 17]
TOOL SWITCHES : 3
MAKESPAN : 31

- MACHINE [2]

1 0 1 0 1 1 1 1 
0 0 0 1 1 0 0 1 
1 1 1 0 0 0 0 0 
0 0 0 1 0 0 1 0 
0 1 0 0 0 1 0 0 
1 1 0 0 1 1 0 0 
1 1 0 0 1 1 1 0 
0 0 1 1 0 0 0 0 
0 0 0 0 0 0 0 0 
1 1 1 1 0 1 1 1 
0 0 0 1 0 0 0 0 
1 1 1 0 1 1 1 0 
0 0 0 0 0 0 1 1 
0 1 1 0 0 0 0 1 
0 0 0 1 1 0 0 1 

JOBS [8] - [8, 18, 2, 16, 1, 4, 15, 12]
TOOL SWITCHES : 1
MAKESPAN : 29

# -------------------------- #

--- TOTAL TOOL SWITCHES : 15
--- HIGHEST MAKESPAN : 36
--- TOTAL FLOWTIME : 258
--- RUNNING TIME : 5.15434

# -------------------------- #
RUN : 1 - instancias_txt/SSP-NPM-I/ins105_m=3_j=20_t=15_var=5.txt

- MACHINE [0]

1 0 1 0 1 
0 0 1 0 1 
0 0 0 0 1 
1 1 0 0 0 
0 0 0 0 0 
1 0 0 0 0 
1 1 1 1 0 
0 0 1 1 0 
0 0 0 1 1 
1 1 0 0 0 
0 1 1 0 1 
0 1 1 1 0 
0 0 0 0 0 
0 1 0 1 1 
0 0 0 0 0 

JOBS [5] - [13, 11, 3, 16, 9]
TOOL SWITCHES : 6
MAKESPAN : 31

- MACHINE [1]

0 1 1 0 0 1 0 
0 0 1 1 0 1 1 
0 0 0 0 1 1 1 
0 0 0 0 0 0 1 
1 0 0 1 1 0 0 
0 1 1 0 1 1 1 
1 0 0 1 0 1 0 
0 1 0 1 1 0 0 
0 0 0 0 0 0 0 
1 0 0 0 0 0 1 
1 1 1 0 1 1 1 
0 0 0 0 0 0 0 
0 1 0 1 1 0 0 
1 1 1 1 0 1 1 
1 0 1 1 0 0 0 

JOBS [7] - [18, 14, 5, 2, 10, 4, 8]
TOOL SWITCHES : 4
MAKESPAN : 43

- MACHINE [2]

1 1 0 0 0 1 0 1 
0 0 1 1 1 1 1 0 
0 1 0 0 0 0 0 0 
0 1 0 0 1 1 1 0 
1 1 1 1 0 0 0 1 
0 1 1 0 0 0 0 0 
1 0 1 0 1 0 1 0 
0 0 0 1 0 0 1 0 
0 0 1 1 0 1 0 0 
1 0 1 1 1 1 0 0 
0 0 0 0 0 0 0 1 
1 1 1 0 0 0 1 1 
0 0 0 1 1 1 0 0 
0 0 0 0 0 1 1 1 
1 0 0 0 0 0 1 1 

JOBS [8] - [7, 0, 6, 1, 12, 17, 19, 15]
TOOL SWITCHES : 2
MAKESPAN : 39

# -------------------------- #

--- TOTAL TOOL SWITCHES : 12
--- HIGHEST MAKESPAN : 43
--- TOTAL FLOWTIME : 329
--- RUNNING TIME : 5.10345

# -------------------------- #
RUN : 1 - instancias_txt/SSP-NPM-I/ins106_m=3_j=20_t=15_var=6.txt

- MACHINE [0]

1 1 0 0 1 0 
1 1 0 0 1 1 
1 1 0 0 0 0 
0 0 1 1 0 1 
0 0 0 0 0 1 
1 1 1 0 0 0 
0 0 0 0 0 0 
0 0 0 1 1 0 
0 0 0 0 0 1 
1 1 1 0 0 0 
1 0 0 0 0 0 
0 1 1 0 1 1 
1 0 1 1 1 0 
0 0 0 1 1 0 
0 0 1 1 0 0 

JOBS [6] - [12, 2, 7, 3, 8, 14]
TOOL SWITCHES : 8
MAKESPAN : 34

- MACHINE [1]

0 0 0 0 1 
1 0 1 1 0 
0 0 1 1 1 
1 1 1 0 1 
0 0 0 0 0 
0 0 0 1 0 
0 1 0 0 0 
0 1 0 0 0 
0 0 0 1 0 
1 1 1 1 0 
1 1 0 0 1 
0 1 0 1 1 
1 0 1 0 0 
1 0 0 1 0 
1 0 1 0 1 

JOBS [5] - [4, 13, 17, 10, 0]
TOOL SWITCHES : 4
MAKESPAN : 30

- MACHINE [2]

1 1 0 1 1 0 0 0 0 
0 0 0 0 0 0 0 0 1 
0 0 0 0 0 0 1 1 0 
0 1 1 0 0 0 0 0 1 
1 1 0 1 0 1 0 0 1 
1 1 1 1 1 0 0 0 0 
1 0 0 0 1 1 1 1 0 
0 0 0 0 0 1 1 0 0 
1 1 0 0 1 0 0 0 0 
0 0 0 0 0 0 1 1 1 
0 0 0 1 0 1 0 0 1 
1 1 1 0 0 1 0 0 0 
0 1 1 1 1 1 1 1 0 
1 0 1 0 0 0 0 1 0 
0 0 0 1 0 1 1 0 0 

JOBS [9] - [18, 1, 16, 9, 15, 19, 6, 5, 11]
TOOL SWITCHES : 2
MAKESPAN : 36

# -------------------------- #

--- TOTAL TOOL SWITCHES : 14
--- HIGHEST MAKESPAN : 36
--- TOTAL FLOWTIME : 292
--- RUNNING TIME : 4.54755

# -------------------------- #
RUN : 1 - instancias_txt/SSP-NPM-I/ins107_m=3_j=20_t=15_var=7.txt

- MACHINE [0]

0 0 1 0 0 1 
0 0 0 1 1 1 
1 0 0 0 0 0 
1 1 0 0 1 0 
0 1 1 1 0 1 
1 0 0 1 1 1 
0 0 1 1 1 1 
1 1 0 1 0 0 
1 1 1 1 1 0 
0 1 1 0 0 0 
1 1 1 0 1 1 
0 0 0 0 0 0 
0 0 0 0 0 0 
0 0 0 0 0 0 
0 0 0 0 1 1 

JOBS [6] - [9, 5, 3, 15, 12, 10]
TOOL SWITCHES : 9
MAKESPAN : 32

- MACHINE [1]

0 0 0 1 0 1 
0 0 0 0 0 1 
1 0 1 0 0 0 
0 0 0 0 0 0 
1 0 0 0 0 1 
1 0 1 1 1 0 
0 0 1 1 1 1 
0 0 0 0 0 1 
0 0 0 0 0 0 
1 1 1 0 0 0 
0 0 0 1 1 0 
0 1 1 1 0 1 
0 1 0 1 1 0 
1 1 0 0 0 0 
0 1 1 0 1 0 

JOBS [6] - [11, 17, 2, 4, 14, 18]
TOOL SWITCHES : 3
MAKESPAN : 39

- MACHINE [2]

0 1 0 1 0 0 1 0 
0 1 1 1 1 0 1 1 
1 1 1 1 0 1 1 1 
1 1 1 0 0 1 1 0 
0 0 0 0 1 1 0 0 
0 1 0 0 0 0 0 0 
0 0 0 0 0 0 0 0 
0 0 0 1 1 1 0 1 
1 0 0 0 0 0 0 1 
1 0 0 0 0 0 0 0 
0 0 1 1 0 0 0 0 
1 0 0 1 0 1 0 1 
1 0 1 0 1 1 1 0 
0 0 1 0 1 0 0 0 
1 1 0 0 0 1 0 0 

JOBS [8] - [7, 13, 16, 8, 6, 0, 19, 1]
TOOL SWITCHES : 1
MAKESPAN : 43

# -------------------------- #

--- TOTAL TOOL SWITCHES : 13
--- HIGHEST MAKESPAN : 43
--- TOTAL FLOWTIME : 320
--- RUNNING TIME : 4.67834

# -------------------------- #
RUN : 1 - instancias_txt/SSP-NPM-I/ins108_m=3_j=20_t=15_var=8.txt

- MACHINE [0]

1 1 0 0 0 0 
0 0 0 1 1 0 
0 0 0 0 1 0 
1 1 1 1 0 1 
0 0 0 0 0 1 
0 0 0 0 1 1 
1 1 1 1 1 1 
0 0 0 0 0 0 
1 0 0 0 0 0 
1 0 1 1 0 0 
1 0 0 0 0 0 
0 0 0 1 1 1 
0 0 1 0 0 0 
0 1 0 1 0 0 
0 1 1 1 1 0 

JOBS [6] - [18, 12, 1, 3, 4, 15]
TOOL SWITCHES : 7
MAKESPAN : 25

- MACHINE [1]

0 1 0 1 1 0 
0 0 0 1 1 0 
1 1 1 0 1 0 
0 0 0 0 0 1 
1 0 1 1 0 0 
1 1 1 0 1 1 
0 0 0 0 0 0 
1 0 0 0 0 0 
1 0 1 0 0 1 
0 0 0 0 0 0 
0 1 0 1 0 0 
0 1 1 1 0 1 
1 1 0 1 1 1 
0 0 0 0 0 0 
1 0 0 1 0 0 

JOBS [6] - [2, 6, 0, 14, 16, 5]
TOOL SWITCHES : 2
MAKESPAN : 22

- MACHINE [2]

1 0 1 0 0 1 0 0 
0 0 0 0 0 0 0 1 
1 0 0 1 0 1 1 0 
0 1 0 1 1 0 0 1 
0 0 1 1 0 0 1 0 
0 0 1 0 0 1 0 0 
0 0 0 0 0 0 0 0 
0 1 1 1 1 0 0 0 
1 0 0 0 1 0 1 1 
1 1 1 0 1 0 1 0 
0 1 0 1 0 1 1 1 
1 0 1 0 1 1 0 0 
0 1 0 1 1 0 0 1 
0 1 0 0 0 1 0 1 
1 0 1 0 0 0 0 1 

JOBS [8] - [13, 8, 11, 9, 19, 10, 17, 7]
TOOL SWITCHES : 1
MAKESPAN : 26

# -------------------------- #

--- TOTAL TOOL SWITCHES : 10
--- HIGHEST MAKESPAN : 26
--- TOTAL FLOWTIME : 209
--- RUNNING TIME : 5.92709

# -------------------------- #
RUN : 1 - instancias_txt/SSP-NPM-I/ins109_m=3_j=20_t=15_var=9.txt

- MACHINE [0]

0 0 0 1 1 
0 1 0 1 1 
1 1 0 0 0 
0 1 1 1 0 
1 0 1 1 1 
0 1 1 0 1 
0 0 0 0 0 
0 0 0 0 0 
1 1 1 1 0 
0 0 1 0 0 
1 0 1 1 0 
1 0 0 0 0 
1 0 0 0 0 
0 0 0 0 1 
0 0 0 0 0 

JOBS [5] - [1, 7, 9, 16, 2]
TOOL SWITCHES : 5
MAKESPAN : 25

- MACHINE [1]

1 0 0 0 1 0 1 0 
0 0 0 0 0 1 1 1 
0 0 0 1 0 1 1 0 
0 0 0 0 1 1 0 0 
0 0 0 0 0 0 0 0 
1 0 1 1 0 1 0 0 
1 0 1 0 1 0 0 0 
0 1 0 1 1 0 0 1 
0 1 1 1 0 0 0 0 
1 1 0 0 0 0 0 1 
0 1 0 0 0 0 0 0 
1 1 0 1 0 1 1 0 
0 0 0 0 0 0 1 0 
1 1 1 0 1 1 1 1 
0 1 1 0 1 1 1 1 

JOBS [8] - [19, 11, 5, 12, 0, 15, 13, 3]
TOOL SWITCHES : 4
MAKESPAN : 30

- MACHINE [2]

1 0 0 1 0 1 0 
0 1 0 1 0 1 0 
1 0 1 0 0 1 1 
0 0 1 0 0 0 0 
1 1 0 1 1 1 0 
0 0 0 1 1 0 0 
0 1 0 0 1 1 1 
0 0 0 0 0 0 1 
0 0 0 0 0 0 1 
0 1 1 0 0 1 0 
1 0 0 0 1 0 0 
0 0 1 0 0 0 1 
0 1 1 1 0 0 0 
1 1 1 0 0 0 0 
1 0 1 1 1 1 1 

JOBS [7] - [14, 18, 17, 10, 6, 8, 4]
TOOL SWITCHES : 2
MAKESPAN : 26

# -------------------------- #

--- TOTAL TOOL SWITCHES : 11
--- HIGHEST MAKESPAN : 30
--- TOTAL FLOWTIME : 237
--- RUNNING TIME : 4.52558

# -------------------------- #
RUN : 1 - instancias_txt/SSP-NPM-I/ins110_m=3_j=20_t=15_var=10.txt

- MACHINE [0]

1 0 0 0 0 
1 0 1 1 1 
1 1 1 1 1 
0 0 0 1 0 
0 0 0 0 1 
0 0 0 0 0 
0 0 0 1 0 
1 1 1 0 1 
1 1 1 0 0 
0 1 1 0 1 
0 0 0 0 0 
1 0 0 0 0 
0 0 0 0 0 
0 0 1 1 1 
0 1 0 0 0 

JOBS [5] - [15, 0, 8, 3, 5]
TOOL SWITCHES : 5
MAKESPAN : 27

- MACHINE [1]

0 0 1 1 0 0 
0 0 0 0 0 0 
0 0 0 0 1 1 
1 1 1 0 0 0 
0 1 1 1 0 1 
0 0 0 1 1 1 
1 1 1 0 1 0 
0 1 0 0 1 0 
0 0 0 1 1 1 
1 0 0 1 0 0 
0 1 0 0 0 1 
1 0 0 0 0 0 
0 0 0 1 1 0 
0 0 1 0 0 0 
1 1 1 1 1 1 

JOBS [6] - [2, 14, 19, 9, 11, 13]
TOOL SWITCHES : 4
MAKESPAN : 25

- MACHINE [2]

1 0 1 0 1 0 0 1 0 
1 1 0 0 1 1 1 0 0 
0 1 0 0 0 1 0 0 1 
1 0 1 0 1 0 1 0 0 
0 0 0 0 0 0 0 0 0 
1 0 1 1 0 1 0 0 1 
0 1 1 0 0 0 0 1 1 
1 0 0 0 0 0 1 1 0 
1 1 1 1 1 1 1 0 0 
0 0 0 0 0 0 0 1 1 
0 0 1 0 0 0 0 1 1 
1 1 0 1 0 1 0 0 1 
0 1 0 1 0 0 1 0 0 
0 1 0 1 1 0 0 0 0 
0 0 0 1 1 0 0 1 0 

JOBS [9] - [4, 6, 16, 12, 1, 17, 18, 10, 7]
TOOL SWITCHES : 1
MAKESPAN : 30

# -------------------------- #

--- TOTAL TOOL SWITCHES : 10
--- HIGHEST MAKESPAN : 30
--- TOTAL FLOWTIME : 233
--- RUNNING TIME : 6.30645

# -------------------------- #
RUN : 1 - instancias_txt/SSP-NPM-I/ins111_m=3_j=20_t=15_var=11.txt

- MACHINE [0]

1 0 0 0 0 
0 0 0 1 0 
1 0 0 1 0 
1 0 1 0 0 
1 0 0 0 0 
0 0 0 1 1 
0 0 0 0 0 
0 0 1 1 1 
1 1 1 0 1 
1 0 1 1 0 
0 0 0 0 1 
0 0 1 0 1 
0 1 0 1 1 
0 0 0 0 0 
1 1 0 0 0 

JOBS [5] - [2, 17, 1, 11, 6]
TOOL SWITCHES : 7
MAKESPAN : 32

- MACHINE [1]

1 0 0 0 1 0 
1 1 0 0 1 1 
0 0 0 0 0 0 
0 0 0 0 1 1 
1 1 1 1 0 0 
0 0 0 1 0 1 
0 1 0 0 0 0 
0 1 1 0 1 0 
1 1 1 0 0 0 
1 0 0 1 1 1 
0 0 0 1 0 0 
1 1 1 1 0 0 
0 0 0 0 1 1 
0 0 1 1 0 0 
1 0 1 1 0 1 

JOBS [6] - [10, 19, 14, 4, 15, 13]
TOOL SWITCHES : 4
MAKESPAN : 27

- MACHINE [2]

0 1 0 0 0 0 1 1 1 
1 0 1 0 0 1 1 0 0 
1 0 1 0 0 0 0 0 1 
0 0 0 0 0 0 0 0 0 
0 0 0 0 1 1 1 0 1 
0 1 1 1 0 1 0 1 0 
1 1 1 0 1 1 0 1 1 
0 0 0 0 0 0 0 0 0 
0 1 0 1 1 0 0 0 0 
1 0 0 1 0 1 1 1 0 
1 0 1 1 1 0 0 0 1 
1 0 1 1 0 0 0 1 0 
1 1 1 0 0 1 1 1 1 
0 1 0 1 1 1 0 0 0 
0 0 0 0 1 0 1 0 0 

JOBS [9] - [12, 7, 16, 8, 18, 9, 3, 5, 0]
TOOL SWITCHES : 0
MAKESPAN : 28

# -------------------------- #

--- TOTAL TOOL SWITCHES : 11
--- HIGHEST MAKESPAN : 32
--- TOTAL FLOWTIME : 256
--- RUNNING TIME : 5.64027

# -------------------------- #
RUN : 1 - instancias_txt/SSP-NPM-I/ins112_m=3_j=20_t=15_var=12.txt

- MACHINE [0]

0 0 0 0 1 1 
0 0 0 0 1 1 
0 0 0 0 0 1 
1 1 0 0 0 0 
0 0 0 0 0 1 
1 1 1 1 0 1 
0 1 1 1 1 0 
0 0 0 1 1 0 
0 0 0 0 0 0 
1 1 0 0 0 0 
1 0 1 0 1 0 
0 0 0 0 1 1 
0 0 1 1 0 0 
1 1 0 0 0 0 
1 1 1 1 0 0 

JOBS [6] - [19, 8, 16, 2, 5, 0]
TOOL SWITCHES : 7
MAKESPAN : 32

- MACHINE [1]

1 0 0 0 0 0 
1 0 1 1 0 1 
1 0 0 0 1 0 
0 0 1 1 0 0 
0 1 1 0 0 0 
0 0 0 1 1 0 
0 1 1 0 0 0 
0 1 0 0 1 1 
1 1 0 0 0 0 
1 1 0 0 1 1 
0 0 0 0 1 1 
0 1 1 1 1 1 
0 1 0 1 0 1 
1 0 1 1 0 1 
0 0 0 1 1 0 

JOBS [6] - [3, 14, 7, 10, 15, 9]
TOOL SWITCHES : 5
MAKESPAN : 35

- MACHINE [2]

1 1 0 1 1 1 0 1 
0 0 1 0 0 0 1 0 
0 1 1 0 1 1 0 0 
0 0 1 1 1 1 0 0 
0 0 0 1 1 0 1 1 
1 0 0 0 0 0 0 1 
0 0 1 0 0 1 1 0 
0 0 0 0 0 0 0 0 
1 1 1 0 0 0 1 0 
0 1 0 0 1 0 0 1 
0 1 1 1 0 1 1 0 
0 0 0 0 0 0 0 1 
1 1 0 1 1 0 0 0 
0 0 0 0 0 0 0 0 
1 0 1 0 0 1 1 1 

JOBS [8] - [13, 11, 1, 17, 12, 6, 18, 4]
TOOL SWITCHES : 0
MAKESPAN : 37

# -------------------------- #

--- TOTAL TOOL SWITCHES : 12
--- HIGHEST MAKESPAN : 37
--- TOTAL FLOWTIME : 308
--- RUNNING TIME : 4.59337

# -------------------------- #
RUN : 1 - instancias_txt/SSP-NPM-I/ins113_m=3_j=20_t=15_var=13.txt

- MACHINE [0]

0 0 0 0 1 1 
1 1 0 0 1 1 
1 0 1 0 1 0 
0 0 0 1 0 1 
0 1 0 0 0 0 
0 0 0 0 0 0 
1 0 1 0 0 1 
1 0 0 0 0 0 
0 0 1 1 1 0 
1 1 1 1 0 0 
0 1 1 1 1 0 
0 0 1 0 0 0 
0 0 0 1 0 0 
1 1 1 0 0 1 
0 0 0 0 1 1 

JOBS [6] - [15, 18, 7, 1, 10, 8]
TOOL SWITCHES : 10
MAKESPAN : 31

- MACHINE [1]

1 0 1 0 0 0 0 
0 0 0 0 0 0 1 
0 0 0 1 1 1 0 
0 0 0 0 0 0 1 
0 0 1 0 1 1 1 
0 1 0 1 0 1 0 
0 1 1 0 0 0 1 
1 1 0 1 0 0 1 
1 0 0 0 1 0 1 
0 1 1 0 0 0 0 
1 1 0 0 1 1 0 
0 1 1 1 1 1 0 
0 0 0 1 1 0 0 
1 0 0 0 0 0 0 
1 0 1 1 0 1 1 

JOBS [7] - [0, 19, 9, 4, 6, 16, 3]
TOOL SWITCHES : 5
MAKESPAN : 35

- MACHINE [2]

1 0 0 0 1 0 0 
1 0 1 1 0 0 1 
1 0 1 1 0 1 0 
0 0 1 0 1 1 1 
0 0 1 0 0 1 0 
1 0 0 1 1 1 0 
0 0 0 0 0 0 0 
0 1 1 0 0 0 1 
0 1 0 0 1 0 0 
1 1 1 1 1 1 0 
0 1 0 0 0 0 0 
0 1 0 1 0 0 1 
1 1 0 0 0 0 1 
1 0 1 0 1 0 0 
0 0 0 0 0 0 1 

JOBS [7] - [5, 14, 2, 12, 13, 17, 11]
TOOL SWITCHES : 1
MAKESPAN : 38

# -------------------------- #

--- TOTAL TOOL SWITCHES : 16
--- HIGHEST MAKESPAN : 38
--- TOTAL FLOWTIME : 312
--- RUNNING TIME : 5.81151

# -------------------------- #
RUN : 1 - instancias_txt/SSP-NPM-I/ins114_m=3_j=20_t=15_var=14.txt

- MACHINE [0]

0 1 1 0 0 
0 0 0 0 0 
1 1 0 1 1 
1 0 0 1 1 
0 0 1 1 0 
0 0 0 0 0 
0 0 0 0 0 
0 0 0 0 1 
0 0 0 1 1 
1 1 0 0 0 
1 0 1 1 1 
1 0 1 0 0 
0 0 1 1 0 
0 1 0 1 1 
1 1 1 0 0 

JOBS [5] - [18, 11, 19, 4, 16]
TOOL SWITCHES : 7
MAKESPAN : 33

- MACHINE [1]

1 0 0 1 1 1 1 
0 0 0 0 1 0 1 
0 1 0 0 0 1 0 
0 0 0 0 0 0 1 
0 0 0 0 0 0 0 
1 1 0 1 1 0 0 
1 1 1 0 0 0 0 
0 0 0 1 1 0 0 
0 1 0 0 0 1 1 
1 0 1 0 0 1 0 
1 0 1 0 1 1 0 
0 0 0 0 0 1 0 
1 1 1 1 0 0 1 
0 0 1 1 0 0 0 
1 1 1 1 1 0 0 

JOBS [7] - [5, 15, 3, 9, 12, 8, 2]
TOOL SWITCHES : 4
MAKESPAN : 34

- MACHINE [2]

0 0 0 0 1 1 0 0 
0 0 0 0 0 0 0 1 
0 0 0 0 0 0 0 1 
1 1 1 0 1 0 0 0 
1 0 0 0 0 1 1 1 
1 0 1 0 0 0 1 0 
0 0 0 0 0 0 1 1 
1 1 1 1 0 1 1 0 
0 0 1 0 1 1 0 0 
1 0 0 1 1 0 0 1 
0 1 0 1 0 1 1 0 
0 1 0 1 1 0 0 1 
1 0 1 0 1 0 0 0 
0 1 1 1 0 1 0 0 
1 0 0 1 0 0 1 0 

JOBS [8] - [6, 14, 13, 7, 10, 1, 0, 17]
TOOL SWITCHES : 2
MAKESPAN : 31

# -------------------------- #

--- TOTAL TOOL SWITCHES : 13
--- HIGHEST MAKESPAN : 34
--- TOTAL FLOWTIME : 263
--- RUNNING TIME : 4.31075

# -------------------------- #
RUN : 1 - instancias_txt/SSP-NPM-I/ins115_m=3_j=20_t=15_var=15.txt

- MACHINE [0]

1 1 1 0 1 
1 1 0 1 0 
0 1 0 0 0 
0 0 1 1 1 
0 0 0 0 0 
0 0 1 0 1 
0 0 0 1 0 
1 1 0 0 1 
0 0 0 1 1 
0 0 0 0 0 
1 1 0 0 0 
1 1 1 0 0 
1 1 0 1 1 
0 0 1 0 0 
0 0 0 0 0 

JOBS [5] - [3, 10, 7, 14, 16]
TOOL SWITCHES : 6
MAKESPAN : 28

- MACHINE [1]

0 1 0 1 1 1 0 
0 0 0 0 0 1 0 
0 1 0 0 1 1 1 
0 0 1 1 0 0 0 
1 1 1 0 1 1 0 
1 0 1 0 0 0 0 
0 1 0 1 0 0 1 
0 0 0 1 0 1 0 
0 1 1 0 0 0 1 
0 0 0 0 0 1 0 
1 0 1 1 1 0 1 
1 1 0 0 1 1 0 
0 0 0 0 0 0 0 
1 0 1 1 1 0 0 
0 0 0 0 0 0 1 

JOBS [7] - [13, 17, 6, 18, 12, 9, 19]
TOOL SWITCHES : 4
MAKESPAN : 30

- MACHINE [2]

1 0 0 0 0 1 1 1 
0 1 1 0 1 0 1 1 
1 0 0 1 1 1 1 1 
0 0 0 0 0 0 0 0 
0 0 0 1 1 0 1 0 
0 1 1 0 0 0 0 0 
1 1 0 0 1 1 0 0 
1 0 1 1 1 1 0 0 
0 0 0 0 0 0 0 1 
1 1 1 0 0 1 0 1 
0 1 0 1 1 1 1 1 
1 1 0 1 0 0 0 0 
0 0 0 1 0 0 0 0 
0 0 0 0 1 1 1 0 
0 0 1 0 0 0 1 1 

JOBS [8] - [4, 8, 0, 2, 11, 1, 15, 5]
TOOL SWITCHES : 1
MAKESPAN : 24

# -------------------------- #

--- TOTAL TOOL SWITCHES : 11
--- HIGHEST MAKESPAN : 30
--- TOTAL FLOWTIME : 230
--- RUNNING TIME : 4.50977

# -------------------------- #
RUN : 1 - instancias_txt/SSP-NPM-I/ins116_m=3_j=20_t=15_var=16.txt

- MACHINE [0]

0 0 0 0 0 
0 0 1 1 0 
0 0 0 0 1 
0 0 0 0 0 
1 1 1 0 0 
1 0 0 1 0 
1 1 0 0 0 
0 0 0 1 1 
1 1 1 1 1 
0 0 0 0 1 
1 1 1 1 1 
1 0 1 0 0 
0 1 1 1 0 
0 0 0 0 0 
0 0 0 0 0 

JOBS [5] - [0, 14, 3, 7, 1]
TOOL SWITCHES : 4
MAKESPAN : 29

- MACHINE [1]

0 0 1 1 1 1 1 1 
1 0 0 1 1 1 1 0 
0 0 0 0 0 0 1 1 
0 0 0 1 1 1 0 0 
0 0 0 0 0 0 0 0 
1 1 1 1 0 1 0 1 
0 1 1 1 1 0 0 1 
1 1 0 0 0 0 0 0 
0 0 0 0 0 1 1 1 
1 1 1 0 0 1 1 0 
0 0 0 0 1 0 0 0 
0 0 1 0 0 0 0 0 
0 0 0 0 0 0 1 0 
1 1 0 1 0 0 0 1 
0 0 1 1 1 0 0 0 

JOBS [8] - [17, 16, 6, 13, 5, 2, 15, 11]
TOOL SWITCHES : 4
MAKESPAN : 32

- MACHINE [2]

1 0 1 0 0 1 1 
0 0 0 0 0 0 0 
1 1 0 0 1 0 0 
0 1 1 1 1 0 1 
1 1 0 1 0 1 0 
0 0 1 0 0 1 1 
0 0 1 0 0 0 0 
1 0 0 0 0 0 1 
0 0 0 0 0 0 1 
0 1 0 1 0 1 0 
0 0 0 0 0 0 0 
1 1 1 1 1 0 0 
1 0 1 1 0 1 0 
0 1 0 0 1 0 1 
0 0 0 1 1 1 0 

JOBS [7] - [4, 10, 9, 12, 18, 8, 19]
TOOL SWITCHES : 0
MAKESPAN : 33

# -------------------------- #

--- TOTAL TOOL SWITCHES : 8
--- HIGHEST MAKESPAN : 33
--- TOTAL FLOWTIME : 284
--- RUNNING TIME : 4.31733

# -------------------------- #
RUN : 1 - instancias_txt/SSP-NPM-I/ins117_m=3_j=20_t=15_var=17.txt

- MACHINE [0]

0 0 1 1 1 0 
0 0 0 0 0 1 
0 0 1 1 0 0 
0 0 0 1 0 0 
0 0 0 0 1 1 
1 0 0 0 0 0 
1 1 0 1 0 1 
1 1 0 0 0 0 
0 0 0 0 0 0 
1 1 1 0 0 1 
0 0 0 1 1 0 
0 0 0 0 0 0 
0 0 1 1 1 1 
0 1 1 0 0 0 
1 1 1 0 1 0 

JOBS [6] - [18, 3, 12, 1, 6, 7]
TOOL SWITCHES : 7
MAKESPAN : 29

- MACHINE [1]

1 1 0 0 0 0 
1 1 1 1 1 1 
0 0 0 1 1 0 
0 0 0 0 0 0 
1 0 0 1 1 0 
1 1 1 0 0 0 
0 0 0 0 0 0 
0 1 1 0 1 0 
0 1 1 1 1 0 
0 0 1 1 0 1 
0 0 0 0 0 0 
1 0 0 1 0 1 
1 1 0 0 0 1 
0 1 1 1 1 1 
1 0 0 0 1 1 

JOBS [6] - [5, 9, 13, 10, 4, 0]
TOOL SWITCHES : 2
MAKESPAN : 26

- MACHINE [2]

0 1 1 0 0 1 0 0 
0 0 0 0 0 0 0 0 
0 0 0 1 1 0 1 0 
0 0 1 0 1 0 0 0 
1 0 0 1 1 1 0 1 
1 0 0 1 0 0 1 1 
1 1 1 0 0 0 0 0 
1 1 1 0 0 0 0 0 
1 0 0 1 0 0 1 1 
0 0 0 0 0 0 0 0 
1 0 0 0 1 1 1 0 
0 1 1 1 1 0 1 1 
0 0 0 0 0 1 1 1 
0 0 1 1 1 1 0 1 
0 1 0 0 1 0 0 0 

JOBS [8] - [17, 8, 15, 16, 14, 2, 19, 11]
TOOL SWITCHES : 0
MAKESPAN : 24

# -------------------------- #

--- TOTAL TOOL SWITCHES : 9
--- HIGHEST MAKESPAN : 29
--- TOTAL FLOWTIME : 222
--- RUNNING TIME : 5.57439

# -------------------------- #
RUN : 1 - instancias_txt/SSP-NPM-I/ins118_m=3_j=20_t=15_var=18.txt

- MACHINE [0]

0 0 0 0 1 0 
1 1 1 0 0 0 
0 0 0 1 1 1 
1 1 0 0 1 0 
1 1 0 0 1 1 
1 1 1 0 1 0 
0 0 1 1 0 0 
1 0 1 1 1 1 
0 0 1 1 1 1 
1 1 0 0 0 1 
0 0 0 0 0 1 
0 0 0 0 0 0 
0 0 0 0 0 0 
0 1 1 0 0 0 
1 0 0 1 0 0 

JOBS [6] - [1, 18, 13, 10, 16, 4]
TOOL SWITCHES : 9
MAKESPAN : 40

- MACHINE [1]

0 0 0 0 0 1 1 
0 0 0 1 0 0 0 
0 1 1 0 0 0 0 
0 0 0 0 0 0 0 
1 0 0 1 0 0 1 
1 1 0 0 0 0 1 
0 0 1 1 1 0 0 
1 1 1 0 1 0 0 
0 0 0 1 1 0 0 
0 0 1 1 0 0 1 
1 1 0 0 0 1 1 
0 0 0 0 1 1 0 
1 0 1 0 0 1 0 
1 1 1 0 1 1 0 
1 1 1 1 1 0 0 

JOBS [7] - [5, 7, 15, 3, 9, 11, 12]
TOOL SWITCHES : 5
MAKESPAN : 43

- MACHINE [2]

1 0 0 0 1 1 1 
0 1 1 1 0 0 1 
0 0 0 0 0 1 1 
1 0 0 0 0 1 1 
0 0 0 0 0 0 0 
0 0 0 0 0 0 0 
1 1 0 1 1 1 1 
1 1 0 1 0 0 0 
1 0 0 0 1 0 1 
0 0 1 1 1 0 1 
0 0 1 0 0 0 0 
0 1 0 1 0 0 0 
0 0 1 1 0 1 0 
0 1 0 0 0 0 0 
0 0 1 0 1 0 0 

JOBS [7] - [0, 6, 19, 17, 2, 14, 8]
TOOL SWITCHES : 0
MAKESPAN : 35

# -------------------------- #

--- TOTAL TOOL SWITCHES : 14
--- HIGHEST MAKESPAN : 43
--- TOTAL FLOWTIME : 351
--- RUNNING TIME : 4.18763

# -------------------------- #
RUN : 1 - instancias_txt/SSP-NPM-I/ins119_m=3_j=20_t=15_var=19.txt

- MACHINE [0]

0 1 1 0 0 0 
0 0 1 0 0 0 
1 1 0 1 0 0 
1 1 0 1 1 1 
0 1 1 1 1 0 
0 0 0 0 1 1 
0 0 0 0 0 0 
0 1 1 1 1 1 
0 0 0 1 0 1 
1 1 1 0 1 0 
1 0 0 1 1 0 
1 0 0 0 0 1 
1 1 0 0 0 0 
0 0 0 0 0 1 
0 0 0 0 0 1 

JOBS [6] - [19, 4, 7, 9, 2, 0]
TOOL SWITCHES : 9
MAKESPAN : 37

- MACHINE [1]

1 1 1 1 1 1 0 1 
0 1 1 1 1 0 1 0 
1 0 1 0 0 0 0 0 
0 1 0 0 1 1 1 1 
0 0 0 0 1 1 0 1 
1 1 0 0 0 0 0 1 
1 0 1 1 0 0 0 0 
0 0 0 0 0 0 1 0 
1 0 1 0 1 1 0 0 
0 0 0 0 0 0 0 0 
0 0 0 0 0 0 0 0 
0 1 0 0 0 0 1 0 
0 0 0 1 0 1 1 1 
1 1 0 1 0 0 0 0 
1 1 0 1 1 1 1 1 

JOBS [8] - [18, 11, 16, 15, 10, 12, 14, 6]
TOOL SWITCHES : 3
MAKESPAN : 36

- MACHINE [2]

0 1 1 0 0 1 
1 1 1 0 0 0 
0 1 1 0 1 1 
0 0 0 0 0 0 
1 0 1 1 0 0 
0 0 0 1 0 1 
0 0 1 0 0 0 
0 1 0 0 1 1 
0 0 0 0 0 0 
0 0 1 1 1 1 
1 0 0 1 1 1 
1 1 0 1 1 0 
1 0 0 1 0 0 
1 0 0 0 0 0 
1 1 1 0 0 1 

JOBS [6] - [13, 8, 1, 17, 3, 5]
TOOL SWITCHES : 0
MAKESPAN : 29

# -------------------------- #

--- TOTAL TOOL SWITCHES : 12
--- HIGHEST MAKESPAN : 37
--- TOTAL FLOWTIME : 319
--- RUNNING TIME : 6.51768

# -------------------------- #
RUN : 1 - instancias_txt/SSP-NPM-I/ins120_m=3_j=20_t=15_var=20.txt

- MACHINE [0]

1 1 1 0 0 
0 0 1 1 1 
0 0 0 1 1 
0 0 0 0 0 
1 0 0 0 0 
1 1 0 1 1 
0 0 0 0 0 
1 1 1 1 0 
1 1 1 1 1 
0 1 1 0 0 
0 1 0 0 0 
1 0 0 0 1 
0 0 0 0 1 
0 0 0 1 0 
1 1 0 0 0 

JOBS [5] - [9, 17, 6, 19, 5]
TOOL SWITCHES : 7
MAKESPAN : 35

- MACHINE [1]

0 0 0 0 0 0 
0 0 0 1 0 0 
1 1 1 1 1 1 
0 0 1 1 0 1 
0 1 1 0 0 0 
0 0 0 0 1 0 
0 0 0 0 0 1 
1 1 1 1 1 0 
1 0 0 1 0 0 
1 0 1 0 1 0 
0 0 0 0 0 0 
1 1 0 0 1 1 
1 1 0 1 0 1 
1 1 0 0 1 0 
0 1 0 0 0 1 

JOBS [6] - [12, 10, 18, 7, 11, 4]
TOOL SWITCHES : 3
MAKESPAN : 30

- MACHINE [2]

1 0 1 1 0 1 0 1 0 
1 0 0 1 0 0 0 1 1 
1 0 1 0 1 0 0 1 1 
0 0 0 0 0 0 0 0 0 
1 0 0 1 1 0 1 0 1 
1 1 1 0 0 0 1 1 1 
0 1 0 1 0 1 1 1 0 
0 0 1 0 1 0 0 0 1 
0 0 1 1 1 1 1 0 0 
0 0 0 0 1 1 0 0 0 
1 1 0 0 1 1 0 1 1 
0 0 0 0 0 0 0 0 0 
0 1 0 0 1 1 0 0 1 
0 0 0 1 0 1 0 0 0 
0 1 1 0 0 0 1 0 0 

JOBS [9] - [8, 3, 0, 13, 16, 14, 1, 2, 15]
TOOL SWITCHES : 0
MAKESPAN : 28

# -------------------------- #

--- TOTAL TOOL SWITCHES : 10
--- HIGHEST MAKESPAN : 35
--- TOTAL FLOWTIME : 249
--- RUNNING TIME : 4.32762

# -------------------------- #


avg : 273.1
