RUN : 1 - instancias_txt/SSP-NPM-I/ins61_m=2_j=15_t=15_var=1.txt

- MACHINE [0]

1 
0 
0 
0 
0 
1 
1 
0 
0 
0 
1 
0 
0 
0 
1 

JOBS [1] - [12]
TOOL SWITCHES : 0
MAKESPAN : 7

- MACHINE [1]

0 0 1 1 0 1 0 1 0 0 0 0 0 1 
0 0 0 1 1 1 1 1 0 1 1 0 1 0 
1 1 1 1 0 0 0 0 0 0 0 0 0 0 
0 1 1 0 0 1 1 1 0 0 0 1 1 0 
0 0 0 0 0 0 0 0 0 1 1 0 0 0 
1 1 0 0 0 0 0 0 0 0 0 0 0 0 
0 0 0 0 0 0 0 0 0 0 0 0 0 1 
0 1 0 1 1 0 0 0 0 1 0 0 0 0 
0 0 0 0 1 1 0 0 0 0 0 0 0 0 
0 0 0 0 0 0 0 1 1 1 1 1 0 1 
0 1 0 0 0 0 1 1 0 0 0 0 0 0 
1 0 0 1 1 1 1 0 1 0 0 0 0 0 
0 0 0 0 0 0 0 0 1 0 1 1 1 1 
0 0 0 0 0 0 0 0 0 0 0 0 1 0 
0 0 1 1 0 0 0 0 0 0 1 1 0 1 

JOBS [14] - [5, 0, 14, 10, 9, 11, 2, 6, 3, 4, 7, 13, 8, 1]
TOOL SWITCHES : 10
MAKESPAN : 118

# -------------------------- #

--- TOTAL TOOL SWITCHES : 10
--- HIGHEST MAKESPAN : 118
--- TOTAL FLOWTIME : 812
--- RUNNING TIME : 2.7433

# -------------------------- #
RUN : 1 - instancias_txt/SSP-NPM-I/ins62_m=2_j=15_t=15_var=2.txt

- MACHINE [0]

1 
1 
0 
0 
0 
1 
1 
1 
0 
0 
0 
0 
0 
0 
0 

JOBS [1] - [2]
TOOL SWITCHES : 0
MAKESPAN : 6

- MACHINE [1]

0 0 0 0 0 0 0 0 1 0 0 0 0 1 
0 0 0 0 0 0 0 0 0 0 0 1 0 0 
0 1 0 0 0 0 1 0 0 1 1 1 0 0 
0 0 1 0 0 0 0 1 0 0 1 0 0 0 
0 0 0 0 0 0 0 0 0 0 1 0 1 1 
1 1 1 1 0 0 0 0 0 0 0 0 0 0 
1 0 0 0 1 0 0 0 0 0 0 0 0 0 
0 0 0 0 0 0 0 0 0 0 0 0 1 1 
0 0 0 1 1 1 0 0 0 1 0 0 0 1 
1 1 0 0 0 0 0 0 0 0 0 0 0 1 
0 1 1 1 1 1 0 1 1 1 1 0 0 0 
1 1 0 1 1 1 1 0 0 0 0 0 0 0 
0 0 0 0 0 1 0 1 1 0 0 0 0 0 
0 0 0 0 1 1 1 0 0 1 0 1 1 0 
1 0 1 0 0 0 0 1 0 0 0 0 0 0 

JOBS [14] - [0, 1, 13, 10, 6, 4, 14, 8, 5, 3, 9, 11, 12, 7]
TOOL SWITCHES : 10
MAKESPAN : 126

# -------------------------- #

--- TOTAL TOOL SWITCHES : 10
--- HIGHEST MAKESPAN : 126
--- TOTAL FLOWTIME : 898
--- RUNNING TIME : 2.76636

# -------------------------- #
RUN : 1 - instancias_txt/SSP-NPM-I/ins63_m=2_j=15_t=15_var=3.txt

- MACHINE [0]

0 
0 
0 
1 
0 
1 
0 
0 
0 
0 
1 
0 
1 
0 
0 

JOBS [1] - [4]
TOOL SWITCHES : 0
MAKESPAN : 8

- MACHINE [1]

0 1 1 0 1 0 0 0 0 0 0 0 0 0 
0 1 1 1 0 1 0 1 1 1 0 0 0 0 
1 1 1 1 1 0 0 0 0 0 0 0 0 0 
0 0 0 0 0 0 0 0 0 0 0 0 0 0 
0 1 0 0 0 0 0 0 0 0 0 0 1 1 
0 0 0 0 0 0 0 0 0 0 0 1 1 1 
0 0 0 0 1 0 1 1 0 0 0 0 1 0 
1 0 0 0 0 0 0 1 0 0 0 0 0 1 
0 0 0 0 0 1 1 0 0 1 0 0 0 0 
1 0 0 0 0 0 1 0 0 0 0 0 0 0 
0 0 0 0 0 0 0 1 1 1 1 0 0 0 
0 0 0 0 0 0 0 0 1 1 1 0 0 1 
0 0 0 0 0 1 1 0 0 0 0 0 0 0 
0 0 0 1 1 0 0 0 1 0 0 1 0 0 
1 0 1 0 0 0 0 0 0 0 1 1 1 0 

JOBS [14] - [3, 6, 5, 7, 14, 8, 2, 11, 12, 1, 13, 10, 0, 9]
TOOL SWITCHES : 9
MAKESPAN : 96

# -------------------------- #

--- TOTAL TOOL SWITCHES : 9
--- HIGHEST MAKESPAN : 96
--- TOTAL FLOWTIME : 682
--- RUNNING TIME : 2.56746

# -------------------------- #
RUN : 1 - instancias_txt/SSP-NPM-I/ins64_m=2_j=15_t=15_var=4.txt

- MACHINE [0]

0 
1 
0 
1 
0 
1 
0 
0 
0 
1 
0 
0 
0 
0 
1 

JOBS [1] - [6]
TOOL SWITCHES : 0
MAKESPAN : 9

- MACHINE [1]

0 0 0 1 0 1 0 0 1 0 0 0 0 0 
1 0 0 1 1 0 0 0 0 0 0 0 1 1 
1 1 0 0 0 0 0 0 0 0 0 1 0 0 
0 0 0 0 0 0 0 0 1 1 1 0 0 0 
1 0 0 1 1 0 1 1 0 1 1 0 1 1 
0 1 1 0 0 0 0 0 0 0 0 0 0 0 
0 0 0 0 0 0 0 1 1 0 1 0 1 0 
0 0 1 1 0 0 0 0 0 0 0 0 0 0 
0 0 0 0 0 0 1 0 1 0 0 1 1 1 
0 1 0 1 1 0 0 0 0 0 0 0 0 0 
0 0 0 0 1 1 1 0 0 0 0 0 0 0 
0 0 1 0 0 0 1 1 0 0 0 0 0 0 
0 0 0 0 0 0 0 0 0 1 0 1 0 0 
1 1 0 0 0 1 1 0 1 1 1 1 0 0 
0 0 0 0 0 1 0 1 0 0 0 1 0 1 

JOBS [14] - [2, 10, 14, 11, 13, 0, 9, 4, 12, 5, 3, 1, 7, 8]
TOOL SWITCHES : 10
MAKESPAN : 112

# -------------------------- #

--- TOTAL TOOL SWITCHES : 10
--- HIGHEST MAKESPAN : 112
--- TOTAL FLOWTIME : 867
--- RUNNING TIME : 2.32016

# -------------------------- #
RUN : 1 - instancias_txt/SSP-NPM-I/ins65_m=2_j=15_t=15_var=5.txt

- MACHINE [0]

0 0 
1 1 
0 0 
0 0 
1 1 
0 0 
0 0 
0 0 
0 0 
0 0 
0 1 
1 0 
1 1 
0 0 
0 0 

JOBS [2] - [14, 2]
TOOL SWITCHES : 0
MAKESPAN : 16

- MACHINE [1]

0 0 0 0 0 1 1 1 0 0 1 1 0 
0 0 0 0 0 0 0 0 0 0 1 1 1 
0 0 0 0 0 0 0 1 1 1 0 1 0 
0 0 0 0 1 0 0 0 0 0 0 0 0 
0 1 0 0 0 0 0 0 0 0 0 0 0 
0 0 0 1 0 0 1 0 1 1 0 1 0 
1 0 0 1 0 0 0 0 0 0 0 0 0 
0 0 0 0 0 0 0 0 1 0 0 0 0 
0 1 0 0 0 1 0 0 0 0 0 0 1 
1 1 1 0 0 0 0 0 0 0 0 0 0 
1 0 1 0 0 0 0 0 0 1 0 1 1 
0 0 0 0 0 0 0 0 0 1 0 0 0 
1 1 1 1 1 1 0 0 0 0 0 0 0 
0 0 1 0 1 0 1 1 0 0 1 0 0 
0 0 0 1 1 1 0 1 0 0 0 0 0 

JOBS [13] - [10, 1, 9, 5, 13, 7, 3, 0, 6, 8, 12, 4, 11]
TOOL SWITCHES : 8
MAKESPAN : 105

# -------------------------- #

--- TOTAL TOOL SWITCHES : 8
--- HIGHEST MAKESPAN : 105
--- TOTAL FLOWTIME : 674
--- RUNNING TIME : 1.86199

# -------------------------- #
RUN : 1 - instancias_txt/SSP-NPM-I/ins66_m=2_j=15_t=15_var=6.txt

- MACHINE [0]

1 1 
0 0 
0 0 
0 0 
0 0 
0 1 
1 0 
0 0 
0 0 
0 0 
1 1 
0 0 
0 0 
0 0 
0 1 

JOBS [2] - [0, 11]
TOOL SWITCHES : 0
MAKESPAN : 14

- MACHINE [1]

0 0 0 0 0 1 1 1 0 0 0 0 0 
0 0 0 1 0 0 0 0 1 1 0 0 0 
0 0 0 1 1 0 1 1 0 0 0 1 1 
0 0 0 0 0 0 0 0 0 0 1 0 1 
0 0 1 0 0 0 0 0 0 0 0 0 0 
0 1 1 1 1 0 0 0 0 0 0 0 0 
1 1 0 0 0 0 1 0 0 1 0 0 0 
0 0 0 0 1 1 0 0 1 1 1 1 0 
1 0 1 0 0 1 0 0 1 0 1 0 0 
1 1 0 1 0 0 0 0 0 0 1 0 0 
0 0 0 0 0 0 0 0 0 0 0 0 0 
0 0 0 0 0 0 1 0 0 0 0 0 0 
0 1 1 0 1 1 0 0 0 0 0 0 0 
1 1 0 0 0 0 0 0 0 1 1 0 0 
0 0 0 0 0 0 0 1 0 1 1 1 1 

JOBS [13] - [12, 2, 10, 1, 8, 4, 7, 5, 13, 3, 14, 6, 9]
TOOL SWITCHES : 9
MAKESPAN : 104

# -------------------------- #

--- TOTAL TOOL SWITCHES : 9
--- HIGHEST MAKESPAN : 104
--- TOTAL FLOWTIME : 746
--- RUNNING TIME : 2.4348

# -------------------------- #
RUN : 1 - instancias_txt/SSP-NPM-I/ins67_m=2_j=15_t=15_var=7.txt

- MACHINE [0]

0 0 0 0 0 1 0 0 0 
1 1 1 1 0 0 0 0 0 
0 0 0 0 0 0 0 0 0 
0 0 0 0 1 1 0 0 0 
1 1 1 0 0 0 0 0 0 
0 0 0 0 0 0 0 0 0 
0 0 0 0 0 1 0 1 1 
1 1 0 0 0 0 0 1 1 
0 0 0 1 0 1 1 1 0 
0 0 1 1 1 0 0 0 0 
0 0 0 0 0 1 1 0 1 
0 0 0 0 1 0 0 0 1 
1 0 1 0 1 0 0 0 0 
1 1 1 1 0 0 0 0 0 
0 0 0 0 0 0 1 1 1 

JOBS [9] - [7, 0, 9, 4, 5, 12, 14, 10, 11]
TOOL SWITCHES : 10
MAKESPAN : 77

- MACHINE [1]

0 1 1 0 0 0 
1 0 0 0 0 0 
1 0 1 1 0 0 
0 0 0 0 0 0 
0 1 1 1 0 1 
0 0 0 1 1 1 
0 0 1 0 1 0 
0 0 0 0 0 0 
0 0 0 0 0 0 
0 0 0 0 0 0 
1 1 0 0 0 0 
0 0 0 0 0 1 
1 0 0 0 1 1 
1 0 0 0 1 0 
0 0 1 0 1 0 

JOBS [6] - [13, 6, 1, 2, 8, 3]
TOOL SWITCHES : 4
MAKESPAN : 57

# -------------------------- #

--- TOTAL TOOL SWITCHES : 14
--- HIGHEST MAKESPAN : 77
--- TOTAL FLOWTIME : 540
--- RUNNING TIME : 1.10417

# -------------------------- #
RUN : 1 - instancias_txt/SSP-NPM-I/ins68_m=2_j=15_t=15_var=8.txt

- MACHINE [0]

0 
0 
1 
0 
1 
0 
0 
0 
0 
0 
0 
0 
1 
1 
0 

JOBS [1] - [7]
TOOL SWITCHES : 0
MAKESPAN : 3

- MACHINE [1]

0 0 0 0 0 1 0 1 0 0 0 0 1 0 
1 1 0 0 0 0 0 0 0 0 0 1 1 0 
0 1 1 0 0 0 0 0 1 1 0 0 0 0 
0 0 0 0 0 0 1 1 0 1 1 0 0 1 
0 0 0 1 1 0 1 0 1 0 0 0 0 0 
0 0 0 0 0 0 0 0 1 0 0 0 1 0 
0 1 0 0 1 0 1 1 0 0 1 0 0 0 
0 1 0 1 1 1 0 0 0 0 0 0 0 0 
0 0 0 0 0 0 0 0 0 1 1 1 0 0 
0 0 0 0 0 0 0 0 0 0 1 1 0 0 
1 1 1 0 0 0 0 0 0 0 0 0 1 1 
0 0 0 1 0 1 1 0 1 0 0 1 1 1 
1 0 0 0 0 0 0 0 0 0 0 0 0 0 
1 0 1 1 1 0 0 0 0 0 0 0 0 0 
1 0 1 1 0 1 1 0 0 0 0 0 0 0 

JOBS [14] - [13, 6, 14, 0, 3, 12, 2, 9, 10, 11, 8, 1, 4, 5]
TOOL SWITCHES : 10
MAKESPAN : 122

# -------------------------- #

--- TOTAL TOOL SWITCHES : 10
--- HIGHEST MAKESPAN : 122
--- TOTAL FLOWTIME : 949
--- RUNNING TIME : 3.58626

# -------------------------- #
RUN : 1 - instancias_txt/SSP-NPM-I/ins69_m=2_j=15_t=15_var=9.txt

- MACHINE [0]

1 
0 
0 
0 
1 
0 
0 
1 
0 
0 
0 
0 
0 
1 
0 

JOBS [1] - [13]
TOOL SWITCHES : 0
MAKESPAN : 4

- MACHINE [1]

0 1 1 0 0 0 0 1 0 1 0 0 0 1 
0 0 0 1 1 0 1 0 1 0 1 0 0 0 
0 1 1 1 0 0 0 1 1 0 0 0 1 1 
0 0 0 0 0 0 0 0 0 0 0 0 1 0 
0 0 0 0 0 0 0 0 0 0 1 1 0 1 
0 0 0 0 0 0 1 1 0 0 0 1 1 0 
0 1 1 0 0 0 0 0 0 0 0 0 0 0 
0 0 0 0 0 0 0 0 0 0 0 0 0 0 
0 0 0 1 1 0 0 0 0 0 0 0 0 0 
1 0 1 0 0 0 0 0 0 0 0 0 0 0 
0 0 0 0 0 1 1 0 0 1 0 0 0 0 
0 0 0 0 0 0 0 0 0 0 0 0 0 0 
1 1 0 0 1 0 0 0 1 1 1 1 0 1 
0 1 0 0 1 1 0 0 0 0 0 0 0 0 
1 0 0 1 1 1 0 0 1 1 1 0 1 0 

JOBS [14] - [1, 12, 14, 6, 9, 3, 10, 7, 8, 2, 0, 5, 4, 11]
TOOL SWITCHES : 6
MAKESPAN : 111

# -------------------------- #

--- TOTAL TOOL SWITCHES : 6
--- HIGHEST MAKESPAN : 111
--- TOTAL FLOWTIME : 771
--- RUNNING TIME : 2.56978

# -------------------------- #
RUN : 1 - instancias_txt/SSP-NPM-I/ins70_m=2_j=15_t=15_var=10.txt

- MACHINE [0]

0 
0 
1 
0 
0 
0 
0 
0 
1 
1 
0 
1 
0 
1 
0 

JOBS [1] - [12]
TOOL SWITCHES : 0
MAKESPAN : 3

- MACHINE [1]

0 0 0 0 0 0 0 0 0 0 0 1 0 1 
0 1 0 0 1 1 0 0 1 0 0 0 0 0 
1 1 0 0 0 0 0 0 0 0 0 0 0 0 
0 1 1 0 1 0 0 1 0 0 0 0 1 0 
1 0 0 0 1 0 0 1 0 0 1 1 0 1 
0 0 0 0 0 1 1 1 0 0 0 0 0 0 
1 0 1 1 0 0 0 0 0 0 0 1 1 0 
0 0 0 0 0 0 0 0 0 1 0 1 0 0 
0 0 0 0 0 0 0 0 1 1 0 0 1 1 
0 0 1 1 1 0 0 0 0 0 0 0 0 0 
0 1 0 0 0 0 0 0 0 0 0 0 1 1 
0 0 0 1 0 1 0 1 1 1 1 0 0 0 
1 0 0 0 0 0 0 0 0 0 0 0 0 0 
0 0 0 0 0 0 1 1 1 0 0 0 0 1 
0 1 1 0 0 0 1 0 0 1 1 0 0 0 

JOBS [14] - [5, 13, 7, 6, 10, 4, 3, 1, 2, 11, 9, 8, 14, 0]
TOOL SWITCHES : 10
MAKESPAN : 113

# -------------------------- #

--- TOTAL TOOL SWITCHES : 10
--- HIGHEST MAKESPAN : 113
--- TOTAL FLOWTIME : 796
--- RUNNING TIME : 2.47431

# -------------------------- #
RUN : 1 - instancias_txt/SSP-NPM-I/ins71_m=2_j=15_t=15_var=11.txt

- MACHINE [0]

1 
0 
0 
1 
1 
0 
0 
0 
1 
0 
0 
0 
0 
0 
0 

JOBS [1] - [14]
TOOL SWITCHES : 0
MAKESPAN : 10

- MACHINE [1]

0 1 0 0 1 0 0 0 0 0 0 0 0 0 
0 1 1 1 0 1 0 0 0 0 0 0 0 0 
1 1 0 0 0 0 0 0 0 0 1 0 1 0 
0 0 0 0 0 0 0 0 1 1 1 0 0 0 
0 0 0 0 0 0 0 0 0 1 0 1 0 0 
0 0 1 0 0 0 1 0 0 0 1 1 0 1 
0 0 0 0 0 0 1 0 1 1 1 0 1 0 
0 0 0 0 0 0 1 1 1 1 0 0 1 1 
0 0 0 0 0 0 0 0 0 0 0 0 1 1 
0 0 0 0 0 1 1 1 0 0 0 0 0 0 
1 1 1 1 1 1 0 0 0 0 0 0 1 0 
1 0 1 0 1 1 1 1 1 0 0 0 0 0 
1 0 1 0 1 0 1 0 0 0 0 0 0 0 
0 1 0 1 1 0 0 1 1 1 0 0 0 0 
1 0 0 0 0 0 0 0 0 0 0 1 0 1 

JOBS [14] - [13, 8, 9, 3, 6, 10, 5, 12, 1, 11, 4, 0, 2, 7]
TOOL SWITCHES : 11
MAKESPAN : 131

# -------------------------- #

--- TOTAL TOOL SWITCHES : 11
--- HIGHEST MAKESPAN : 131
--- TOTAL FLOWTIME : 1015
--- RUNNING TIME : 3.11674

# -------------------------- #
RUN : 1 - instancias_txt/SSP-NPM-I/ins72_m=2_j=15_t=15_var=12.txt

- MACHINE [0]

1 
0 
1 
0 
1 
0 
1 
0 
0 
1 
0 
0 
0 
0 
0 

JOBS [1] - [0]
TOOL SWITCHES : 0
MAKESPAN : 9

- MACHINE [1]

1 1 1 1 1 0 1 0 1 0 0 0 0 0 
0 0 0 0 0 0 0 0 1 1 0 0 0 1 
0 0 1 1 1 0 0 0 0 1 0 0 0 0 
0 0 1 1 0 1 1 0 0 0 1 1 0 0 
0 0 0 0 0 1 0 1 1 1 1 0 1 0 
0 1 0 0 0 1 1 1 0 1 0 0 0 1 
0 0 0 0 0 0 1 1 0 0 0 0 0 0 
0 0 0 0 0 0 0 0 0 0 0 0 1 1 
1 0 0 1 1 0 1 1 0 1 1 0 0 0 
0 0 0 0 0 0 0 0 0 0 0 0 0 0 
0 0 0 1 0 1 0 0 0 0 0 0 0 0 
0 0 0 0 1 1 0 0 1 0 0 1 0 0 
0 0 1 0 0 0 0 0 0 0 1 1 0 0 
0 0 0 0 0 0 0 0 0 0 0 1 1 0 
1 1 1 0 0 0 0 0 0 0 0 0 0 0 

JOBS [14] - [14, 4, 9, 3, 1, 10, 6, 11, 12, 7, 8, 2, 13, 5]
TOOL SWITCHES : 9
MAKESPAN : 98

# -------------------------- #

--- TOTAL TOOL SWITCHES : 9
--- HIGHEST MAKESPAN : 98
--- TOTAL FLOWTIME : 794
--- RUNNING TIME : 2.7986

# -------------------------- #
RUN : 1 - instancias_txt/SSP-NPM-I/ins73_m=2_j=15_t=15_var=13.txt

- MACHINE [0]

0 0 
1 1 
1 0 
0 0 
1 0 
0 0 
0 0 
0 0 
0 0 
0 0 
1 1 
0 0 
0 1 
0 1 
0 0 

JOBS [2] - [4, 10]
TOOL SWITCHES : 1
MAKESPAN : 20

- MACHINE [1]

0 0 1 1 1 1 1 0 0 1 1 0 0 
0 1 1 0 0 0 1 0 0 0 0 0 0 
0 1 1 1 0 0 0 0 0 0 0 0 0 
0 0 0 0 0 0 0 1 0 0 1 0 1 
0 0 0 0 0 0 0 0 0 0 1 0 1 
1 0 1 0 1 0 0 0 0 0 0 0 0 
0 0 1 0 1 1 0 1 0 1 1 1 0 
1 1 0 0 0 0 0 0 0 0 0 0 0 
0 0 0 0 0 0 0 0 0 1 0 1 0 
0 1 0 1 0 1 0 1 0 0 0 0 0 
0 0 0 0 0 1 0 1 0 0 0 0 0 
1 0 0 1 0 1 1 0 1 0 0 0 1 
0 0 0 0 0 0 0 0 1 1 0 0 0 
0 0 0 0 0 0 0 0 0 0 0 1 1 
0 0 0 0 1 0 1 1 1 0 1 1 0 

JOBS [13] - [8, 14, 0, 5, 9, 2, 12, 7, 13, 6, 11, 3, 1]
TOOL SWITCHES : 8
MAKESPAN : 102

# -------------------------- #

--- TOTAL TOOL SWITCHES : 9
--- HIGHEST MAKESPAN : 102
--- TOTAL FLOWTIME : 633
--- RUNNING TIME : 2.18405

# -------------------------- #
RUN : 1 - instancias_txt/SSP-NPM-I/ins74_m=2_j=15_t=15_var=14.txt

- MACHINE [0]

1 1 
0 0 
1 0 
0 0 
0 0 
0 1 
0 0 
0 0 
1 1 
0 0 
0 0 
0 0 
0 0 
1 1 
0 0 

JOBS [2] - [8, 12]
TOOL SWITCHES : 0
MAKESPAN : 14

- MACHINE [1]

0 0 0 0 0 0 0 0 1 1 1 1 1 
0 0 1 0 1 1 1 0 0 0 0 0 0 
0 0 0 0 0 0 0 0 0 0 0 0 0 
0 0 0 0 0 0 0 0 0 1 1 1 0 
0 0 0 0 0 0 1 1 0 0 1 1 1 
1 1 0 1 0 0 0 0 0 0 0 0 0 
1 1 1 0 0 0 0 0 0 0 0 0 0 
0 0 1 1 1 1 1 1 0 0 0 0 0 
1 0 1 0 1 0 0 1 1 0 0 0 0 
0 0 0 0 0 1 0 0 0 1 0 0 0 
0 0 0 1 1 0 0 0 0 1 1 1 0 
1 0 0 1 0 0 1 1 1 0 1 0 1 
0 1 0 0 0 0 1 1 0 0 0 0 1 
0 0 0 0 0 0 0 0 0 0 0 0 0 
1 0 0 1 0 1 0 0 0 0 0 0 0 

JOBS [13] - [5, 6, 9, 10, 13, 7, 0, 1, 14, 11, 3, 2, 4]
TOOL SWITCHES : 8
MAKESPAN : 96

# -------------------------- #

--- TOTAL TOOL SWITCHES : 8
--- HIGHEST MAKESPAN : 96
--- TOTAL FLOWTIME : 675
--- RUNNING TIME : 1.89935

# -------------------------- #
RUN : 1 - instancias_txt/SSP-NPM-I/ins75_m=2_j=15_t=15_var=15.txt

- MACHINE [0]

0 
0 
0 
0 
0 
1 
1 
0 
0 
0 
0 
1 
1 
0 
0 

JOBS [1] - [1]
TOOL SWITCHES : 0
MAKESPAN : 10

- MACHINE [1]

1 0 1 0 0 0 0 1 1 0 1 0 1 1 
0 0 0 0 0 0 0 1 0 0 0 1 1 0 
0 1 0 1 0 1 1 0 0 0 0 0 0 0 
0 0 0 0 1 1 0 1 0 1 1 0 0 0 
1 1 0 0 0 0 0 0 0 0 0 0 0 0 
0 0 0 0 0 0 0 0 0 0 0 0 0 0 
0 0 0 0 0 0 0 0 0 0 0 1 1 0 
1 0 0 0 0 0 1 1 1 1 0 0 0 1 
0 1 0 1 1 1 0 0 0 1 1 0 0 1 
0 0 1 1 0 0 0 0 0 0 0 0 1 0 
1 1 1 0 1 0 0 0 0 0 0 0 0 0 
0 0 0 0 0 0 1 0 1 0 0 1 0 0 
0 0 1 0 1 1 1 0 0 0 0 0 0 0 
0 0 0 0 0 0 0 0 0 0 1 1 0 1 
0 0 0 0 0 0 0 0 0 0 0 0 0 0 

JOBS [14] - [5, 14, 12, 4, 10, 11, 8, 6, 7, 2, 13, 3, 9, 0]
TOOL SWITCHES : 7
MAKESPAN : 110

# -------------------------- #

--- TOTAL TOOL SWITCHES : 7
--- HIGHEST MAKESPAN : 110
--- TOTAL FLOWTIME : 701
--- RUNNING TIME : 2.96178

# -------------------------- #
RUN : 1 - instancias_txt/SSP-NPM-I/ins76_m=2_j=15_t=15_var=16.txt

- MACHINE [0]

0 0 
1 0 
0 0 
0 0 
0 0 
1 1 
0 0 
0 0 
0 1 
1 1 
1 1 
0 0 
0 0 
0 0 
0 0 

JOBS [2] - [1, 5]
TOOL SWITCHES : 0
MAKESPAN : 11

- MACHINE [1]

0 0 0 0 0 0 0 1 0 0 1 0 1 
0 0 1 1 1 0 0 0 0 0 0 0 0 
0 1 0 0 0 0 1 0 1 0 0 0 0 
0 0 0 0 1 0 0 1 0 0 1 0 0 
0 0 0 0 0 0 0 0 0 0 0 0 0 
1 0 0 0 0 0 0 0 0 0 0 0 0 
0 0 0 0 0 1 1 1 0 0 0 0 0 
1 1 1 1 1 0 1 0 1 1 0 0 0 
1 0 1 0 0 0 0 0 0 0 0 0 0 
0 1 1 0 0 0 0 1 0 1 0 0 1 
0 0 0 0 0 0 0 0 0 0 0 1 1 
1 0 0 0 1 1 1 0 0 0 0 0 0 
0 0 0 0 0 0 0 0 0 1 1 1 1 
0 0 0 0 0 0 0 0 1 1 0 1 0 
1 0 0 1 1 1 0 0 1 0 1 1 0 

JOBS [13] - [12, 3, 11, 8, 14, 0, 13, 7, 10, 4, 9, 2, 6]
TOOL SWITCHES : 7
MAKESPAN : 81

# -------------------------- #

--- TOTAL TOOL SWITCHES : 7
--- HIGHEST MAKESPAN : 81
--- TOTAL FLOWTIME : 560
--- RUNNING TIME : 2.44704

# -------------------------- #
RUN : 1 - instancias_txt/SSP-NPM-I/ins77_m=2_j=15_t=15_var=17.txt

- MACHINE [0]

0 0 
0 0 
0 0 
0 0 
1 1 
0 0 
1 1 
0 1 
0 0 
0 0 
0 0 
1 0 
0 0 
1 0 
0 0 

JOBS [2] - [1, 3]
TOOL SWITCHES : 0
MAKESPAN : 12

- MACHINE [1]

0 0 0 0 0 0 0 0 0 1 1 1 1 
1 0 0 0 1 0 1 1 0 1 0 0 0 
1 1 1 0 0 0 0 0 0 0 0 0 0 
1 0 0 0 0 0 0 0 0 0 0 1 1 
0 0 0 0 0 0 0 1 1 1 0 1 1 
0 1 0 0 0 0 1 1 0 0 1 0 1 
0 0 0 0 0 0 0 0 0 0 0 0 0 
0 1 0 0 0 0 1 0 1 0 0 0 0 
0 0 0 0 1 1 1 1 1 0 0 0 0 
0 0 1 0 1 1 0 0 1 0 0 0 1 
0 1 1 1 0 0 0 0 0 0 1 0 0 
0 0 0 0 0 0 0 0 0 1 1 0 0 
1 0 1 1 0 0 1 0 0 0 0 0 0 
1 0 1 1 0 1 0 0 0 0 0 0 0 
0 0 0 1 1 0 0 0 0 1 0 1 0 

JOBS [13] - [14, 8, 10, 11, 13, 0, 4, 9, 5, 7, 2, 12, 6]
TOOL SWITCHES : 10
MAKESPAN : 99

# -------------------------- #

--- TOTAL TOOL SWITCHES : 10
--- HIGHEST MAKESPAN : 99
--- TOTAL FLOWTIME : 649
--- RUNNING TIME : 1.797

# -------------------------- #
RUN : 1 - instancias_txt/SSP-NPM-I/ins78_m=2_j=15_t=15_var=18.txt

- MACHINE [0]

1 
1 
0 
0 
0 
0 
0 
1 
1 
0 
0 
0 
0 
0 
1 

JOBS [1] - [9]
TOOL SWITCHES : 0
MAKESPAN : 6

- MACHINE [1]

0 0 0 0 0 0 0 0 1 1 1 0 1 1 
0 0 0 0 0 0 0 0 0 0 0 1 0 1 
1 0 0 0 0 0 0 0 0 0 1 0 1 1 
0 0 0 1 1 1 1 1 0 0 0 0 0 0 
0 0 0 0 0 0 0 0 0 0 0 0 0 0 
0 0 1 0 0 1 1 0 0 1 1 1 0 0 
0 1 0 0 0 0 0 0 0 0 0 0 0 0 
1 0 1 0 0 0 1 0 0 1 0 0 0 0 
0 0 0 0 1 1 0 0 0 0 0 1 1 0 
1 1 0 1 0 0 0 0 0 1 1 0 0 0 
0 0 0 0 0 0 0 1 1 1 0 1 1 0 
0 0 1 0 1 0 0 1 1 0 0 0 0 1 
1 1 0 1 0 0 0 0 0 0 0 0 0 0 
1 1 1 0 0 0 0 0 0 0 0 0 0 0 
0 0 1 1 1 1 0 0 0 0 0 0 0 0 

JOBS [14] - [6, 1, 14, 2, 13, 12, 3, 0, 4, 10, 5, 7, 11, 8]
TOOL SWITCHES : 8
MAKESPAN : 96

# -------------------------- #

--- TOTAL TOOL SWITCHES : 8
--- HIGHEST MAKESPAN : 96
--- TOTAL FLOWTIME : 717
--- RUNNING TIME : 2.71216

# -------------------------- #
RUN : 1 - instancias_txt/SSP-NPM-I/ins79_m=2_j=15_t=15_var=19.txt

- MACHINE [0]

0 0 0 0 
0 0 0 0 
0 1 1 1 
1 1 0 0 
0 0 0 0 
0 0 0 0 
0 0 0 0 
0 0 0 0 
1 0 1 1 
1 0 0 0 
0 0 0 0 
0 0 0 1 
0 0 0 0 
0 1 1 1 
1 1 1 0 

JOBS [4] - [8, 12, 14, 6]
TOOL SWITCHES : 2
MAKESPAN : 30

- MACHINE [1]

0 0 0 1 0 1 0 1 0 0 0 
1 1 0 0 0 1 1 0 0 0 0 
0 0 0 0 0 0 0 0 0 0 0 
0 0 0 0 0 0 1 0 0 1 1 
1 0 1 1 0 0 1 1 0 0 0 
0 0 0 0 1 1 0 0 0 1 0 
0 0 0 0 0 1 1 1 1 0 1 
0 1 0 1 1 0 0 0 1 1 0 
1 0 1 1 0 0 0 0 0 0 0 
0 0 0 1 1 0 0 0 0 0 0 
1 0 0 0 0 0 0 1 1 0 0 
0 0 0 0 0 0 0 1 0 1 0 
0 1 1 0 0 1 0 0 0 0 0 
0 1 0 0 0 0 0 0 0 0 0 
0 0 0 0 0 0 0 0 1 1 1 

JOBS [11] - [0, 3, 7, 2, 13, 10, 4, 5, 11, 9, 1]
TOOL SWITCHES : 9
MAKESPAN : 97

# -------------------------- #

--- TOTAL TOOL SWITCHES : 11
--- HIGHEST MAKESPAN : 97
--- TOTAL FLOWTIME : 628
--- RUNNING TIME : 2.10854

# -------------------------- #
RUN : 1 - instancias_txt/SSP-NPM-I/ins80_m=2_j=15_t=15_var=20.txt

- MACHINE [0]

0 0 
0 0 
0 0 
0 0 
0 0 
1 1 
0 1 
0 0 
0 1 
0 0 
1 1 
0 0 
0 0 
1 0 
0 0 

JOBS [2] - [9, 14]
TOOL SWITCHES : 0
MAKESPAN : 11

- MACHINE [1]

1 1 0 0 1 1 0 0 0 0 0 0 0 
0 0 0 0 0 0 0 1 0 0 1 0 1 
1 0 1 0 0 1 0 0 1 0 0 0 0 
0 1 1 0 0 0 0 0 0 0 0 0 1 
0 0 0 0 1 1 1 0 0 0 0 0 0 
0 1 0 1 1 0 1 1 0 0 0 0 0 
1 1 0 1 0 0 1 1 0 0 0 0 0 
0 0 0 0 0 0 1 0 1 0 0 1 0 
0 0 0 0 0 0 0 0 1 0 0 0 1 
0 0 0 0 0 0 0 0 0 0 0 1 0 
0 0 0 0 0 0 0 0 1 0 0 1 1 
0 0 0 0 1 0 0 1 0 1 1 1 0 
0 0 0 0 0 1 1 1 1 1 0 0 0 
0 0 1 0 1 0 0 0 0 0 0 0 0 
1 1 0 1 0 0 0 0 0 1 1 1 0 

JOBS [13] - [3, 0, 2, 5, 13, 11, 10, 7, 12, 6, 4, 1, 8]
TOOL SWITCHES : 10
MAKESPAN : 118

# -------------------------- #

--- TOTAL TOOL SWITCHES : 10
--- HIGHEST MAKESPAN : 118
--- TOTAL FLOWTIME : 830
--- RUNNING TIME : 1.26333

# -------------------------- #


avg : 9.3
