RUN : 1 - instancias_txt/SSP-NPM-I/ins61_m=2_j=15_t=15_var=1.txt

- MACHINE [0]

1 
0 
0 
0 
0 
1 
1 
0 
0 
0 
1 
0 
0 
0 
1 

JOBS [1] - [12]
TOOL SWITCHES : 0
MAKESPAN : 7

- MACHINE [1]

0 0 0 1 1 1 0 0 0 0 0 1 0 1 
1 0 0 1 0 0 0 1 1 1 0 1 1 1 
0 1 1 1 1 0 0 0 0 0 0 0 0 0 
1 0 1 0 1 0 1 0 0 1 0 1 0 1 
0 0 0 0 0 0 0 1 1 0 0 0 0 0 
0 1 1 0 0 0 0 0 0 0 0 0 0 0 
0 0 0 0 0 1 0 0 0 0 0 0 0 0 
0 0 1 1 0 0 0 0 1 0 0 0 1 0 
0 0 0 0 0 0 0 0 0 0 0 1 1 0 
0 0 0 0 0 1 1 1 1 0 1 0 0 1 
1 0 1 0 0 0 0 0 0 0 0 0 0 1 
1 1 0 1 0 0 0 0 0 0 1 1 1 0 
0 0 0 0 0 1 1 1 0 1 1 0 0 0 
0 0 0 0 0 0 0 0 0 1 0 0 0 0 
0 0 0 1 1 1 1 1 0 0 0 0 0 0 

JOBS [14] - [2, 5, 0, 10, 14, 1, 13, 7, 4, 8, 3, 11, 9, 6]
TOOL SWITCHES : 11
MAKESPAN : 122

# -------------------------- #

--- TOTAL TOOL SWITCHES : 11
--- HIGHEST MAKESPAN : 122
--- TOTAL FLOWTIME : 812
--- RUNNING TIME : 0.904022

# -------------------------- #
RUN : 1 - instancias_txt/SSP-NPM-I/ins62_m=2_j=15_t=15_var=2.txt

- MACHINE [0]

1 
1 
0 
0 
0 
1 
1 
1 
0 
0 
0 
0 
0 
0 
0 

JOBS [1] - [2]
TOOL SWITCHES : 0
MAKESPAN : 6

- MACHINE [1]

0 0 0 0 0 0 0 0 0 0 0 1 0 1 
0 0 0 0 0 0 1 0 0 0 0 0 0 0 
0 0 0 1 0 0 1 1 1 0 1 0 0 0 
1 1 0 0 0 0 0 0 1 0 0 0 0 0 
0 0 0 0 0 0 0 0 1 0 0 0 1 1 
0 1 1 1 1 0 0 0 0 0 0 0 0 0 
0 0 1 0 0 1 0 0 0 0 0 0 0 0 
0 0 0 0 0 0 0 0 0 0 0 0 1 1 
0 0 0 0 1 1 0 0 0 1 1 0 0 1 
0 0 1 1 0 0 0 0 0 0 0 0 0 1 
1 1 0 1 1 1 0 0 1 1 1 1 0 0 
0 0 1 1 1 1 0 1 0 1 0 0 0 0 
1 0 0 0 0 0 0 0 0 1 0 1 0 0 
0 0 0 0 0 1 1 1 0 1 1 0 1 0 
1 1 1 0 0 0 0 0 0 0 0 0 0 0 

JOBS [14] - [8, 13, 0, 1, 10, 6, 11, 14, 9, 4, 3, 5, 12, 7]
TOOL SWITCHES : 10
MAKESPAN : 126

# -------------------------- #

--- TOTAL TOOL SWITCHES : 10
--- HIGHEST MAKESPAN : 126
--- TOTAL FLOWTIME : 935
--- RUNNING TIME : 0.970136

# -------------------------- #
RUN : 1 - instancias_txt/SSP-NPM-I/ins63_m=2_j=15_t=15_var=3.txt

- MACHINE [0]

0 
0 
0 
1 
0 
1 
0 
0 
0 
0 
1 
0 
1 
0 
0 

JOBS [1] - [4]
TOOL SWITCHES : 0
MAKESPAN : 8

- MACHINE [1]

0 0 0 0 0 0 0 0 1 1 0 1 0 0 
1 0 1 1 0 0 0 0 0 1 1 1 1 0 
0 0 0 0 1 0 0 0 1 1 0 1 1 0 
0 0 0 0 0 0 0 0 0 0 0 0 0 0 
0 0 0 0 0 1 0 1 0 1 0 0 0 0 
0 0 0 0 0 1 1 1 0 0 0 0 0 0 
0 1 0 1 0 0 0 1 1 0 0 0 0 0 
0 0 0 1 1 1 0 0 0 0 0 0 0 0 
1 1 1 0 0 0 0 0 0 0 0 0 0 0 
0 1 0 0 1 0 0 0 0 0 0 0 0 0 
0 0 1 1 0 0 0 0 0 0 1 0 0 1 
0 0 1 0 0 1 0 0 0 0 1 0 0 1 
1 1 0 0 0 0 0 0 0 0 0 0 0 0 
0 0 0 0 0 0 1 0 1 0 1 0 1 0 
0 0 0 0 1 0 1 1 0 0 0 1 0 1 

JOBS [14] - [8, 2, 1, 11, 3, 9, 10, 0, 14, 6, 12, 5, 7, 13]
TOOL SWITCHES : 9
MAKESPAN : 96

# -------------------------- #

--- TOTAL TOOL SWITCHES : 9
--- HIGHEST MAKESPAN : 96
--- TOTAL FLOWTIME : 771
--- RUNNING TIME : 0.88431

# -------------------------- #
RUN : 1 - instancias_txt/SSP-NPM-I/ins64_m=2_j=15_t=15_var=4.txt

- MACHINE [0]

0 
0 
1 
0 
0 
1 
0 
0 
0 
1 
0 
0 
0 
1 
0 

JOBS [1] - [10]
TOOL SWITCHES : 0
MAKESPAN : 2

- MACHINE [1]

0 0 1 0 1 0 0 0 0 0 0 0 0 1 
0 1 1 1 0 0 1 0 1 1 0 0 0 0 
0 0 0 0 0 0 0 0 0 1 1 0 0 0 
0 1 0 0 0 0 0 0 0 0 0 1 1 1 
0 0 1 1 0 1 1 1 1 1 0 1 1 0 
1 1 0 0 0 0 0 0 0 0 0 0 0 0 
0 0 0 0 0 0 0 1 1 0 0 1 0 1 
1 0 1 0 0 0 0 0 0 0 0 0 0 0 
0 0 0 0 0 1 1 0 1 0 1 0 0 1 
0 1 1 1 0 0 0 0 0 0 0 0 0 0 
0 0 0 1 1 1 0 0 0 0 0 0 0 0 
1 0 0 0 0 1 0 1 0 0 0 0 0 0 
0 0 0 0 0 0 0 0 0 0 1 0 1 0 
0 0 0 0 1 1 0 0 0 1 1 1 1 1 
0 1 0 0 1 0 1 1 0 0 1 0 0 0 

JOBS [14] - [14, 6, 11, 13, 0, 9, 8, 4, 7, 2, 1, 3, 5, 12]
TOOL SWITCHES : 10
MAKESPAN : 115

# -------------------------- #

--- TOTAL TOOL SWITCHES : 10
--- HIGHEST MAKESPAN : 115
--- TOTAL FLOWTIME : 877
--- RUNNING TIME : 0.870459

# -------------------------- #
RUN : 1 - instancias_txt/SSP-NPM-I/ins65_m=2_j=15_t=15_var=5.txt

- MACHINE [0]

0 1 1 0 1 1 0 0 0 0 
0 0 0 0 0 1 1 0 0 0 
0 0 1 0 0 0 0 0 0 0 
0 0 0 1 0 0 0 0 0 0 
0 0 0 0 0 0 0 0 1 0 
1 1 0 0 0 0 0 0 0 0 
1 0 0 0 0 0 0 0 0 1 
0 0 0 0 0 0 0 0 0 0 
0 0 0 0 1 0 1 0 1 0 
0 0 0 0 0 0 0 1 1 1 
0 0 0 0 0 0 1 1 0 1 
0 0 0 0 0 0 0 0 0 0 
1 0 0 1 1 0 0 1 1 1 
0 1 1 1 0 1 0 1 0 0 
1 0 1 1 1 0 0 0 0 0 

JOBS [10] - [5, 3, 0, 13, 7, 12, 11, 9, 1, 10]
TOOL SWITCHES : 9
MAKESPAN : 71

- MACHINE [1]

1 0 0 0 0 
1 0 1 1 0 
1 1 0 0 1 
0 0 0 0 0 
0 0 1 1 0 
1 1 0 0 1 
0 0 0 0 0 
0 0 0 0 1 
0 0 0 0 0 
0 0 0 0 0 
1 1 0 1 0 
0 1 1 0 0 
0 0 1 1 0 
0 0 0 0 0 
0 0 0 0 0 

JOBS [5] - [4, 8, 14, 2, 6]
TOOL SWITCHES : 2
MAKESPAN : 36

# -------------------------- #

--- TOTAL TOOL SWITCHES : 11
--- HIGHEST MAKESPAN : 71
--- TOTAL FLOWTIME : 504
--- RUNNING TIME : 0.475246

# -------------------------- #
RUN : 1 - instancias_txt/SSP-NPM-I/ins66_m=2_j=15_t=15_var=6.txt

- MACHINE [0]

0 
0 
0 
0 
0 
1 
1 
0 
0 
1 
0 
0 
1 
1 
0 

JOBS [1] - [2]
TOOL SWITCHES : 0
MAKESPAN : 6

- MACHINE [1]

0 0 0 0 0 0 0 0 1 0 1 1 1 1 
1 0 1 0 0 0 1 0 0 0 0 0 0 0 
0 0 0 0 1 1 1 0 1 1 0 0 0 1 
0 0 0 1 1 0 0 0 0 0 0 0 0 0 
0 0 0 0 0 0 0 1 0 0 0 0 0 0 
0 0 0 0 0 0 1 1 0 1 0 1 0 0 
1 1 0 0 0 0 0 0 0 0 0 0 1 1 
1 0 1 1 0 1 0 0 0 1 1 0 0 0 
0 1 1 1 0 0 0 1 0 0 1 0 0 0 
0 1 0 1 0 0 1 0 0 0 0 0 0 0 
0 0 0 0 0 0 0 0 0 0 0 1 1 0 
0 0 0 0 0 0 0 0 0 0 0 0 0 1 
0 0 0 0 0 0 0 1 0 1 1 0 0 0 
1 1 0 1 0 0 0 0 0 0 0 0 0 0 
1 0 0 1 1 1 0 0 1 0 0 1 0 0 

JOBS [14] - [3, 12, 13, 14, 9, 6, 1, 10, 5, 8, 4, 11, 0, 7]
TOOL SWITCHES : 9
MAKESPAN : 110

# -------------------------- #

--- TOTAL TOOL SWITCHES : 9
--- HIGHEST MAKESPAN : 110
--- TOTAL FLOWTIME : 824
--- RUNNING TIME : 0.861282

# -------------------------- #
RUN : 1 - instancias_txt/SSP-NPM-I/ins67_m=2_j=15_t=15_var=7.txt

- MACHINE [0]

0 
0 
0 
0 
0 
1 
1 
0 
0 
0 
0 
0 
1 
1 
1 

JOBS [1] - [8]
TOOL SWITCHES : 0
MAKESPAN : 9

- MACHINE [1]

0 0 0 0 0 0 0 0 1 1 0 0 0 1 
1 1 1 1 1 0 0 0 0 0 0 0 0 0 
0 0 0 0 1 1 0 0 0 1 0 0 0 0 
0 0 0 0 0 0 0 1 0 0 0 0 0 1 
1 1 0 1 0 1 1 0 1 1 0 0 0 0 
0 0 0 0 0 1 1 0 0 0 0 0 0 0 
0 0 0 0 0 0 0 0 0 1 1 0 1 1 
0 1 0 1 0 0 0 0 0 0 1 0 1 0 
0 0 1 0 0 0 0 0 0 0 1 1 0 1 
1 0 1 0 0 0 0 1 0 0 0 0 0 0 
0 0 0 0 1 0 0 0 1 0 0 1 1 1 
0 0 0 0 0 0 1 1 0 0 0 0 1 0 
1 1 0 0 1 0 1 1 0 0 0 0 0 0 
1 1 1 1 1 0 0 0 0 0 0 0 0 0 
0 0 0 0 0 0 0 0 0 1 1 1 1 0 

JOBS [14] - [9, 7, 4, 0, 13, 2, 3, 5, 6, 1, 10, 14, 11, 12]
TOOL SWITCHES : 11
MAKESPAN : 131

# -------------------------- #

--- TOTAL TOOL SWITCHES : 11
--- HIGHEST MAKESPAN : 131
--- TOTAL FLOWTIME : 992
--- RUNNING TIME : 0.9399

# -------------------------- #
RUN : 1 - instancias_txt/SSP-NPM-I/ins68_m=2_j=15_t=15_var=8.txt

- MACHINE [0]

0 
0 
1 
0 
1 
0 
0 
0 
0 
0 
0 
0 
1 
1 
0 

JOBS [1] - [7]
TOOL SWITCHES : 0
MAKESPAN : 3

- MACHINE [1]

0 0 0 0 0 1 1 0 0 0 0 0 1 0 
1 1 0 0 0 0 0 0 0 0 0 1 1 0 
0 1 1 0 0 0 0 0 1 1 0 0 0 0 
0 0 0 0 0 0 1 1 0 1 1 0 0 1 
0 0 0 1 1 0 0 1 1 0 0 0 0 0 
0 0 0 0 0 0 0 0 1 0 0 0 1 0 
0 1 0 1 0 0 1 1 0 0 1 0 0 0 
0 1 0 1 1 1 0 0 0 0 0 0 0 0 
0 0 0 0 0 0 0 0 0 1 1 1 0 0 
0 0 0 0 0 0 0 0 0 0 1 1 0 0 
1 1 1 0 0 0 0 0 0 0 0 0 1 1 
0 0 0 0 1 1 0 1 1 0 0 1 1 1 
1 0 0 0 0 0 0 0 0 0 0 0 0 0 
1 0 1 1 1 0 0 0 0 0 0 0 0 0 
1 0 1 0 1 1 0 1 0 0 0 0 0 0 

JOBS [14] - [13, 6, 14, 3, 0, 12, 9, 2, 10, 11, 8, 1, 4, 5]
TOOL SWITCHES : 10
MAKESPAN : 122

# -------------------------- #

--- TOTAL TOOL SWITCHES : 10
--- HIGHEST MAKESPAN : 122
--- TOTAL FLOWTIME : 942
--- RUNNING TIME : 0.884586

# -------------------------- #
RUN : 1 - instancias_txt/SSP-NPM-I/ins69_m=2_j=15_t=15_var=9.txt

- MACHINE [0]

1 
0 
0 
0 
1 
0 
0 
1 
0 
0 
0 
0 
0 
1 
0 

JOBS [1] - [13]
TOOL SWITCHES : 0
MAKESPAN : 4

- MACHINE [1]

0 1 1 1 0 0 1 0 0 0 1 0 0 0 
0 0 0 0 0 1 0 1 1 1 0 0 1 0 
0 0 1 1 0 0 1 1 0 0 1 1 1 0 
0 0 0 0 0 0 0 0 0 0 0 1 0 0 
0 0 0 0 0 0 0 0 0 1 1 0 0 1 
0 0 0 0 0 0 1 0 1 0 0 1 0 1 
0 0 1 1 0 0 0 0 0 0 0 0 0 0 
0 0 0 0 0 0 0 0 0 0 0 0 0 0 
0 0 0 0 0 1 0 1 0 0 0 0 0 0 
0 0 0 1 1 0 0 0 0 0 0 0 0 0 
1 1 0 0 0 0 0 0 1 0 0 0 0 0 
0 0 0 0 0 0 0 0 0 0 0 0 0 0 
0 1 1 0 1 1 0 0 0 1 1 0 1 1 
1 0 1 0 0 1 0 0 0 0 0 0 0 0 
1 1 0 0 1 1 0 1 0 1 0 1 1 0 

JOBS [14] - [3, 2, 12, 14, 1, 9, 7, 6, 10, 0, 11, 4, 8, 5]
TOOL SWITCHES : 7
MAKESPAN : 115

# -------------------------- #

--- TOTAL TOOL SWITCHES : 7
--- HIGHEST MAKESPAN : 115
--- TOTAL FLOWTIME : 802
--- RUNNING TIME : 0.815465

# -------------------------- #
RUN : 1 - instancias_txt/SSP-NPM-I/ins70_m=2_j=15_t=15_var=10.txt

- MACHINE [0]

0 
0 
1 
0 
1 
0 
1 
0 
0 
0 
0 
0 
1 
0 
0 

JOBS [1] - [5]
TOOL SWITCHES : 0
MAKESPAN : 9

- MACHINE [1]

0 0 0 0 0 0 0 0 0 1 0 1 0 0 
1 0 0 0 0 1 0 1 1 0 0 0 0 0 
1 0 0 0 1 0 0 0 0 0 0 0 0 0 
1 1 1 0 0 1 1 0 0 0 0 0 0 0 
0 0 0 0 0 1 1 0 0 1 0 1 0 1 
0 0 0 0 0 0 1 1 0 0 1 0 0 0 
0 1 1 1 0 0 0 0 0 0 0 1 0 0 
0 0 0 0 0 0 0 0 0 0 0 1 1 0 
0 0 1 0 1 0 0 0 1 1 0 0 1 0 
0 1 0 1 1 1 0 0 0 0 0 0 0 0 
1 0 1 0 0 0 0 0 0 1 0 0 0 0 
0 0 0 1 1 0 1 1 1 0 0 0 1 1 
0 0 0 0 0 0 0 0 0 0 0 0 0 0 
0 0 0 0 1 0 1 0 1 1 1 0 0 0 
1 1 0 0 0 0 0 0 0 0 1 0 1 1 

JOBS [14] - [13, 7, 14, 6, 12, 10, 1, 4, 2, 0, 3, 8, 11, 9]
TOOL SWITCHES : 10
MAKESPAN : 113

# -------------------------- #

--- TOTAL TOOL SWITCHES : 10
--- HIGHEST MAKESPAN : 113
--- TOTAL FLOWTIME : 808
--- RUNNING TIME : 0.89964

# -------------------------- #
RUN : 1 - instancias_txt/SSP-NPM-I/ins71_m=2_j=15_t=15_var=11.txt

- MACHINE [0]

0 
0 
1 
0 
0 
0 
0 
0 
0 
0 
1 
1 
1 
0 
1 

JOBS [1] - [13]
TOOL SWITCHES : 0
MAKESPAN : 3

- MACHINE [1]

0 0 0 0 1 0 0 0 0 0 0 0 1 1 
0 0 0 0 0 0 0 0 0 1 1 1 0 1 
1 1 0 0 0 0 0 0 0 0 0 0 0 1 
0 1 0 0 1 1 1 0 0 0 0 0 0 0 
0 0 0 1 1 1 0 0 0 0 0 0 0 0 
0 1 1 1 0 0 0 0 1 1 0 0 0 0 
1 1 0 0 0 1 1 0 1 0 0 0 0 0 
1 0 1 0 0 1 1 1 1 0 0 0 0 0 
1 0 1 0 1 0 0 0 0 0 0 0 0 0 
0 0 0 0 0 0 0 1 1 0 1 0 0 0 
1 0 0 0 0 0 0 0 0 1 1 1 1 1 
0 0 0 0 0 0 1 1 1 1 1 0 1 0 
0 0 0 0 0 0 0 0 1 1 0 0 1 0 
0 0 0 0 0 1 1 1 0 0 0 1 1 1 
0 0 1 1 0 0 0 0 0 0 0 0 0 0 

JOBS [14] - [2, 4, 7, 0, 14, 11, 1, 12, 5, 9, 10, 3, 6, 8]
TOOL SWITCHES : 11
MAKESPAN : 126

# -------------------------- #

--- TOTAL TOOL SWITCHES : 11
--- HIGHEST MAKESPAN : 126
--- TOTAL FLOWTIME : 839
--- RUNNING TIME : 0.831227

# -------------------------- #
RUN : 1 - instancias_txt/SSP-NPM-I/ins72_m=2_j=15_t=15_var=12.txt

- MACHINE [0]

0 0 
0 1 
0 0 
0 0 
1 0 
0 1 
0 0 
1 1 
0 0 
0 0 
0 0 
0 0 
0 0 
1 0 
0 0 

JOBS [2] - [13, 5]
TOOL SWITCHES : 0
MAKESPAN : 9

- MACHINE [1]

1 0 1 1 0 0 1 1 1 0 1 1 0 
0 0 0 0 0 0 0 0 0 0 0 1 1 
1 0 0 0 0 0 1 0 1 0 1 0 1 
1 1 0 0 1 1 1 1 0 0 0 0 0 
0 0 0 0 1 1 0 0 1 1 0 1 1 
0 0 1 0 0 1 0 1 0 1 0 0 1 
0 0 0 0 0 0 0 1 1 1 0 0 0 
0 0 0 0 0 0 0 0 0 0 0 0 0 
0 0 0 1 1 0 1 1 0 1 1 0 1 
0 0 0 0 0 0 0 0 1 0 0 0 0 
0 0 0 0 0 1 1 0 0 0 0 0 0 
0 1 0 0 0 1 0 0 0 0 1 1 0 
1 1 0 0 1 0 0 0 0 0 0 0 0 
0 1 0 0 0 0 0 0 0 0 0 0 0 
1 0 1 1 0 0 0 0 0 0 0 0 0 

JOBS [13] - [9, 2, 4, 14, 8, 10, 3, 6, 0, 11, 1, 12, 7]
TOOL SWITCHES : 9
MAKESPAN : 93

# -------------------------- #

--- TOTAL TOOL SWITCHES : 9
--- HIGHEST MAKESPAN : 93
--- TOTAL FLOWTIME : 700
--- RUNNING TIME : 0.783602

# -------------------------- #
RUN : 1 - instancias_txt/SSP-NPM-I/ins73_m=2_j=15_t=15_var=13.txt

- MACHINE [0]

0 0 
1 1 
0 1 
0 0 
0 1 
0 0 
0 0 
0 0 
0 0 
0 0 
1 1 
0 0 
1 0 
1 0 
0 0 

JOBS [2] - [10, 4]
TOOL SWITCHES : 1
MAKESPAN : 20

- MACHINE [1]

1 0 0 1 0 0 1 1 1 1 0 0 1 
0 0 0 0 0 0 0 0 1 1 0 1 0 
0 0 0 0 0 0 0 0 0 1 0 1 1 
1 1 0 0 0 1 0 0 0 0 0 0 0 
1 1 0 0 0 0 0 0 0 0 0 0 0 
0 0 0 0 0 0 0 1 0 1 1 0 0 
1 0 1 1 0 1 1 1 0 1 0 0 0 
0 0 0 0 0 0 0 0 0 0 1 1 0 
0 0 1 1 0 0 0 0 0 0 0 0 0 
0 0 0 0 0 1 1 0 0 0 0 1 1 
0 0 0 0 0 1 1 0 0 0 0 0 0 
0 1 0 0 1 0 1 0 1 0 1 0 1 
0 0 0 1 1 0 0 0 0 0 0 0 0 
0 1 1 0 0 0 0 0 0 0 0 0 0 
1 0 1 0 1 1 0 1 1 0 0 0 0 

JOBS [13] - [11, 1, 3, 6, 13, 7, 2, 9, 12, 0, 8, 14, 5]
TOOL SWITCHES : 8
MAKESPAN : 102

# -------------------------- #

--- TOTAL TOOL SWITCHES : 9
--- HIGHEST MAKESPAN : 102
--- TOTAL FLOWTIME : 829
--- RUNNING TIME : 0.769413

# -------------------------- #
RUN : 1 - instancias_txt/SSP-NPM-I/ins74_m=2_j=15_t=15_var=14.txt

- MACHINE [0]

1 1 
0 0 
1 0 
0 0 
0 0 
0 1 
0 0 
0 0 
1 1 
0 0 
0 0 
0 0 
0 0 
1 1 
0 0 

JOBS [2] - [8, 12]
TOOL SWITCHES : 0
MAKESPAN : 14

- MACHINE [1]

0 0 0 1 0 0 0 0 1 1 1 0 1 
0 0 0 0 1 1 0 1 0 0 0 1 0 
0 0 0 0 0 0 0 0 0 0 0 0 0 
0 0 0 0 0 0 0 0 0 1 1 0 1 
0 0 0 0 0 0 1 1 1 1 1 0 0 
1 1 1 0 0 0 0 0 0 0 0 0 0 
1 0 1 0 0 1 0 0 0 0 0 0 0 
0 1 0 0 1 1 1 1 0 0 0 1 0 
1 0 0 1 1 1 1 0 0 0 0 0 0 
0 0 0 0 0 0 0 0 0 0 0 1 1 
0 1 0 0 1 0 0 0 0 1 1 0 1 
1 1 0 1 0 0 1 1 1 1 0 0 0 
0 0 1 0 0 0 1 1 1 0 0 0 0 
0 0 0 0 0 0 0 0 0 0 0 0 0 
1 1 0 0 0 0 0 0 0 0 0 1 0 

JOBS [13] - [5, 10, 6, 14, 13, 9, 1, 0, 4, 3, 2, 7, 11]
TOOL SWITCHES : 8
MAKESPAN : 96

# -------------------------- #

--- TOTAL TOOL SWITCHES : 8
--- HIGHEST MAKESPAN : 96
--- TOTAL FLOWTIME : 657
--- RUNNING TIME : 0.799296

# -------------------------- #
RUN : 1 - instancias_txt/SSP-NPM-I/ins75_m=2_j=15_t=15_var=15.txt

- MACHINE [0]

0 0 
0 0 
1 0 
0 0 
0 0 
0 1 
0 1 
1 0 
0 0 
0 0 
0 0 
1 1 
1 1 
0 0 
0 0 

JOBS [2] - [8, 1]
TOOL SWITCHES : 1
MAKESPAN : 22

- MACHINE [1]

0 0 0 0 1 1 1 1 0 1 0 1 1 
0 0 0 0 0 0 0 1 0 0 1 1 0 
1 1 1 0 0 0 0 0 0 0 0 0 0 
0 1 0 1 0 0 0 1 1 1 0 0 0 
1 0 0 0 0 1 0 0 0 0 0 0 0 
0 0 0 0 0 0 0 0 0 0 0 0 0 
0 0 0 0 0 0 0 0 0 0 1 1 0 
0 0 0 0 0 1 1 1 1 0 0 0 1 
1 1 1 1 0 0 1 0 1 1 0 0 0 
0 0 1 0 1 0 0 0 0 0 0 1 0 
1 0 0 1 1 1 0 0 0 0 0 0 0 
0 0 0 0 0 0 0 0 0 0 1 0 1 
0 1 0 1 1 0 0 0 0 0 0 0 0 
0 0 0 0 0 0 1 0 0 1 1 0 0 
0 0 0 0 0 0 0 0 0 0 0 0 0 

JOBS [13] - [14, 11, 4, 10, 12, 5, 0, 6, 2, 13, 3, 9, 7]
TOOL SWITCHES : 6
MAKESPAN : 102

# -------------------------- #

--- TOTAL TOOL SWITCHES : 7
--- HIGHEST MAKESPAN : 102
--- TOTAL FLOWTIME : 658
--- RUNNING TIME : 0.78608

# -------------------------- #
RUN : 1 - instancias_txt/SSP-NPM-I/ins76_m=2_j=15_t=15_var=16.txt

- MACHINE [0]

0 0 
1 1 
0 0 
0 1 
0 0 
0 0 
0 0 
1 1 
0 0 
0 0 
0 0 
0 1 
0 0 
0 0 
1 1 

JOBS [2] - [8, 14]
TOOL SWITCHES : 0
MAKESPAN : 9

- MACHINE [1]

1 1 1 0 0 0 0 0 0 0 0 0 0 
0 0 0 0 0 0 0 0 0 0 0 1 1 
0 0 0 0 0 1 0 1 1 0 0 0 0 
1 1 0 0 0 0 0 0 0 0 0 0 0 
0 0 0 0 0 0 0 0 0 0 0 0 0 
0 0 0 0 0 0 0 0 0 1 1 1 0 
1 0 0 0 0 0 1 0 1 0 0 0 0 
0 0 0 0 1 1 0 1 1 0 1 0 1 
0 0 0 0 0 0 0 0 0 1 1 0 1 
1 0 1 0 1 0 0 1 0 1 0 1 1 
0 0 1 1 0 0 0 0 0 1 0 1 0 
0 0 0 0 0 0 1 0 1 0 1 0 0 
0 1 1 1 1 0 0 0 0 0 0 0 0 
0 0 0 1 1 1 0 0 0 0 0 0 0 
0 1 0 1 0 1 1 0 0 0 1 0 0 

JOBS [13] - [7, 9, 6, 2, 4, 10, 0, 3, 13, 5, 12, 1, 11]
TOOL SWITCHES : 7
MAKESPAN : 88

# -------------------------- #

--- TOTAL TOOL SWITCHES : 7
--- HIGHEST MAKESPAN : 88
--- TOTAL FLOWTIME : 584
--- RUNNING TIME : 0.816387

# -------------------------- #
RUN : 1 - instancias_txt/SSP-NPM-I/ins77_m=2_j=15_t=15_var=17.txt

- MACHINE [0]

0 0 
0 0 
0 0 
0 0 
1 1 
0 0 
1 1 
0 1 
0 0 
0 0 
0 0 
1 0 
0 0 
1 0 
0 0 

JOBS [2] - [1, 3]
TOOL SWITCHES : 0
MAKESPAN : 12

- MACHINE [1]

0 0 0 0 0 0 0 0 0 1 1 1 1 
1 0 0 0 1 1 0 1 0 0 1 0 0 
1 1 0 0 0 0 0 0 1 0 0 0 0 
1 0 0 0 0 0 0 0 0 0 0 1 1 
0 0 0 0 0 0 1 1 0 0 1 1 1 
0 0 0 0 0 1 0 1 1 1 0 0 1 
0 0 0 0 0 0 0 0 0 0 0 0 0 
0 0 0 0 0 1 1 0 1 0 0 0 0 
0 0 1 0 1 1 1 1 0 0 0 0 0 
0 1 1 0 1 0 1 0 0 0 0 0 1 
0 1 0 1 0 0 0 0 1 1 0 0 0 
0 0 0 0 0 0 0 0 0 1 1 0 0 
1 1 0 1 0 1 0 0 0 0 0 0 0 
1 1 1 1 0 0 0 0 0 0 0 0 0 
0 0 0 1 1 0 0 0 0 0 1 1 0 

JOBS [13] - [14, 10, 0, 11, 13, 4, 5, 9, 8, 2, 7, 12, 6]
TOOL SWITCHES : 10
MAKESPAN : 99

# -------------------------- #

--- TOTAL TOOL SWITCHES : 10
--- HIGHEST MAKESPAN : 99
--- TOTAL FLOWTIME : 654
--- RUNNING TIME : 0.811085

# -------------------------- #
RUN : 1 - instancias_txt/SSP-NPM-I/ins78_m=2_j=15_t=15_var=18.txt

- MACHINE [0]

1 
1 
0 
0 
0 
0 
0 
1 
1 
0 
0 
0 
0 
0 
1 

JOBS [1] - [9]
TOOL SWITCHES : 0
MAKESPAN : 6

- MACHINE [1]

1 0 1 1 1 1 0 0 0 0 0 0 0 0 
0 1 1 0 0 0 0 0 0 0 0 0 0 0 
0 0 1 1 1 0 0 0 0 0 0 0 0 1 
0 0 0 0 0 0 1 1 1 1 0 1 0 0 
0 0 0 0 0 0 0 0 0 0 0 0 0 0 
0 1 0 1 0 1 1 0 0 1 1 0 0 0 
0 0 0 0 0 0 0 0 0 0 0 0 1 0 
0 0 0 0 0 1 1 0 0 0 1 0 0 1 
0 1 0 0 1 0 0 0 1 1 0 0 0 0 
0 0 0 1 0 1 0 0 0 0 0 1 1 1 
1 1 0 0 1 1 0 1 0 0 0 0 0 0 
1 0 1 0 0 0 0 1 1 0 1 0 0 0 
0 0 0 0 0 0 0 0 0 0 0 1 1 1 
0 0 0 0 0 0 0 0 0 0 1 0 1 1 
0 0 0 0 0 0 0 0 1 1 1 1 0 0 

JOBS [14] - [4, 7, 8, 5, 11, 10, 3, 0, 13, 12, 14, 2, 1, 6]
TOOL SWITCHES : 8
MAKESPAN : 96

# -------------------------- #

--- TOTAL TOOL SWITCHES : 8
--- HIGHEST MAKESPAN : 96
--- TOTAL FLOWTIME : 687
--- RUNNING TIME : 0.873943

# -------------------------- #
RUN : 1 - instancias_txt/SSP-NPM-I/ins79_m=2_j=15_t=15_var=19.txt

- MACHINE [0]

0 
1 
0 
0 
0 
0 
0 
1 
0 
0 
0 
0 
1 
1 
0 

JOBS [1] - [3]
TOOL SWITCHES : 0
MAKESPAN : 10

- MACHINE [1]

1 1 0 0 1 0 0 0 0 0 0 0 0 0 
0 1 0 1 0 1 0 0 0 0 0 0 0 0 
0 0 0 0 0 0 0 0 1 1 1 0 0 0 
0 0 0 0 0 1 1 0 1 0 0 1 0 1 
1 0 1 1 1 1 0 0 0 0 0 0 0 0 
0 1 0 0 0 0 0 0 0 0 0 0 1 1 
0 1 0 0 1 1 1 1 0 0 0 0 0 0 
1 0 0 0 0 0 0 1 0 0 0 0 1 1 
1 0 1 1 0 0 0 0 0 1 1 1 0 0 
1 0 0 0 0 0 0 0 0 0 0 1 1 0 
0 0 0 1 1 0 0 1 0 0 0 0 0 0 
0 0 0 0 1 0 0 0 0 0 1 0 0 1 
0 1 1 0 0 0 0 0 0 0 0 0 0 0 
0 0 0 0 0 0 0 0 1 1 1 0 0 0 
0 0 0 0 0 0 1 1 1 1 0 1 0 1 

JOBS [14] - [2, 10, 7, 0, 5, 4, 1, 11, 12, 14, 6, 8, 13, 9]
TOOL SWITCHES : 11
MAKESPAN : 112

# -------------------------- #

--- TOTAL TOOL SWITCHES : 11
--- HIGHEST MAKESPAN : 112
--- TOTAL FLOWTIME : 913
--- RUNNING TIME : 0.945966

# -------------------------- #
RUN : 1 - instancias_txt/SSP-NPM-I/ins80_m=2_j=15_t=15_var=20.txt

- MACHINE [0]

0 
0 
0 
0 
0 
0 
0 
1 
0 
1 
1 
1 
0 
0 
1 

JOBS [1] - [1]
TOOL SWITCHES : 0
MAKESPAN : 3

- MACHINE [1]

1 1 0 0 0 0 0 0 0 0 0 0 1 1 
0 0 0 1 1 0 1 0 0 0 0 0 0 0 
0 1 0 0 0 0 0 0 0 1 0 1 0 1 
1 0 0 0 0 0 1 0 0 0 0 1 0 0 
0 0 0 0 0 0 0 0 1 0 0 0 1 1 
1 0 0 0 1 1 0 1 1 0 1 0 1 0 
1 1 0 0 1 1 0 1 1 0 0 0 0 0 
0 0 0 0 0 0 0 0 1 1 0 0 0 0 
0 0 0 0 0 0 1 1 0 1 0 0 0 0 
0 0 0 0 0 0 0 0 0 0 0 0 0 0 
0 0 0 0 0 0 1 1 0 1 1 0 0 0 
0 0 1 1 1 0 0 0 0 0 0 0 1 0 
0 0 1 0 1 0 0 0 1 1 0 0 0 1 
0 0 0 0 0 0 0 0 0 0 1 1 1 0 
1 1 1 1 0 1 0 0 0 0 0 0 0 0 

JOBS [14] - [0, 3, 6, 4, 7, 5, 8, 14, 10, 12, 9, 2, 13, 11]
TOOL SWITCHES : 11
MAKESPAN : 126

# -------------------------- #

--- TOTAL TOOL SWITCHES : 11
--- HIGHEST MAKESPAN : 126
--- TOTAL FLOWTIME : 852
--- RUNNING TIME : 0.967376

# -------------------------- #


avg : 9.45
