RUN : 1 - instancias_txt/SSP-NPM-I/ins61_m=2_j=15_t=15_var=1.txt

- MACHINE [0]

0 
1 
0 
1 
0 
0 
0 
0 
0 
0 
0 
0 
1 
1 
0 

JOBS [1] - [8]
TOOL SWITCHES : 0
MAKESPAN : 1

- MACHINE [1]

1 1 1 0 0 0 0 0 1 1 1 0 0 0 
0 0 1 0 1 1 0 1 1 0 1 0 0 1 
0 0 0 0 0 0 0 0 0 1 1 1 1 0 
0 0 1 1 0 0 0 0 1 1 0 1 0 1 
0 0 0 0 1 1 0 0 0 0 0 0 0 0 
1 0 0 0 0 0 0 0 0 0 0 1 1 0 
1 1 0 0 0 0 0 0 0 0 0 0 0 0 
0 0 0 0 0 1 0 1 0 0 1 1 0 0 
0 0 0 0 0 0 0 1 1 0 0 0 0 0 
0 1 1 1 1 1 1 0 0 0 0 0 0 0 
1 0 1 0 0 0 0 0 0 0 0 1 0 1 
0 0 0 0 0 0 1 1 1 0 1 0 1 1 
0 1 0 1 1 0 1 0 0 0 0 0 0 0 
0 0 0 0 0 0 0 0 0 0 0 0 0 0 
1 1 0 1 1 0 0 0 0 1 1 0 0 0 

JOBS [14] - [12, 1, 6, 13, 7, 4, 3, 9, 11, 14, 10, 0, 5, 2]
TOOL SWITCHES : 10
MAKESPAN : 121

# -------------------------- #

--- TOTAL TOOL SWITCHES : 10
--- HIGHEST MAKESPAN : 121
--- TOTAL FLOWTIME : 1003
--- RUNNING TIME : 0.85646

# -------------------------- #
RUN : 1 - instancias_txt/SSP-NPM-I/ins62_m=2_j=15_t=15_var=2.txt

- MACHINE [0]

1 
1 
0 
0 
0 
1 
1 
1 
0 
0 
0 
0 
0 
0 
0 

JOBS [1] - [2]
TOOL SWITCHES : 0
MAKESPAN : 6

- MACHINE [1]

1 0 1 0 0 0 0 0 0 0 0 0 0 0 
0 0 0 0 1 0 0 0 0 0 0 0 0 0 
0 1 0 0 1 1 0 0 1 0 1 0 0 0 
0 1 0 0 0 0 0 0 0 0 0 0 1 1 
1 1 0 1 0 0 0 0 0 0 0 0 0 0 
0 0 0 0 0 0 0 0 0 1 1 1 1 0 
0 0 0 0 0 0 1 0 0 0 0 1 0 0 
1 0 0 1 0 0 0 0 0 0 0 0 0 0 
1 0 0 0 0 0 1 1 1 1 0 0 0 0 
1 0 0 0 0 0 0 0 0 0 1 1 0 0 
0 1 1 0 0 0 1 1 1 1 1 0 1 1 
0 0 0 0 0 1 1 1 0 1 1 1 0 0 
0 0 1 0 0 0 0 1 0 0 0 0 0 1 
0 0 0 1 1 1 1 1 1 0 0 0 0 0 
0 0 0 0 0 0 0 0 0 0 0 1 1 1 

JOBS [14] - [7, 9, 5, 12, 11, 14, 6, 4, 3, 10, 1, 0, 13, 8]
TOOL SWITCHES : 10
MAKESPAN : 126

# -------------------------- #

--- TOTAL TOOL SWITCHES : 10
--- HIGHEST MAKESPAN : 126
--- TOTAL FLOWTIME : 979
--- RUNNING TIME : 1.03509

# -------------------------- #
RUN : 1 - instancias_txt/SSP-NPM-I/ins63_m=2_j=15_t=15_var=3.txt

- MACHINE [0]

0 
0 
0 
1 
0 
1 
0 
0 
0 
0 
1 
0 
1 
0 
0 

JOBS [1] - [4]
TOOL SWITCHES : 0
MAKESPAN : 8

- MACHINE [1]

0 0 0 1 1 1 0 0 0 0 0 0 0 0 
0 0 1 0 1 1 1 1 1 1 0 0 0 0 
1 0 0 1 1 1 1 0 0 0 0 0 0 0 
0 0 0 0 0 0 0 0 0 0 0 0 0 0 
0 0 0 0 0 1 0 0 0 0 1 0 1 0 
0 0 0 0 0 0 0 0 0 0 1 0 1 1 
0 1 0 1 0 0 0 0 0 1 0 0 1 0 
1 0 0 0 0 0 0 0 0 1 1 0 0 0 
0 1 1 0 0 0 0 0 1 0 0 0 0 0 
1 1 0 0 0 0 0 0 0 0 0 0 0 0 
0 0 0 0 0 0 0 1 1 1 0 1 0 0 
0 0 0 0 0 0 0 1 1 0 1 1 0 0 
0 1 1 0 0 0 0 0 0 0 0 0 0 0 
0 0 0 1 0 0 1 1 0 0 0 0 0 1 
1 0 0 0 1 0 0 0 0 0 0 1 1 1 

JOBS [14] - [3, 2, 8, 14, 5, 6, 7, 12, 1, 11, 9, 13, 0, 10]
TOOL SWITCHES : 9
MAKESPAN : 96

# -------------------------- #

--- TOTAL TOOL SWITCHES : 9
--- HIGHEST MAKESPAN : 96
--- TOTAL FLOWTIME : 735
--- RUNNING TIME : 0.890431

# -------------------------- #
RUN : 1 - instancias_txt/SSP-NPM-I/ins64_m=2_j=15_t=15_var=4.txt

- MACHINE [0]

0 
0 
0 
0 
0 
1 
0 
1 
0 
0 
0 
1 
0 
0 
0 

JOBS [1] - [14]
TOOL SWITCHES : 0
MAKESPAN : 2

- MACHINE [1]

1 1 0 0 0 0 0 0 0 0 0 0 0 1 
1 0 1 1 0 0 1 1 0 1 0 0 0 0 
0 0 0 0 1 1 0 1 0 0 0 0 0 0 
0 0 0 1 0 0 0 0 1 0 0 0 1 1 
1 0 1 0 0 0 1 1 1 1 1 1 1 0 
0 0 0 1 1 0 0 0 0 0 0 0 0 0 
0 0 0 0 0 0 0 0 0 1 1 0 1 1 
1 0 0 0 0 0 0 0 0 0 0 0 0 0 
0 0 0 0 0 1 1 0 0 1 0 1 0 1 
1 0 1 1 1 0 0 0 0 0 0 0 0 0 
0 1 1 0 0 0 0 0 0 0 0 1 0 0 
0 0 0 0 0 0 0 0 0 0 1 1 0 0 
0 0 0 0 0 1 0 0 1 0 0 0 0 0 
0 1 0 0 1 1 0 1 1 0 0 1 1 1 
0 1 0 1 0 1 1 0 0 0 1 0 0 0 

JOBS [14] - [11, 0, 13, 6, 10, 1, 8, 2, 5, 7, 4, 9, 3, 12]
TOOL SWITCHES : 11
MAKESPAN : 120

# -------------------------- #

--- TOTAL TOOL SWITCHES : 11
--- HIGHEST MAKESPAN : 120
--- TOTAL FLOWTIME : 891
--- RUNNING TIME : 0.87364

# -------------------------- #
RUN : 1 - instancias_txt/SSP-NPM-I/ins65_m=2_j=15_t=15_var=5.txt

- MACHINE [0]

0 0 0 0 1 1 1 0 1 0 
0 0 0 1 1 0 0 0 0 0 
0 0 0 0 0 0 1 0 0 0 
0 0 0 0 0 0 0 1 0 0 
0 1 0 0 0 0 0 0 0 0 
0 0 0 0 0 0 0 0 1 1 
1 0 0 0 0 0 0 0 0 1 
0 0 0 0 0 0 0 0 0 0 
0 1 0 1 0 1 0 0 0 0 
1 1 1 0 0 0 0 0 0 0 
1 0 1 1 0 0 0 0 0 0 
0 0 0 0 0 0 0 0 0 0 
1 1 1 0 0 1 0 1 0 1 
0 0 1 0 1 0 1 1 1 0 
0 0 0 0 0 1 1 1 0 1 

JOBS [10] - [10, 1, 9, 11, 12, 7, 0, 13, 3, 5]
TOOL SWITCHES : 9
MAKESPAN : 71

- MACHINE [1]

1 0 0 0 0 
1 0 0 1 1 
1 1 1 0 0 
0 0 0 0 0 
0 0 0 1 1 
1 1 1 0 0 
0 0 0 0 0 
0 0 1 0 0 
0 0 0 0 0 
0 0 0 0 0 
1 1 0 0 1 
0 1 0 1 0 
0 0 0 1 1 
0 0 0 0 0 
0 0 0 0 0 

JOBS [5] - [4, 8, 6, 14, 2]
TOOL SWITCHES : 2
MAKESPAN : 36

# -------------------------- #

--- TOTAL TOOL SWITCHES : 11
--- HIGHEST MAKESPAN : 71
--- TOTAL FLOWTIME : 484
--- RUNNING TIME : 0.445929

# -------------------------- #
RUN : 1 - instancias_txt/SSP-NPM-I/ins66_m=2_j=15_t=15_var=6.txt

- MACHINE [0]

1 1 
0 0 
0 1 
0 0 
0 0 
0 0 
1 1 
0 0 
0 0 
0 0 
1 0 
0 1 
0 0 
0 0 
0 0 

JOBS [2] - [0, 7]
TOOL SWITCHES : 0
MAKESPAN : 8

- MACHINE [1]

0 0 1 1 1 0 0 0 0 0 0 0 0 
0 0 0 0 0 1 0 1 0 0 1 0 0 
0 1 0 0 1 1 1 0 1 0 0 0 0 
0 0 0 0 0 0 1 0 0 1 0 0 0 
1 0 0 0 0 0 0 0 0 0 0 0 0 
1 1 0 1 0 1 0 0 0 0 0 0 1 
0 0 0 0 0 0 0 0 0 0 1 1 1 
0 1 1 0 0 0 0 1 1 1 1 0 0 
1 0 1 0 0 0 0 1 0 1 0 1 0 
0 0 0 0 0 1 0 0 0 1 0 1 1 
0 0 0 1 0 0 0 0 0 0 0 0 0 
0 0 0 0 0 0 0 0 0 0 0 0 0 
1 1 1 0 0 0 0 0 0 0 0 0 1 
0 0 0 0 0 0 0 0 0 1 1 1 1 
0 0 0 1 1 0 1 0 1 1 1 0 0 

JOBS [13] - [10, 8, 4, 11, 5, 1, 9, 13, 6, 14, 3, 12, 2]
TOOL SWITCHES : 9
MAKESPAN : 110

# -------------------------- #

--- TOTAL TOOL SWITCHES : 9
--- HIGHEST MAKESPAN : 110
--- TOTAL FLOWTIME : 736
--- RUNNING TIME : 0.829112

# -------------------------- #
RUN : 1 - instancias_txt/SSP-NPM-I/ins67_m=2_j=15_t=15_var=7.txt

- MACHINE [0]

0 
0 
0 
0 
0 
1 
1 
0 
0 
0 
0 
0 
1 
1 
1 

JOBS [1] - [8]
TOOL SWITCHES : 0
MAKESPAN : 9

- MACHINE [1]

0 0 0 1 1 1 0 0 0 0 0 0 0 0 
0 0 0 0 0 0 1 1 1 0 0 1 0 1 
0 0 0 0 0 1 1 0 0 0 1 0 0 0 
0 0 0 1 0 0 0 0 0 0 0 0 1 0 
0 0 0 0 1 1 0 1 1 1 1 1 0 0 
0 0 0 0 0 0 0 0 0 1 1 0 0 0 
0 1 1 1 0 1 0 0 0 0 0 0 0 0 
0 1 1 0 0 0 0 1 1 0 0 0 0 0 
1 0 1 1 0 0 0 0 0 0 0 0 0 1 
0 0 0 0 0 0 0 0 0 0 0 1 1 1 
1 1 0 1 1 0 1 0 0 0 0 0 0 0 
0 1 0 0 0 0 0 0 0 1 0 0 1 0 
0 0 0 0 0 0 1 0 1 1 0 1 1 0 
0 0 0 0 0 0 1 1 1 0 0 1 0 1 
1 1 1 0 0 1 0 0 0 0 0 0 0 0 

JOBS [14] - [14, 11, 10, 12, 6, 1, 13, 0, 7, 3, 2, 9, 5, 4]
TOOL SWITCHES : 11
MAKESPAN : 131

# -------------------------- #

--- TOTAL TOOL SWITCHES : 11
--- HIGHEST MAKESPAN : 131
--- TOTAL FLOWTIME : 857
--- RUNNING TIME : 0.86509

# -------------------------- #
RUN : 1 - instancias_txt/SSP-NPM-I/ins68_m=2_j=15_t=15_var=8.txt

- MACHINE [0]

0 
1 
0 
0 
0 
0 
0 
0 
0 
0 
1 
0 
1 
1 
1 

JOBS [1] - [13]
TOOL SWITCHES : 0
MAKESPAN : 6

- MACHINE [1]

0 0 0 0 0 1 0 0 1 0 0 0 1 0 
1 0 0 0 0 0 0 0 0 0 0 0 1 1 
1 1 0 1 0 0 0 1 0 1 0 0 0 0 
0 0 0 0 0 0 1 0 1 1 1 1 0 0 
0 0 1 1 1 0 1 1 0 0 0 0 0 0 
0 0 0 0 0 0 0 1 0 0 0 0 1 0 
1 0 1 0 0 0 1 0 1 0 1 0 0 0 
1 0 1 0 1 1 0 0 0 0 0 0 0 0 
0 0 0 0 0 0 0 0 0 1 1 0 0 1 
0 0 0 0 0 0 0 0 0 0 1 0 0 1 
1 1 0 0 0 0 0 0 0 0 0 1 1 0 
0 0 0 0 1 1 1 1 0 0 0 1 1 1 
0 0 0 1 0 0 0 0 0 0 0 0 0 0 
0 1 1 1 1 0 0 0 0 0 0 0 0 0 
0 1 0 0 1 1 1 0 0 0 0 0 0 0 

JOBS [14] - [6, 14, 3, 7, 0, 12, 2, 10, 9, 11, 8, 5, 4, 1]
TOOL SWITCHES : 10
MAKESPAN : 129

# -------------------------- #

--- TOTAL TOOL SWITCHES : 10
--- HIGHEST MAKESPAN : 129
--- TOTAL FLOWTIME : 1045
--- RUNNING TIME : 0.921286

# -------------------------- #
RUN : 1 - instancias_txt/SSP-NPM-I/ins69_m=2_j=15_t=15_var=9.txt

- MACHINE [0]

1 0 
0 0 
1 1 
0 1 
0 0 
1 1 
0 0 
0 0 
0 0 
0 0 
0 0 
0 0 
0 0 
0 0 
0 1 

JOBS [2] - [7, 4]
TOOL SWITCHES : 0
MAKESPAN : 17

- MACHINE [1]

0 0 1 0 1 1 0 0 0 0 1 0 1 
1 0 0 0 0 0 1 1 1 1 0 0 0 
0 0 0 0 0 1 1 0 0 1 1 0 1 
0 0 0 0 0 0 0 0 0 0 0 0 0 
0 0 0 1 1 1 0 1 0 0 0 0 0 
1 0 0 1 0 0 0 0 0 0 0 0 0 
0 0 0 0 0 0 0 0 0 0 1 0 1 
0 0 0 0 1 0 0 0 0 0 0 0 0 
0 0 0 0 0 0 0 0 1 1 0 0 0 
0 0 0 0 0 0 0 0 0 0 0 1 1 
1 1 1 0 0 0 0 0 0 0 0 0 0 
0 0 0 0 0 0 0 0 0 0 0 0 0 
0 0 1 1 0 1 1 1 1 0 1 1 0 
0 1 0 0 1 0 0 0 1 0 1 0 0 
0 1 1 0 0 0 1 1 1 1 0 1 0 

JOBS [13] - [10, 3, 2, 5, 13, 11, 8, 0, 9, 6, 12, 1, 14]
TOOL SWITCHES : 6
MAKESPAN : 92

# -------------------------- #

--- TOTAL TOOL SWITCHES : 6
--- HIGHEST MAKESPAN : 92
--- TOTAL FLOWTIME : 595
--- RUNNING TIME : 0.678195

# -------------------------- #
RUN : 1 - instancias_txt/SSP-NPM-I/ins70_m=2_j=15_t=15_var=10.txt

- MACHINE [0]

1 0 
0 0 
0 1 
0 0 
1 1 
0 0 
1 1 
1 0 
0 0 
0 0 
0 0 
0 0 
0 1 
0 0 
0 0 

JOBS [2] - [8, 5]
TOOL SWITCHES : 1
MAKESPAN : 14

- MACHINE [1]

0 0 0 0 0 0 0 0 0 0 0 1 0 
1 0 0 0 0 1 1 0 1 0 0 0 0 
1 0 0 0 1 0 0 0 0 0 0 0 0 
1 1 1 0 0 0 1 1 0 0 0 0 0 
0 0 0 0 0 0 1 1 0 0 0 1 1 
0 0 0 0 0 0 0 1 1 1 0 0 0 
0 1 1 1 0 0 0 0 0 0 0 0 0 
0 0 0 0 0 0 0 0 0 0 1 0 0 
0 0 1 0 1 1 0 0 0 0 1 1 0 
0 1 0 1 1 0 1 0 0 0 0 0 0 
1 0 1 0 0 0 0 0 0 0 0 1 0 
0 0 0 1 1 1 0 1 1 0 1 0 1 
0 0 0 0 0 0 0 0 0 0 0 0 0 
0 0 0 0 1 1 0 1 0 1 0 1 0 
1 1 0 0 0 0 0 0 0 1 1 0 1 

JOBS [13] - [13, 7, 14, 6, 12, 2, 10, 1, 4, 3, 11, 0, 9]
TOOL SWITCHES : 9
MAKESPAN : 100

# -------------------------- #

--- TOTAL TOOL SWITCHES : 10
--- HIGHEST MAKESPAN : 100
--- TOTAL FLOWTIME : 695
--- RUNNING TIME : 0.911647

# -------------------------- #
RUN : 1 - instancias_txt/SSP-NPM-I/ins71_m=2_j=15_t=15_var=11.txt

- MACHINE [0]

0 
0 
1 
0 
0 
0 
0 
0 
0 
0 
1 
1 
1 
0 
1 

JOBS [1] - [13]
TOOL SWITCHES : 0
MAKESPAN : 3

- MACHINE [1]

0 0 0 0 1 0 0 0 0 0 0 0 1 1 
0 0 0 0 0 0 0 0 0 1 1 1 1 0 
0 1 1 0 0 0 0 0 0 0 0 0 1 0 
0 0 1 0 1 1 0 1 0 0 0 0 0 0 
0 0 0 1 1 1 0 0 0 0 0 0 0 0 
1 0 1 1 0 0 0 0 1 0 1 0 0 0 
0 1 1 0 0 1 0 1 1 0 0 0 0 0 
1 1 0 0 0 1 1 1 1 0 0 0 0 0 
1 1 0 0 1 0 0 0 0 0 0 0 0 0 
0 0 0 0 0 0 1 0 1 0 0 1 0 0 
0 1 0 0 0 0 0 0 0 1 1 1 1 1 
0 0 0 0 0 0 1 1 1 0 1 1 0 1 
0 0 0 0 0 0 0 0 1 0 1 0 0 1 
0 0 0 0 0 1 1 1 0 1 0 0 1 1 
1 0 0 1 0 0 0 0 0 0 0 0 0 0 

JOBS [14] - [7, 2, 4, 0, 14, 11, 12, 1, 5, 3, 9, 10, 8, 6]
TOOL SWITCHES : 11
MAKESPAN : 126

# -------------------------- #

--- TOTAL TOOL SWITCHES : 11
--- HIGHEST MAKESPAN : 126
--- TOTAL FLOWTIME : 853
--- RUNNING TIME : 0.868861

# -------------------------- #
RUN : 1 - instancias_txt/SSP-NPM-I/ins72_m=2_j=15_t=15_var=12.txt

- MACHINE [0]

0 0 
1 0 
0 0 
0 0 
0 1 
1 0 
0 0 
1 1 
0 0 
0 0 
0 0 
0 0 
0 0 
0 1 
0 0 

JOBS [2] - [5, 13]
TOOL SWITCHES : 0
MAKESPAN : 9

- MACHINE [1]

1 1 1 0 1 0 1 1 1 1 0 0 0 
1 0 0 1 0 0 0 0 0 0 0 0 0 
0 1 1 1 0 0 0 0 1 1 0 0 0 
0 0 0 0 1 0 0 0 1 1 1 1 1 
1 1 0 1 0 1 0 0 0 0 1 1 0 
0 0 0 1 1 1 0 1 0 0 0 1 0 
0 1 0 0 1 1 0 0 0 0 0 0 0 
0 0 0 0 0 0 0 0 0 0 0 0 0 
0 0 1 1 1 1 1 0 0 1 1 0 0 
0 1 0 0 0 0 0 0 0 0 0 0 0 
0 0 0 0 0 0 0 0 0 1 0 1 0 
1 0 1 0 0 0 0 0 0 0 0 1 1 
0 0 0 0 0 0 0 0 1 0 1 0 1 
0 0 0 0 0 0 0 0 0 0 0 0 1 
0 0 0 0 0 0 1 1 1 0 0 0 0 

JOBS [13] - [12, 0, 1, 7, 6, 11, 14, 4, 9, 3, 8, 10, 2]
TOOL SWITCHES : 9
MAKESPAN : 93

# -------------------------- #

--- TOTAL TOOL SWITCHES : 9
--- HIGHEST MAKESPAN : 93
--- TOTAL FLOWTIME : 569
--- RUNNING TIME : 0.718556

# -------------------------- #
RUN : 1 - instancias_txt/SSP-NPM-I/ins73_m=2_j=15_t=15_var=13.txt

- MACHINE [0]

0 0 
1 1 
0 1 
0 0 
0 1 
0 0 
0 0 
0 0 
0 0 
0 0 
1 1 
0 0 
1 0 
1 0 
0 0 

JOBS [2] - [10, 4]
TOOL SWITCHES : 1
MAKESPAN : 20

- MACHINE [1]

0 1 1 0 0 1 0 1 1 0 1 1 0 
0 0 0 0 0 0 0 1 0 1 0 1 0 
0 0 0 0 0 0 0 0 0 1 1 1 0 
0 0 0 0 1 1 1 0 0 0 0 0 0 
0 0 0 0 1 1 0 0 0 0 0 0 0 
0 0 1 0 0 0 0 0 0 0 0 1 1 
0 1 1 1 0 1 1 0 1 0 0 1 0 
0 0 0 0 0 0 0 0 0 1 0 0 1 
0 1 0 1 0 0 0 0 0 0 0 0 0 
0 0 0 0 0 0 1 0 1 1 1 0 0 
0 0 0 0 0 0 1 0 1 0 0 0 0 
1 0 0 0 1 0 0 1 1 0 1 0 1 
1 1 0 0 0 0 0 0 0 0 0 0 0 
0 0 0 1 1 0 0 0 0 0 0 0 0 
1 0 1 1 0 1 1 1 0 0 0 0 0 

JOBS [13] - [13, 6, 9, 3, 1, 11, 7, 12, 2, 14, 5, 0, 8]
TOOL SWITCHES : 9
MAKESPAN : 106

# -------------------------- #

--- TOTAL TOOL SWITCHES : 10
--- HIGHEST MAKESPAN : 106
--- TOTAL FLOWTIME : 809
--- RUNNING TIME : 0.740436

# -------------------------- #
RUN : 1 - instancias_txt/SSP-NPM-I/ins74_m=2_j=15_t=15_var=14.txt

- MACHINE [0]

1 1 1 
0 0 0 
0 0 0 
1 1 1 
1 1 0 
0 0 0 
0 0 0 
0 0 0 
0 0 0 
0 0 1 
1 1 1 
0 1 0 
0 0 0 
0 0 0 
0 0 0 

JOBS [3] - [2, 3, 11]
TOOL SWITCHES : 1
MAKESPAN : 19

- MACHINE [1]

0 0 0 0 0 0 0 1 0 1 1 1 
1 1 0 0 1 0 1 0 0 0 0 0 
0 0 0 0 0 0 0 0 0 1 0 0 
0 0 0 0 0 0 0 0 0 0 0 0 
0 0 0 0 0 0 1 1 1 0 0 0 
0 0 1 1 0 1 0 0 0 0 1 0 
0 0 0 1 1 1 0 0 0 0 0 0 
1 1 1 0 1 0 1 0 1 0 0 0 
1 0 0 1 1 0 0 0 1 1 1 1 
0 1 0 0 0 0 0 0 0 0 0 0 
1 0 1 0 0 0 0 0 0 0 0 0 
0 0 1 1 0 0 1 1 1 0 0 1 
0 0 0 0 0 1 1 1 1 0 0 0 
0 0 0 0 0 0 0 0 0 1 1 0 
0 1 1 1 0 0 0 0 0 0 0 0 

JOBS [12] - [13, 7, 10, 5, 9, 6, 0, 4, 1, 8, 12, 14]
TOOL SWITCHES : 7
MAKESPAN : 82

# -------------------------- #

--- TOTAL TOOL SWITCHES : 8
--- HIGHEST MAKESPAN : 82
--- TOTAL FLOWTIME : 621
--- RUNNING TIME : 0.824156

# -------------------------- #
RUN : 1 - instancias_txt/SSP-NPM-I/ins75_m=2_j=15_t=15_var=15.txt

- MACHINE [0]

0 
0 
0 
0 
0 
1 
1 
0 
0 
0 
0 
1 
1 
0 
0 

JOBS [1] - [1]
TOOL SWITCHES : 0
MAKESPAN : 10

- MACHINE [1]

0 1 1 0 0 0 0 0 1 1 0 1 1 1 
0 0 0 0 0 0 0 0 0 0 1 0 1 1 
1 0 0 1 0 1 0 1 0 0 0 0 0 0 
0 0 0 0 1 1 1 0 1 0 0 0 1 0 
0 0 1 1 0 0 0 0 0 0 0 0 0 0 
0 0 0 0 0 0 0 0 0 0 0 0 0 0 
0 0 0 0 0 0 0 0 0 0 1 0 0 1 
0 0 1 0 1 0 0 1 0 1 0 1 1 0 
1 0 0 1 1 1 1 0 1 1 0 0 0 0 
1 1 0 0 0 0 0 0 0 0 0 0 0 1 
0 1 1 1 0 0 1 0 0 0 0 0 0 0 
0 0 0 0 0 0 0 1 0 0 1 1 0 0 
0 1 0 0 0 1 1 1 0 0 0 0 0 0 
0 0 0 0 0 0 0 0 1 1 1 0 0 0 
0 0 0 0 0 0 0 0 0 0 0 0 0 0 

JOBS [14] - [4, 12, 5, 14, 2, 11, 10, 8, 13, 0, 3, 7, 6, 9]
TOOL SWITCHES : 7
MAKESPAN : 110

# -------------------------- #

--- TOTAL TOOL SWITCHES : 7
--- HIGHEST MAKESPAN : 110
--- TOTAL FLOWTIME : 742
--- RUNNING TIME : 0.887761

# -------------------------- #
RUN : 1 - instancias_txt/SSP-NPM-I/ins76_m=2_j=15_t=15_var=16.txt

- MACHINE [0]

0 0 
1 0 
0 0 
0 0 
0 0 
1 1 
0 0 
0 0 
0 1 
1 1 
1 1 
0 0 
0 0 
0 0 
0 0 

JOBS [2] - [1, 5]
TOOL SWITCHES : 0
MAKESPAN : 11

- MACHINE [1]

0 0 0 0 0 0 1 1 1 0 0 0 0 
1 0 1 1 0 0 0 0 0 0 0 0 0 
0 0 0 0 0 1 0 0 0 1 1 0 0 
1 0 0 0 0 0 1 1 0 0 0 0 0 
0 0 0 0 0 0 0 0 0 0 0 0 0 
0 1 0 0 0 0 0 0 0 0 0 0 0 
0 0 0 0 1 1 1 0 0 0 0 0 0 
1 1 1 1 0 1 0 0 0 1 1 1 0 
0 1 1 0 0 0 0 0 0 0 0 0 0 
0 0 1 0 0 0 1 0 1 1 0 1 0 
0 0 0 0 0 0 0 0 1 0 0 0 1 
1 1 0 0 1 1 0 0 0 0 0 0 0 
0 0 0 0 0 0 0 1 1 0 0 1 1 
0 0 0 0 0 0 0 0 0 0 1 1 1 
1 1 0 1 1 0 0 1 0 0 1 0 1 

JOBS [13] - [14, 12, 11, 8, 0, 13, 7, 9, 6, 3, 10, 4, 2]
TOOL SWITCHES : 7
MAKESPAN : 81

# -------------------------- #

--- TOTAL TOOL SWITCHES : 7
--- HIGHEST MAKESPAN : 81
--- TOTAL FLOWTIME : 592
--- RUNNING TIME : 0.807259

# -------------------------- #
RUN : 1 - instancias_txt/SSP-NPM-I/ins77_m=2_j=15_t=15_var=17.txt

- MACHINE [0]

0 0 
0 0 
0 0 
0 0 
1 1 
0 0 
1 1 
0 1 
0 0 
0 0 
0 0 
1 0 
0 0 
1 0 
0 0 

JOBS [2] - [1, 3]
TOOL SWITCHES : 0
MAKESPAN : 12

- MACHINE [1]

1 1 1 1 0 0 0 0 0 0 0 0 0 
0 0 0 1 1 0 0 0 1 1 1 0 0 
0 0 0 0 0 0 0 1 1 0 0 0 1 
1 1 0 0 0 0 0 0 1 0 0 0 0 
1 1 0 1 0 0 0 0 0 0 1 1 0 
0 1 1 0 0 0 0 0 0 1 1 0 1 
0 0 0 0 0 0 0 0 0 0 0 0 0 
0 0 0 0 0 0 0 0 0 1 0 1 1 
0 0 0 0 1 1 0 0 0 1 1 1 0 
0 1 0 0 1 1 0 1 0 0 0 1 0 
0 0 1 0 0 0 1 1 0 0 0 0 1 
0 0 1 1 0 0 0 0 0 0 0 0 0 
0 0 0 0 0 0 1 1 1 1 0 0 0 
0 0 0 0 0 1 1 1 1 0 0 0 0 
1 0 0 1 1 0 1 0 0 0 0 0 0 

JOBS [13] - [12, 6, 2, 7, 13, 0, 11, 10, 14, 4, 9, 5, 8]
TOOL SWITCHES : 11
MAKESPAN : 103

# -------------------------- #

--- TOTAL TOOL SWITCHES : 11
--- HIGHEST MAKESPAN : 103
--- TOTAL FLOWTIME : 789
--- RUNNING TIME : 0.803512

# -------------------------- #
RUN : 1 - instancias_txt/SSP-NPM-I/ins78_m=2_j=15_t=15_var=18.txt

- MACHINE [0]

1 
1 
0 
0 
0 
0 
0 
1 
1 
0 
0 
0 
0 
0 
1 

JOBS [1] - [9]
TOOL SWITCHES : 0
MAKESPAN : 6

- MACHINE [1]

1 0 1 1 1 1 0 0 0 0 0 0 0 0 
1 1 0 0 0 0 0 0 0 0 0 0 0 0 
1 0 1 0 1 0 0 0 0 0 0 0 1 0 
0 0 0 0 0 0 1 1 1 0 1 0 0 1 
0 0 0 0 0 0 0 0 0 0 0 0 0 0 
0 1 1 0 0 1 0 1 0 1 0 0 0 1 
0 0 0 0 0 0 0 0 0 0 0 1 0 0 
0 0 0 0 0 1 0 0 0 1 0 0 1 1 
0 1 0 0 1 0 0 1 1 0 0 0 0 0 
0 0 1 0 0 1 0 0 0 0 1 1 1 0 
0 1 0 1 1 1 1 0 0 0 0 0 0 0 
1 0 0 1 0 0 1 0 1 1 0 0 0 0 
0 0 0 0 0 0 0 0 0 0 1 1 1 0 
0 0 0 0 0 0 0 0 0 1 0 1 1 0 
0 0 0 0 0 0 0 1 1 1 1 0 0 0 

JOBS [14] - [8, 7, 5, 4, 11, 10, 0, 12, 13, 14, 2, 1, 6, 3]
TOOL SWITCHES : 8
MAKESPAN : 96

# -------------------------- #

--- TOTAL TOOL SWITCHES : 8
--- HIGHEST MAKESPAN : 96
--- TOTAL FLOWTIME : 723
--- RUNNING TIME : 0.845908

# -------------------------- #
RUN : 1 - instancias_txt/SSP-NPM-I/ins79_m=2_j=15_t=15_var=19.txt

- MACHINE [0]

1 
0 
0 
0 
1 
0 
0 
1 
1 
1 
0 
0 
0 
0 
0 

JOBS [1] - [2]
TOOL SWITCHES : 0
MAKESPAN : 10

- MACHINE [1]

0 0 0 0 0 0 0 0 0 0 0 1 1 0 
0 0 0 0 0 0 1 0 1 0 1 0 1 0 
1 1 1 0 0 0 0 0 0 0 0 0 0 0 
0 1 0 1 0 1 0 0 1 1 0 0 0 0 
0 0 0 0 0 0 0 0 1 0 1 1 0 1 
0 0 0 1 1 0 0 0 0 0 0 0 1 0 
0 0 0 0 0 0 0 1 1 1 0 1 1 0 
0 0 0 1 1 0 1 1 0 0 0 0 0 0 
1 0 1 0 0 1 0 0 0 0 1 0 0 1 
0 0 0 0 1 1 0 0 0 0 0 0 0 0 
0 0 0 0 0 0 0 1 0 0 1 1 0 0 
0 0 1 1 0 0 0 0 0 0 0 1 0 0 
0 0 0 0 0 0 1 0 0 0 0 0 1 1 
1 1 1 0 0 0 1 0 0 0 0 0 0 0 
1 1 0 1 0 1 0 1 0 1 0 0 0 0 

JOBS [14] - [14, 12, 6, 9, 13, 8, 3, 11, 4, 1, 0, 5, 10, 7]
TOOL SWITCHES : 11
MAKESPAN : 104

# -------------------------- #

--- TOTAL TOOL SWITCHES : 11
--- HIGHEST MAKESPAN : 104
--- TOTAL FLOWTIME : 695
--- RUNNING TIME : 0.92168

# -------------------------- #
RUN : 1 - instancias_txt/SSP-NPM-I/ins80_m=2_j=15_t=15_var=20.txt

- MACHINE [0]

0 
0 
1 
0 
0 
0 
0 
1 
1 
0 
1 
0 
1 
0 
0 

JOBS [1] - [12]
TOOL SWITCHES : 0
MAKESPAN : 9

- MACHINE [1]

0 0 0 0 0 1 1 1 0 1 0 0 0 0 
0 1 1 0 0 0 0 0 0 0 0 0 1 0 
0 0 0 0 0 1 0 0 0 1 0 0 0 1 
0 0 0 0 0 0 0 1 0 0 0 0 1 1 
0 0 0 0 1 1 1 0 0 0 0 0 0 0 
0 1 0 0 1 0 1 1 1 0 1 1 0 0 
0 1 0 0 1 0 0 1 1 1 0 1 0 0 
1 0 0 0 1 0 0 0 0 0 0 0 0 0 
0 0 0 0 0 0 0 0 0 0 0 1 1 0 
1 0 0 0 0 0 0 0 0 0 0 0 0 0 
1 0 0 0 0 0 0 0 0 0 1 1 1 0 
1 1 1 1 0 0 1 0 0 0 0 0 0 0 
0 1 0 1 1 1 0 0 0 0 0 0 0 0 
0 0 0 0 0 0 1 0 0 0 1 0 0 1 
1 0 1 1 0 0 0 1 1 1 0 0 0 0 

JOBS [14] - [1, 7, 4, 6, 10, 11, 13, 0, 5, 3, 9, 14, 8, 2]
TOOL SWITCHES : 11
MAKESPAN : 120

# -------------------------- #

--- TOTAL TOOL SWITCHES : 11
--- HIGHEST MAKESPAN : 120
--- TOTAL FLOWTIME : 890
--- RUNNING TIME : 0.958549

# -------------------------- #


avg : 9.5
