RUN : 1 - instancias_txt/SSP-NPM-I/ins61_m=2_j=15_t=15_var=1.txt

- MACHINE [0]

0 0 
1 1 
0 0 
0 0 
1 1 
0 0 
0 0 
0 1 
0 0 
1 1 
0 0 
0 0 
1 0 
0 0 
1 0 

JOBS [2] - [7, 4]
TOOL SWITCHES : 1
MAKESPAN : 6

- MACHINE [1]

0 1 1 1 0 0 1 1 1 0 0 0 0 
1 1 1 0 0 0 0 0 1 0 1 0 1 
0 0 1 1 1 1 0 0 0 0 0 0 0 
0 1 0 1 0 1 0 0 1 1 1 0 1 
0 0 0 0 0 0 0 0 0 0 0 0 0 
0 0 0 0 1 1 1 0 0 0 0 0 0 
0 0 0 0 0 0 1 1 0 0 0 0 0 
1 0 1 0 0 1 0 0 0 0 0 0 0 
1 1 0 0 0 0 0 0 0 0 0 0 0 
0 0 0 0 0 0 0 1 1 1 0 1 0 
0 0 0 0 0 1 1 0 1 0 1 0 0 
1 1 1 0 1 0 0 0 0 0 1 1 0 
0 0 0 0 0 0 0 1 0 1 0 1 1 
0 0 0 0 0 0 0 0 0 0 0 0 1 
0 0 1 1 0 0 1 1 0 1 0 0 0 

JOBS [13] - [9, 11, 10, 14, 5, 0, 12, 1, 6, 13, 2, 3, 8]
TOOL SWITCHES : 9
MAKESPAN : 113

# -------------------------- #

--- TOTAL TOOL SWITCHES : 10
--- HIGHEST MAKESPAN : 113
--- TOTAL FLOWTIME : 759
--- RUNNING TIME : 0.842788

# -------------------------- #
RUN : 1 - instancias_txt/SSP-NPM-I/ins62_m=2_j=15_t=15_var=2.txt

- MACHINE [0]

1 
1 
0 
0 
0 
1 
1 
1 
0 
0 
0 
0 
0 
0 
0 

JOBS [1] - [2]
TOOL SWITCHES : 0
MAKESPAN : 6

- MACHINE [1]

1 0 1 0 0 0 0 0 0 0 0 0 0 0 
0 0 0 1 0 0 0 0 0 0 0 0 0 0 
0 0 0 1 1 1 1 0 0 0 0 0 1 0 
0 0 0 0 1 0 0 0 0 1 1 0 0 0 
1 1 0 0 1 0 0 0 0 0 0 0 0 0 
0 0 0 0 0 0 0 0 0 0 1 1 1 1 
0 0 0 0 0 0 0 0 1 0 0 0 0 1 
1 1 0 0 0 0 0 0 0 0 0 0 0 0 
1 0 0 0 0 0 1 1 1 0 0 1 0 0 
1 0 0 0 0 0 0 0 0 0 0 0 1 1 
0 0 1 0 1 0 1 1 1 1 1 1 1 0 
0 0 0 0 0 1 0 1 1 0 0 1 1 1 
0 0 1 0 0 0 0 1 0 1 0 0 0 0 
0 1 0 1 0 1 1 1 1 0 0 0 0 0 
0 0 0 0 0 0 0 0 0 1 1 0 0 1 

JOBS [14] - [7, 12, 5, 11, 9, 14, 3, 4, 6, 8, 13, 10, 1, 0]
TOOL SWITCHES : 10
MAKESPAN : 126

# -------------------------- #

--- TOTAL TOOL SWITCHES : 10
--- HIGHEST MAKESPAN : 126
--- TOTAL FLOWTIME : 953
--- RUNNING TIME : 0.983541

# -------------------------- #
RUN : 1 - instancias_txt/SSP-NPM-I/ins63_m=2_j=15_t=15_var=3.txt

- MACHINE [0]

0 0 0 0 
1 0 1 0 
0 0 0 0 
0 0 0 1 
0 0 0 0 
0 0 0 1 
0 1 1 0 
0 0 1 0 
1 1 0 0 
0 1 0 0 
0 0 1 1 
0 0 0 0 
1 1 0 1 
0 0 0 0 
0 0 0 0 

JOBS [4] - [8, 2, 11, 4]
TOOL SWITCHES : 4
MAKESPAN : 24

- MACHINE [1]

0 0 0 0 1 1 1 0 0 0 0 
0 0 0 0 0 1 1 1 0 1 1 
1 0 0 0 1 1 1 0 0 0 1 
0 0 0 0 0 0 0 0 0 0 0 
0 1 0 1 0 1 0 0 0 0 0 
0 1 1 1 0 0 0 0 0 0 0 
0 0 0 1 1 0 0 0 0 0 0 
1 1 0 0 0 0 0 0 0 0 0 
0 0 0 0 0 0 0 0 0 1 0 
1 0 0 0 0 0 0 0 0 0 0 
0 0 0 0 0 0 0 1 1 1 0 
0 1 0 0 0 0 0 1 1 1 0 
0 0 0 0 0 0 0 0 0 0 0 
0 0 1 0 1 0 0 1 0 0 1 
1 0 1 1 0 0 1 0 1 0 0 

JOBS [11] - [3, 9, 10, 0, 14, 6, 5, 12, 13, 1, 7]
TOOL SWITCHES : 6
MAKESPAN : 69

# -------------------------- #

--- TOTAL TOOL SWITCHES : 10
--- HIGHEST MAKESPAN : 69
--- TOTAL FLOWTIME : 440
--- RUNNING TIME : 0.634972

# -------------------------- #
RUN : 1 - instancias_txt/SSP-NPM-I/ins64_m=2_j=15_t=15_var=4.txt

- MACHINE [0]

0 
1 
0 
1 
0 
1 
0 
0 
0 
1 
0 
0 
0 
0 
1 

JOBS [1] - [6]
TOOL SWITCHES : 0
MAKESPAN : 9

- MACHINE [1]

0 1 0 0 0 0 0 0 0 1 0 1 0 0 
0 0 0 0 1 1 0 1 0 0 1 1 0 0 
0 0 0 1 1 0 0 0 0 0 0 0 1 0 
1 1 1 0 0 0 0 0 0 0 0 0 0 0 
1 0 1 0 1 1 1 1 1 0 1 1 0 0 
0 0 0 0 0 0 0 0 0 0 0 0 1 1 
1 1 0 0 0 1 1 0 0 0 0 0 0 0 
0 0 0 0 0 0 0 0 0 0 0 1 0 1 
0 1 0 1 0 1 0 1 1 0 0 0 0 0 
0 0 0 0 0 0 0 0 0 0 1 1 1 0 
0 0 0 0 0 0 0 0 1 1 1 0 0 0 
0 0 0 0 0 0 1 0 1 0 0 0 0 1 
0 0 1 1 0 0 0 0 0 0 0 0 0 0 
1 1 1 1 1 0 0 0 1 1 0 0 1 0 
0 0 0 1 0 0 1 1 0 1 0 0 0 0 

JOBS [14] - [3, 12, 5, 1, 2, 7, 4, 8, 9, 0, 13, 11, 10, 14]
TOOL SWITCHES : 10
MAKESPAN : 112

# -------------------------- #

--- TOTAL TOOL SWITCHES : 10
--- HIGHEST MAKESPAN : 112
--- TOTAL FLOWTIME : 806
--- RUNNING TIME : 0.934487

# -------------------------- #
RUN : 1 - instancias_txt/SSP-NPM-I/ins65_m=2_j=15_t=15_var=5.txt

- MACHINE [0]

0 0 
1 1 
0 0 
0 0 
1 1 
0 0 
0 0 
0 0 
0 0 
0 0 
1 0 
0 1 
1 1 
0 0 
0 0 

JOBS [2] - [2, 14]
TOOL SWITCHES : 0
MAKESPAN : 16

- MACHINE [1]

0 0 1 1 0 1 1 1 0 0 0 0 0 
0 0 0 1 1 1 0 0 0 0 0 0 0 
1 1 0 0 0 1 1 0 0 0 0 0 0 
0 0 0 0 0 0 0 0 0 1 0 0 0 
0 0 0 0 0 0 0 0 0 0 0 0 1 
1 1 1 0 0 1 0 0 1 0 0 0 0 
0 0 0 0 0 0 0 0 1 0 1 0 0 
0 1 0 0 0 0 0 0 0 0 0 0 0 
0 0 0 0 1 0 0 1 0 0 0 0 1 
0 0 0 0 0 0 0 0 0 0 1 1 1 
1 0 0 0 1 1 0 0 0 0 1 1 0 
1 0 0 0 0 0 0 0 0 0 0 0 0 
0 0 0 0 0 0 0 1 1 1 1 1 1 
0 0 1 1 0 0 1 0 0 1 0 1 0 
0 0 0 0 0 0 1 1 1 1 0 0 0 

JOBS [13] - [8, 6, 3, 12, 11, 4, 0, 7, 5, 13, 10, 9, 1]
TOOL SWITCHES : 8
MAKESPAN : 105

# -------------------------- #

--- TOTAL TOOL SWITCHES : 8
--- HIGHEST MAKESPAN : 105
--- TOTAL FLOWTIME : 750
--- RUNNING TIME : 0.761141

# -------------------------- #
RUN : 1 - instancias_txt/SSP-NPM-I/ins66_m=2_j=15_t=15_var=6.txt

- MACHINE [0]

1 1 
0 0 
0 1 
0 0 
0 0 
0 0 
1 1 
0 0 
0 0 
0 0 
1 0 
0 1 
0 0 
0 0 
0 0 

JOBS [2] - [0, 7]
TOOL SWITCHES : 0
MAKESPAN : 8

- MACHINE [1]

0 0 0 0 0 0 0 0 0 1 1 0 1 
0 1 1 0 0 0 0 1 0 0 0 0 0 
0 0 0 0 0 1 1 1 0 0 1 1 0 
0 0 0 0 1 0 1 0 0 0 0 0 0 
0 0 0 0 0 0 0 0 1 0 0 0 0 
1 0 0 0 0 0 0 1 1 0 0 1 1 
1 1 0 1 0 0 0 0 0 0 0 0 0 
0 1 1 0 1 1 0 0 0 1 0 1 0 
0 0 1 1 1 0 0 0 1 1 0 0 0 
1 0 0 1 1 0 0 1 0 0 0 0 0 
0 0 0 0 0 0 0 0 0 0 0 0 1 
0 0 0 0 0 0 0 0 0 0 0 0 0 
1 0 0 0 0 0 0 0 1 1 0 1 0 
1 1 0 1 1 0 0 0 0 0 0 0 0 
0 1 0 0 1 1 1 0 0 0 1 0 1 

JOBS [13] - [2, 3, 13, 12, 14, 6, 9, 1, 10, 4, 5, 8, 11]
TOOL SWITCHES : 9
MAKESPAN : 110

# -------------------------- #

--- TOTAL TOOL SWITCHES : 9
--- HIGHEST MAKESPAN : 110
--- TOTAL FLOWTIME : 750
--- RUNNING TIME : 0.924776

# -------------------------- #
RUN : 1 - instancias_txt/SSP-NPM-I/ins67_m=2_j=15_t=15_var=7.txt

- MACHINE [0]

0 
0 
0 
1 
0 
0 
0 
0 
0 
1 
0 
1 
1 
0 
0 

JOBS [1] - [5]
TOOL SWITCHES : 0
MAKESPAN : 7

- MACHINE [1]

0 0 0 0 1 0 0 1 1 0 0 0 0 0 
0 0 0 0 0 0 0 0 0 1 1 1 1 1 
1 0 0 0 1 0 0 0 0 0 0 0 0 1 
0 0 0 0 0 0 0 0 1 0 0 0 0 0 
1 0 1 0 1 0 0 1 0 0 1 1 1 0 
1 1 1 0 0 0 0 0 0 0 0 0 0 0 
0 1 0 1 1 1 0 0 1 0 0 0 0 0 
0 0 0 1 0 1 0 0 0 0 0 1 1 0 
0 0 0 0 0 1 1 0 1 1 0 0 0 0 
0 0 0 0 0 0 0 0 0 1 1 0 0 0 
0 0 0 1 0 0 1 1 1 0 0 0 0 1 
0 0 1 1 0 0 0 0 0 0 0 0 0 0 
0 1 1 0 0 0 0 0 0 0 1 0 1 1 
0 1 0 0 0 0 0 0 0 1 1 1 1 1 
0 1 0 1 1 1 1 0 0 0 0 0 0 0 

JOBS [14] - [2, 8, 3, 11, 1, 10, 14, 6, 12, 4, 9, 0, 7, 13]
TOOL SWITCHES : 11
MAKESPAN : 127

# -------------------------- #

--- TOTAL TOOL SWITCHES : 11
--- HIGHEST MAKESPAN : 127
--- TOTAL FLOWTIME : 909
--- RUNNING TIME : 0.938998

# -------------------------- #
RUN : 1 - instancias_txt/SSP-NPM-I/ins68_m=2_j=15_t=15_var=8.txt

- MACHINE [0]

0 
0 
1 
0 
1 
0 
0 
0 
0 
0 
0 
0 
1 
1 
0 

JOBS [1] - [7]
TOOL SWITCHES : 0
MAKESPAN : 3

- MACHINE [1]

0 0 0 0 0 1 0 1 0 0 0 0 0 1 
1 0 1 0 0 0 0 0 0 0 0 1 0 1 
0 1 1 0 0 0 0 0 1 1 0 0 0 0 
0 0 0 0 0 0 1 1 0 1 1 0 1 0 
0 0 0 1 1 0 1 0 1 0 0 0 0 0 
0 0 0 0 0 0 0 0 1 0 0 0 0 1 
0 0 1 0 1 0 1 1 0 0 1 0 0 0 
0 0 1 1 1 1 0 0 0 0 0 0 0 0 
0 0 0 0 0 0 0 0 0 1 1 1 0 0 
0 0 0 0 0 0 0 0 0 0 1 1 0 0 
1 1 1 0 0 0 0 0 0 0 0 0 1 1 
0 0 0 1 0 1 1 0 1 0 0 1 1 1 
1 0 0 0 0 0 0 0 0 0 0 0 0 0 
1 1 0 1 1 0 0 0 0 0 0 0 0 0 
1 1 0 1 0 1 1 0 0 0 0 0 0 0 

JOBS [14] - [13, 14, 6, 0, 3, 12, 2, 9, 10, 11, 8, 1, 5, 4]
TOOL SWITCHES : 10
MAKESPAN : 122

# -------------------------- #

--- TOTAL TOOL SWITCHES : 10
--- HIGHEST MAKESPAN : 122
--- TOTAL FLOWTIME : 943
--- RUNNING TIME : 0.923448

# -------------------------- #
RUN : 1 - instancias_txt/SSP-NPM-I/ins69_m=2_j=15_t=15_var=9.txt

- MACHINE [0]

1 
0 
0 
0 
1 
0 
0 
1 
0 
0 
0 
0 
0 
1 
0 

JOBS [1] - [13]
TOOL SWITCHES : 0
MAKESPAN : 4

- MACHINE [1]

1 0 1 0 0 0 1 0 1 0 0 0 0 1 
0 0 0 1 1 1 0 0 0 1 0 0 1 0 
1 0 1 1 0 1 0 0 1 0 1 0 0 1 
0 0 0 0 0 0 0 0 0 0 1 0 0 0 
0 0 0 0 0 0 0 0 0 0 0 1 1 1 
0 0 0 0 0 0 0 0 1 1 1 1 0 0 
1 0 1 0 0 0 0 0 0 0 0 0 0 0 
0 0 0 0 0 0 0 0 0 0 0 0 0 0 
0 0 0 0 1 1 0 0 0 0 0 0 0 0 
0 1 1 0 0 0 0 0 0 0 0 0 0 0 
0 0 0 0 0 0 1 1 0 1 0 0 0 0 
0 0 0 0 0 0 0 0 0 0 0 0 0 0 
1 1 0 1 1 0 1 0 0 0 0 1 1 1 
1 0 0 0 1 0 0 1 0 0 0 0 0 0 
0 1 0 1 1 1 1 1 0 0 1 0 1 0 

JOBS [14] - [12, 1, 14, 8, 9, 6, 2, 3, 7, 10, 4, 5, 0, 11]
TOOL SWITCHES : 6
MAKESPAN : 111

# -------------------------- #

--- TOTAL TOOL SWITCHES : 6
--- HIGHEST MAKESPAN : 111
--- TOTAL FLOWTIME : 792
--- RUNNING TIME : 0.800178

# -------------------------- #
RUN : 1 - instancias_txt/SSP-NPM-I/ins70_m=2_j=15_t=15_var=10.txt

- MACHINE [0]

0 
1 
1 
1 
0 
0 
0 
0 
0 
0 
1 
0 
0 
0 
1 

JOBS [1] - [13]
TOOL SWITCHES : 0
MAKESPAN : 8

- MACHINE [1]

0 0 0 0 0 0 0 0 0 0 1 1 0 0 
0 1 0 1 0 1 0 0 0 0 0 0 0 0 
0 0 0 0 0 0 0 0 0 0 0 0 1 1 
0 0 1 0 0 1 1 0 1 0 0 0 0 0 
0 0 1 0 1 1 0 0 0 0 1 1 0 1 
1 1 1 0 0 0 0 0 0 0 0 0 0 0 
0 0 0 0 0 0 1 1 1 0 1 0 0 1 
0 0 0 0 0 0 0 0 0 1 1 0 0 0 
0 0 0 1 0 0 0 0 1 1 0 1 1 0 
0 0 0 0 0 1 1 1 0 0 0 0 1 0 
0 0 0 0 0 0 0 0 1 0 0 1 0 0 
0 1 1 1 1 0 0 1 0 1 0 0 1 0 
0 0 0 0 0 0 0 0 0 0 0 0 0 1 
1 0 1 1 0 0 0 0 0 0 0 1 1 0 
1 0 0 0 1 0 1 0 0 1 0 0 0 0 

JOBS [14] - [3, 4, 1, 2, 9, 10, 7, 6, 14, 11, 8, 0, 12, 5]
TOOL SWITCHES : 10
MAKESPAN : 108

# -------------------------- #

--- TOTAL TOOL SWITCHES : 10
--- HIGHEST MAKESPAN : 108
--- TOTAL FLOWTIME : 705
--- RUNNING TIME : 0.871006

# -------------------------- #
RUN : 1 - instancias_txt/SSP-NPM-I/ins71_m=2_j=15_t=15_var=11.txt

- MACHINE [0]

1 0 
1 1 
1 0 
0 0 
0 0 
0 0 
0 0 
0 0 
0 0 
0 0 
1 1 
0 0 
0 0 
1 1 
0 0 

JOBS [2] - [8, 3]
TOOL SWITCHES : 0
MAKESPAN : 5

- MACHINE [1]

1 0 0 0 0 0 0 0 0 0 0 0 1 
0 0 0 0 0 0 0 0 0 0 1 1 0 
0 0 0 1 1 0 0 1 0 0 0 0 0 
1 1 1 1 0 0 0 0 0 0 0 0 0 
1 0 1 0 0 1 0 0 0 0 0 0 0 
0 0 0 1 0 1 1 0 1 0 1 0 0 
0 1 1 1 1 0 0 0 1 0 0 0 0 
0 1 1 0 1 0 1 0 1 1 0 0 0 
1 0 0 0 1 0 1 0 0 0 0 0 0 
0 0 0 0 0 0 0 0 1 1 0 1 0 
0 0 0 0 1 0 0 1 0 0 1 1 1 
0 1 0 0 0 0 0 1 1 1 1 1 1 
0 0 0 0 0 0 0 1 1 0 1 0 1 
0 1 1 0 0 0 0 0 0 1 0 0 1 
0 0 0 0 0 1 1 1 0 0 0 0 0 

JOBS [13] - [14, 1, 11, 4, 2, 0, 7, 13, 5, 12, 9, 10, 6]
TOOL SWITCHES : 12
MAKESPAN : 120

# -------------------------- #

--- TOTAL TOOL SWITCHES : 12
--- HIGHEST MAKESPAN : 120
--- TOTAL FLOWTIME : 830
--- RUNNING TIME : 0.834625

# -------------------------- #
RUN : 1 - instancias_txt/SSP-NPM-I/ins72_m=2_j=15_t=15_var=12.txt

- MACHINE [0]

0 0 
0 1 
0 0 
0 0 
1 0 
0 1 
0 0 
1 1 
0 0 
0 0 
0 0 
0 0 
0 0 
1 0 
0 0 

JOBS [2] - [13, 5]
TOOL SWITCHES : 0
MAKESPAN : 9

- MACHINE [1]

1 0 1 1 0 0 1 1 0 1 1 1 0 
0 1 1 0 0 0 0 0 0 0 0 0 0 
1 1 0 0 0 0 1 0 0 1 1 0 0 
0 0 0 1 0 1 1 0 1 0 1 0 1 
1 1 1 0 1 1 0 0 1 0 0 0 0 
0 1 0 1 1 1 0 1 0 0 0 0 0 
1 0 0 1 1 0 0 0 0 0 0 0 0 
0 0 0 0 0 0 0 0 0 0 0 0 0 
0 1 0 1 1 0 1 0 1 1 0 1 0 
1 0 0 0 0 0 0 0 0 0 0 0 0 
0 0 0 0 0 1 1 0 0 0 0 0 0 
0 0 1 0 0 1 0 0 0 1 0 0 1 
0 0 0 0 0 0 0 0 1 0 1 0 1 
0 0 0 0 0 0 0 0 0 0 0 0 1 
0 0 0 0 0 0 0 1 0 0 1 1 0 

JOBS [13] - [0, 7, 12, 6, 11, 10, 3, 4, 8, 1, 9, 14, 2]
TOOL SWITCHES : 9
MAKESPAN : 93

# -------------------------- #

--- TOTAL TOOL SWITCHES : 9
--- HIGHEST MAKESPAN : 93
--- TOTAL FLOWTIME : 619
--- RUNNING TIME : 0.888631

# -------------------------- #
RUN : 1 - instancias_txt/SSP-NPM-I/ins73_m=2_j=15_t=15_var=13.txt

- MACHINE [0]

0 
0 
0 
1 
1 
0 
0 
0 
0 
0 
0 
1 
0 
1 
0 

JOBS [1] - [1]
TOOL SWITCHES : 0
MAKESPAN : 4

- MACHINE [1]

0 0 0 1 0 1 1 1 0 1 1 0 0 1 
1 0 0 0 0 1 0 1 1 0 0 1 0 0 
0 0 0 0 0 0 0 1 1 0 1 1 0 0 
0 0 0 0 0 0 0 0 0 0 0 0 1 1 
0 0 0 0 0 0 0 0 0 0 0 1 0 1 
0 0 0 0 1 0 1 1 0 0 0 0 0 0 
0 1 0 1 0 0 1 1 0 1 0 0 1 1 
0 0 0 0 1 0 0 0 1 0 0 0 0 0 
0 1 0 1 0 0 0 0 0 0 0 0 0 0 
0 0 0 0 0 0 0 0 1 1 1 0 1 0 
1 0 0 0 0 0 0 0 0 1 0 1 1 0 
0 0 1 0 1 1 0 0 0 1 1 0 0 0 
1 0 1 1 0 0 0 0 0 0 0 0 0 0 
1 1 0 0 0 0 0 0 0 0 0 0 0 0 
0 1 1 0 0 1 1 0 0 0 0 0 1 1 

JOBS [14] - [10, 3, 13, 6, 8, 12, 9, 0, 14, 2, 5, 4, 7, 11]
TOOL SWITCHES : 10
MAKESPAN : 114

# -------------------------- #

--- TOTAL TOOL SWITCHES : 10
--- HIGHEST MAKESPAN : 114
--- TOTAL FLOWTIME : 869
--- RUNNING TIME : 0.906961

# -------------------------- #
RUN : 1 - instancias_txt/SSP-NPM-I/ins74_m=2_j=15_t=15_var=14.txt

- MACHINE [0]

1 1 
0 0 
1 0 
0 0 
0 0 
0 1 
0 0 
0 0 
1 1 
0 0 
0 0 
0 0 
0 0 
1 1 
0 0 

JOBS [2] - [8, 12]
TOOL SWITCHES : 0
MAKESPAN : 14

- MACHINE [1]

1 1 1 1 1 0 0 0 0 0 0 0 0 
0 0 0 0 0 1 1 0 0 1 0 1 0 
0 0 0 0 0 0 0 0 0 0 0 0 0 
0 1 0 1 1 0 0 0 0 0 0 0 0 
1 1 0 0 1 0 0 0 0 0 0 1 1 
0 0 0 0 0 0 0 1 1 0 1 0 0 
0 0 0 0 0 0 0 0 1 1 1 0 0 
0 0 0 0 0 1 1 1 0 1 0 1 1 
0 0 1 0 0 1 0 0 1 1 0 0 1 
0 0 0 1 0 0 1 0 0 0 0 0 0 
0 1 0 1 1 1 0 1 0 0 0 0 0 
1 1 1 0 0 0 0 1 1 0 0 1 1 
1 0 0 0 0 0 0 0 0 0 1 1 1 
0 0 0 0 0 0 0 0 0 0 0 0 0 
0 0 0 0 0 0 1 1 1 0 0 0 0 

JOBS [13] - [4, 3, 14, 11, 2, 13, 7, 10, 5, 9, 6, 0, 1]
TOOL SWITCHES : 8
MAKESPAN : 96

# -------------------------- #

--- TOTAL TOOL SWITCHES : 8
--- HIGHEST MAKESPAN : 96
--- TOTAL FLOWTIME : 749
--- RUNNING TIME : 0.784479

# -------------------------- #
RUN : 1 - instancias_txt/SSP-NPM-I/ins75_m=2_j=15_t=15_var=15.txt

- MACHINE [0]

1 
1 
0 
0 
0 
0 
1 
0 
0 
1 
0 
0 
0 
0 
0 

JOBS [1] - [9]
TOOL SWITCHES : 0
MAKESPAN : 8

- MACHINE [1]

0 0 1 0 1 1 0 1 0 0 0 1 0 1 
1 0 0 0 1 0 0 0 0 0 0 0 0 0 
0 0 0 1 0 0 1 0 0 0 1 0 1 0 
0 0 0 0 1 0 1 1 1 1 0 0 0 0 
0 0 0 0 0 0 0 0 0 0 1 1 0 0 
0 1 0 0 0 0 0 0 0 0 0 0 0 0 
1 1 0 0 0 0 0 0 0 0 0 0 0 0 
0 0 1 1 1 1 0 0 0 1 0 1 0 0 
0 0 0 0 0 1 1 1 1 1 1 0 1 0 
0 0 0 0 0 0 0 0 0 0 0 0 1 1 
0 0 0 0 0 0 0 0 1 0 1 1 0 1 
1 1 1 1 0 0 0 0 0 0 0 0 0 0 
0 1 0 1 0 0 1 0 1 0 0 0 0 1 
1 0 0 0 0 1 0 1 0 0 0 0 0 0 
0 0 0 0 0 0 0 0 0 0 0 0 0 0 

JOBS [14] - [3, 1, 7, 8, 6, 0, 11, 13, 10, 2, 14, 5, 4, 12]
TOOL SWITCHES : 7
MAKESPAN : 105

# -------------------------- #

--- TOTAL TOOL SWITCHES : 7
--- HIGHEST MAKESPAN : 105
--- TOTAL FLOWTIME : 835
--- RUNNING TIME : 0.844864

# -------------------------- #
RUN : 1 - instancias_txt/SSP-NPM-I/ins76_m=2_j=15_t=15_var=16.txt

- MACHINE [0]

0 0 
1 0 
0 0 
0 0 
0 0 
1 1 
0 0 
0 0 
0 1 
1 1 
1 1 
0 0 
0 0 
0 0 
0 0 

JOBS [2] - [1, 5]
TOOL SWITCHES : 0
MAKESPAN : 11

- MACHINE [1]

1 1 0 1 0 0 0 0 0 0 0 0 0 
0 0 0 0 0 0 0 0 0 0 1 1 1 
0 0 0 0 0 1 1 0 1 0 0 0 0 
0 1 0 1 0 0 0 0 0 0 0 1 0 
0 0 0 0 0 0 0 0 0 0 0 0 0 
0 0 0 0 0 0 0 0 0 1 0 0 0 
0 0 0 1 0 0 0 1 1 0 0 0 0 
0 0 0 0 1 1 1 0 1 1 1 1 1 
0 0 0 0 0 0 0 0 0 1 0 0 1 
1 0 0 1 1 0 1 0 0 0 0 0 1 
1 0 1 0 0 0 0 0 0 0 0 0 0 
0 0 0 0 0 0 0 1 1 1 0 1 0 
1 1 1 0 1 0 0 0 0 0 0 0 0 
0 0 1 0 1 1 0 0 0 0 0 0 0 
0 1 1 0 0 1 0 1 0 1 1 1 0 

JOBS [13] - [6, 9, 2, 7, 4, 10, 3, 0, 13, 12, 8, 14, 11]
TOOL SWITCHES : 7
MAKESPAN : 81

# -------------------------- #

--- TOTAL TOOL SWITCHES : 7
--- HIGHEST MAKESPAN : 81
--- TOTAL FLOWTIME : 552
--- RUNNING TIME : 0.837496

# -------------------------- #
RUN : 1 - instancias_txt/SSP-NPM-I/ins77_m=2_j=15_t=15_var=17.txt

- MACHINE [0]

0 0 
0 0 
0 0 
0 0 
1 1 
0 0 
1 1 
1 0 
0 0 
0 0 
0 0 
0 1 
0 0 
0 1 
0 0 

JOBS [2] - [3, 1]
TOOL SWITCHES : 0
MAKESPAN : 12

- MACHINE [1]

0 0 1 1 0 0 1 1 0 0 0 0 0 
0 0 0 0 1 1 1 0 1 0 0 0 1 
0 0 0 0 0 0 0 0 0 1 0 1 1 
0 0 1 1 0 0 0 0 0 0 0 0 1 
1 0 1 1 1 0 1 0 0 0 0 0 0 
0 0 1 0 1 0 0 1 1 1 0 0 0 
0 0 0 0 0 0 0 0 0 0 0 0 0 
1 0 0 0 0 0 0 0 1 1 0 0 0 
1 1 0 0 1 1 0 0 1 0 0 0 0 
1 1 1 0 0 1 0 0 0 0 0 1 0 
0 0 0 0 0 0 0 1 0 1 1 1 0 
0 0 0 0 0 0 1 1 0 0 0 0 0 
0 0 0 0 0 0 0 0 1 0 1 1 1 
0 1 0 0 0 0 0 0 0 0 1 1 1 
0 0 0 1 0 1 1 0 0 0 1 0 0 

JOBS [13] - [5, 0, 6, 12, 9, 13, 7, 2, 4, 8, 11, 10, 14]
TOOL SWITCHES : 11
MAKESPAN : 103

# -------------------------- #

--- TOTAL TOOL SWITCHES : 11
--- HIGHEST MAKESPAN : 103
--- TOTAL FLOWTIME : 744
--- RUNNING TIME : 0.795841

# -------------------------- #
RUN : 1 - instancias_txt/SSP-NPM-I/ins78_m=2_j=15_t=15_var=18.txt

- MACHINE [0]

0 
0 
0 
0 
0 
1 
0 
1 
0 
0 
0 
1 
0 
1 
1 

JOBS [1] - [14]
TOOL SWITCHES : 0
MAKESPAN : 1

- MACHINE [1]

1 1 0 1 1 0 0 0 1 1 0 0 0 0 
1 0 1 0 1 0 0 0 0 0 0 0 0 0 
1 0 0 1 0 0 0 0 0 1 0 1 0 0 
0 0 0 0 0 1 1 1 0 0 1 0 0 1 
0 0 0 0 0 0 0 0 0 0 0 0 0 0 
0 0 1 0 0 1 0 0 1 1 1 0 0 0 
0 0 0 0 0 0 0 0 0 0 0 0 1 0 
0 0 0 0 1 0 0 0 1 0 1 1 0 0 
0 0 1 1 1 1 1 0 0 0 0 0 0 0 
0 0 0 0 0 0 0 0 1 1 0 1 1 1 
0 1 1 1 0 0 0 1 1 0 0 0 0 0 
1 1 0 0 0 0 1 1 0 0 0 0 0 0 
0 0 0 0 0 0 0 0 0 0 0 1 1 1 
0 0 0 0 0 0 0 0 0 0 0 1 1 0 
0 0 0 0 1 1 1 0 0 0 0 0 0 1 

JOBS [14] - [8, 4, 7, 11, 9, 12, 13, 0, 10, 5, 3, 6, 1, 2]
TOOL SWITCHES : 9
MAKESPAN : 103

# -------------------------- #

--- TOTAL TOOL SWITCHES : 9
--- HIGHEST MAKESPAN : 103
--- TOTAL FLOWTIME : 751
--- RUNNING TIME : 0.932488

# -------------------------- #
RUN : 1 - instancias_txt/SSP-NPM-I/ins79_m=2_j=15_t=15_var=19.txt

- MACHINE [0]

0 
0 
0 
1 
0 
1 
0 
1 
0 
0 
0 
1 
0 
0 
1 

JOBS [1] - [9]
TOOL SWITCHES : 0
MAKESPAN : 9

- MACHINE [1]

0 0 0 1 0 0 0 0 0 0 0 1 1 0 
0 0 0 0 1 0 1 0 0 1 0 0 1 0 
1 1 1 0 0 0 0 0 0 0 0 0 0 0 
0 0 1 0 0 0 1 1 1 0 0 0 0 0 
0 0 0 1 1 0 1 0 0 0 1 1 0 0 
0 0 0 0 0 0 0 0 0 0 0 0 1 1 
0 0 0 1 0 1 1 1 0 0 0 0 1 0 
0 0 0 0 0 1 0 0 0 1 0 1 0 1 
1 1 0 0 1 0 0 0 1 0 1 1 0 0 
0 0 0 0 0 0 0 0 1 0 0 1 0 1 
0 0 0 1 1 1 0 0 0 0 0 0 0 0 
0 1 0 1 0 0 0 0 0 0 0 0 0 0 
0 0 0 0 0 0 0 0 0 1 1 0 1 0 
1 1 1 0 0 0 0 0 0 1 0 0 0 0 
1 0 1 0 0 1 0 1 1 0 0 0 0 0 

JOBS [14] - [14, 6, 12, 5, 0, 11, 4, 1, 8, 3, 7, 2, 10, 13]
TOOL SWITCHES : 12
MAKESPAN : 115

# -------------------------- #

--- TOTAL TOOL SWITCHES : 12
--- HIGHEST MAKESPAN : 115
--- TOTAL FLOWTIME : 776
--- RUNNING TIME : 1.05225

# -------------------------- #
RUN : 1 - instancias_txt/SSP-NPM-I/ins80_m=2_j=15_t=15_var=20.txt

- MACHINE [0]

0 
1 
0 
1 
0 
0 
0 
0 
1 
0 
1 
0 
0 
0 
0 

JOBS [1] - [8]
TOOL SWITCHES : 0
MAKESPAN : 4

- MACHINE [1]

1 0 1 0 1 0 1 0 0 0 0 0 0 0 
0 0 0 0 0 0 0 0 0 0 1 0 0 1 
0 1 1 0 0 0 1 0 0 1 0 0 0 0 
1 1 0 0 0 0 0 0 0 0 0 0 0 0 
0 0 0 0 1 0 1 1 0 0 0 0 0 0 
1 0 0 1 1 1 0 1 1 0 1 0 0 0 
1 0 1 1 0 0 0 1 1 0 1 0 0 0 
0 0 0 0 0 0 0 1 0 1 0 0 1 0 
0 0 0 0 0 0 0 0 1 1 0 0 0 0 
0 0 0 0 0 0 0 0 0 0 0 0 1 0 
0 0 0 0 0 1 0 0 1 1 0 0 1 0 
0 0 0 0 1 0 0 0 0 0 1 1 1 1 
0 0 0 0 0 0 1 1 0 1 1 1 0 0 
0 1 0 0 1 1 0 0 0 0 0 0 0 0 
1 0 1 1 0 0 0 0 0 0 0 1 1 1 

JOBS [14] - [0, 2, 3, 5, 13, 9, 11, 10, 14, 12, 7, 6, 1, 4]
TOOL SWITCHES : 10
MAKESPAN : 119

# -------------------------- #

--- TOTAL TOOL SWITCHES : 10
--- HIGHEST MAKESPAN : 119
--- TOTAL FLOWTIME : 889
--- RUNNING TIME : 0.849038

# -------------------------- #


avg : 9.45
