RUN : 1 - instancias_txt/SSP-NPM-I/ins61_m=2_j=15_t=15_var=1.txt

- MACHINE [0]

1 
0 
0 
0 
0 
1 
1 
0 
0 
0 
1 
0 
0 
0 
1 

JOBS [1] - [12]
TOOL SWITCHES : 0
MAKESPAN : 7

- MACHINE [1]

0 0 1 0 0 0 1 0 1 0 1 1 0 0 
0 0 0 1 1 1 1 1 1 1 1 0 0 0 
0 0 0 0 0 0 0 0 0 0 1 1 1 1 
1 0 0 1 0 0 1 1 1 0 0 1 1 0 
0 0 0 0 1 1 0 0 0 0 0 0 0 0 
0 0 0 0 0 0 0 0 0 0 0 0 1 1 
0 0 1 0 0 0 0 0 0 0 0 0 0 0 
0 0 0 0 0 1 0 0 0 1 1 0 1 0 
0 0 0 0 0 0 0 0 1 1 0 0 0 0 
1 1 1 0 1 1 1 0 0 0 0 0 0 0 
0 0 0 0 0 0 1 1 0 0 0 0 1 0 
0 1 0 0 0 0 0 1 1 1 1 0 0 1 
1 1 1 1 1 0 0 0 0 0 0 0 0 0 
0 0 0 1 0 0 0 0 0 0 0 0 0 0 
1 0 1 0 1 0 0 0 0 0 1 1 0 0 

JOBS [14] - [13, 3, 1, 8, 7, 4, 6, 2, 11, 9, 10, 14, 0, 5]
TOOL SWITCHES : 10
MAKESPAN : 118

# -------------------------- #

--- TOTAL TOOL SWITCHES : 10
--- HIGHEST MAKESPAN : 118
--- TOTAL FLOWTIME : 917
--- RUNNING TIME : 0.852847

# -------------------------- #
RUN : 1 - instancias_txt/SSP-NPM-I/ins62_m=2_j=15_t=15_var=2.txt

- MACHINE [0]

1 
1 
0 
0 
0 
1 
1 
1 
0 
0 
0 
0 
0 
0 
0 

JOBS [1] - [2]
TOOL SWITCHES : 0
MAKESPAN : 6

- MACHINE [1]

0 0 0 0 0 0 0 0 0 1 0 0 0 1 
0 0 0 0 0 0 0 0 0 0 1 0 0 0 
0 0 1 0 0 1 1 0 0 0 1 1 0 0 
1 0 0 0 0 0 0 0 1 0 0 1 0 0 
0 0 0 0 0 0 0 0 0 0 0 1 1 1 
1 1 1 1 0 0 0 0 0 0 0 0 0 0 
0 1 0 0 1 0 0 0 0 0 0 0 0 0 
0 0 0 0 0 0 0 0 0 0 0 0 1 1 
0 0 0 1 1 1 0 1 0 0 0 0 0 1 
0 1 1 0 0 0 0 0 0 0 0 0 0 1 
1 0 1 1 1 1 0 1 1 1 0 1 0 0 
0 1 1 1 1 0 1 1 0 0 0 0 0 0 
0 0 0 0 0 0 0 1 1 1 0 0 0 0 
0 0 0 0 1 1 1 1 0 0 1 0 1 0 
1 1 0 0 0 0 0 0 1 0 0 0 0 0 

JOBS [14] - [13, 0, 1, 10, 6, 3, 14, 4, 8, 5, 11, 9, 12, 7]
TOOL SWITCHES : 10
MAKESPAN : 126

# -------------------------- #

--- TOTAL TOOL SWITCHES : 10
--- HIGHEST MAKESPAN : 126
--- TOTAL FLOWTIME : 861
--- RUNNING TIME : 1.01984

# -------------------------- #
RUN : 1 - instancias_txt/SSP-NPM-I/ins63_m=2_j=15_t=15_var=3.txt

- MACHINE [0]

0 0 
1 1 
0 0 
0 0 
0 0 
0 0 
0 0 
0 0 
0 1 
0 0 
1 1 
1 1 
0 0 
1 0 
0 0 

JOBS [2] - [12, 1]
TOOL SWITCHES : 0
MAKESPAN : 11

- MACHINE [1]

0 0 0 0 0 0 0 0 1 0 0 1 1 
1 0 1 0 0 0 0 0 1 0 1 1 0 
0 0 0 0 0 0 0 1 1 0 1 1 1 
0 0 0 1 0 0 0 0 0 0 0 0 0 
0 0 0 0 0 1 1 0 1 0 0 0 0 
0 0 0 1 0 1 1 0 0 1 0 0 0 
0 1 1 0 0 0 1 0 0 0 0 0 1 
0 0 1 0 0 1 0 1 0 0 0 0 0 
1 1 0 0 0 0 0 0 0 0 0 0 0 
0 1 0 0 0 0 0 1 0 0 0 0 0 
0 0 1 1 1 0 0 0 0 0 0 0 0 
0 0 0 0 1 1 0 0 0 0 0 0 0 
1 1 0 1 0 0 0 0 0 0 0 0 0 
0 0 0 0 0 0 0 0 0 1 1 0 1 
0 0 0 0 1 0 1 1 0 1 0 1 0 

JOBS [13] - [8, 2, 11, 4, 13, 9, 0, 3, 6, 10, 7, 5, 14]
TOOL SWITCHES : 9
MAKESPAN : 89

# -------------------------- #

--- TOTAL TOOL SWITCHES : 9
--- HIGHEST MAKESPAN : 89
--- TOTAL FLOWTIME : 663
--- RUNNING TIME : 0.871207

# -------------------------- #
RUN : 1 - instancias_txt/SSP-NPM-I/ins64_m=2_j=15_t=15_var=4.txt

- MACHINE [0]

0 
0 
1 
0 
0 
0 
0 
0 
1 
0 
0 
0 
1 
1 
1 

JOBS [1] - [1]
TOOL SWITCHES : 0
MAKESPAN : 6

- MACHINE [1]

0 1 0 0 0 0 0 0 0 0 1 0 0 1 
1 1 0 0 0 1 1 1 0 1 0 0 0 0 
1 0 1 0 0 0 0 0 0 0 0 0 0 0 
0 0 0 0 1 1 0 0 1 0 1 0 0 0 
1 1 0 0 1 0 1 1 1 1 0 1 1 0 
0 0 1 1 0 1 0 0 0 0 0 0 0 0 
0 0 0 0 0 0 0 0 1 1 1 0 1 0 
0 1 0 1 0 0 0 0 0 0 0 0 0 0 
0 0 0 0 0 0 0 1 0 1 1 1 0 0 
0 1 1 0 0 1 1 0 0 0 0 0 0 0 
0 0 0 0 0 0 1 0 0 0 0 1 0 1 
0 0 0 1 0 0 0 0 0 0 0 1 1 0 
0 0 0 0 1 0 0 0 0 0 0 0 0 0 
1 0 1 0 1 0 0 0 1 0 1 1 0 1 
0 0 0 0 0 1 0 1 0 0 0 0 1 1 

JOBS [14] - [2, 11, 10, 14, 5, 6, 13, 8, 3, 7, 12, 9, 4, 0]
TOOL SWITCHES : 11
MAKESPAN : 120

# -------------------------- #

--- TOTAL TOOL SWITCHES : 11
--- HIGHEST MAKESPAN : 120
--- TOTAL FLOWTIME : 892
--- RUNNING TIME : 0.926401

# -------------------------- #
RUN : 1 - instancias_txt/SSP-NPM-I/ins65_m=2_j=15_t=15_var=5.txt

- MACHINE [0]

0 0 
0 0 
0 0 
0 0 
0 0 
0 0 
1 0 
0 0 
0 0 
1 1 
1 1 
0 0 
1 1 
0 1 
0 0 

JOBS [2] - [10, 9]
TOOL SWITCHES : 0
MAKESPAN : 6

- MACHINE [1]

1 0 0 1 1 1 1 0 0 0 0 0 0 
1 0 0 0 0 0 1 0 0 0 1 1 1 
0 0 0 0 1 0 1 1 1 0 0 0 0 
0 1 0 0 0 0 0 0 0 0 0 0 0 
0 0 0 0 0 0 0 0 0 1 0 1 1 
0 0 1 1 0 0 1 1 1 0 0 0 0 
0 0 1 0 0 0 0 0 0 0 0 0 0 
0 0 0 0 0 0 0 1 0 0 0 0 0 
0 0 0 0 0 1 0 0 0 1 1 0 0 
0 0 0 0 0 0 0 0 0 1 0 0 0 
0 0 0 0 0 0 1 0 1 0 1 1 0 
0 0 0 0 0 0 0 0 1 0 0 0 1 
0 1 1 0 0 1 0 0 0 1 0 1 1 
1 1 0 1 1 0 0 0 0 0 0 0 0 
0 1 1 0 1 1 0 0 0 0 0 0 0 

JOBS [13] - [12, 13, 5, 3, 0, 7, 4, 6, 8, 1, 11, 2, 14]
TOOL SWITCHES : 8
MAKESPAN : 105

# -------------------------- #

--- TOTAL TOOL SWITCHES : 8
--- HIGHEST MAKESPAN : 105
--- TOTAL FLOWTIME : 792
--- RUNNING TIME : 0.747407

# -------------------------- #
RUN : 1 - instancias_txt/SSP-NPM-I/ins66_m=2_j=15_t=15_var=6.txt

- MACHINE [0]

0 
0 
0 
0 
0 
1 
1 
0 
0 
1 
0 
0 
1 
1 
0 

JOBS [1] - [2]
TOOL SWITCHES : 0
MAKESPAN : 6

- MACHINE [1]

0 0 0 0 0 0 1 1 0 0 1 1 1 0 
0 1 0 0 1 1 0 0 0 0 0 0 0 0 
0 0 0 1 1 0 1 0 1 1 0 0 1 0 
0 0 1 1 0 0 0 0 0 0 0 0 0 0 
0 0 0 0 0 0 0 0 0 0 0 0 0 1 
0 0 0 0 1 0 0 1 0 1 0 0 0 1 
1 1 0 0 0 0 0 0 0 0 0 1 1 0 
0 1 1 0 0 1 0 0 1 1 1 0 0 0 
1 0 1 0 0 1 0 0 0 0 1 0 0 1 
1 0 1 0 1 0 0 0 0 0 0 0 0 0 
0 0 0 0 0 0 0 1 0 0 0 1 0 0 
0 0 0 0 0 0 0 0 0 0 0 0 1 0 
0 0 0 0 0 0 0 0 0 1 1 0 0 1 
1 1 1 0 0 0 0 0 0 0 0 0 0 0 
0 1 1 1 0 0 1 1 1 0 0 0 0 0 

JOBS [14] - [12, 3, 14, 9, 1, 13, 5, 11, 6, 8, 4, 0, 7, 10]
TOOL SWITCHES : 9
MAKESPAN : 110

# -------------------------- #

--- TOTAL TOOL SWITCHES : 9
--- HIGHEST MAKESPAN : 110
--- TOTAL FLOWTIME : 883
--- RUNNING TIME : 0.884902

# -------------------------- #
RUN : 1 - instancias_txt/SSP-NPM-I/ins67_m=2_j=15_t=15_var=7.txt

- MACHINE [0]

0 0 
0 0 
0 1 
0 0 
1 1 
1 1 
0 0 
0 0 
0 0 
0 0 
0 0 
1 0 
1 0 
0 0 
0 0 

JOBS [2] - [3, 2]
TOOL SWITCHES : 0
MAKESPAN : 15

- MACHINE [1]

0 1 0 0 1 0 0 0 0 0 1 0 0 
0 0 1 1 0 1 1 1 0 0 0 0 0 
0 1 1 0 0 0 0 0 0 0 0 0 0 
0 0 0 0 0 0 0 0 1 0 1 0 0 
0 1 0 1 1 1 1 0 0 0 0 0 0 
1 0 0 0 0 0 0 0 0 0 0 0 0 
1 1 0 0 0 0 0 0 0 1 1 1 0 
0 0 0 1 0 0 1 0 0 1 0 1 0 
0 0 0 0 0 0 0 1 0 0 1 1 1 
0 0 0 0 0 1 0 1 1 0 0 0 0 
0 0 1 0 1 0 0 0 0 1 1 0 1 
0 0 0 0 0 0 0 0 1 1 0 0 0 
1 0 1 0 0 1 1 0 1 0 0 0 0 
1 0 1 1 0 1 1 1 0 0 0 0 0 
1 1 0 0 0 0 0 0 0 1 0 1 1 

JOBS [13] - [8, 1, 13, 0, 6, 9, 7, 4, 5, 11, 12, 10, 14]
TOOL SWITCHES : 11
MAKESPAN : 123

# -------------------------- #

--- TOTAL TOOL SWITCHES : 11
--- HIGHEST MAKESPAN : 123
--- TOTAL FLOWTIME : 919
--- RUNNING TIME : 0.869863

# -------------------------- #
RUN : 1 - instancias_txt/SSP-NPM-I/ins68_m=2_j=15_t=15_var=8.txt

- MACHINE [0]

0 
1 
1 
0 
0 
0 
1 
1 
0 
0 
1 
0 
0 
0 
0 

JOBS [1] - [6]
TOOL SWITCHES : 0
MAKESPAN : 1

- MACHINE [1]

0 0 0 0 0 1 0 0 1 0 0 0 1 0 
1 0 0 0 0 0 0 0 0 0 0 1 1 0 
0 1 1 0 0 0 0 1 0 1 0 0 0 0 
0 0 0 0 0 0 1 0 1 1 1 0 0 1 
0 0 1 1 1 0 1 1 0 0 0 0 0 0 
0 0 0 0 0 0 0 1 0 0 0 0 1 0 
0 0 0 1 0 0 1 0 1 0 1 0 0 0 
0 0 0 1 1 1 0 0 0 0 0 0 0 0 
0 0 0 0 0 0 0 0 0 1 1 1 0 0 
0 0 0 0 0 0 0 0 0 0 1 1 0 0 
1 1 0 0 0 0 0 0 0 0 0 0 1 1 
0 0 0 0 1 1 1 1 0 0 0 1 1 1 
1 0 1 0 0 0 0 0 0 0 0 0 0 0 
1 1 1 1 1 0 0 0 0 0 0 0 0 0 
1 1 0 0 1 1 1 0 0 0 0 0 0 0 

JOBS [14] - [13, 14, 7, 3, 0, 12, 2, 10, 9, 11, 8, 1, 4, 5]
TOOL SWITCHES : 10
MAKESPAN : 122

# -------------------------- #

--- TOTAL TOOL SWITCHES : 10
--- HIGHEST MAKESPAN : 122
--- TOTAL FLOWTIME : 934
--- RUNNING TIME : 0.912253

# -------------------------- #
RUN : 1 - instancias_txt/SSP-NPM-I/ins69_m=2_j=15_t=15_var=9.txt

- MACHINE [0]

1 
0 
0 
0 
1 
0 
0 
1 
0 
0 
0 
0 
0 
1 
0 

JOBS [1] - [13]
TOOL SWITCHES : 0
MAKESPAN : 4

- MACHINE [1]

1 0 1 0 0 1 0 0 0 1 1 0 0 0 
0 0 0 1 1 0 0 1 1 0 0 0 1 0 
1 0 1 0 1 0 0 0 0 1 1 1 1 0 
0 0 0 0 0 0 0 0 0 0 0 1 0 0 
0 0 0 0 0 0 0 0 1 0 1 0 0 1 
0 0 0 0 0 0 0 1 0 1 0 1 0 1 
1 0 1 0 0 0 0 0 0 0 0 0 0 0 
0 0 0 0 0 0 0 0 0 0 0 0 0 0 
0 0 0 1 1 0 0 0 0 0 0 0 0 0 
0 1 1 0 0 0 0 0 0 0 0 0 0 0 
0 0 0 0 0 1 1 1 0 0 0 0 0 0 
0 0 0 0 0 0 0 0 0 0 0 0 0 0 
1 1 0 1 0 1 0 0 1 0 1 0 1 1 
1 0 0 1 0 0 1 0 0 0 0 0 0 0 
0 1 0 1 1 1 1 0 1 0 0 1 1 0 

JOBS [14] - [12, 1, 14, 9, 6, 2, 3, 10, 0, 7, 11, 4, 8, 5]
TOOL SWITCHES : 6
MAKESPAN : 111

# -------------------------- #

--- TOTAL TOOL SWITCHES : 6
--- HIGHEST MAKESPAN : 111
--- TOTAL FLOWTIME : 794
--- RUNNING TIME : 0.840296

# -------------------------- #
RUN : 1 - instancias_txt/SSP-NPM-I/ins70_m=2_j=15_t=15_var=10.txt

- MACHINE [0]

0 
0 
1 
0 
0 
0 
0 
0 
1 
1 
0 
1 
0 
1 
0 

JOBS [1] - [12]
TOOL SWITCHES : 0
MAKESPAN : 3

- MACHINE [1]

0 0 0 0 0 0 0 0 0 0 0 1 1 0 
1 0 0 0 1 0 1 0 0 1 0 0 0 0 
1 1 0 0 0 0 0 0 0 0 0 0 0 0 
1 0 1 0 1 0 0 0 1 0 0 0 0 1 
0 1 0 0 1 1 0 0 1 0 0 1 1 0 
0 0 0 0 0 0 1 1 1 0 0 0 0 0 
0 1 1 1 0 0 0 0 0 0 0 0 1 1 
0 0 0 0 0 0 0 0 0 0 1 0 1 0 
0 0 0 0 0 0 0 0 0 1 1 1 0 1 
0 0 1 1 1 0 0 0 0 0 0 0 0 0 
1 0 0 0 0 0 0 0 0 0 0 1 0 1 
0 0 0 1 0 1 1 0 1 1 1 0 0 0 
0 1 0 0 0 0 0 0 0 0 0 0 0 0 
0 0 0 0 0 0 0 1 1 1 0 1 0 0 
1 0 1 0 0 1 0 1 0 0 1 0 0 0 

JOBS [14] - [13, 5, 7, 6, 10, 9, 4, 3, 1, 2, 11, 0, 8, 14]
TOOL SWITCHES : 10
MAKESPAN : 113

# -------------------------- #

--- TOTAL TOOL SWITCHES : 10
--- HIGHEST MAKESPAN : 113
--- TOTAL FLOWTIME : 792
--- RUNNING TIME : 0.902855

# -------------------------- #
RUN : 1 - instancias_txt/SSP-NPM-I/ins71_m=2_j=15_t=15_var=11.txt

- MACHINE [0]

0 1 
1 1 
0 1 
0 0 
0 0 
0 0 
0 0 
0 0 
0 0 
0 0 
1 1 
0 0 
0 0 
1 1 
0 0 

JOBS [2] - [3, 8]
TOOL SWITCHES : 0
MAKESPAN : 5

- MACHINE [1]

0 0 0 0 0 1 0 0 1 0 0 0 0 
0 1 1 0 0 0 0 0 0 0 0 0 0 
1 0 0 0 0 0 0 0 0 1 1 0 0 
0 0 0 0 0 0 1 1 1 0 1 0 0 
0 0 0 0 0 0 0 1 1 0 0 0 1 
0 0 1 1 0 0 0 0 0 0 1 1 1 
0 0 0 1 0 0 1 1 0 1 1 0 0 
0 0 0 1 1 0 1 1 0 1 0 1 0 
0 0 0 0 0 0 0 0 1 1 0 1 0 
0 1 0 1 1 0 0 0 0 0 0 0 0 
1 1 1 0 0 1 0 0 0 1 0 0 0 
1 1 1 1 1 1 1 0 0 0 0 0 0 
1 0 1 1 0 1 0 0 0 0 0 0 0 
0 0 0 0 1 1 1 1 0 0 0 0 0 
1 0 0 0 0 0 0 0 0 0 0 1 1 

JOBS [13] - [13, 10, 9, 5, 12, 6, 1, 11, 14, 2, 4, 7, 0]
TOOL SWITCHES : 11
MAKESPAN : 116

# -------------------------- #

--- TOTAL TOOL SWITCHES : 11
--- HIGHEST MAKESPAN : 116
--- TOTAL FLOWTIME : 820
--- RUNNING TIME : 0.785175

# -------------------------- #
RUN : 1 - instancias_txt/SSP-NPM-I/ins72_m=2_j=15_t=15_var=12.txt

- MACHINE [0]

0 0 
1 0 
0 0 
0 0 
0 1 
1 0 
0 0 
1 1 
0 0 
0 0 
0 0 
0 0 
0 0 
0 1 
0 0 

JOBS [2] - [5, 13]
TOOL SWITCHES : 0
MAKESPAN : 9

- MACHINE [1]

0 1 1 0 1 1 0 1 1 0 1 0 1 
0 0 0 0 0 0 0 0 1 0 0 1 0 
0 1 0 0 1 1 0 0 0 0 0 1 1 
1 1 0 1 0 1 1 1 0 0 0 0 0 
0 0 0 1 0 0 1 0 1 1 0 1 1 
0 0 0 0 0 0 1 1 0 1 1 1 0 
0 0 0 0 0 0 0 1 0 1 0 0 1 
0 0 0 0 0 0 0 0 0 0 0 0 0 
0 0 1 1 1 1 0 1 0 1 0 1 0 
0 0 0 0 0 0 0 0 0 0 0 0 1 
0 0 0 0 0 1 1 0 0 0 0 0 0 
1 0 0 0 1 0 1 0 1 0 0 0 0 
1 1 0 1 0 0 0 0 0 0 0 0 0 
1 0 0 0 0 0 0 0 0 0 0 0 0 
0 1 1 0 0 0 0 0 0 0 1 0 0 

JOBS [13] - [2, 9, 14, 8, 1, 3, 10, 6, 12, 11, 4, 7, 0]
TOOL SWITCHES : 9
MAKESPAN : 93

# -------------------------- #

--- TOTAL TOOL SWITCHES : 9
--- HIGHEST MAKESPAN : 93
--- TOTAL FLOWTIME : 635
--- RUNNING TIME : 0.704155

# -------------------------- #
RUN : 1 - instancias_txt/SSP-NPM-I/ins73_m=2_j=15_t=15_var=13.txt

- MACHINE [0]

0 
0 
0 
1 
1 
0 
0 
0 
0 
0 
0 
1 
0 
1 
0 

JOBS [1] - [1]
TOOL SWITCHES : 0
MAKESPAN : 4

- MACHINE [1]

0 1 0 0 1 1 0 1 1 1 0 1 0 0 
0 0 1 1 0 0 0 1 0 1 0 0 1 0 
0 0 1 1 1 0 0 1 0 0 0 0 0 0 
1 1 0 0 0 0 0 0 0 0 0 0 0 0 
0 1 1 0 0 0 0 0 0 0 0 0 0 0 
0 0 0 0 0 0 1 1 1 0 0 0 0 0 
1 1 0 0 0 1 0 1 1 0 0 1 0 1 
0 0 0 1 0 0 1 0 0 0 0 0 0 0 
0 0 0 0 0 0 0 0 0 0 0 1 0 1 
1 0 0 1 1 1 0 0 0 0 0 0 0 0 
1 0 1 0 0 1 0 0 0 0 0 0 1 0 
0 0 0 0 1 1 1 0 0 1 1 0 0 0 
0 0 0 0 0 0 0 0 0 0 1 1 1 0 
0 0 0 0 0 0 0 0 0 0 0 0 1 1 
1 1 0 0 0 0 0 0 1 1 1 0 0 1 

JOBS [14] - [7, 11, 4, 14, 5, 2, 8, 0, 9, 12, 13, 6, 10, 3]
TOOL SWITCHES : 10
MAKESPAN : 114

# -------------------------- #

--- TOTAL TOOL SWITCHES : 10
--- HIGHEST MAKESPAN : 114
--- TOTAL FLOWTIME : 788
--- RUNNING TIME : 0.977618

# -------------------------- #
RUN : 1 - instancias_txt/SSP-NPM-I/ins74_m=2_j=15_t=15_var=14.txt

- MACHINE [0]

1 1 
0 0 
0 1 
0 0 
0 0 
1 0 
0 0 
0 0 
1 1 
0 0 
0 0 
0 0 
0 0 
1 1 
0 0 

JOBS [2] - [12, 8]
TOOL SWITCHES : 0
MAKESPAN : 14

- MACHINE [1]

0 0 0 0 0 0 0 1 1 1 1 0 1 
0 0 0 1 1 1 0 0 0 0 0 1 0 
0 0 0 0 0 0 0 0 0 0 0 0 0 
0 0 0 0 0 0 0 0 1 1 1 0 0 
0 0 0 0 0 1 1 1 1 1 0 0 0 
1 1 1 0 0 0 0 0 0 0 0 0 0 
1 0 1 1 0 0 0 0 0 0 0 0 0 
0 1 0 1 1 1 1 0 0 0 0 1 0 
1 0 0 1 1 0 1 0 0 0 0 0 1 
0 0 0 0 0 0 0 0 0 0 1 1 0 
0 1 0 0 1 0 0 0 1 1 1 0 0 
1 1 0 0 0 1 1 1 1 0 0 0 1 
0 0 1 0 0 1 1 1 0 0 0 0 0 
0 0 0 0 0 0 0 0 0 0 0 0 0 
1 1 0 0 0 0 0 0 0 0 0 1 0 

JOBS [13] - [5, 10, 6, 9, 13, 0, 1, 4, 3, 2, 11, 7, 14]
TOOL SWITCHES : 8
MAKESPAN : 96

# -------------------------- #

--- TOTAL TOOL SWITCHES : 8
--- HIGHEST MAKESPAN : 96
--- TOTAL FLOWTIME : 613
--- RUNNING TIME : 0.819114

# -------------------------- #
RUN : 1 - instancias_txt/SSP-NPM-I/ins75_m=2_j=15_t=15_var=15.txt

- MACHINE [0]

0 0 
0 0 
0 1 
0 0 
0 0 
1 0 
1 0 
0 1 
0 0 
0 0 
0 0 
1 1 
1 1 
0 0 
0 0 

JOBS [2] - [1, 8]
TOOL SWITCHES : 1
MAKESPAN : 22

- MACHINE [1]

0 0 0 0 1 1 1 1 0 1 1 0 1 
0 0 0 0 0 0 0 0 0 1 1 1 0 
0 1 1 1 0 0 0 0 0 0 0 0 0 
1 0 0 1 0 0 0 1 1 1 0 0 0 
0 1 0 0 0 1 0 0 0 0 0 0 0 
0 0 0 0 0 0 0 0 0 0 0 0 0 
0 0 0 0 0 0 0 0 0 0 1 1 0 
0 0 0 0 0 1 1 0 1 1 0 0 1 
1 1 1 1 0 0 1 1 1 0 0 0 0 
0 0 1 0 1 0 0 0 0 0 1 0 0 
1 1 0 0 1 1 0 0 0 0 0 0 0 
0 0 0 0 0 0 0 0 0 0 0 1 1 
1 0 0 1 1 0 0 0 0 0 0 0 0 
0 0 0 0 0 0 1 1 0 0 0 1 0 
0 0 0 0 0 0 0 0 0 0 0 0 0 

JOBS [13] - [10, 14, 4, 11, 12, 5, 0, 13, 2, 6, 9, 3, 7]
TOOL SWITCHES : 6
MAKESPAN : 102

# -------------------------- #

--- TOTAL TOOL SWITCHES : 7
--- HIGHEST MAKESPAN : 102
--- TOTAL FLOWTIME : 663
--- RUNNING TIME : 0.812167

# -------------------------- #
RUN : 1 - instancias_txt/SSP-NPM-I/ins76_m=2_j=15_t=15_var=16.txt

- MACHINE [0]

0 0 
1 1 
0 0 
0 1 
0 0 
0 0 
0 0 
1 1 
0 0 
0 0 
0 0 
0 1 
0 0 
0 0 
1 1 

JOBS [2] - [8, 14]
TOOL SWITCHES : 0
MAKESPAN : 9

- MACHINE [1]

1 1 1 0 0 0 0 0 0 0 0 0 0 
0 0 0 0 0 0 0 0 0 0 0 1 1 
0 0 0 0 0 1 1 1 0 0 0 0 0 
0 1 1 0 0 0 0 0 0 0 0 0 0 
0 0 0 0 0 0 0 0 0 0 0 0 0 
0 0 0 0 0 0 0 0 0 1 1 1 0 
0 0 1 0 0 0 0 1 1 0 0 0 0 
0 0 0 1 0 1 1 1 0 1 0 0 1 
0 0 0 0 0 0 0 0 0 1 1 0 1 
1 0 1 1 0 0 1 0 0 0 1 1 1 
1 0 0 0 1 0 0 0 0 0 1 1 0 
0 0 0 0 0 0 0 1 1 1 0 0 0 
1 1 0 1 1 0 0 0 0 0 0 0 0 
0 0 0 1 1 1 0 0 0 0 0 0 0 
0 1 0 0 1 1 0 0 1 1 0 0 0 

JOBS [13] - [6, 9, 7, 4, 2, 10, 3, 13, 0, 12, 5, 1, 11]
TOOL SWITCHES : 7
MAKESPAN : 88

# -------------------------- #

--- TOTAL TOOL SWITCHES : 7
--- HIGHEST MAKESPAN : 88
--- TOTAL FLOWTIME : 592
--- RUNNING TIME : 0.804896

# -------------------------- #
RUN : 1 - instancias_txt/SSP-NPM-I/ins77_m=2_j=15_t=15_var=17.txt

- MACHINE [0]

0 
1 
1 
1 
0 
0 
0 
0 
0 
0 
0 
0 
1 
1 
0 

JOBS [1] - [14]
TOOL SWITCHES : 0
MAKESPAN : 8

- MACHINE [1]

0 0 0 0 0 0 0 0 0 0 1 1 1 1 
1 1 0 0 0 0 0 0 0 1 1 0 0 0 
0 0 1 0 0 1 0 0 0 0 0 0 0 0 
0 0 0 0 0 0 0 0 0 0 0 1 1 0 
1 0 0 1 1 0 1 0 0 0 1 1 1 0 
1 1 1 0 0 0 0 0 0 0 0 0 1 1 
0 0 0 0 1 0 1 0 0 0 0 0 0 0 
0 1 1 1 1 0 0 0 0 0 0 0 0 0 
1 1 0 1 0 0 0 0 1 1 0 0 0 0 
0 0 0 1 0 1 0 0 1 1 0 0 1 0 
0 0 1 0 0 1 0 1 0 0 0 0 0 1 
0 0 0 0 0 0 1 0 0 0 1 0 0 1 
0 1 0 0 0 1 0 1 0 0 0 0 0 0 
0 0 0 0 0 1 1 1 1 0 0 0 0 0 
0 0 0 0 0 0 0 1 0 1 1 1 0 0 

JOBS [14] - [9, 4, 8, 5, 3, 10, 1, 11, 0, 13, 7, 12, 6, 2]
TOOL SWITCHES : 11
MAKESPAN : 114

# -------------------------- #

--- TOTAL TOOL SWITCHES : 11
--- HIGHEST MAKESPAN : 114
--- TOTAL FLOWTIME : 761
--- RUNNING TIME : 0.878467

# -------------------------- #
RUN : 1 - instancias_txt/SSP-NPM-I/ins78_m=2_j=15_t=15_var=18.txt

- MACHINE [0]

1 
1 
0 
0 
0 
0 
0 
1 
1 
0 
0 
0 
0 
0 
1 

JOBS [1] - [9]
TOOL SWITCHES : 0
MAKESPAN : 6

- MACHINE [1]

0 0 0 0 0 0 0 0 1 1 1 1 0 1 
0 0 0 0 0 0 0 0 0 0 1 0 1 0 
1 0 0 0 0 0 0 0 0 1 1 1 0 0 
0 1 0 0 1 1 1 1 0 0 0 0 0 0 
0 0 0 0 0 0 0 0 0 0 0 0 0 0 
0 0 0 1 1 0 1 0 1 1 0 0 1 0 
0 0 1 0 0 0 0 0 0 0 0 0 0 0 
1 0 0 1 0 0 1 0 1 0 0 0 0 0 
0 0 0 0 1 1 0 0 0 0 0 1 1 0 
1 1 1 0 0 0 0 0 1 1 0 0 0 0 
0 0 0 0 0 0 0 1 1 0 0 1 1 1 
0 0 0 1 0 1 0 1 0 0 1 0 0 1 
1 1 1 0 0 0 0 0 0 0 0 0 0 0 
1 0 1 1 0 0 0 0 0 0 0 0 0 0 
0 1 0 1 1 1 0 0 0 0 0 0 0 0 

JOBS [14] - [6, 2, 1, 14, 12, 13, 3, 0, 10, 5, 8, 11, 7, 4]
TOOL SWITCHES : 8
MAKESPAN : 96

# -------------------------- #

--- TOTAL TOOL SWITCHES : 8
--- HIGHEST MAKESPAN : 96
--- TOTAL FLOWTIME : 732
--- RUNNING TIME : 0.914589

# -------------------------- #
RUN : 1 - instancias_txt/SSP-NPM-I/ins79_m=2_j=15_t=15_var=19.txt

- MACHINE [0]

1 
0 
0 
0 
1 
0 
0 
1 
1 
1 
0 
0 
0 
0 
0 

JOBS [1] - [2]
TOOL SWITCHES : 0
MAKESPAN : 10

- MACHINE [1]

0 0 0 0 0 0 0 0 1 0 1 0 0 0 
0 0 0 0 0 0 0 0 0 1 1 1 1 0 
0 1 1 1 0 0 0 0 0 0 0 0 0 0 
1 1 0 0 1 0 1 0 0 1 0 0 0 0 
0 0 0 0 0 0 0 0 1 1 0 0 1 1 
0 0 0 0 0 1 1 0 0 0 1 0 0 0 
1 0 0 0 0 0 0 1 1 1 1 0 0 0 
0 0 0 0 0 1 1 1 0 0 0 1 0 0 
0 0 1 1 1 0 0 0 0 0 0 0 1 1 
0 0 0 0 1 1 0 0 0 0 0 0 0 0 
0 0 0 0 0 0 0 1 1 0 0 0 1 0 
0 0 0 1 0 0 1 0 1 0 0 0 0 0 
0 0 0 0 0 0 0 0 0 0 1 1 0 1 
0 1 1 1 0 0 0 0 0 0 0 1 0 0 
1 1 1 0 1 0 1 1 0 0 0 0 0 0 

JOBS [14] - [1, 12, 14, 6, 8, 13, 9, 11, 5, 4, 10, 3, 0, 7]
TOOL SWITCHES : 11
MAKESPAN : 104

# -------------------------- #

--- TOTAL TOOL SWITCHES : 11
--- HIGHEST MAKESPAN : 104
--- TOTAL FLOWTIME : 698
--- RUNNING TIME : 0.900163

# -------------------------- #
RUN : 1 - instancias_txt/SSP-NPM-I/ins80_m=2_j=15_t=15_var=20.txt

- MACHINE [0]

0 
0 
0 
0 
0 
0 
0 
1 
0 
1 
1 
1 
0 
0 
1 

JOBS [1] - [1]
TOOL SWITCHES : 0
MAKESPAN : 3

- MACHINE [1]

0 0 1 1 0 0 0 0 1 0 1 0 0 0 
0 0 0 0 0 0 1 0 0 1 0 1 0 0 
0 1 0 1 0 1 0 0 0 0 1 0 0 0 
0 1 0 0 0 0 1 0 1 0 0 0 0 0 
0 0 1 1 1 0 0 0 0 0 0 0 0 0 
1 0 1 0 1 0 0 1 1 0 0 1 0 1 
0 0 0 0 1 0 0 1 1 0 1 1 0 1 
0 0 0 0 1 1 0 0 0 0 0 0 0 0 
0 0 0 0 0 1 1 1 0 0 0 0 0 0 
0 0 0 0 0 0 0 0 0 0 0 0 0 0 
1 0 0 0 0 1 1 1 0 0 0 0 0 0 
0 0 1 0 0 0 0 0 0 1 0 1 1 0 
0 0 0 1 1 1 0 0 0 0 0 1 1 0 
1 1 1 0 0 0 0 0 0 0 0 0 0 0 
0 0 0 0 0 0 0 0 1 1 1 0 1 1 

JOBS [14] - [9, 2, 13, 11, 10, 12, 8, 14, 0, 4, 3, 7, 6, 5]
TOOL SWITCHES : 11
MAKESPAN : 126

# -------------------------- #

--- TOTAL TOOL SWITCHES : 11
--- HIGHEST MAKESPAN : 126
--- TOTAL FLOWTIME : 969
--- RUNNING TIME : 0.999135

# -------------------------- #


avg : 9.35
