RUN : 1 - instancias_txt/SSP-NPM-I/ins61_m=2_j=15_t=15_var=1.txt

- MACHINE [0]

0 0 
0 0 
1 1 
0 1 
0 0 
1 1 
0 0 
0 1 
0 0 
0 0 
0 1 
1 0 
0 0 
0 0 
0 0 

JOBS [2] - [5, 0]
TOOL SWITCHES : 1
MAKESPAN : 12

- MACHINE [1]

1 1 1 0 0 0 0 0 0 1 1 0 1 
0 0 1 1 1 0 0 1 1 0 1 1 1 
0 0 0 0 0 0 0 0 0 1 1 0 0 
0 0 1 1 1 0 1 0 0 1 0 0 1 
0 0 0 0 0 0 0 1 1 0 0 0 0 
1 0 0 0 0 0 0 0 0 0 0 0 0 
1 1 0 0 0 0 0 0 0 0 0 0 0 
0 0 0 0 0 0 0 0 1 0 1 1 0 
0 0 0 0 0 0 0 0 0 0 0 1 1 
0 1 1 0 0 1 1 1 1 0 0 0 0 
1 0 1 0 1 0 0 0 0 0 0 0 0 
0 0 0 0 1 1 0 0 0 0 1 1 1 
0 1 0 1 0 1 1 1 0 0 0 0 0 
0 0 0 1 0 0 0 0 0 0 0 0 0 
1 1 0 0 0 0 1 1 0 1 1 0 0 

JOBS [13] - [12, 1, 6, 8, 2, 3, 13, 7, 4, 14, 10, 9, 11]
TOOL SWITCHES : 9
MAKESPAN : 119

# -------------------------- #

--- TOTAL TOOL SWITCHES : 10
--- HIGHEST MAKESPAN : 119
--- TOTAL FLOWTIME : 883
--- RUNNING TIME : 3.20681

# -------------------------- #
RUN : 1 - instancias_txt/SSP-NPM-I/ins62_m=2_j=15_t=15_var=2.txt

- MACHINE [0]

0 0 0 0 0 0 0 0 
1 0 0 0 0 0 0 0 
1 1 1 0 1 1 0 0 
0 0 0 0 0 1 1 1 
0 0 0 0 0 1 0 0 
0 0 0 1 1 0 1 0 
0 0 0 0 0 0 0 0 
0 0 0 0 0 0 0 0 
0 1 0 1 0 0 0 0 
0 0 0 0 1 0 0 0 
0 1 0 1 1 1 1 1 
0 0 1 1 1 0 0 0 
0 0 0 0 0 0 0 1 
1 1 1 0 0 0 0 0 
0 0 0 0 0 0 1 1 

JOBS [8] - [11, 3, 14, 10, 1, 9, 13, 8]
TOOL SWITCHES : 7
MAKESPAN : 62

- MACHINE [1]

0 1 1 0 1 0 0 
0 1 0 0 0 0 0 
0 0 0 0 0 0 0 
0 0 0 0 0 0 0 
0 0 1 1 0 0 0 
1 1 0 0 0 0 0 
1 1 0 0 0 0 1 
0 1 1 1 0 0 0 
0 0 1 0 0 1 1 
1 0 1 0 0 0 0 
0 0 0 0 1 1 1 
1 0 0 0 0 1 1 
0 0 0 0 1 1 0 
0 0 0 1 0 1 1 
1 0 0 0 0 0 0 

JOBS [7] - [0, 2, 7, 12, 5, 4, 6]
TOOL SWITCHES : 6
MAKESPAN : 67

# -------------------------- #

--- TOTAL TOOL SWITCHES : 13
--- HIGHEST MAKESPAN : 67
--- TOTAL FLOWTIME : 509
--- RUNNING TIME : 1.47262

# -------------------------- #
RUN : 1 - instancias_txt/SSP-NPM-I/ins63_m=2_j=15_t=15_var=3.txt

- MACHINE [0]

0 
0 
0 
1 
0 
1 
0 
0 
0 
0 
1 
0 
1 
0 
0 

JOBS [1] - [4]
TOOL SWITCHES : 0
MAKESPAN : 8

- MACHINE [1]

0 0 0 0 0 0 0 1 0 0 1 1 0 0 
1 1 0 0 0 1 0 1 0 1 0 1 1 0 
0 0 0 0 0 0 0 1 1 1 1 1 0 0 
0 0 0 0 0 0 0 0 0 0 0 0 0 0 
0 0 0 0 1 0 1 1 0 0 0 0 0 0 
0 0 1 0 1 0 1 0 0 0 0 0 0 0 
0 0 0 0 0 1 1 0 0 0 1 0 0 1 
0 0 0 0 1 1 0 0 1 0 0 0 0 0 
0 1 0 0 0 0 0 0 0 0 0 0 1 1 
0 0 0 0 0 0 0 0 1 0 0 0 0 1 
1 1 0 1 0 1 0 0 0 0 0 0 0 0 
1 1 0 1 1 0 0 0 0 0 0 0 0 0 
0 0 0 0 0 0 0 0 0 0 0 0 1 1 
1 0 1 0 0 0 0 0 0 1 1 0 0 0 
0 0 1 1 0 0 1 0 1 0 0 1 0 0 

JOBS [14] - [12, 1, 10, 13, 9, 11, 0, 6, 3, 7, 14, 5, 8, 2]
TOOL SWITCHES : 9
MAKESPAN : 96

# -------------------------- #

--- TOTAL TOOL SWITCHES : 9
--- HIGHEST MAKESPAN : 96
--- TOTAL FLOWTIME : 717
--- RUNNING TIME : 2.08792

# -------------------------- #
RUN : 1 - instancias_txt/SSP-NPM-I/ins64_m=2_j=15_t=15_var=4.txt

- MACHINE [0]

0 
1 
0 
1 
0 
1 
0 
0 
0 
1 
0 
0 
0 
0 
1 

JOBS [1] - [6]
TOOL SWITCHES : 0
MAKESPAN : 9

- MACHINE [1]

0 0 0 0 0 0 1 0 0 1 0 1 0 0 
1 1 1 0 0 0 0 0 0 0 1 1 0 0 
1 0 0 1 0 0 0 0 0 0 0 0 0 1 
0 0 0 0 1 1 1 0 0 0 0 0 0 0 
1 1 1 0 1 1 0 1 1 0 1 1 0 0 
0 0 0 0 0 0 0 0 0 0 0 0 1 1 
0 0 1 0 1 0 1 1 0 0 0 0 0 0 
0 0 0 0 0 0 0 0 0 0 0 1 1 0 
0 1 1 1 0 0 1 0 1 0 0 0 0 0 
0 0 0 0 0 0 0 0 0 0 1 1 0 1 
0 0 0 0 0 0 0 0 1 1 1 0 0 0 
0 0 0 0 0 0 0 1 1 0 0 0 1 0 
0 0 0 1 0 1 0 0 0 0 0 0 0 0 
1 0 0 1 1 1 1 0 1 1 0 0 0 1 
0 1 0 1 0 0 0 1 0 1 0 0 0 0 

JOBS [14] - [2, 8, 7, 1, 3, 5, 12, 4, 9, 0, 13, 11, 14, 10]
TOOL SWITCHES : 10
MAKESPAN : 112

# -------------------------- #

--- TOTAL TOOL SWITCHES : 10
--- HIGHEST MAKESPAN : 112
--- TOTAL FLOWTIME : 717
--- RUNNING TIME : 2.45937

# -------------------------- #
RUN : 1 - instancias_txt/SSP-NPM-I/ins65_m=2_j=15_t=15_var=5.txt

- MACHINE [0]

0 0 
0 0 
1 1 
0 0 
0 0 
1 1 
0 0 
1 0 
0 0 
0 0 
0 1 
0 1 
0 0 
0 0 
0 0 

JOBS [2] - [6, 8]
TOOL SWITCHES : 0
MAKESPAN : 10

- MACHINE [1]

1 1 0 0 1 1 0 1 0 0 0 0 0 
1 0 0 0 0 0 0 1 0 1 1 1 0 
1 1 0 0 0 0 0 0 0 0 0 0 0 
0 0 1 0 0 0 0 0 0 0 0 0 0 
0 0 0 0 0 0 0 0 1 0 1 1 0 
1 0 0 1 1 0 0 0 0 0 0 0 0 
0 0 0 1 0 0 1 0 0 0 0 0 0 
0 0 0 0 0 0 0 0 0 0 0 0 0 
0 0 0 0 0 1 0 0 1 1 0 0 0 
0 0 0 0 0 0 1 0 1 0 0 0 1 
1 0 0 0 0 0 1 0 0 1 1 0 1 
0 0 0 0 0 0 0 0 0 0 0 1 0 
0 0 1 1 0 1 1 0 1 0 1 1 1 
0 1 1 0 1 0 0 1 0 0 0 0 1 
0 1 1 1 0 1 0 0 0 0 0 0 0 

JOBS [13] - [4, 0, 13, 5, 3, 7, 10, 12, 1, 11, 2, 14, 9]
TOOL SWITCHES : 8
MAKESPAN : 99

# -------------------------- #

--- TOTAL TOOL SWITCHES : 8
--- HIGHEST MAKESPAN : 99
--- TOTAL FLOWTIME : 775
--- RUNNING TIME : 2.06568

# -------------------------- #
RUN : 1 - instancias_txt/SSP-NPM-I/ins66_m=2_j=15_t=15_var=6.txt

- MACHINE [0]

1 1 
0 0 
1 1 
0 0 
0 0 
0 0 
1 0 
0 0 
0 0 
0 0 
0 0 
1 0 
0 0 
0 0 
0 1 

JOBS [2] - [7, 5]
TOOL SWITCHES : 0
MAKESPAN : 14

- MACHINE [1]

1 1 1 0 0 0 0 0 0 0 0 0 0 
0 0 0 0 0 0 0 1 1 1 0 0 0 
0 0 0 0 0 0 1 1 0 0 1 1 0 
0 0 0 0 0 0 0 0 0 0 0 1 1 
0 0 0 1 0 0 0 0 0 0 0 0 0 
1 0 0 1 0 1 1 1 0 0 0 0 0 
0 0 1 0 1 1 0 0 1 0 0 0 0 
0 1 0 0 0 0 1 0 1 1 1 0 1 
0 1 0 1 1 0 0 0 0 1 0 0 1 
0 0 0 0 1 1 0 1 0 0 0 0 1 
1 0 1 0 0 0 0 0 0 0 0 0 0 
0 0 0 0 0 0 0 0 0 0 0 0 0 
0 1 0 1 0 1 1 0 0 0 0 0 0 
0 0 0 0 1 1 0 0 1 0 0 0 1 
1 0 0 0 0 0 0 0 1 0 1 1 1 

JOBS [13] - [11, 4, 0, 10, 12, 2, 8, 1, 3, 13, 6, 9, 14]
TOOL SWITCHES : 9
MAKESPAN : 102

# -------------------------- #

--- TOTAL TOOL SWITCHES : 9
--- HIGHEST MAKESPAN : 102
--- TOTAL FLOWTIME : 723
--- RUNNING TIME : 1.78267

# -------------------------- #
RUN : 1 - instancias_txt/SSP-NPM-I/ins67_m=2_j=15_t=15_var=7.txt

- MACHINE [0]

0 
0 
0 
0 
0 
1 
1 
0 
0 
0 
0 
0 
1 
1 
1 

JOBS [1] - [8]
TOOL SWITCHES : 0
MAKESPAN : 9

- MACHINE [1]

1 0 0 1 0 1 0 0 0 0 0 0 0 0 
0 0 0 0 0 0 0 0 0 1 1 1 1 1 
1 1 0 0 0 0 0 0 0 0 0 0 0 1 
0 0 0 0 0 1 0 0 1 0 0 0 0 0 
1 1 1 1 0 0 0 0 0 0 1 1 1 0 
0 1 1 0 0 0 0 0 0 0 0 0 0 0 
1 0 0 0 0 1 1 1 0 0 0 0 0 0 
0 0 0 0 0 0 1 1 0 0 1 1 0 0 
0 0 0 0 1 1 0 1 0 1 0 0 0 0 
0 0 0 0 0 0 0 0 1 1 0 0 1 0 
0 0 0 1 1 1 1 0 0 0 0 0 0 1 
0 0 1 0 0 0 1 0 1 0 0 0 0 0 
0 0 1 0 0 0 0 0 1 0 1 0 1 1 
0 0 0 0 0 0 0 0 0 1 1 1 1 1 
1 0 0 0 1 0 1 1 0 0 0 0 0 0 

JOBS [14] - [1, 2, 3, 6, 14, 12, 11, 10, 5, 4, 7, 0, 9, 13]
TOOL SWITCHES : 11
MAKESPAN : 131

# -------------------------- #

--- TOTAL TOOL SWITCHES : 11
--- HIGHEST MAKESPAN : 131
--- TOTAL FLOWTIME : 964
--- RUNNING TIME : 2.16534

# -------------------------- #
RUN : 1 - instancias_txt/SSP-NPM-I/ins68_m=2_j=15_t=15_var=8.txt

- MACHINE [0]

0 
1 
0 
0 
0 
0 
0 
0 
0 
0 
1 
0 
1 
1 
1 

JOBS [1] - [13]
TOOL SWITCHES : 0
MAKESPAN : 6

- MACHINE [1]

0 0 0 1 0 0 1 1 0 0 0 0 0 0 
0 1 0 0 0 1 1 0 0 0 0 0 0 0 
0 0 1 0 0 1 0 0 1 1 1 0 0 0 
1 0 1 1 1 0 0 0 0 0 0 0 0 1 
0 0 0 0 0 0 0 0 1 0 1 1 1 1 
0 0 0 0 0 0 1 0 1 0 0 0 0 0 
1 0 0 1 0 1 0 0 0 0 0 1 0 1 
0 0 0 0 0 1 0 1 0 0 0 1 1 0 
1 1 1 0 0 0 0 0 0 0 0 0 0 0 
1 1 0 0 0 0 0 0 0 0 0 0 0 0 
0 0 0 0 1 1 1 0 0 1 0 0 0 0 
0 1 0 0 1 0 1 1 1 0 0 0 1 1 
0 0 0 0 0 0 0 0 0 0 1 0 0 0 
0 0 0 0 0 0 0 0 0 1 1 1 1 0 
0 0 0 0 0 0 0 1 0 1 0 0 1 1 

JOBS [14] - [8, 1, 11, 9, 5, 6, 4, 12, 10, 14, 7, 3, 0, 2]
TOOL SWITCHES : 10
MAKESPAN : 129

# -------------------------- #

--- TOTAL TOOL SWITCHES : 10
--- HIGHEST MAKESPAN : 129
--- TOTAL FLOWTIME : 846
--- RUNNING TIME : 2.98024

# -------------------------- #
RUN : 1 - instancias_txt/SSP-NPM-I/ins69_m=2_j=15_t=15_var=9.txt

- MACHINE [0]

1 
0 
0 
0 
1 
0 
0 
1 
0 
0 
0 
0 
0 
1 
0 

JOBS [1] - [13]
TOOL SWITCHES : 0
MAKESPAN : 4

- MACHINE [1]

1 0 0 0 0 1 0 1 0 0 0 1 0 1 
0 0 1 0 1 0 1 0 0 1 1 0 0 0 
1 1 0 0 0 1 1 0 0 1 0 1 0 1 
0 1 0 0 0 0 0 0 0 0 0 0 0 0 
1 0 1 1 0 0 0 0 0 0 0 0 0 0 
0 1 0 1 1 1 0 0 0 0 0 0 0 0 
0 0 0 0 0 0 0 0 0 0 0 1 0 1 
0 0 0 0 0 0 0 0 0 0 0 0 0 0 
0 0 0 0 0 0 0 0 0 1 1 0 0 0 
0 0 0 0 0 0 0 0 0 0 0 0 1 1 
0 0 0 0 1 0 0 1 1 0 0 0 0 0 
0 0 0 0 0 0 0 0 0 0 0 0 0 0 
1 0 1 1 0 0 1 1 0 0 1 1 1 0 
0 0 0 0 0 0 0 0 1 0 1 1 0 0 
0 1 1 0 0 0 1 1 1 1 1 0 1 0 

JOBS [14] - [11, 4, 0, 5, 10, 7, 8, 2, 3, 6, 9, 12, 1, 14]
TOOL SWITCHES : 6
MAKESPAN : 111

# -------------------------- #

--- TOTAL TOOL SWITCHES : 6
--- HIGHEST MAKESPAN : 111
--- TOTAL FLOWTIME : 859
--- RUNNING TIME : 2.70888

# -------------------------- #
RUN : 1 - instancias_txt/SSP-NPM-I/ins70_m=2_j=15_t=15_var=10.txt

- MACHINE [0]

1 0 
0 0 
0 1 
0 0 
1 1 
0 0 
1 1 
1 0 
0 0 
0 0 
0 0 
0 0 
0 1 
0 0 
0 0 

JOBS [2] - [8, 5]
TOOL SWITCHES : 1
MAKESPAN : 14

- MACHINE [1]

0 0 0 0 0 0 0 0 0 0 0 0 1 
0 1 0 0 0 1 1 1 0 0 0 0 0 
0 1 0 0 1 0 0 0 0 0 0 0 0 
1 1 1 0 0 1 0 0 1 0 0 0 0 
0 0 0 0 0 1 0 0 1 0 0 1 1 
0 0 0 0 0 0 0 1 1 0 1 0 0 
1 0 1 1 0 0 0 0 0 0 0 0 0 
0 0 0 0 0 0 0 0 0 1 0 0 0 
1 0 0 0 1 0 1 0 0 1 0 0 1 
0 0 1 1 1 1 0 0 0 0 0 0 0 
1 1 0 0 0 0 0 0 0 0 0 0 1 
0 0 0 1 1 0 1 1 1 1 0 1 0 
0 0 0 0 0 0 0 0 0 0 0 0 0 
0 0 0 0 1 0 1 0 1 0 1 0 1 
0 1 1 0 0 0 0 0 0 1 1 1 0 

JOBS [13] - [14, 13, 7, 6, 12, 10, 2, 4, 1, 11, 3, 9, 0]
TOOL SWITCHES : 9
MAKESPAN : 100

# -------------------------- #

--- TOTAL TOOL SWITCHES : 10
--- HIGHEST MAKESPAN : 100
--- TOTAL FLOWTIME : 707
--- RUNNING TIME : 2.03314

# -------------------------- #
RUN : 1 - instancias_txt/SSP-NPM-I/ins71_m=2_j=15_t=15_var=11.txt

- MACHINE [0]

0 
0 
1 
0 
0 
0 
0 
0 
0 
0 
1 
1 
1 
0 
1 

JOBS [1] - [13]
TOOL SWITCHES : 0
MAKESPAN : 3

- MACHINE [1]

0 0 0 0 0 1 1 0 0 1 0 0 0 0 
0 1 1 1 0 0 1 0 0 0 0 0 0 0 
0 0 0 0 0 0 1 0 0 0 1 1 0 0 
0 0 0 0 0 0 0 1 1 1 0 1 0 0 
0 0 0 0 0 0 0 0 1 1 0 0 0 1 
1 1 0 0 0 0 0 0 0 0 0 1 1 1 
1 0 0 0 0 0 0 1 1 0 1 1 0 0 
1 0 0 0 1 0 0 1 1 0 1 0 1 0 
0 0 0 0 0 0 0 0 0 1 1 0 1 0 
1 0 0 1 1 0 0 0 0 0 0 0 0 0 
0 1 1 1 0 1 1 0 0 0 1 0 0 0 
1 1 0 1 1 1 0 1 0 0 0 0 0 0 
1 1 0 0 0 1 0 0 0 0 0 0 0 0 
0 0 1 0 1 1 1 1 1 0 0 0 0 0 
0 0 0 0 0 0 0 0 0 0 0 0 1 1 

JOBS [14] - [5, 9, 3, 10, 12, 6, 8, 1, 11, 14, 2, 4, 7, 0]
TOOL SWITCHES : 11
MAKESPAN : 126

# -------------------------- #

--- TOTAL TOOL SWITCHES : 11
--- HIGHEST MAKESPAN : 126
--- TOTAL FLOWTIME : 923
--- RUNNING TIME : 2.62653

# -------------------------- #
RUN : 1 - instancias_txt/SSP-NPM-I/ins72_m=2_j=15_t=15_var=12.txt

- MACHINE [0]

1 
0 
1 
0 
1 
0 
1 
0 
0 
1 
0 
0 
0 
0 
0 

JOBS [1] - [0]
TOOL SWITCHES : 0
MAKESPAN : 9

- MACHINE [1]

1 1 1 1 1 0 0 1 1 0 0 0 0 0 
0 0 0 0 0 0 0 0 1 1 0 0 0 1 
0 1 0 1 1 0 0 0 0 1 0 0 0 0 
0 1 0 1 0 1 0 1 0 0 1 1 0 0 
0 0 0 0 0 1 1 0 1 1 1 0 1 0 
0 0 1 0 0 1 1 1 0 1 0 0 0 1 
0 0 0 0 0 0 1 1 0 0 0 0 0 0 
0 0 0 0 0 0 0 0 0 0 0 0 1 1 
1 0 0 1 1 0 1 1 0 1 1 0 0 0 
0 0 0 0 0 0 0 0 0 0 0 0 0 0 
0 0 0 1 0 1 0 0 0 0 0 0 0 0 
0 0 0 0 1 1 0 0 1 0 0 1 0 0 
0 1 0 0 0 0 0 0 0 0 1 1 0 0 
0 0 0 0 0 0 0 0 0 0 0 1 1 0 
1 1 1 0 0 0 0 0 0 0 0 0 0 0 

JOBS [14] - [14, 9, 4, 3, 1, 10, 11, 6, 12, 7, 8, 2, 13, 5]
TOOL SWITCHES : 9
MAKESPAN : 98

# -------------------------- #

--- TOTAL TOOL SWITCHES : 9
--- HIGHEST MAKESPAN : 98
--- TOTAL FLOWTIME : 791
--- RUNNING TIME : 2.46825

# -------------------------- #
RUN : 1 - instancias_txt/SSP-NPM-I/ins73_m=2_j=15_t=15_var=13.txt

- MACHINE [0]

0 0 
1 1 
1 0 
0 0 
1 0 
0 0 
0 0 
0 0 
0 0 
0 0 
1 1 
0 0 
0 1 
0 1 
0 0 

JOBS [2] - [4, 10]
TOOL SWITCHES : 1
MAKESPAN : 20

- MACHINE [1]

0 0 1 1 1 1 1 0 1 0 1 0 0 
1 0 1 0 1 0 0 0 0 0 0 0 0 
1 0 1 1 0 0 0 0 0 0 0 0 0 
0 0 0 0 0 0 0 1 0 0 1 0 1 
0 0 0 0 0 0 0 0 0 0 1 0 1 
0 1 1 0 0 0 1 0 0 0 0 0 0 
0 0 1 0 0 1 1 1 1 0 1 1 0 
1 1 0 0 0 0 0 0 0 0 0 0 0 
0 0 0 0 0 0 0 0 1 0 0 1 0 
1 0 0 1 0 1 0 1 0 0 0 0 0 
0 0 0 0 0 1 0 1 0 0 0 0 0 
0 1 0 1 1 1 0 0 0 1 0 0 1 
0 0 0 0 0 0 0 0 1 1 0 0 0 
0 0 0 0 0 0 0 0 0 0 0 1 1 
0 0 0 0 1 0 1 1 0 1 1 1 0 

JOBS [13] - [14, 8, 0, 5, 12, 2, 9, 7, 6, 13, 11, 3, 1]
TOOL SWITCHES : 8
MAKESPAN : 102

# -------------------------- #

--- TOTAL TOOL SWITCHES : 9
--- HIGHEST MAKESPAN : 102
--- TOTAL FLOWTIME : 643
--- RUNNING TIME : 2.25426

# -------------------------- #
RUN : 1 - instancias_txt/SSP-NPM-I/ins74_m=2_j=15_t=15_var=14.txt

- MACHINE [0]

1 1 
0 0 
1 0 
0 0 
0 0 
0 1 
0 0 
0 0 
1 1 
0 0 
0 0 
0 0 
0 0 
1 1 
0 0 

JOBS [2] - [8, 12]
TOOL SWITCHES : 0
MAKESPAN : 14

- MACHINE [1]

0 0 0 1 1 1 1 1 0 0 0 0 0 
0 1 1 0 0 0 0 0 0 0 1 0 1 
0 0 0 0 0 0 0 0 0 0 0 0 0 
0 0 0 0 0 1 1 1 0 0 0 0 0 
1 0 1 1 0 1 1 0 0 0 0 0 0 
0 0 0 0 0 0 0 0 1 1 0 1 0 
0 0 0 0 0 0 0 0 0 1 0 1 1 
1 1 1 0 0 0 0 0 1 0 1 0 1 
1 1 0 0 1 0 0 0 0 0 0 1 1 
0 0 0 0 0 0 0 1 0 0 1 0 0 
0 1 0 0 0 1 1 1 1 0 0 0 0 
1 0 1 1 1 1 0 0 1 0 0 1 0 
1 0 1 1 0 0 0 0 0 1 0 0 0 
0 0 0 0 0 0 0 0 0 0 0 0 0 
0 0 0 0 0 0 0 0 1 0 1 1 0 

JOBS [13] - [1, 13, 0, 4, 14, 3, 2, 11, 10, 6, 7, 5, 9]
TOOL SWITCHES : 8
MAKESPAN : 96

# -------------------------- #

--- TOTAL TOOL SWITCHES : 8
--- HIGHEST MAKESPAN : 96
--- TOTAL FLOWTIME : 642
--- RUNNING TIME : 1.82312

# -------------------------- #
RUN : 1 - instancias_txt/SSP-NPM-I/ins75_m=2_j=15_t=15_var=15.txt

- MACHINE [0]

0 0 
0 0 
1 0 
0 0 
0 0 
0 1 
0 1 
1 0 
0 0 
0 0 
0 0 
1 1 
1 1 
0 0 
0 0 

JOBS [2] - [8, 1]
TOOL SWITCHES : 1
MAKESPAN : 22

- MACHINE [1]

0 1 0 0 0 1 0 1 1 1 1 1 0 
0 0 0 0 0 0 0 0 0 0 1 1 1 
0 0 1 1 1 0 0 0 0 0 0 0 0 
1 0 0 1 0 0 1 0 1 0 1 0 0 
0 0 0 0 1 1 0 0 0 0 0 0 0 
0 0 0 0 0 0 0 0 0 0 0 0 0 
0 0 0 0 0 0 0 0 0 0 0 1 1 
0 0 0 0 0 1 1 1 0 1 1 0 0 
1 0 1 1 1 0 1 0 1 1 0 0 0 
0 1 1 0 0 0 0 0 0 0 0 1 0 
1 1 0 0 1 1 0 0 0 0 0 0 0 
0 0 0 0 0 0 0 1 0 0 0 0 1 
1 1 0 1 0 0 0 0 0 0 0 0 0 
0 0 0 0 0 0 0 0 1 1 0 0 1 
0 0 0 0 0 0 0 0 0 0 0 0 0 

JOBS [13] - [10, 12, 4, 11, 14, 5, 2, 7, 13, 0, 6, 9, 3]
TOOL SWITCHES : 6
MAKESPAN : 102

# -------------------------- #

--- TOTAL TOOL SWITCHES : 7
--- HIGHEST MAKESPAN : 102
--- TOTAL FLOWTIME : 674
--- RUNNING TIME : 2.46198

# -------------------------- #
RUN : 1 - instancias_txt/SSP-NPM-I/ins76_m=2_j=15_t=15_var=16.txt

- MACHINE [0]

0 
1 
0 
1 
0 
0 
0 
1 
0 
0 
0 
1 
0 
0 
1 

JOBS [1] - [14]
TOOL SWITCHES : 0
MAKESPAN : 1

- MACHINE [1]

1 1 1 0 0 0 0 0 0 0 0 0 0 0 
0 0 0 0 0 0 0 0 0 0 0 1 1 1 
0 0 0 0 0 1 0 1 1 0 0 0 0 0 
1 1 0 0 0 0 0 0 0 0 0 0 0 0 
0 0 0 0 0 0 0 0 0 0 0 0 0 0 
0 0 0 0 0 0 0 0 0 1 1 0 0 1 
1 0 0 0 0 0 1 1 0 0 0 0 0 0 
0 0 0 0 1 1 0 1 1 1 0 1 1 0 
0 0 0 0 0 0 0 0 0 1 1 0 1 0 
1 0 1 0 1 0 0 0 1 0 1 0 1 1 
0 0 1 1 0 0 0 0 0 0 1 0 0 1 
0 0 0 0 0 0 1 1 0 1 0 0 0 0 
0 1 1 1 1 0 0 0 0 0 0 0 0 0 
0 0 0 1 1 1 0 0 0 0 0 0 0 0 
0 1 0 1 0 1 1 0 0 1 0 1 0 0 

JOBS [14] - [7, 9, 6, 2, 4, 10, 0, 13, 3, 12, 5, 8, 11, 1]
TOOL SWITCHES : 7
MAKESPAN : 89

# -------------------------- #

--- TOTAL TOOL SWITCHES : 7
--- HIGHEST MAKESPAN : 89
--- TOTAL FLOWTIME : 661
--- RUNNING TIME : 2.1813

# -------------------------- #
RUN : 1 - instancias_txt/SSP-NPM-I/ins77_m=2_j=15_t=15_var=17.txt

- MACHINE [0]

0 
1 
1 
1 
0 
0 
0 
0 
0 
0 
0 
0 
1 
1 
0 

JOBS [1] - [14]
TOOL SWITCHES : 0
MAKESPAN : 8

- MACHINE [1]

0 0 0 0 0 0 0 0 0 0 1 1 1 1 
1 1 0 0 0 0 0 0 0 1 1 0 0 0 
0 0 1 0 0 1 0 0 0 0 0 0 0 0 
0 0 0 0 0 0 0 0 0 0 0 1 1 0 
1 0 0 1 1 0 1 0 0 0 1 1 1 0 
1 1 1 0 0 0 0 0 0 0 0 0 1 1 
0 0 0 0 1 0 1 0 0 0 0 0 0 0 
0 1 1 1 1 0 0 0 0 0 0 0 0 0 
1 1 0 1 0 0 0 0 1 1 0 0 0 0 
0 0 0 1 0 1 0 0 1 1 0 0 1 0 
0 0 1 0 0 1 0 1 0 0 0 0 0 1 
0 0 0 0 0 0 1 0 0 0 1 0 0 1 
0 1 0 0 0 1 0 1 0 0 0 0 0 0 
0 0 0 0 0 1 1 1 1 0 0 0 0 0 
0 0 0 0 0 0 0 1 0 1 1 1 0 0 

JOBS [14] - [9, 4, 8, 5, 3, 10, 1, 11, 0, 13, 7, 12, 6, 2]
TOOL SWITCHES : 11
MAKESPAN : 114

# -------------------------- #

--- TOTAL TOOL SWITCHES : 11
--- HIGHEST MAKESPAN : 114
--- TOTAL FLOWTIME : 761
--- RUNNING TIME : 2.37698

# -------------------------- #
RUN : 1 - instancias_txt/SSP-NPM-I/ins78_m=2_j=15_t=15_var=18.txt

- MACHINE [0]

1 
1 
0 
0 
0 
0 
0 
1 
1 
0 
0 
0 
0 
0 
1 

JOBS [1] - [9]
TOOL SWITCHES : 0
MAKESPAN : 6

- MACHINE [1]

0 0 0 0 0 0 0 0 1 1 1 1 1 0 
0 0 0 0 0 0 0 0 0 0 0 1 0 1 
0 1 0 0 0 0 0 0 0 0 1 1 1 0 
0 0 1 1 0 1 1 1 0 0 0 0 0 0 
0 0 0 0 0 0 0 0 0 0 0 0 0 0 
0 0 0 1 1 0 1 0 0 1 1 0 0 1 
1 0 0 0 0 0 0 0 0 0 0 0 0 0 
0 1 0 1 1 0 0 0 0 1 0 0 0 0 
0 0 0 0 0 1 1 0 0 0 0 0 1 1 
1 1 1 0 0 0 0 0 0 1 1 0 0 0 
0 0 0 0 0 0 0 1 1 1 0 0 1 1 
0 0 0 0 1 1 0 1 1 0 0 1 0 0 
1 1 1 0 0 0 0 0 0 0 0 0 0 0 
1 1 0 0 1 0 0 0 0 0 0 0 0 0 
0 0 1 0 1 1 1 0 0 0 0 0 0 0 

JOBS [14] - [1, 6, 2, 3, 14, 13, 12, 0, 4, 10, 5, 8, 11, 7]
TOOL SWITCHES : 8
MAKESPAN : 96

# -------------------------- #

--- TOTAL TOOL SWITCHES : 8
--- HIGHEST MAKESPAN : 96
--- TOTAL FLOWTIME : 696
--- RUNNING TIME : 2.22606

# -------------------------- #
RUN : 1 - instancias_txt/SSP-NPM-I/ins79_m=2_j=15_t=15_var=19.txt

- MACHINE [0]

1 
0 
0 
0 
1 
0 
0 
1 
1 
1 
0 
0 
0 
0 
0 

JOBS [1] - [2]
TOOL SWITCHES : 0
MAKESPAN : 10

- MACHINE [1]

0 0 1 0 0 1 0 0 0 0 0 0 0 0 
1 0 1 1 1 0 0 0 0 0 0 0 0 0 
0 0 0 0 0 0 0 0 0 0 1 1 1 0 
0 0 0 0 1 0 0 1 0 1 0 0 1 1 
0 1 0 1 1 1 0 0 0 0 0 0 0 0 
0 0 1 0 0 0 0 1 1 0 0 0 0 0 
0 0 1 0 1 1 1 0 0 1 0 0 0 0 
1 0 0 0 0 0 1 1 1 0 0 0 0 0 
0 1 0 1 0 0 0 0 0 0 1 1 0 1 
0 0 0 0 0 0 0 0 1 0 0 0 0 1 
0 0 0 1 0 1 1 0 0 0 0 0 0 0 
0 0 0 0 0 1 0 1 0 0 0 1 0 0 
1 1 1 0 0 0 0 0 0 0 0 0 0 0 
1 0 0 0 0 0 0 0 0 0 1 1 1 0 
0 0 0 0 0 0 1 1 0 1 1 0 1 1 

JOBS [14] - [3, 7, 10, 0, 4, 5, 11, 9, 13, 1, 14, 6, 12, 8]
TOOL SWITCHES : 11
MAKESPAN : 104

# -------------------------- #

--- TOTAL TOOL SWITCHES : 11
--- HIGHEST MAKESPAN : 104
--- TOTAL FLOWTIME : 841
--- RUNNING TIME : 2.89557

# -------------------------- #
RUN : 1 - instancias_txt/SSP-NPM-I/ins80_m=2_j=15_t=15_var=20.txt

- MACHINE [0]

0 0 
0 0 
0 0 
0 0 
0 0 
1 1 
0 1 
0 0 
0 1 
0 0 
1 1 
0 0 
0 0 
1 0 
0 0 

JOBS [2] - [9, 14]
TOOL SWITCHES : 0
MAKESPAN : 11

- MACHINE [1]

1 1 0 0 1 1 0 0 0 0 0 0 0 
0 0 0 0 0 0 0 1 0 0 1 1 0 
1 0 0 1 0 1 0 0 1 0 0 0 0 
0 1 0 1 0 0 0 0 0 0 0 1 0 
0 0 0 0 1 1 1 0 0 0 0 0 0 
0 1 1 0 1 0 1 1 0 0 0 0 0 
1 1 1 0 0 0 1 1 0 0 0 0 0 
0 0 0 0 0 0 1 0 1 0 0 0 1 
0 0 0 0 0 0 0 0 1 0 0 1 0 
0 0 0 0 0 0 0 0 0 0 0 0 1 
0 0 0 0 0 0 0 0 1 0 0 1 1 
0 0 0 0 1 0 0 1 0 1 1 0 1 
0 0 0 0 0 1 1 1 1 1 0 0 0 
0 0 0 1 1 0 0 0 0 0 0 0 0 
1 1 1 0 0 0 0 0 0 1 1 0 1 

JOBS [13] - [3, 0, 5, 2, 13, 11, 10, 7, 12, 6, 4, 8, 1]
TOOL SWITCHES : 10
MAKESPAN : 118

# -------------------------- #

--- TOTAL TOOL SWITCHES : 10
--- HIGHEST MAKESPAN : 118
--- TOTAL FLOWTIME : 834
--- RUNNING TIME : 2.16569

# -------------------------- #


avg : 9.35
