RUN : 1 - instancias_txt/SSP-NPM-I/ins61_m=2_j=15_t=15_var=1.txt

- MACHINE [0]

0 
1 
0 
1 
0 
0 
0 
0 
0 
0 
0 
0 
1 
1 
0 

JOBS [1] - [8]
TOOL SWITCHES : 0
MAKESPAN : 1

- MACHINE [1]

0 0 1 0 1 1 0 0 0 0 0 1 1 1 
0 0 1 1 1 0 1 0 0 1 1 1 0 0 
1 1 0 0 1 1 0 0 0 0 0 0 0 0 
1 0 1 0 0 1 0 1 0 0 1 1 0 0 
0 0 0 0 0 0 1 0 0 1 0 0 0 0 
1 1 0 0 0 0 0 0 0 0 0 0 0 1 
0 0 0 0 0 0 0 0 0 0 0 0 1 1 
1 0 0 1 1 0 1 0 0 0 0 0 0 0 
0 0 1 1 0 0 0 0 0 0 0 0 0 0 
0 0 0 0 0 0 1 1 1 1 0 1 1 0 
1 0 0 0 0 0 0 0 0 0 1 1 0 1 
0 1 1 1 1 0 0 0 1 0 1 0 0 0 
0 0 0 0 0 0 0 1 1 1 0 0 1 0 
0 0 0 0 0 0 0 0 0 0 0 0 0 0 
0 0 0 0 1 1 0 1 0 1 0 0 1 1 

JOBS [14] - [0, 5, 11, 9, 10, 14, 4, 13, 3, 7, 2, 6, 1, 12]
TOOL SWITCHES : 10
MAKESPAN : 121

# -------------------------- #

--- TOTAL TOOL SWITCHES : 10
--- HIGHEST MAKESPAN : 121
--- TOTAL FLOWTIME : 799
--- RUNNING TIME : 0.798454

# -------------------------- #
RUN : 1 - instancias_txt/SSP-NPM-I/ins62_m=2_j=15_t=15_var=2.txt

- MACHINE [0]

1 
1 
0 
0 
0 
1 
1 
1 
0 
0 
0 
0 
0 
0 
0 

JOBS [1] - [2]
TOOL SWITCHES : 0
MAKESPAN : 6

- MACHINE [1]

0 0 0 0 0 0 0 0 0 0 1 0 0 1 
0 0 0 0 0 0 0 0 0 0 0 1 0 0 
0 0 1 1 0 0 1 1 0 0 0 1 0 0 
1 1 1 0 0 0 0 0 0 0 0 0 0 0 
0 0 1 0 0 0 0 0 0 0 0 0 1 1 
0 1 0 1 1 1 0 0 0 0 0 0 0 0 
0 0 0 0 1 0 0 0 1 0 0 0 0 0 
0 0 0 0 0 0 0 0 0 0 0 0 1 1 
0 0 0 0 0 1 1 0 1 1 0 0 0 1 
0 0 0 1 1 0 0 0 0 0 0 0 0 1 
1 1 1 1 0 1 1 0 1 1 1 0 0 0 
0 0 0 1 1 1 0 1 1 1 0 0 0 0 
1 0 0 0 0 0 0 0 0 1 1 0 0 0 
0 0 0 0 0 0 1 1 1 1 0 1 1 0 
1 1 0 0 1 0 0 0 0 0 0 0 0 0 

JOBS [14] - [8, 13, 9, 1, 0, 10, 3, 14, 6, 4, 5, 11, 12, 7]
TOOL SWITCHES : 10
MAKESPAN : 126

# -------------------------- #

--- TOTAL TOOL SWITCHES : 10
--- HIGHEST MAKESPAN : 126
--- TOTAL FLOWTIME : 908
--- RUNNING TIME : 0.900168

# -------------------------- #
RUN : 1 - instancias_txt/SSP-NPM-I/ins63_m=2_j=15_t=15_var=3.txt

- MACHINE [0]

0 
0 
0 
1 
0 
1 
0 
0 
0 
0 
1 
0 
1 
0 
0 

JOBS [1] - [4]
TOOL SWITCHES : 0
MAKESPAN : 8

- MACHINE [1]

0 0 0 0 0 0 0 0 0 1 1 0 1 0 
0 0 0 0 1 1 1 1 0 1 1 0 0 1 
0 0 0 0 0 0 0 0 0 1 1 1 1 1 
0 0 0 0 0 0 0 0 0 0 0 0 0 0 
1 0 0 1 0 0 0 0 0 1 0 0 0 0 
1 0 1 1 0 0 0 0 0 0 0 0 0 0 
1 0 0 0 0 0 0 1 1 0 0 0 1 0 
0 0 0 1 0 0 0 1 0 0 0 1 0 0 
0 0 0 0 0 1 1 0 1 0 0 0 0 0 
0 0 0 0 0 0 0 0 1 0 0 1 0 0 
0 1 0 0 1 1 0 1 0 0 0 0 0 0 
0 1 0 1 1 1 0 0 0 0 0 0 0 0 
0 0 0 0 0 0 1 0 1 0 0 0 0 0 
0 0 1 0 1 0 0 0 0 0 0 0 1 1 
1 1 1 0 0 0 0 0 0 0 1 1 0 0 

JOBS [14] - [0, 13, 10, 9, 12, 1, 8, 11, 2, 6, 5, 3, 14, 7]
TOOL SWITCHES : 9
MAKESPAN : 96

# -------------------------- #

--- TOTAL TOOL SWITCHES : 9
--- HIGHEST MAKESPAN : 96
--- TOTAL FLOWTIME : 681
--- RUNNING TIME : 0.907588

# -------------------------- #
RUN : 1 - instancias_txt/SSP-NPM-I/ins64_m=2_j=15_t=15_var=4.txt

- MACHINE [0]

0 
0 
1 
0 
0 
0 
0 
0 
1 
0 
0 
0 
1 
1 
1 

JOBS [1] - [1]
TOOL SWITCHES : 0
MAKESPAN : 6

- MACHINE [1]

0 0 0 0 1 0 0 0 1 1 0 0 0 0 
0 0 0 0 0 1 1 1 0 1 1 0 0 1 
0 0 0 0 0 0 0 0 0 0 1 1 0 0 
0 0 1 1 1 0 0 0 0 0 0 0 0 1 
1 1 1 1 0 1 1 1 0 1 1 0 0 0 
0 0 0 0 0 0 0 0 0 0 0 1 1 1 
1 0 0 1 1 1 0 0 0 0 0 0 0 0 
0 0 0 0 0 0 0 0 0 1 0 0 1 0 
0 1 0 0 1 1 1 0 0 0 0 0 0 0 
0 0 0 0 0 0 0 1 0 1 0 1 0 1 
0 1 0 0 0 0 0 1 1 0 0 0 0 0 
1 1 0 0 0 0 0 0 0 0 0 0 1 0 
0 0 1 0 0 0 0 0 0 0 0 0 0 0 
0 1 1 1 1 0 0 0 1 0 1 1 0 0 
1 0 0 0 0 0 1 0 1 0 0 0 0 1 

JOBS [14] - [4, 9, 5, 3, 12, 7, 8, 13, 0, 11, 2, 10, 14, 6]
TOOL SWITCHES : 11
MAKESPAN : 120

# -------------------------- #

--- TOTAL TOOL SWITCHES : 11
--- HIGHEST MAKESPAN : 120
--- TOTAL FLOWTIME : 858
--- RUNNING TIME : 0.926931

# -------------------------- #
RUN : 1 - instancias_txt/SSP-NPM-I/ins65_m=2_j=15_t=15_var=5.txt

- MACHINE [0]

0 0 0 0 
0 0 0 0 
0 0 0 0 
1 0 0 0 
0 0 0 0 
0 1 0 0 
0 1 1 0 
0 0 0 0 
0 0 0 0 
0 0 1 1 
0 0 1 1 
0 0 0 0 
1 1 1 1 
1 0 0 1 
1 1 0 0 

JOBS [4] - [13, 5, 10, 9]
TOOL SWITCHES : 3
MAKESPAN : 20

- MACHINE [1]

1 0 0 1 1 1 1 0 0 0 0 
1 0 0 0 1 0 0 1 1 1 0 
1 1 1 0 0 1 0 0 0 0 0 
0 0 0 0 0 0 0 0 0 0 0 
0 0 0 0 0 0 0 1 1 0 1 
1 1 1 1 0 0 0 0 0 0 0 
0 0 0 0 0 0 0 0 0 0 0 
0 0 1 0 0 0 0 0 0 0 0 
0 0 0 0 0 0 1 0 0 1 1 
0 0 0 0 0 0 0 0 0 0 1 
1 1 0 0 0 0 0 0 1 1 0 
0 1 0 0 0 0 0 1 0 0 0 
0 0 0 0 0 0 1 1 1 0 1 
0 0 0 1 1 1 0 0 0 0 0 
0 0 0 0 0 1 1 0 0 0 0 

JOBS [11] - [4, 8, 6, 3, 12, 0, 7, 14, 2, 11, 1]
TOOL SWITCHES : 6
MAKESPAN : 79

# -------------------------- #

--- TOTAL TOOL SWITCHES : 9
--- HIGHEST MAKESPAN : 79
--- TOTAL FLOWTIME : 530
--- RUNNING TIME : 0.700106

# -------------------------- #
RUN : 1 - instancias_txt/SSP-NPM-I/ins66_m=2_j=15_t=15_var=6.txt

- MACHINE [0]

0 
0 
0 
0 
0 
1 
1 
0 
0 
1 
0 
0 
1 
1 
0 

JOBS [1] - [2]
TOOL SWITCHES : 0
MAKESPAN : 6

- MACHINE [1]

0 0 0 0 0 0 1 0 1 1 1 0 1 0 
1 0 0 0 0 1 0 1 0 0 0 0 0 0 
0 0 0 1 1 1 1 0 0 0 1 1 0 0 
0 0 1 0 1 0 0 0 0 0 0 0 0 0 
0 0 0 0 0 0 0 0 0 0 0 0 0 1 
0 0 0 0 0 1 0 0 1 0 0 1 0 1 
1 1 0 0 0 0 0 0 0 1 1 0 0 0 
1 0 1 1 0 0 0 1 0 0 0 1 1 0 
0 1 1 0 0 0 0 1 0 0 0 0 1 1 
0 1 1 0 0 1 0 0 0 0 0 0 0 0 
0 0 0 0 0 0 0 0 1 1 0 0 0 0 
0 0 0 0 0 0 0 0 0 0 1 0 0 0 
0 0 0 0 0 0 0 0 0 0 0 1 1 1 
1 1 1 0 0 0 0 0 0 0 0 0 0 0 
1 0 1 1 1 0 1 0 1 0 0 0 0 0 

JOBS [14] - [3, 12, 14, 6, 9, 1, 5, 13, 11, 0, 7, 8, 4, 10]
TOOL SWITCHES : 9
MAKESPAN : 110

# -------------------------- #

--- TOTAL TOOL SWITCHES : 9
--- HIGHEST MAKESPAN : 110
--- TOTAL FLOWTIME : 842
--- RUNNING TIME : 0.846501

# -------------------------- #
RUN : 1 - instancias_txt/SSP-NPM-I/ins67_m=2_j=15_t=15_var=7.txt

- MACHINE [0]

0 0 0 0 0 
1 1 1 1 1 
0 0 0 0 1 
0 0 0 0 0 
0 1 1 1 0 
0 0 0 0 0 
0 0 0 0 0 
0 0 1 1 0 
1 0 0 0 0 
1 1 0 0 0 
0 0 0 0 1 
0 0 0 0 0 
0 1 0 1 1 
1 1 1 1 1 
0 0 0 0 0 

JOBS [5] - [4, 9, 0, 7, 13]
TOOL SWITCHES : 4
MAKESPAN : 31

- MACHINE [1]

0 0 1 0 1 1 0 0 0 0 
0 0 0 0 0 0 0 0 0 0 
0 0 0 0 0 1 1 0 0 0 
0 0 1 0 0 0 0 0 0 1 
0 0 0 0 1 1 1 1 0 0 
0 0 0 0 0 0 1 1 1 0 
1 0 1 1 0 1 0 0 1 0 
1 0 0 1 0 0 0 0 0 0 
1 1 1 0 0 0 0 0 0 0 
0 0 0 0 0 0 0 0 0 1 
0 1 1 1 1 0 0 0 0 0 
0 0 0 1 0 0 0 1 0 1 
0 0 0 0 0 0 0 1 1 1 
0 0 0 0 0 0 0 0 1 0 
1 1 0 1 0 1 0 0 1 0 

JOBS [10] - [10, 14, 12, 11, 6, 1, 2, 3, 8, 5]
TOOL SWITCHES : 7
MAKESPAN : 85

# -------------------------- #

--- TOTAL TOOL SWITCHES : 11
--- HIGHEST MAKESPAN : 85
--- TOTAL FLOWTIME : 484
--- RUNNING TIME : 0.703508

# -------------------------- #
RUN : 1 - instancias_txt/SSP-NPM-I/ins68_m=2_j=15_t=15_var=8.txt

- MACHINE [0]

0 
1 
0 
0 
0 
0 
0 
0 
0 
0 
1 
0 
1 
1 
1 

JOBS [1] - [13]
TOOL SWITCHES : 0
MAKESPAN : 6

- MACHINE [1]

0 0 0 1 0 0 1 1 0 0 0 0 0 0 
1 0 0 0 0 1 1 0 0 0 0 0 0 0 
0 1 0 0 0 1 0 0 1 1 1 0 0 0 
0 1 1 1 1 0 0 0 0 0 0 0 1 0 
0 0 0 0 0 0 0 0 0 1 1 1 1 1 
0 0 0 0 0 0 1 0 0 1 0 0 0 0 
0 0 1 1 0 1 0 0 0 0 0 1 1 0 
0 0 0 0 0 1 0 1 0 0 0 1 0 1 
1 1 1 0 0 0 0 0 0 0 0 0 0 0 
1 0 1 0 0 0 0 0 0 0 0 0 0 0 
0 0 0 0 1 1 1 0 1 0 0 0 0 0 
1 0 0 0 1 0 1 1 0 1 0 0 1 1 
0 0 0 0 0 0 0 0 0 0 1 0 0 0 
0 0 0 0 0 0 0 0 1 0 1 1 0 1 
0 0 0 0 0 0 0 1 1 0 0 0 1 1 

JOBS [14] - [1, 11, 8, 9, 5, 6, 4, 12, 14, 10, 7, 3, 2, 0]
TOOL SWITCHES : 10
MAKESPAN : 129

# -------------------------- #

--- TOTAL TOOL SWITCHES : 10
--- HIGHEST MAKESPAN : 129
--- TOTAL FLOWTIME : 863
--- RUNNING TIME : 0.906423

# -------------------------- #
RUN : 1 - instancias_txt/SSP-NPM-I/ins69_m=2_j=15_t=15_var=9.txt

- MACHINE [0]

1 
0 
0 
0 
1 
0 
0 
1 
0 
0 
0 
0 
0 
1 
0 

JOBS [1] - [13]
TOOL SWITCHES : 0
MAKESPAN : 4

- MACHINE [1]

0 1 1 0 0 0 0 0 1 0 1 1 0 0 
0 0 0 1 1 1 0 1 0 0 0 0 1 0 
0 1 1 1 1 0 0 0 0 1 1 1 0 0 
0 0 0 0 0 0 0 0 0 1 0 0 0 0 
0 0 0 0 0 0 0 0 0 0 1 0 1 1 
0 0 0 0 0 0 0 1 0 1 0 1 0 1 
0 1 1 0 0 0 0 0 0 0 0 0 0 0 
0 0 0 0 0 0 0 0 0 0 0 0 0 0 
0 0 0 1 0 1 0 0 0 0 0 0 0 0 
1 1 0 0 0 0 0 0 0 0 0 0 0 0 
0 0 0 0 0 0 1 1 1 0 0 0 0 0 
0 0 0 0 0 0 0 0 0 0 0 0 0 0 
1 0 1 0 1 1 0 0 1 0 1 0 1 1 
0 0 1 0 0 1 1 0 0 0 0 0 0 0 
1 0 0 1 1 1 1 0 1 1 0 0 1 0 

JOBS [14] - [1, 14, 12, 6, 8, 9, 3, 10, 2, 4, 11, 7, 0, 5]
TOOL SWITCHES : 6
MAKESPAN : 111

# -------------------------- #

--- TOTAL TOOL SWITCHES : 6
--- HIGHEST MAKESPAN : 111
--- TOTAL FLOWTIME : 791
--- RUNNING TIME : 0.814437

# -------------------------- #
RUN : 1 - instancias_txt/SSP-NPM-I/ins70_m=2_j=15_t=15_var=10.txt

- MACHINE [0]

0 
0 
1 
0 
1 
0 
1 
0 
0 
0 
0 
0 
1 
0 
0 

JOBS [1] - [5]
TOOL SWITCHES : 0
MAKESPAN : 9

- MACHINE [1]

0 0 0 0 0 0 0 0 1 1 0 0 0 0 
1 1 0 0 0 0 0 0 0 0 0 0 1 1 
0 0 0 0 1 0 0 0 0 0 0 0 1 0 
0 0 0 1 0 0 0 0 0 0 1 1 1 1 
0 0 0 1 0 1 0 0 1 1 0 0 0 1 
0 1 1 1 0 0 0 0 0 0 0 0 0 0 
0 0 0 0 0 0 1 0 1 0 1 1 0 0 
0 0 0 0 0 0 0 1 1 0 0 0 0 0 
1 0 0 0 1 0 0 1 0 1 0 1 0 0 
0 0 0 0 1 0 1 0 0 0 1 0 0 1 
0 0 0 0 0 0 0 0 0 1 0 1 1 0 
1 1 0 1 1 1 1 1 0 0 0 0 0 0 
0 0 0 0 0 0 0 0 0 0 0 0 0 0 
1 0 1 1 1 0 0 0 0 1 0 0 0 0 
0 0 1 0 0 1 0 1 0 0 1 0 1 0 

JOBS [14] - [2, 4, 3, 1, 12, 9, 6, 11, 8, 0, 7, 14, 13, 10]
TOOL SWITCHES : 11
MAKESPAN : 117

# -------------------------- #

--- TOTAL TOOL SWITCHES : 11
--- HIGHEST MAKESPAN : 117
--- TOTAL FLOWTIME : 817
--- RUNNING TIME : 0.851188

# -------------------------- #
RUN : 1 - instancias_txt/SSP-NPM-I/ins71_m=2_j=15_t=15_var=11.txt

- MACHINE [0]

0 0 
0 0 
0 0 
0 0 
0 1 
1 1 
0 0 
1 0 
1 0 
0 0 
0 0 
0 0 
0 0 
0 0 
1 1 

JOBS [2] - [7, 0]
TOOL SWITCHES : 0
MAKESPAN : 12

- MACHINE [1]

0 1 0 0 0 0 0 0 0 0 1 1 0 
0 0 0 0 0 0 0 1 0 1 1 0 1 
1 0 0 1 0 0 0 0 1 0 1 0 0 
0 1 1 1 1 0 0 0 0 0 0 0 0 
0 1 1 0 0 0 0 0 0 0 0 0 0 
0 0 0 1 0 0 1 0 0 1 0 0 0 
1 0 1 1 1 0 1 0 0 0 0 0 0 
1 0 1 0 1 1 1 0 0 0 0 0 0 
1 1 0 0 0 0 0 0 0 0 0 0 0 
0 0 0 0 0 1 1 1 0 0 0 0 0 
1 0 0 0 0 0 0 1 1 1 1 1 1 
0 0 0 0 1 1 1 1 1 1 0 1 0 
0 0 0 0 0 0 1 0 1 1 0 1 0 
0 0 1 0 1 1 0 0 0 0 1 1 1 
0 0 0 0 0 0 0 0 1 0 0 0 0 

JOBS [13] - [2, 14, 11, 4, 1, 12, 5, 10, 13, 9, 8, 6, 3]
TOOL SWITCHES : 11
MAKESPAN : 123

# -------------------------- #

--- TOTAL TOOL SWITCHES : 11
--- HIGHEST MAKESPAN : 123
--- TOTAL FLOWTIME : 827
--- RUNNING TIME : 0.811624

# -------------------------- #
RUN : 1 - instancias_txt/SSP-NPM-I/ins72_m=2_j=15_t=15_var=12.txt

- MACHINE [0]

0 0 
0 1 
0 0 
0 0 
1 0 
0 1 
0 0 
1 1 
0 0 
0 0 
0 0 
0 0 
0 0 
1 0 
0 0 

JOBS [2] - [13, 5]
TOOL SWITCHES : 0
MAKESPAN : 9

- MACHINE [1]

1 0 1 1 0 1 1 0 1 0 1 0 1 
0 0 0 0 0 0 1 0 0 0 0 1 0 
1 0 1 0 0 0 0 0 1 0 0 1 1 
1 1 0 0 1 0 0 1 1 0 1 0 0 
0 0 0 0 1 0 1 1 0 1 0 1 1 
0 0 0 0 0 1 0 1 0 1 1 1 0 
0 0 0 0 0 0 0 0 0 1 1 0 1 
0 0 0 0 0 0 0 0 0 0 0 0 0 
0 0 1 1 1 0 0 0 1 1 1 1 0 
0 0 0 0 0 0 0 0 0 0 0 0 1 
0 0 0 0 0 0 0 1 1 0 0 0 0 
0 1 1 0 0 0 1 1 0 0 0 0 0 
1 1 0 0 1 0 0 0 0 0 0 0 0 
0 1 0 0 0 0 0 0 0 0 0 0 0 
1 0 0 1 0 1 0 0 0 0 0 0 0 

JOBS [13] - [9, 2, 1, 14, 8, 4, 12, 10, 3, 11, 6, 7, 0]
TOOL SWITCHES : 9
MAKESPAN : 93

# -------------------------- #

--- TOTAL TOOL SWITCHES : 9
--- HIGHEST MAKESPAN : 93
--- TOTAL FLOWTIME : 651
--- RUNNING TIME : 0.791059

# -------------------------- #
RUN : 1 - instancias_txt/SSP-NPM-I/ins73_m=2_j=15_t=15_var=13.txt

- MACHINE [0]

0 
0 
0 
1 
1 
0 
0 
0 
0 
0 
0 
1 
0 
1 
0 

JOBS [1] - [1]
TOOL SWITCHES : 0
MAKESPAN : 4

- MACHINE [1]

0 1 1 1 0 0 1 0 1 0 1 0 1 0 
0 0 0 0 1 1 1 0 0 0 1 1 0 0 
0 0 0 1 1 1 1 0 0 0 0 0 0 0 
1 1 0 0 0 0 0 0 0 0 0 0 0 0 
0 1 0 0 1 0 0 0 0 0 0 0 0 0 
0 0 0 0 0 0 1 1 1 0 0 0 0 0 
1 1 1 0 0 0 1 0 1 0 0 0 1 1 
0 0 0 0 0 1 0 1 0 0 0 0 0 0 
0 0 0 0 0 0 0 0 0 0 0 0 1 1 
1 0 1 1 0 1 0 0 0 0 0 0 0 0 
1 0 1 0 1 0 0 0 0 0 0 1 0 0 
0 0 1 1 0 0 0 1 0 1 1 0 0 0 
0 0 0 0 0 0 0 0 0 1 0 1 1 0 
0 0 0 0 0 0 0 0 0 0 0 1 0 1 
1 1 0 0 0 0 0 0 1 1 1 0 0 1 

JOBS [14] - [7, 11, 2, 5, 4, 14, 0, 8, 9, 13, 12, 10, 6, 3]
TOOL SWITCHES : 10
MAKESPAN : 114

# -------------------------- #

--- TOTAL TOOL SWITCHES : 10
--- HIGHEST MAKESPAN : 114
--- TOTAL FLOWTIME : 784
--- RUNNING TIME : 0.897584

# -------------------------- #
RUN : 1 - instancias_txt/SSP-NPM-I/ins74_m=2_j=15_t=15_var=14.txt

- MACHINE [0]

1 1 
0 0 
1 0 
0 0 
0 0 
0 1 
0 0 
0 0 
1 1 
0 0 
0 0 
0 0 
0 0 
1 1 
0 0 

JOBS [2] - [8, 12]
TOOL SWITCHES : 0
MAKESPAN : 14

- MACHINE [1]

1 1 1 0 0 0 0 0 0 0 1 0 1 
0 0 0 1 1 0 0 0 0 1 0 1 0 
0 0 0 0 0 0 0 0 0 0 0 0 0 
1 1 1 0 0 0 0 0 0 0 0 0 0 
1 1 0 0 0 0 0 1 0 0 0 1 1 
0 0 0 0 0 1 1 0 1 0 0 0 0 
0 0 0 0 0 0 1 0 1 1 0 0 0 
0 0 0 1 1 1 0 1 0 1 0 1 0 
0 0 0 0 1 0 1 1 0 1 1 0 0 
0 0 1 1 0 0 0 0 0 0 0 0 0 
1 1 1 0 1 1 0 0 0 0 0 0 0 
0 1 0 0 0 1 1 1 0 0 1 1 1 
0 0 0 0 0 0 0 1 1 0 0 1 1 
0 0 0 0 0 0 0 0 0 0 0 0 0 
0 0 0 1 0 1 1 0 0 0 0 0 0 

JOBS [13] - [2, 3, 11, 7, 13, 10, 5, 1, 6, 9, 14, 0, 4]
TOOL SWITCHES : 8
MAKESPAN : 96

# -------------------------- #

--- TOTAL TOOL SWITCHES : 8
--- HIGHEST MAKESPAN : 96
--- TOTAL FLOWTIME : 738
--- RUNNING TIME : 0.854774

# -------------------------- #
RUN : 1 - instancias_txt/SSP-NPM-I/ins75_m=2_j=15_t=15_var=15.txt

- MACHINE [0]

0 
0 
0 
0 
0 
1 
1 
0 
0 
0 
0 
1 
1 
0 
0 

JOBS [1] - [1]
TOOL SWITCHES : 0
MAKESPAN : 10

- MACHINE [1]

0 1 1 1 0 1 0 1 1 0 0 0 1 0 
0 0 0 1 1 1 0 0 0 0 0 0 0 0 
0 0 0 0 0 0 1 0 0 1 1 0 0 1 
1 0 1 1 0 0 0 0 0 0 1 1 0 0 
0 0 0 0 0 0 0 0 0 0 0 0 1 1 
0 0 0 0 0 0 0 0 0 0 0 0 0 0 
0 0 0 0 1 1 0 0 0 0 0 0 0 0 
1 1 0 1 0 0 1 1 0 0 0 0 1 0 
1 1 1 0 0 0 0 0 0 1 1 1 0 1 
0 0 0 0 0 1 0 0 1 1 0 0 0 0 
0 0 0 0 0 0 0 0 1 0 0 1 1 1 
0 0 0 0 1 0 1 1 0 0 0 0 0 0 
0 0 0 0 0 0 1 0 1 0 1 1 0 0 
0 1 1 0 1 0 0 0 0 0 0 0 0 0 
0 0 0 0 0 0 0 0 0 0 0 0 0 0 

JOBS [14] - [2, 0, 13, 6, 3, 9, 8, 7, 12, 4, 11, 10, 5, 14]
TOOL SWITCHES : 7
MAKESPAN : 110

# -------------------------- #

--- TOTAL TOOL SWITCHES : 7
--- HIGHEST MAKESPAN : 110
--- TOTAL FLOWTIME : 894
--- RUNNING TIME : 0.776322

# -------------------------- #
RUN : 1 - instancias_txt/SSP-NPM-I/ins76_m=2_j=15_t=15_var=16.txt

- MACHINE [0]

0 0 
1 1 
0 0 
0 1 
0 0 
0 0 
0 0 
1 1 
0 0 
0 0 
0 0 
0 1 
0 0 
0 0 
1 1 

JOBS [2] - [8, 14]
TOOL SWITCHES : 0
MAKESPAN : 9

- MACHINE [1]

1 1 1 0 0 0 0 0 0 0 0 0 0 
0 0 0 0 0 0 0 0 0 0 1 1 0 
0 0 0 0 0 1 0 1 1 0 0 0 0 
1 1 0 0 0 0 0 0 0 0 0 0 0 
0 0 0 0 0 0 0 0 0 0 0 0 0 
0 0 0 0 0 0 0 0 0 1 1 0 1 
0 1 0 0 0 0 1 0 1 0 0 0 0 
0 0 0 0 1 1 0 1 1 1 0 1 0 
0 0 0 0 0 0 0 0 0 1 0 1 1 
0 1 1 0 1 0 0 1 0 0 1 1 1 
0 0 1 1 0 0 0 0 0 0 1 0 1 
0 0 0 0 0 0 1 0 1 1 0 0 0 
1 0 1 1 1 0 0 0 0 0 0 0 0 
0 0 0 1 1 1 0 0 0 0 0 0 0 
1 0 0 1 0 1 1 0 0 1 0 0 0 

JOBS [13] - [9, 7, 6, 2, 4, 10, 0, 3, 13, 12, 1, 11, 5]
TOOL SWITCHES : 7
MAKESPAN : 88

# -------------------------- #

--- TOTAL TOOL SWITCHES : 7
--- HIGHEST MAKESPAN : 88
--- TOTAL FLOWTIME : 578
--- RUNNING TIME : 0.822617

# -------------------------- #
RUN : 1 - instancias_txt/SSP-NPM-I/ins77_m=2_j=15_t=15_var=17.txt

- MACHINE [0]

0 0 
0 0 
0 0 
0 0 
1 1 
0 0 
1 1 
1 0 
0 0 
0 0 
0 0 
0 1 
0 0 
0 1 
0 0 

JOBS [2] - [3, 1]
TOOL SWITCHES : 0
MAKESPAN : 12

- MACHINE [1]

0 0 0 0 0 0 0 0 0 1 1 1 1 
0 0 1 0 0 1 1 0 1 0 1 0 0 
0 1 1 1 0 0 0 0 0 0 0 0 0 
0 0 1 0 0 0 0 0 0 1 0 0 1 
0 0 0 0 0 0 1 1 0 1 1 0 1 
0 0 0 1 0 1 1 0 0 1 0 1 0 
0 0 0 0 0 0 0 0 0 0 0 0 0 
0 0 0 1 0 1 0 1 0 0 0 0 0 
1 0 0 0 0 1 1 1 1 0 0 0 0 
1 1 0 0 0 0 0 1 1 1 0 0 0 
0 1 0 1 1 0 0 0 0 0 0 1 0 
0 0 0 0 0 0 0 0 0 0 1 1 0 
0 1 1 0 1 1 0 0 0 0 0 0 0 
1 1 1 0 1 0 0 0 0 0 0 0 0 
0 0 0 0 1 0 0 0 1 0 1 0 1 

JOBS [13] - [0, 10, 14, 8, 11, 4, 9, 5, 13, 6, 7, 2, 12]
TOOL SWITCHES : 11
MAKESPAN : 103

# -------------------------- #

--- TOTAL TOOL SWITCHES : 11
--- HIGHEST MAKESPAN : 103
--- TOTAL FLOWTIME : 725
--- RUNNING TIME : 0.787122

# -------------------------- #
RUN : 1 - instancias_txt/SSP-NPM-I/ins78_m=2_j=15_t=15_var=18.txt

- MACHINE [0]

0 0 
0 0 
0 1 
0 0 
0 0 
0 0 
1 0 
0 1 
0 0 
1 1 
0 0 
0 0 
1 1 
1 1 
0 0 

JOBS [2] - [1, 6]
TOOL SWITCHES : 1
MAKESPAN : 18

- MACHINE [1]

0 1 0 1 0 0 1 0 1 1 0 1 0 
0 0 0 0 0 0 0 0 0 1 1 1 0 
0 0 0 1 0 0 1 0 0 1 0 0 0 
1 0 1 0 1 1 0 1 0 0 0 0 0 
0 0 0 0 0 0 0 0 0 0 0 0 0 
0 1 1 1 1 0 0 0 0 0 1 0 1 
0 0 0 0 0 0 0 0 0 0 0 0 0 
0 1 1 0 0 0 0 0 0 0 0 1 1 
0 0 0 0 1 1 1 0 0 0 1 1 0 
1 1 0 1 0 0 0 0 0 0 0 0 0 
0 1 0 0 0 0 1 1 1 0 1 0 0 
0 0 0 0 0 1 0 1 1 1 0 0 1 
1 0 0 0 0 0 0 0 0 0 0 0 0 
0 0 0 0 0 0 0 0 0 0 0 0 1 
1 0 0 0 1 1 0 0 0 0 0 1 1 

JOBS [13] - [2, 10, 3, 5, 12, 13, 11, 0, 4, 8, 7, 9, 14]
TOOL SWITCHES : 8
MAKESPAN : 99

# -------------------------- #

--- TOTAL TOOL SWITCHES : 9
--- HIGHEST MAKESPAN : 99
--- TOTAL FLOWTIME : 692
--- RUNNING TIME : 0.92917

# -------------------------- #
RUN : 1 - instancias_txt/SSP-NPM-I/ins79_m=2_j=15_t=15_var=19.txt

- MACHINE [0]

0 0 0 
0 0 0 
1 1 1 
1 0 0 
0 0 0 
0 0 0 
0 0 0 
0 0 0 
0 1 1 
0 0 0 
0 0 0 
0 0 1 
0 0 0 
1 1 1 
1 1 0 

JOBS [3] - [12, 14, 6]
TOOL SWITCHES : 1
MAKESPAN : 20

- MACHINE [1]

0 1 0 1 0 0 0 0 0 1 0 0 
1 1 0 0 0 0 0 0 0 0 1 1 
0 0 0 0 0 0 0 0 0 0 0 0 
0 0 0 0 1 0 1 1 0 0 0 1 
0 0 1 1 0 0 0 0 0 1 1 1 
0 1 0 0 0 1 0 1 0 0 0 0 
0 1 0 0 1 0 0 0 1 1 0 1 
1 0 0 1 0 1 0 1 1 0 0 0 
0 0 1 1 0 0 1 0 0 0 1 0 
0 0 0 1 0 1 1 0 0 0 0 0 
0 0 0 0 0 0 0 0 1 1 1 0 
0 0 0 0 0 0 0 1 0 1 0 0 
1 1 1 0 0 0 0 0 0 0 0 0 
1 0 0 0 0 0 0 0 0 0 0 0 
0 0 0 0 1 0 1 1 1 0 0 0 

JOBS [12] - [3, 10, 7, 2, 1, 13, 8, 9, 11, 5, 0, 4]
TOOL SWITCHES : 10
MAKESPAN : 102

# -------------------------- #

--- TOTAL TOOL SWITCHES : 11
--- HIGHEST MAKESPAN : 102
--- TOTAL FLOWTIME : 680
--- RUNNING TIME : 0.796631

# -------------------------- #
RUN : 1 - instancias_txt/SSP-NPM-I/ins80_m=2_j=15_t=15_var=20.txt

- MACHINE [0]

0 0 
0 0 
0 0 
0 0 
0 0 
1 1 
0 1 
0 0 
0 1 
0 0 
1 1 
0 0 
0 0 
1 0 
0 0 

JOBS [2] - [9, 14]
TOOL SWITCHES : 0
MAKESPAN : 11

- MACHINE [1]

1 0 0 1 1 1 0 0 0 0 0 0 0 
0 0 0 0 0 0 0 1 0 0 1 0 1 
1 0 1 0 0 1 0 0 1 0 0 0 0 
0 0 1 1 0 0 0 0 0 0 0 0 1 
0 0 0 0 1 1 1 0 0 0 0 0 0 
0 1 0 1 1 0 1 1 0 0 0 0 0 
1 1 0 1 0 0 1 1 0 0 0 0 0 
0 0 0 0 0 0 1 0 1 0 0 1 0 
0 0 0 0 0 0 0 0 1 0 0 0 1 
0 0 0 0 0 0 0 0 0 0 0 1 0 
0 0 0 0 0 0 0 0 1 0 0 1 1 
0 0 0 0 1 0 0 1 0 1 1 1 0 
0 0 0 0 0 1 1 1 1 1 0 0 0 
0 0 1 0 1 0 0 0 0 0 0 0 0 
1 1 0 1 0 0 0 0 0 1 1 1 0 

JOBS [13] - [3, 5, 2, 0, 13, 11, 10, 7, 12, 6, 4, 1, 8]
TOOL SWITCHES : 10
MAKESPAN : 118

# -------------------------- #

--- TOTAL TOOL SWITCHES : 10
--- HIGHEST MAKESPAN : 118
--- TOTAL FLOWTIME : 842
--- RUNNING TIME : 0.712488

# -------------------------- #


avg : 9.45
