RUN : 1 - instancias_txt/SSP-NPM-I/ins61_m=2_j=15_t=15_var=1.txt

- MACHINE [0]

1 
0 
0 
0 
0 
1 
1 
0 
0 
0 
1 
0 
0 
0 
1 

JOBS [1] - [12]
TOOL SWITCHES : 0
MAKESPAN : 7

- MACHINE [1]

0 1 0 1 0 0 0 0 1 0 1 0 1 0 
1 1 0 0 1 1 0 1 1 1 1 0 0 0 
0 0 0 0 0 0 0 0 0 0 1 1 1 1 
1 1 0 0 1 0 1 0 1 0 0 0 1 1 
0 0 0 0 0 1 0 1 0 0 0 0 0 0 
0 0 0 0 0 0 0 0 0 0 0 1 0 1 
0 0 0 1 0 0 0 0 0 0 0 0 0 0 
0 0 0 0 0 0 0 1 0 1 1 0 0 1 
0 0 0 0 0 0 0 0 1 1 0 0 0 0 
0 1 1 1 0 1 1 1 0 0 0 0 0 0 
1 1 0 0 0 0 0 0 0 0 0 0 0 1 
1 0 1 0 0 0 0 0 1 1 1 1 0 0 
0 0 1 1 1 1 1 0 0 0 0 0 0 0 
0 0 0 0 1 0 0 0 0 0 0 0 0 0 
0 0 0 1 0 1 1 0 0 0 1 0 1 0 

JOBS [14] - [2, 6, 3, 1, 8, 7, 13, 4, 11, 9, 10, 5, 14, 0]
TOOL SWITCHES : 10
MAKESPAN : 118

# -------------------------- #

--- TOTAL TOOL SWITCHES : 10
--- HIGHEST MAKESPAN : 118
--- TOTAL FLOWTIME : 899
--- RUNNING TIME : 0.906543

# -------------------------- #
RUN : 1 - instancias_txt/SSP-NPM-I/ins62_m=2_j=15_t=15_var=2.txt

- MACHINE [0]

1 
0 
0 
0 
1 
0 
0 
1 
1 
1 
0 
0 
0 
0 
0 

JOBS [1] - [7]
TOOL SWITCHES : 0
MAKESPAN : 5

- MACHINE [1]

0 0 0 0 0 0 0 0 0 0 0 1 1 0 
0 0 0 0 0 0 0 0 0 0 0 0 1 1 
0 1 0 0 1 1 0 0 0 1 0 0 0 1 
0 0 0 0 0 0 0 1 1 1 0 0 0 0 
0 0 0 0 0 0 0 0 0 1 1 0 0 0 
1 1 0 0 0 0 1 0 1 0 0 0 1 0 
1 0 1 0 0 0 0 0 0 0 0 0 1 0 
0 0 0 0 0 0 0 0 0 0 1 0 1 0 
0 0 1 1 0 1 1 0 0 0 0 0 0 0 
1 1 0 0 0 0 0 0 0 0 0 0 0 0 
0 1 1 1 0 1 1 1 1 1 0 1 0 0 
1 1 1 1 1 0 1 0 0 0 0 0 0 0 
0 0 0 1 0 0 0 1 0 0 0 1 0 0 
0 0 1 1 1 1 0 0 0 0 1 0 0 1 
1 0 0 0 0 0 0 1 1 0 0 0 0 0 

JOBS [14] - [0, 1, 6, 4, 14, 3, 10, 8, 13, 9, 12, 5, 2, 11]
TOOL SWITCHES : 10
MAKESPAN : 119

# -------------------------- #

--- TOTAL TOOL SWITCHES : 10
--- HIGHEST MAKESPAN : 119
--- TOTAL FLOWTIME : 870
--- RUNNING TIME : 0.989501

# -------------------------- #
RUN : 1 - instancias_txt/SSP-NPM-I/ins63_m=2_j=15_t=15_var=3.txt

- MACHINE [0]

0 
0 
0 
1 
0 
1 
0 
0 
0 
0 
1 
0 
1 
0 
0 

JOBS [1] - [4]
TOOL SWITCHES : 0
MAKESPAN : 8

- MACHINE [1]

0 0 1 1 1 0 0 0 0 0 0 0 0 0 
1 1 1 1 0 0 0 0 0 0 0 1 1 1 
1 0 1 1 1 0 0 0 1 0 0 0 0 0 
0 0 0 0 0 0 0 0 0 0 0 0 0 0 
0 0 0 1 0 1 0 1 0 0 0 0 0 0 
0 0 0 0 0 1 1 1 0 0 0 0 0 0 
0 0 0 0 1 1 0 0 0 0 1 0 1 0 
0 0 0 0 0 0 0 1 1 0 0 0 1 0 
0 0 0 0 0 0 0 0 0 0 1 1 0 1 
0 0 0 0 0 0 0 0 1 0 1 0 0 0 
0 1 0 0 0 0 0 0 0 1 0 0 1 1 
0 1 0 0 0 0 0 1 0 1 0 0 0 1 
0 0 0 0 0 0 0 0 0 0 1 1 0 0 
1 1 0 0 1 0 1 0 0 0 0 0 0 0 
0 0 1 0 0 1 1 0 1 1 0 0 0 0 

JOBS [14] - [7, 12, 5, 6, 14, 0, 10, 9, 3, 13, 2, 8, 11, 1]
TOOL SWITCHES : 9
MAKESPAN : 96

# -------------------------- #

--- TOTAL TOOL SWITCHES : 9
--- HIGHEST MAKESPAN : 96
--- TOTAL FLOWTIME : 676
--- RUNNING TIME : 0.851082

# -------------------------- #
RUN : 1 - instancias_txt/SSP-NPM-I/ins64_m=2_j=15_t=15_var=4.txt

- MACHINE [0]

0 
0 
1 
0 
0 
1 
0 
0 
0 
1 
0 
0 
0 
1 
0 

JOBS [1] - [10]
TOOL SWITCHES : 0
MAKESPAN : 2

- MACHINE [1]

0 0 0 0 0 0 1 0 0 1 0 1 0 0 
0 0 1 1 0 1 0 0 0 0 1 1 0 1 
1 0 1 0 0 0 0 0 0 0 0 0 0 0 
0 1 0 0 1 0 1 0 0 0 0 0 0 1 
0 1 1 1 1 1 0 1 1 0 1 1 0 0 
0 0 0 0 0 0 0 0 0 0 0 0 1 1 
0 0 0 1 1 0 1 1 0 0 0 0 0 0 
0 0 0 0 0 0 0 0 0 0 0 1 1 0 
1 0 0 1 0 1 1 0 1 0 0 0 0 0 
0 0 0 0 0 0 0 0 0 0 1 1 0 1 
0 0 0 0 0 0 0 0 1 1 1 0 0 0 
0 0 0 0 0 0 0 1 1 0 0 0 1 0 
1 1 0 0 0 0 0 0 0 0 0 0 0 0 
1 1 1 0 1 0 1 0 1 1 0 0 0 0 
1 0 0 0 0 1 0 1 0 1 0 0 0 1 

JOBS [14] - [1, 5, 2, 7, 3, 8, 12, 4, 9, 0, 13, 11, 14, 6]
TOOL SWITCHES : 10
MAKESPAN : 115

# -------------------------- #

--- TOTAL TOOL SWITCHES : 10
--- HIGHEST MAKESPAN : 115
--- TOTAL FLOWTIME : 725
--- RUNNING TIME : 0.860139

# -------------------------- #
RUN : 1 - instancias_txt/SSP-NPM-I/ins65_m=2_j=15_t=15_var=5.txt

- MACHINE [0]

0 0 
0 0 
0 0 
0 0 
0 0 
0 0 
0 1 
0 0 
0 0 
1 1 
1 1 
0 0 
1 1 
1 0 
0 0 

JOBS [2] - [9, 10]
TOOL SWITCHES : 0
MAKESPAN : 6

- MACHINE [1]

1 0 0 0 1 1 1 1 0 0 0 0 0 
0 0 0 0 0 0 1 1 0 1 0 1 1 
1 1 0 0 0 0 0 1 1 0 0 0 0 
0 0 0 1 0 0 0 0 0 0 0 0 0 
0 0 0 0 0 0 0 0 0 0 1 1 1 
0 1 1 0 0 1 0 1 1 0 0 0 0 
0 0 1 0 0 0 0 0 0 0 0 0 0 
0 1 0 0 0 0 0 0 0 0 0 0 0 
0 0 0 0 1 0 0 0 0 1 1 0 0 
0 0 0 0 0 0 0 0 0 0 1 0 0 
0 0 0 0 0 0 0 1 1 1 0 0 1 
0 0 0 0 0 0 0 0 1 0 0 1 0 
0 0 1 1 1 0 0 0 0 0 1 1 1 
1 0 0 1 0 1 1 0 0 0 0 0 0 
1 0 1 1 1 0 0 0 0 0 0 0 0 

JOBS [13] - [0, 6, 5, 13, 7, 3, 12, 4, 8, 11, 1, 14, 2]
TOOL SWITCHES : 8
MAKESPAN : 105

# -------------------------- #

--- TOTAL TOOL SWITCHES : 8
--- HIGHEST MAKESPAN : 105
--- TOTAL FLOWTIME : 775
--- RUNNING TIME : 0.7228

# -------------------------- #
RUN : 1 - instancias_txt/SSP-NPM-I/ins66_m=2_j=15_t=15_var=6.txt

- MACHINE [0]

0 
0 
0 
0 
0 
1 
1 
0 
0 
1 
0 
0 
1 
1 
0 

JOBS [1] - [2]
TOOL SWITCHES : 0
MAKESPAN : 6

- MACHINE [1]

0 0 0 0 0 0 0 0 1 0 1 1 1 1 
1 0 0 1 0 0 1 0 0 0 0 0 0 0 
0 0 0 0 1 1 1 0 1 1 0 0 0 1 
0 0 1 0 0 1 0 0 0 0 0 0 0 0 
0 0 0 0 0 0 0 1 0 0 0 0 0 0 
0 0 0 0 0 0 1 1 0 1 0 0 1 0 
1 1 0 0 0 0 0 0 0 0 0 1 0 1 
1 0 1 1 1 0 0 0 0 1 1 0 0 0 
0 1 1 1 0 0 0 1 0 0 1 0 0 0 
0 1 1 0 0 0 1 0 0 0 0 0 0 0 
0 0 0 0 0 0 0 0 0 0 0 1 1 0 
0 0 0 0 0 0 0 0 0 0 0 0 0 1 
0 0 0 0 0 0 0 1 0 1 1 0 0 0 
1 1 1 0 0 0 0 0 0 0 0 0 0 0 
1 0 1 0 1 1 0 0 1 0 0 0 1 0 

JOBS [14] - [3, 12, 14, 13, 6, 9, 1, 10, 5, 8, 4, 0, 11, 7]
TOOL SWITCHES : 9
MAKESPAN : 110

# -------------------------- #

--- TOTAL TOOL SWITCHES : 9
--- HIGHEST MAKESPAN : 110
--- TOTAL FLOWTIME : 829
--- RUNNING TIME : 0.923456

# -------------------------- #
RUN : 1 - instancias_txt/SSP-NPM-I/ins67_m=2_j=15_t=15_var=7.txt

- MACHINE [0]

0 
0 
0 
0 
0 
1 
1 
0 
0 
0 
0 
0 
1 
1 
1 

JOBS [1] - [8]
TOOL SWITCHES : 0
MAKESPAN : 9

- MACHINE [1]

1 0 0 1 1 0 0 0 0 0 0 0 0 0 
0 0 0 0 0 0 1 1 0 0 1 1 1 0 
0 0 0 0 1 0 0 0 1 0 0 0 1 0 
1 0 0 0 0 0 0 0 0 0 0 0 0 1 
0 0 0 1 1 0 1 1 1 1 1 0 0 0 
0 0 0 0 0 0 0 0 1 1 0 0 0 0 
1 0 1 0 1 1 0 0 0 0 0 0 0 0 
0 0 1 0 0 1 1 1 0 0 0 0 0 0 
1 1 1 0 0 0 0 0 0 0 0 1 0 0 
0 0 0 0 0 0 0 0 0 0 1 1 0 1 
1 1 0 1 0 1 0 0 0 0 0 0 1 0 
0 0 0 0 0 1 0 0 0 1 0 0 0 1 
0 0 0 0 0 0 0 1 0 1 1 0 1 1 
0 0 0 0 0 0 1 1 0 0 1 1 1 0 
0 1 1 0 1 1 0 0 0 0 0 0 0 0 

JOBS [14] - [12, 14, 10, 6, 1, 11, 0, 7, 2, 3, 9, 4, 13, 5]
TOOL SWITCHES : 11
MAKESPAN : 131

# -------------------------- #

--- TOTAL TOOL SWITCHES : 11
--- HIGHEST MAKESPAN : 131
--- TOTAL FLOWTIME : 859
--- RUNNING TIME : 0.897863

# -------------------------- #
RUN : 1 - instancias_txt/SSP-NPM-I/ins68_m=2_j=15_t=15_var=8.txt

- MACHINE [0]

1 
1 
0 
0 
0 
1 
0 
0 
0 
0 
1 
1 
0 
0 
0 

JOBS [1] - [4]
TOOL SWITCHES : 0
MAKESPAN : 10

- MACHINE [1]

0 0 0 0 0 0 0 0 1 1 0 0 0 0 
1 0 0 0 0 0 0 0 0 0 1 1 0 0 
0 1 1 1 0 0 0 0 0 0 1 0 1 0 
0 0 0 0 0 0 1 1 1 0 0 0 1 1 
0 1 1 0 1 1 1 0 0 0 0 0 0 0 
0 0 1 0 0 0 0 0 0 0 0 0 0 0 
0 0 0 0 0 1 1 0 1 0 1 0 0 1 
0 0 0 0 1 1 0 0 0 1 1 0 0 0 
0 0 0 0 0 0 0 0 0 0 0 1 1 1 
0 0 0 0 0 0 0 0 0 0 0 1 0 1 
1 0 0 1 0 0 0 1 0 0 1 0 0 0 
0 0 1 0 1 0 1 1 0 1 0 1 0 0 
1 1 0 0 0 0 0 0 0 0 0 0 0 0 
1 1 0 1 1 1 0 0 0 0 0 0 0 0 
1 0 0 1 1 0 1 0 0 1 0 0 0 0 

JOBS [14] - [13, 7, 10, 14, 0, 3, 2, 5, 9, 12, 6, 1, 11, 8]
TOOL SWITCHES : 10
MAKESPAN : 122

# -------------------------- #

--- TOTAL TOOL SWITCHES : 10
--- HIGHEST MAKESPAN : 122
--- TOTAL FLOWTIME : 933
--- RUNNING TIME : 0.992861

# -------------------------- #
RUN : 1 - instancias_txt/SSP-NPM-I/ins69_m=2_j=15_t=15_var=9.txt

- MACHINE [0]

1 0 
0 0 
1 1 
0 1 
0 0 
1 1 
0 0 
0 0 
0 0 
0 0 
0 0 
0 0 
0 0 
0 0 
0 1 

JOBS [2] - [7, 4]
TOOL SWITCHES : 0
MAKESPAN : 17

- MACHINE [1]

1 0 0 0 1 1 0 0 0 0 1 1 0 
0 0 1 0 0 0 1 1 1 1 0 0 0 
0 0 0 0 0 1 0 1 1 0 1 1 0 
0 0 0 0 0 0 0 0 0 0 0 0 0 
0 0 0 1 1 1 1 0 0 0 0 0 0 
0 0 1 1 0 0 0 0 0 0 0 0 0 
0 0 0 0 0 0 0 0 0 0 1 1 0 
0 0 0 0 1 0 0 0 0 0 0 0 0 
0 0 0 0 0 0 0 1 0 1 0 0 0 
0 0 0 0 0 0 0 0 0 0 0 1 1 
1 1 1 0 0 0 0 0 0 0 0 0 0 
0 0 0 0 0 0 0 0 0 0 0 0 0 
1 0 0 1 0 1 1 0 1 1 1 0 1 
0 1 0 0 1 0 0 0 0 1 1 0 0 
1 1 0 0 0 0 1 1 1 1 0 0 1 

JOBS [13] - [2, 3, 10, 5, 13, 11, 0, 6, 8, 9, 12, 14, 1]
TOOL SWITCHES : 6
MAKESPAN : 92

# -------------------------- #

--- TOTAL TOOL SWITCHES : 6
--- HIGHEST MAKESPAN : 92
--- TOTAL FLOWTIME : 625
--- RUNNING TIME : 0.808918

# -------------------------- #
RUN : 1 - instancias_txt/SSP-NPM-I/ins70_m=2_j=15_t=15_var=10.txt

- MACHINE [0]

0 
1 
1 
1 
0 
0 
0 
0 
0 
0 
1 
0 
0 
0 
1 

JOBS [1] - [13]
TOOL SWITCHES : 0
MAKESPAN : 8

- MACHINE [1]

0 1 1 0 0 0 0 0 0 0 0 0 0 0 
0 0 0 0 0 0 1 1 1 0 0 0 0 0 
0 0 0 0 0 0 0 0 0 1 0 0 0 1 
1 0 0 0 0 1 0 1 0 0 0 1 0 0 
0 1 1 0 0 1 0 1 0 0 1 0 0 1 
0 0 0 0 1 1 1 0 0 0 0 0 0 0 
1 1 0 0 0 0 0 0 0 0 0 1 1 1 
0 1 0 1 0 0 0 0 0 0 0 0 0 0 
1 0 1 1 0 0 0 0 1 1 0 0 0 0 
0 0 0 0 0 0 0 1 0 1 0 1 1 0 
1 0 1 0 0 0 0 0 0 0 0 0 0 0 
0 0 0 1 0 1 1 0 1 1 1 0 1 0 
0 0 0 0 0 0 0 0 0 0 0 0 0 1 
0 0 1 0 1 1 0 0 1 1 0 0 0 0 
0 0 0 1 1 0 0 0 0 0 1 1 0 0 

JOBS [14] - [14, 8, 0, 11, 3, 1, 4, 10, 2, 12, 9, 7, 6, 5]
TOOL SWITCHES : 10
MAKESPAN : 108

# -------------------------- #

--- TOTAL TOOL SWITCHES : 10
--- HIGHEST MAKESPAN : 108
--- TOTAL FLOWTIME : 828
--- RUNNING TIME : 0.898988

# -------------------------- #
RUN : 1 - instancias_txt/SSP-NPM-I/ins71_m=2_j=15_t=15_var=11.txt

- MACHINE [0]

0 
0 
1 
0 
0 
0 
1 
1 
1 
0 
1 
0 
0 
0 
0 

JOBS [1] - [2]
TOOL SWITCHES : 0
MAKESPAN : 3

- MACHINE [1]

1 1 0 0 0 0 0 0 0 0 0 0 1 0 
1 0 1 0 1 1 0 0 0 0 0 0 0 0 
1 0 0 1 0 0 0 1 0 0 0 0 0 0 
0 0 0 0 0 0 0 1 1 0 1 0 1 0 
0 0 0 0 0 0 0 0 0 0 1 0 1 1 
0 0 0 0 0 1 1 1 0 0 0 1 0 1 
0 0 0 0 0 0 1 1 1 0 1 0 0 0 
0 0 0 0 0 0 1 0 1 1 1 1 0 0 
0 0 0 0 0 0 0 0 0 0 0 1 1 0 
0 0 0 0 1 0 1 0 0 1 0 0 0 0 
1 1 1 1 1 1 0 0 0 0 0 0 0 0 
0 1 0 1 1 1 1 0 1 1 0 0 0 0 
0 1 0 1 0 1 1 0 0 0 0 0 0 0 
1 1 1 0 0 0 0 0 1 1 1 0 0 0 
0 0 0 1 0 0 0 0 0 0 0 1 0 1 

JOBS [14] - [8, 6, 3, 13, 10, 9, 5, 4, 1, 12, 11, 7, 14, 0]
TOOL SWITCHES : 11
MAKESPAN : 131

# -------------------------- #

--- TOTAL TOOL SWITCHES : 11
--- HIGHEST MAKESPAN : 131
--- TOTAL FLOWTIME : 980
--- RUNNING TIME : 0.90157

# -------------------------- #
RUN : 1 - instancias_txt/SSP-NPM-I/ins72_m=2_j=15_t=15_var=12.txt

- MACHINE [0]

0 0 
0 1 
0 0 
0 0 
1 0 
0 1 
0 0 
1 1 
0 0 
0 0 
0 0 
0 0 
0 0 
1 0 
0 0 

JOBS [2] - [13, 5]
TOOL SWITCHES : 0
MAKESPAN : 9

- MACHINE [1]

0 1 1 1 0 1 0 1 1 0 1 0 1 
0 0 0 0 0 0 0 0 1 0 0 1 0 
0 1 0 1 0 1 0 0 0 0 0 1 1 
1 1 0 0 1 1 1 1 0 0 0 0 0 
0 0 0 0 1 0 1 0 1 1 0 1 1 
0 0 0 0 0 0 1 1 0 1 1 1 0 
0 0 0 0 0 0 0 1 0 1 0 0 1 
0 0 0 0 0 0 0 0 0 0 0 0 0 
0 0 1 1 1 1 0 1 0 1 0 1 0 
0 0 0 0 0 0 0 0 0 0 0 0 1 
0 0 0 0 0 1 1 0 0 0 0 0 0 
1 0 0 1 0 0 1 0 1 0 0 0 0 
1 1 0 0 1 0 0 0 0 0 0 0 0 
1 0 0 0 0 0 0 0 0 0 0 0 0 
0 1 1 0 0 0 0 0 0 0 1 0 0 

JOBS [13] - [2, 9, 14, 1, 8, 3, 10, 6, 12, 11, 4, 7, 0]
TOOL SWITCHES : 9
MAKESPAN : 93

# -------------------------- #

--- TOTAL TOOL SWITCHES : 9
--- HIGHEST MAKESPAN : 93
--- TOTAL FLOWTIME : 639
--- RUNNING TIME : 0.701328

# -------------------------- #
RUN : 1 - instancias_txt/SSP-NPM-I/ins73_m=2_j=15_t=15_var=13.txt

- MACHINE [0]

0 0 
1 1 
1 0 
0 0 
1 0 
0 0 
0 0 
0 0 
0 0 
0 0 
1 1 
0 0 
0 1 
0 1 
0 0 

JOBS [2] - [4, 10]
TOOL SWITCHES : 1
MAKESPAN : 20

- MACHINE [1]

0 1 0 0 1 0 1 1 1 1 1 0 0 
0 0 0 0 0 0 1 0 0 1 0 1 0 
0 0 0 0 0 0 0 0 0 1 1 1 0 
0 0 0 1 1 1 0 0 0 0 0 0 0 
0 0 0 1 1 0 0 0 0 0 0 0 0 
0 0 0 0 0 0 0 0 1 1 0 0 1 
1 1 0 0 1 1 0 1 1 1 0 0 0 
0 0 0 0 0 0 0 0 0 0 0 1 1 
1 1 0 0 0 0 0 0 0 0 0 0 0 
0 0 0 0 0 1 0 1 0 0 1 1 0 
0 0 0 0 0 1 0 1 0 0 0 0 0 
0 0 1 1 0 0 1 1 0 0 1 0 1 
0 1 1 0 0 0 0 0 0 0 0 0 0 
1 0 0 1 0 0 0 0 0 0 0 0 0 
1 0 1 0 1 1 1 0 1 0 0 0 0 

JOBS [13] - [3, 6, 13, 1, 11, 7, 12, 2, 9, 0, 5, 14, 8]
TOOL SWITCHES : 8
MAKESPAN : 102

# -------------------------- #

--- TOTAL TOOL SWITCHES : 9
--- HIGHEST MAKESPAN : 102
--- TOTAL FLOWTIME : 810
--- RUNNING TIME : 0.72399

# -------------------------- #
RUN : 1 - instancias_txt/SSP-NPM-I/ins74_m=2_j=15_t=15_var=14.txt

- MACHINE [0]

1 1 1 
0 0 0 
0 0 0 
1 1 1 
0 1 1 
0 0 0 
0 0 0 
0 0 0 
0 0 0 
1 0 0 
1 1 1 
0 0 1 
0 0 0 
0 0 0 
0 0 0 

JOBS [3] - [11, 2, 3]
TOOL SWITCHES : 1
MAKESPAN : 19

- MACHINE [1]

0 0 0 0 0 0 0 0 1 1 1 1 
1 1 0 0 1 0 0 1 0 0 0 0 
0 0 0 0 0 0 0 0 0 0 1 0 
0 0 0 0 0 0 0 0 0 0 0 0 
0 0 0 0 0 0 1 1 1 0 0 0 
0 0 1 1 0 1 0 0 0 1 0 0 
0 0 0 1 1 1 0 0 0 0 0 0 
1 1 1 0 1 0 1 1 0 0 0 0 
1 0 0 1 1 0 1 0 0 1 1 1 
0 1 0 0 0 0 0 0 0 0 0 0 
1 0 1 0 0 0 0 0 0 0 0 0 
0 0 1 1 0 0 1 1 1 0 0 1 
0 0 0 0 0 1 1 1 1 0 0 0 
0 0 0 0 0 0 0 0 0 1 1 0 
0 1 1 1 0 0 0 0 0 0 0 0 

JOBS [12] - [13, 7, 10, 5, 9, 6, 1, 0, 4, 12, 8, 14]
TOOL SWITCHES : 7
MAKESPAN : 82

# -------------------------- #

--- TOTAL TOOL SWITCHES : 8
--- HIGHEST MAKESPAN : 82
--- TOTAL FLOWTIME : 607
--- RUNNING TIME : 0.800051

# -------------------------- #
RUN : 1 - instancias_txt/SSP-NPM-I/ins75_m=2_j=15_t=15_var=15.txt

- MACHINE [0]

1 0 1 0 0 0 0 1 1 1 1 0 
0 0 0 0 0 0 0 0 1 0 0 0 
0 1 0 1 1 0 1 0 0 0 0 0 
0 0 0 0 1 1 0 0 1 0 1 1 
0 0 0 0 0 0 1 1 0 0 0 0 
0 0 0 0 0 0 0 0 0 0 0 0 
0 0 0 0 0 0 0 0 0 0 0 0 
1 1 0 0 0 0 0 1 1 1 0 1 
0 0 0 1 1 1 1 0 0 1 1 1 
0 0 1 1 0 0 0 0 0 0 0 0 
0 0 1 0 0 1 1 1 0 0 0 0 
1 1 0 0 0 0 0 0 0 0 0 0 
0 1 1 0 1 1 0 0 0 0 0 0 
0 0 0 0 0 0 0 0 0 1 1 0 
0 0 0 0 0 0 0 0 0 0 0 0 

JOBS [12] - [7, 8, 12, 4, 11, 10, 14, 5, 6, 0, 13, 2]
TOOL SWITCHES : 10
MAKESPAN : 101

- MACHINE [1]

1 0 0 
1 1 0 
0 0 0 
0 0 0 
0 0 0 
0 0 1 
1 1 1 
0 0 0 
0 0 0 
1 0 0 
0 0 0 
0 1 1 
0 0 1 
0 1 0 
0 0 0 

JOBS [3] - [9, 3, 1]
TOOL SWITCHES : 1
MAKESPAN : 17

# -------------------------- #

--- TOTAL TOOL SWITCHES : 11
--- HIGHEST MAKESPAN : 101
--- TOTAL FLOWTIME : 721
--- RUNNING TIME : 0.541863

# -------------------------- #
RUN : 1 - instancias_txt/SSP-NPM-I/ins76_m=2_j=15_t=15_var=16.txt

- MACHINE [0]

0 0 
0 1 
0 0 
0 0 
0 0 
1 1 
0 0 
0 0 
1 0 
1 1 
1 1 
0 0 
0 0 
0 0 
0 0 

JOBS [2] - [5, 1]
TOOL SWITCHES : 0
MAKESPAN : 11

- MACHINE [1]

1 1 0 1 0 0 0 0 0 0 0 0 0 
0 0 0 0 0 0 0 0 0 1 0 1 1 
0 0 0 0 0 1 1 1 0 0 0 0 0 
1 0 0 1 0 0 0 0 0 1 0 0 0 
0 0 0 0 0 0 0 0 0 0 0 0 0 
0 0 0 0 0 0 0 0 0 0 1 0 0 
0 0 0 1 0 0 0 1 1 0 0 0 0 
0 0 0 0 1 1 1 1 0 1 1 1 1 
0 0 0 0 0 0 0 0 0 0 1 0 1 
0 1 0 1 1 1 0 0 0 0 0 0 1 
0 1 1 0 0 0 0 0 0 0 0 0 0 
0 0 0 0 0 0 0 1 1 1 1 0 0 
1 1 1 0 1 0 0 0 0 0 0 0 0 
0 0 1 0 1 0 1 0 0 0 0 0 0 
1 0 1 0 0 0 1 0 1 1 1 1 0 

JOBS [13] - [9, 6, 2, 7, 4, 3, 10, 13, 0, 14, 12, 8, 11]
TOOL SWITCHES : 7
MAKESPAN : 81

# -------------------------- #

--- TOTAL TOOL SWITCHES : 7
--- HIGHEST MAKESPAN : 81
--- TOTAL FLOWTIME : 556
--- RUNNING TIME : 0.814929

# -------------------------- #
RUN : 1 - instancias_txt/SSP-NPM-I/ins77_m=2_j=15_t=15_var=17.txt

- MACHINE [0]

0 0 
0 0 
0 0 
0 0 
1 1 
0 0 
1 1 
1 0 
0 0 
0 0 
0 0 
0 1 
0 0 
0 1 
0 0 

JOBS [2] - [3, 1]
TOOL SWITCHES : 0
MAKESPAN : 12

- MACHINE [1]

0 0 0 0 1 1 1 1 0 0 0 0 0 
0 0 1 0 0 0 1 0 0 0 1 1 1 
1 0 1 1 0 0 0 0 0 0 0 0 0 
0 0 1 0 0 1 0 1 0 0 0 0 0 
0 0 0 0 0 1 1 1 0 1 1 0 0 
0 0 0 1 1 0 0 1 0 0 1 1 0 
0 0 0 0 0 0 0 0 0 0 0 0 0 
0 0 0 1 0 0 0 0 0 1 0 1 0 
0 0 0 0 0 0 0 0 1 1 1 1 1 
1 0 0 0 0 0 0 1 1 1 0 0 1 
1 1 0 1 1 0 0 0 0 0 0 0 0 
0 0 0 0 1 0 1 0 0 0 0 0 0 
1 1 1 0 0 0 0 0 0 0 0 1 0 
1 1 1 0 0 0 0 0 1 0 0 0 0 
0 1 0 0 0 1 1 0 0 0 0 0 1 

JOBS [13] - [10, 11, 14, 8, 2, 12, 7, 6, 0, 5, 9, 4, 13]
TOOL SWITCHES : 11
MAKESPAN : 103

# -------------------------- #

--- TOTAL TOOL SWITCHES : 11
--- HIGHEST MAKESPAN : 103
--- TOTAL FLOWTIME : 737
--- RUNNING TIME : 0.84169

# -------------------------- #
RUN : 1 - instancias_txt/SSP-NPM-I/ins78_m=2_j=15_t=15_var=18.txt

- MACHINE [0]

1 
1 
0 
0 
0 
0 
0 
1 
1 
0 
0 
0 
0 
0 
1 

JOBS [1] - [9]
TOOL SWITCHES : 0
MAKESPAN : 6

- MACHINE [1]

0 0 0 0 0 0 0 0 1 1 1 0 1 1 
0 0 0 0 0 0 0 0 0 0 0 1 0 1 
1 0 0 0 0 0 0 0 0 0 1 0 1 1 
0 0 1 0 1 1 1 1 0 0 0 0 0 0 
0 0 0 0 0 0 0 0 0 0 0 0 0 0 
0 0 0 1 1 0 1 0 0 1 1 1 0 0 
0 1 0 0 0 0 0 0 0 0 0 0 0 0 
1 0 0 1 0 0 1 0 0 1 0 0 0 0 
0 0 0 0 1 1 0 0 0 0 0 1 1 0 
1 1 1 0 0 0 0 0 0 1 1 0 0 0 
0 0 0 0 0 0 0 1 1 1 0 1 1 0 
0 0 0 1 0 1 0 1 1 0 0 0 0 1 
1 1 1 0 0 0 0 0 0 0 0 0 0 0 
1 1 0 1 0 0 0 0 0 0 0 0 0 0 
0 0 1 1 1 1 0 0 0 0 0 0 0 0 

JOBS [14] - [6, 1, 2, 14, 12, 13, 3, 0, 4, 10, 5, 7, 11, 8]
TOOL SWITCHES : 8
MAKESPAN : 96

# -------------------------- #

--- TOTAL TOOL SWITCHES : 8
--- HIGHEST MAKESPAN : 96
--- TOTAL FLOWTIME : 713
--- RUNNING TIME : 0.885896

# -------------------------- #
RUN : 1 - instancias_txt/SSP-NPM-I/ins79_m=2_j=15_t=15_var=19.txt

- MACHINE [0]

1 
0 
0 
0 
1 
0 
0 
1 
1 
1 
0 
0 
0 
0 
0 

JOBS [1] - [2]
TOOL SWITCHES : 0
MAKESPAN : 10

- MACHINE [1]

0 0 0 0 0 0 0 0 1 0 1 0 0 0 
0 0 0 0 0 0 0 0 0 1 1 1 0 1 
0 1 1 0 1 0 0 0 0 0 0 0 0 0 
1 0 0 1 1 1 0 0 0 1 0 0 0 0 
0 0 0 0 0 0 0 0 1 1 0 1 1 0 
0 0 0 0 0 1 1 0 0 0 1 0 0 0 
0 0 0 1 0 0 0 1 1 1 1 0 0 0 
0 0 0 0 0 1 1 1 0 0 0 0 0 1 
1 1 1 0 0 0 0 0 0 0 0 1 1 0 
1 0 0 0 0 0 1 0 0 0 0 0 0 0 
0 0 0 0 0 0 0 1 1 0 0 1 0 0 
0 0 1 0 0 1 0 0 1 0 0 0 0 0 
0 0 0 0 0 0 0 0 0 0 1 0 1 1 
0 1 1 0 1 0 0 0 0 0 0 0 0 1 
1 1 0 1 1 1 0 1 0 0 0 0 0 0 

JOBS [14] - [8, 14, 6, 1, 12, 9, 13, 11, 5, 4, 10, 0, 7, 3]
TOOL SWITCHES : 11
MAKESPAN : 104

# -------------------------- #

--- TOTAL TOOL SWITCHES : 11
--- HIGHEST MAKESPAN : 104
--- TOTAL FLOWTIME : 677
--- RUNNING TIME : 0.881371

# -------------------------- #
RUN : 1 - instancias_txt/SSP-NPM-I/ins80_m=2_j=15_t=15_var=20.txt

- MACHINE [0]

0 
0 
0 
0 
0 
0 
0 
1 
0 
1 
1 
1 
0 
0 
1 

JOBS [1] - [1]
TOOL SWITCHES : 0
MAKESPAN : 3

- MACHINE [1]

1 0 1 1 1 0 0 0 0 0 0 0 0 0 
0 0 0 0 0 0 1 0 1 0 0 0 0 1 
0 0 1 1 0 0 0 0 0 0 0 1 1 0 
0 0 0 0 1 0 0 0 0 0 0 1 0 1 
1 1 1 0 0 0 0 0 0 0 0 0 0 0 
1 1 0 0 1 1 1 0 0 1 1 0 0 0 
0 1 0 1 1 1 1 0 0 1 0 0 0 0 
0 1 0 0 0 0 0 0 0 0 0 0 1 0 
0 0 0 0 0 0 0 0 0 1 0 0 1 1 
0 0 0 0 0 0 0 0 0 0 0 0 0 0 
0 0 0 0 0 0 0 0 0 1 1 0 1 1 
1 0 0 0 0 0 1 1 1 0 0 0 0 0 
0 1 1 0 0 0 1 1 0 0 0 0 1 0 
1 0 0 0 0 0 0 0 0 0 1 1 0 0 
0 0 0 1 1 1 0 1 1 0 0 0 0 0 

JOBS [14] - [13, 10, 11, 3, 0, 5, 7, 6, 4, 14, 9, 2, 12, 8]
TOOL SWITCHES : 10
MAKESPAN : 122

# -------------------------- #

--- TOTAL TOOL SWITCHES : 10
--- HIGHEST MAKESPAN : 122
--- TOTAL FLOWTIME : 938
--- RUNNING TIME : 0.970695

# -------------------------- #


avg : 9.4
