RUN : 1 - instancias_txt/SSP-NPM-I/ins61_m=2_j=15_t=15_var=1.txt

- MACHINE [0]

1 
0 
0 
0 
0 
1 
1 
0 
0 
0 
1 
0 
0 
0 
1 

JOBS [1] - [12]
TOOL SWITCHES : 0
MAKESPAN : 7

- MACHINE [1]

0 0 0 1 1 0 1 0 0 1 0 0 0 1 
0 1 0 0 1 1 1 0 1 1 1 0 1 0 
1 0 1 1 1 0 0 0 0 0 0 0 0 0 
0 1 1 1 0 0 1 0 1 1 0 1 0 0 
0 0 0 0 0 0 0 0 0 0 1 0 1 0 
1 0 1 0 0 0 0 0 0 0 0 0 0 0 
0 0 0 0 0 0 0 0 0 0 0 0 0 1 
0 0 1 0 1 1 0 0 0 0 0 0 1 0 
0 0 0 0 0 1 1 0 0 0 0 0 0 0 
0 0 0 0 0 0 0 1 0 1 1 1 1 1 
0 1 1 0 0 0 0 0 0 1 0 0 0 0 
1 1 0 0 1 1 1 1 0 0 0 0 0 0 
0 0 0 0 0 0 0 1 1 0 1 1 0 1 
0 0 0 0 0 0 0 0 1 0 0 0 0 0 
0 0 0 1 1 0 0 0 0 0 1 1 0 1 

JOBS [14] - [5, 2, 0, 14, 10, 9, 11, 3, 8, 6, 7, 13, 4, 1]
TOOL SWITCHES : 10
MAKESPAN : 118

# -------------------------- #

--- TOTAL TOOL SWITCHES : 10
--- HIGHEST MAKESPAN : 118
--- TOTAL FLOWTIME : 787
--- RUNNING TIME : 2.6481

# -------------------------- #
RUN : 1 - instancias_txt/SSP-NPM-I/ins62_m=2_j=15_t=15_var=2.txt

- MACHINE [0]

0 
0 
1 
1 
1 
0 
0 
0 
0 
0 
1 
0 
0 
0 
0 

JOBS [1] - [9]
TOOL SWITCHES : 0
MAKESPAN : 9

- MACHINE [1]

0 0 0 0 0 0 0 0 0 1 0 0 1 1 
0 0 0 0 0 0 0 0 0 0 1 0 0 1 
0 0 0 1 0 1 0 1 0 0 1 0 0 0 
1 1 0 0 0 0 0 0 0 0 0 0 0 0 
0 0 0 0 0 0 0 0 0 0 0 1 1 0 
0 1 1 1 1 0 0 0 0 0 0 0 0 1 
0 0 1 0 0 0 0 0 1 0 0 0 0 1 
0 0 0 0 0 0 0 0 0 0 0 1 1 1 
0 0 0 0 1 1 1 0 1 0 0 0 1 0 
0 0 1 1 0 0 0 0 0 0 0 0 1 0 
1 1 0 1 1 1 1 0 1 1 0 0 0 0 
0 0 1 1 1 0 1 1 1 0 0 0 0 0 
1 0 0 0 0 0 1 0 0 1 0 0 0 0 
0 0 0 0 0 1 1 1 1 0 1 1 0 0 
1 1 1 0 0 0 0 0 0 0 0 0 0 0 

JOBS [14] - [8, 13, 0, 1, 10, 3, 4, 14, 6, 5, 11, 12, 7, 2]
TOOL SWITCHES : 10
MAKESPAN : 123

# -------------------------- #

--- TOTAL TOOL SWITCHES : 10
--- HIGHEST MAKESPAN : 123
--- TOTAL FLOWTIME : 875
--- RUNNING TIME : 2.10209

# -------------------------- #
RUN : 1 - instancias_txt/SSP-NPM-I/ins63_m=2_j=15_t=15_var=3.txt

- MACHINE [0]

0 
0 
0 
1 
0 
1 
0 
0 
0 
0 
1 
0 
1 
0 
0 

JOBS [1] - [4]
TOOL SWITCHES : 0
MAKESPAN : 8

- MACHINE [1]

1 0 1 0 1 0 0 0 0 0 0 0 0 0 
1 1 1 0 0 0 0 0 0 1 1 1 1 0 
1 1 1 1 1 0 0 0 0 0 0 0 0 0 
0 0 0 0 0 0 0 0 0 0 0 0 0 0 
0 0 1 0 0 1 0 1 0 0 0 0 0 0 
0 0 0 0 0 1 1 1 0 0 0 0 0 0 
0 0 0 0 1 1 0 0 0 0 0 1 0 1 
0 0 0 1 0 0 0 1 0 0 0 1 0 0 
0 0 0 0 0 0 0 0 0 0 1 0 1 1 
0 0 0 1 0 0 0 0 0 0 0 0 0 1 
0 0 0 0 0 0 0 0 1 1 0 1 1 0 
0 0 0 0 0 0 0 1 1 1 0 0 1 0 
0 0 0 0 0 0 0 0 0 0 1 0 0 1 
0 1 0 0 1 0 1 0 0 1 0 0 0 0 
1 0 0 1 0 1 1 0 1 0 0 0 0 0 

JOBS [14] - [5, 7, 6, 3, 14, 0, 10, 9, 13, 12, 8, 11, 1, 2]
TOOL SWITCHES : 9
MAKESPAN : 96

# -------------------------- #

--- TOTAL TOOL SWITCHES : 9
--- HIGHEST MAKESPAN : 96
--- TOTAL FLOWTIME : 626
--- RUNNING TIME : 2.27303

# -------------------------- #
RUN : 1 - instancias_txt/SSP-NPM-I/ins64_m=2_j=15_t=15_var=4.txt

- MACHINE [0]

0 
0 
1 
0 
0 
0 
0 
0 
1 
0 
0 
0 
1 
1 
1 

JOBS [1] - [1]
TOOL SWITCHES : 0
MAKESPAN : 6

- MACHINE [1]

0 1 0 1 0 0 0 0 0 1 0 0 0 0 
0 0 0 0 1 0 1 1 0 1 1 0 0 1 
0 0 0 0 0 0 0 0 0 0 0 1 0 1 
0 0 0 1 0 1 0 1 1 0 0 0 0 0 
1 0 1 0 1 1 1 0 1 1 1 0 0 1 
0 0 0 0 0 0 0 1 0 0 0 1 1 0 
0 0 1 1 1 1 0 0 0 0 0 0 0 0 
0 0 0 0 0 0 0 0 0 1 0 0 1 0 
1 0 0 1 1 0 1 0 0 0 0 0 0 0 
0 0 0 0 0 0 0 1 0 1 1 1 0 0 
1 1 0 0 0 0 0 0 0 0 1 0 0 0 
1 0 1 0 0 0 0 0 0 0 0 0 1 0 
0 0 0 0 0 0 0 0 1 0 0 0 0 0 
1 1 0 1 0 1 0 0 1 0 0 1 0 1 
0 1 1 0 0 0 1 1 0 0 0 0 0 0 

JOBS [14] - [9, 0, 4, 12, 7, 3, 8, 6, 5, 11, 13, 10, 14, 2]
TOOL SWITCHES : 11
MAKESPAN : 120

# -------------------------- #

--- TOTAL TOOL SWITCHES : 11
--- HIGHEST MAKESPAN : 120
--- TOTAL FLOWTIME : 895
--- RUNNING TIME : 2.5863

# -------------------------- #
RUN : 1 - instancias_txt/SSP-NPM-I/ins65_m=2_j=15_t=15_var=5.txt

- MACHINE [0]

0 0 
0 0 
1 1 
0 0 
0 0 
1 1 
0 0 
0 1 
0 0 
0 0 
1 0 
1 0 
0 0 
0 0 
0 0 

JOBS [2] - [8, 6]
TOOL SWITCHES : 0
MAKESPAN : 10

- MACHINE [1]

1 1 1 0 0 1 1 0 0 0 0 0 0 
1 0 0 0 0 0 1 1 1 1 0 0 0 
1 1 0 0 0 0 0 0 0 0 0 0 0 
0 0 0 1 0 0 0 0 0 0 0 0 0 
0 0 0 0 0 0 0 1 0 1 1 0 0 
1 0 1 0 1 0 0 0 0 0 0 0 0 
0 0 0 0 1 0 0 0 0 0 0 1 0 
0 0 0 0 0 0 0 0 0 0 0 0 0 
0 0 0 0 0 1 0 0 1 0 1 0 0 
0 0 0 0 0 0 0 0 0 0 1 1 1 
1 0 0 0 0 0 0 0 1 1 0 1 1 
0 0 0 0 0 0 0 1 0 0 0 0 0 
0 0 0 1 1 1 0 1 0 1 1 1 1 
0 1 1 1 0 0 1 0 0 0 0 0 1 
0 1 0 1 1 1 0 0 0 0 0 0 0 

JOBS [13] - [4, 0, 3, 13, 5, 7, 12, 14, 11, 2, 1, 10, 9]
TOOL SWITCHES : 8
MAKESPAN : 99

# -------------------------- #

--- TOTAL TOOL SWITCHES : 8
--- HIGHEST MAKESPAN : 99
--- TOTAL FLOWTIME : 761
--- RUNNING TIME : 1.86322

# -------------------------- #
RUN : 1 - instancias_txt/SSP-NPM-I/ins66_m=2_j=15_t=15_var=6.txt

- MACHINE [0]

1 1 1 1 
0 0 0 0 
0 0 1 1 
0 0 0 0 
0 0 0 0 
0 1 0 0 
1 0 0 1 
0 0 0 0 
0 0 0 0 
0 0 0 0 
1 1 0 0 
0 0 0 1 
0 0 0 0 
0 0 0 0 
0 1 1 0 

JOBS [4] - [0, 11, 5, 7]
TOOL SWITCHES : 2
MAKESPAN : 32

- MACHINE [1]

1 0 0 0 0 0 0 0 0 0 0 
0 0 0 0 0 1 1 1 0 0 0 
0 0 0 0 1 1 0 0 1 0 1 
0 0 0 0 0 0 0 0 1 1 0 
0 1 0 0 0 0 0 0 0 0 0 
0 1 1 0 1 1 0 0 0 0 0 
0 0 1 1 0 0 1 0 0 0 0 
1 0 0 0 1 0 1 1 0 1 1 
1 1 0 1 0 0 0 1 0 1 0 
0 0 1 1 0 1 0 0 0 1 0 
0 0 0 0 0 0 0 0 0 0 0 
0 0 0 0 0 0 0 0 0 0 0 
1 1 1 0 1 0 0 0 0 0 0 
0 0 1 1 0 0 1 0 0 1 0 
0 0 0 0 0 0 1 0 1 1 1 

JOBS [11] - [4, 10, 2, 12, 8, 1, 3, 13, 9, 14, 6]
TOOL SWITCHES : 7
MAKESPAN : 85

# -------------------------- #

--- TOTAL TOOL SWITCHES : 9
--- HIGHEST MAKESPAN : 85
--- TOTAL FLOWTIME : 581
--- RUNNING TIME : 1.30296

# -------------------------- #
RUN : 1 - instancias_txt/SSP-NPM-I/ins67_m=2_j=15_t=15_var=7.txt

- MACHINE [0]

0 
0 
0 
0 
0 
1 
1 
0 
0 
0 
0 
0 
1 
1 
1 

JOBS [1] - [8]
TOOL SWITCHES : 0
MAKESPAN : 9

- MACHINE [1]

0 0 0 0 0 0 0 0 1 0 0 0 1 1 
1 1 1 0 0 1 1 0 0 0 0 0 0 0 
0 0 1 1 0 0 0 0 0 0 0 0 0 1 
0 0 0 0 0 0 0 1 1 0 0 0 0 0 
1 1 0 1 1 1 0 0 0 0 0 0 1 1 
0 0 0 1 1 0 0 0 0 0 0 0 0 0 
0 0 0 0 0 0 0 0 1 0 1 1 0 1 
1 1 0 0 0 0 0 0 0 0 1 1 0 0 
0 0 0 0 0 0 1 0 1 1 1 0 0 0 
0 0 0 0 0 1 1 1 0 0 0 0 0 0 
0 0 1 0 0 0 0 0 1 1 0 1 1 0 
0 0 0 0 1 0 0 1 0 0 0 1 0 0 
1 0 1 0 1 1 0 1 0 0 0 0 0 0 
1 1 1 0 0 1 1 0 0 0 0 0 0 0 
0 0 0 0 0 0 0 0 0 1 1 1 0 1 

JOBS [14] - [7, 0, 13, 2, 3, 9, 4, 5, 12, 14, 10, 11, 6, 1]
TOOL SWITCHES : 11
MAKESPAN : 131

# -------------------------- #

--- TOTAL TOOL SWITCHES : 11
--- HIGHEST MAKESPAN : 131
--- TOTAL FLOWTIME : 968
--- RUNNING TIME : 1.90091

# -------------------------- #
RUN : 1 - instancias_txt/SSP-NPM-I/ins68_m=2_j=15_t=15_var=8.txt

- MACHINE [0]

0 
1 
1 
0 
0 
0 
1 
1 
0 
0 
1 
0 
0 
0 
0 

JOBS [1] - [6]
TOOL SWITCHES : 0
MAKESPAN : 1

- MACHINE [1]

0 0 0 0 0 1 0 1 0 0 0 0 0 1 
1 0 0 0 0 0 0 0 0 0 0 0 1 1 
0 1 1 0 0 0 0 0 1 1 0 0 0 0 
0 0 0 0 0 0 1 1 0 1 1 1 0 0 
0 0 1 1 1 0 1 0 1 0 0 0 0 0 
0 0 0 0 0 0 0 0 1 0 0 0 0 1 
0 0 0 1 0 0 1 1 0 0 1 0 0 0 
0 0 0 1 1 1 0 0 0 0 0 0 0 0 
0 0 0 0 0 0 0 0 0 1 1 0 1 0 
0 0 0 0 0 0 0 0 0 0 1 0 1 0 
1 1 0 0 0 0 0 0 0 0 0 1 0 1 
0 0 0 0 1 1 1 0 1 0 0 1 1 1 
1 0 1 0 0 0 0 0 0 0 0 0 0 0 
1 1 1 1 1 0 0 0 0 0 0 0 0 0 
1 1 0 0 1 1 1 0 0 0 0 0 0 0 

JOBS [14] - [13, 14, 7, 3, 0, 12, 2, 9, 10, 11, 8, 5, 1, 4]
TOOL SWITCHES : 10
MAKESPAN : 122

# -------------------------- #

--- TOTAL TOOL SWITCHES : 10
--- HIGHEST MAKESPAN : 122
--- TOTAL FLOWTIME : 933
--- RUNNING TIME : 2.50424

# -------------------------- #
RUN : 1 - instancias_txt/SSP-NPM-I/ins69_m=2_j=15_t=15_var=9.txt

- MACHINE [0]

1 
0 
0 
0 
1 
0 
0 
1 
0 
0 
0 
0 
0 
1 
0 

JOBS [1] - [13]
TOOL SWITCHES : 0
MAKESPAN : 4

- MACHINE [1]

1 1 1 0 0 0 0 0 0 0 1 1 0 0 
0 0 0 1 0 1 1 0 0 1 0 0 0 1 
1 1 1 0 0 0 1 0 1 1 1 0 0 0 
0 0 0 0 0 0 0 0 1 0 0 0 0 0 
0 1 0 1 0 0 0 1 0 0 0 0 0 0 
0 0 0 0 0 0 0 1 1 0 1 0 0 1 
1 0 1 0 0 0 0 0 0 0 0 0 0 0 
0 0 0 0 0 0 0 0 0 0 0 0 0 0 
0 0 0 0 0 1 1 0 0 0 0 0 0 0 
0 0 1 0 1 0 0 0 0 0 0 0 0 0 
0 0 0 0 0 0 0 0 0 0 0 1 1 1 
0 0 0 0 0 0 0 0 0 0 0 0 0 0 
1 1 0 1 1 1 0 1 0 1 0 1 0 0 
1 0 0 0 0 1 0 0 0 0 0 0 1 0 
0 0 0 1 1 1 1 0 1 1 0 1 1 0 

JOBS [14] - [12, 11, 14, 0, 1, 9, 6, 5, 4, 8, 7, 2, 3, 10]
TOOL SWITCHES : 7
MAKESPAN : 115

# -------------------------- #

--- TOTAL TOOL SWITCHES : 7
--- HIGHEST MAKESPAN : 115
--- TOTAL FLOWTIME : 907
--- RUNNING TIME : 3.0454

# -------------------------- #
RUN : 1 - instancias_txt/SSP-NPM-I/ins70_m=2_j=15_t=15_var=10.txt

- MACHINE [0]

0 
1 
1 
1 
0 
0 
0 
0 
0 
0 
1 
0 
0 
0 
1 

JOBS [1] - [13]
TOOL SWITCHES : 0
MAKESPAN : 8

- MACHINE [1]

0 0 0 0 0 0 0 0 0 0 0 1 1 0 
1 0 0 0 1 1 0 0 0 0 0 0 0 0 
0 0 0 0 0 0 0 0 0 1 0 0 0 1 
0 1 0 0 1 0 0 1 1 0 0 0 0 0 
0 1 0 1 1 0 0 0 0 0 0 1 1 1 
1 1 1 0 0 0 0 0 0 0 0 0 0 0 
0 0 0 0 0 0 0 1 1 0 1 0 1 1 
0 0 0 0 0 0 1 0 0 0 0 0 1 0 
0 0 0 0 0 1 1 0 1 1 0 1 0 0 
0 0 0 0 1 0 0 1 0 1 1 0 0 0 
0 0 0 0 0 0 0 0 1 0 0 1 0 0 
1 1 0 1 0 1 1 0 0 1 1 0 0 0 
0 0 0 0 0 0 0 0 0 0 0 0 0 1 
0 1 1 0 0 1 0 0 0 1 0 1 0 0 
0 0 1 1 0 0 1 1 0 0 0 0 0 0 

JOBS [14] - [4, 1, 3, 9, 10, 2, 11, 7, 14, 12, 6, 0, 8, 5]
TOOL SWITCHES : 10
MAKESPAN : 108

# -------------------------- #

--- TOTAL TOOL SWITCHES : 10
--- HIGHEST MAKESPAN : 108
--- TOTAL FLOWTIME : 714
--- RUNNING TIME : 2.33442

# -------------------------- #
RUN : 1 - instancias_txt/SSP-NPM-I/ins71_m=2_j=15_t=15_var=11.txt

- MACHINE [0]

0 
0 
1 
0 
0 
0 
0 
0 
0 
0 
1 
1 
1 
0 
1 

JOBS [1] - [13]
TOOL SWITCHES : 0
MAKESPAN : 3

- MACHINE [1]

1 1 0 0 0 0 0 0 0 0 0 1 0 0 
0 1 1 1 1 0 0 0 0 0 0 0 0 0 
0 1 0 0 0 0 0 0 0 0 0 0 1 1 
0 0 0 0 0 0 0 1 1 0 0 1 1 0 
0 0 0 0 0 0 0 0 1 0 1 1 0 0 
0 0 1 0 0 1 0 0 0 1 1 0 1 0 
0 0 0 0 0 1 0 1 1 0 0 0 1 1 
0 0 0 0 0 1 1 1 1 1 0 0 0 1 
0 0 0 0 0 0 0 0 0 1 0 1 0 1 
0 0 0 1 0 1 1 0 0 0 0 0 0 0 
1 1 1 1 1 0 0 0 0 0 0 0 0 1 
1 0 1 1 0 1 1 1 0 0 0 0 0 0 
1 0 1 0 0 1 0 0 0 0 0 0 0 0 
1 1 0 0 1 0 1 1 1 0 0 0 0 0 
0 0 0 0 0 0 0 0 0 1 1 0 0 0 

JOBS [14] - [6, 8, 9, 10, 3, 5, 12, 1, 11, 7, 0, 14, 4, 2]
TOOL SWITCHES : 11
MAKESPAN : 126

# -------------------------- #

--- TOTAL TOOL SWITCHES : 11
--- HIGHEST MAKESPAN : 126
--- TOTAL FLOWTIME : 969
--- RUNNING TIME : 3.08519

# -------------------------- #
RUN : 1 - instancias_txt/SSP-NPM-I/ins72_m=2_j=15_t=15_var=12.txt

- MACHINE [0]

0 0 
0 1 
0 0 
0 0 
1 0 
0 1 
0 0 
1 1 
0 0 
0 0 
0 0 
0 0 
0 0 
1 0 
0 0 

JOBS [2] - [13, 5]
TOOL SWITCHES : 0
MAKESPAN : 9

- MACHINE [1]

0 1 1 1 1 1 0 0 0 1 1 0 1 
0 0 0 0 0 0 0 0 0 0 1 1 0 
0 1 1 1 0 0 0 0 0 0 0 1 1 
1 1 1 0 0 0 1 1 0 1 0 0 0 
0 0 0 0 0 0 1 1 1 0 1 1 1 
0 0 0 0 1 0 0 1 1 1 0 1 0 
0 0 0 0 0 0 0 0 1 1 0 0 1 
0 0 0 0 0 0 0 0 0 0 0 0 0 
0 1 0 1 0 1 1 0 1 1 0 1 0 
0 0 0 0 0 0 0 0 0 0 0 0 1 
0 1 0 0 0 0 0 1 0 0 0 0 0 
1 0 0 1 0 0 0 1 0 0 1 0 0 
1 0 1 0 0 0 1 0 0 0 0 0 0 
1 0 0 0 0 0 0 0 0 0 0 0 0 
0 0 1 0 1 1 0 0 0 0 0 0 0 

JOBS [13] - [2, 3, 9, 1, 4, 14, 8, 10, 11, 6, 12, 7, 0]
TOOL SWITCHES : 9
MAKESPAN : 93

# -------------------------- #

--- TOTAL TOOL SWITCHES : 9
--- HIGHEST MAKESPAN : 93
--- TOTAL FLOWTIME : 709
--- RUNNING TIME : 2.6286

# -------------------------- #
RUN : 1 - instancias_txt/SSP-NPM-I/ins73_m=2_j=15_t=15_var=13.txt

- MACHINE [0]

0 0 
1 1 
0 1 
0 0 
0 1 
0 0 
0 0 
0 0 
0 0 
0 0 
1 1 
0 0 
1 0 
1 0 
0 0 

JOBS [2] - [10, 4]
TOOL SWITCHES : 1
MAKESPAN : 20

- MACHINE [1]

1 0 0 1 1 1 1 0 1 0 0 0 1 
0 0 1 1 1 0 0 0 0 0 0 0 0 
1 0 1 1 0 0 0 0 0 0 0 0 0 
0 0 0 0 0 0 0 1 1 1 0 0 0 
0 0 0 0 0 0 0 0 1 1 0 0 0 
0 1 0 1 0 0 1 0 0 0 0 0 0 
0 0 0 1 0 1 1 1 1 0 0 1 1 
0 1 1 0 0 0 0 0 0 0 0 0 0 
0 0 0 0 0 0 0 0 0 0 0 1 1 
1 0 1 0 0 1 0 1 0 0 0 0 0 
0 0 0 0 0 1 0 1 0 0 0 0 0 
1 1 0 0 1 1 0 0 0 1 1 0 0 
0 0 0 0 0 0 0 0 0 0 1 0 1 
0 0 0 0 0 0 0 0 0 1 0 1 0 
0 0 0 0 1 0 1 1 1 0 1 1 0 

JOBS [13] - [5, 8, 14, 0, 12, 2, 9, 7, 11, 1, 13, 3, 6]
TOOL SWITCHES : 8
MAKESPAN : 102

# -------------------------- #

--- TOTAL TOOL SWITCHES : 9
--- HIGHEST MAKESPAN : 102
--- TOTAL FLOWTIME : 630
--- RUNNING TIME : 2.21084

# -------------------------- #
RUN : 1 - instancias_txt/SSP-NPM-I/ins74_m=2_j=15_t=15_var=14.txt

- MACHINE [0]

1 1 1 
0 0 0 
0 1 0 
0 0 0 
0 0 0 
0 0 1 
0 0 0 
0 0 0 
1 1 1 
0 0 0 
0 0 0 
1 0 0 
0 0 0 
0 1 1 
0 0 0 

JOBS [3] - [14, 8, 12]
TOOL SWITCHES : 1
MAKESPAN : 26

- MACHINE [1]

0 0 0 0 0 0 0 1 1 1 1 0 
0 0 0 1 1 1 0 0 0 0 0 1 
0 0 0 0 0 0 0 0 0 0 0 0 
0 0 0 0 0 0 0 0 1 1 1 0 
0 0 0 0 0 1 1 1 1 1 0 0 
1 1 1 0 0 0 0 0 0 0 0 0 
0 1 1 1 0 0 0 0 0 0 0 0 
1 0 0 1 1 1 1 0 0 0 0 1 
0 1 0 1 1 0 1 0 0 0 0 0 
0 0 0 0 0 0 0 0 0 0 1 1 
1 0 0 0 1 0 0 0 1 1 1 0 
1 1 0 0 0 1 1 1 0 1 0 0 
0 0 1 0 0 1 1 1 0 0 0 0 
0 0 0 0 0 0 0 0 0 0 0 0 
1 1 0 0 0 0 0 0 0 0 0 1 

JOBS [12] - [10, 5, 6, 9, 13, 0, 1, 4, 2, 3, 11, 7]
TOOL SWITCHES : 7
MAKESPAN : 86

# -------------------------- #

--- TOTAL TOOL SWITCHES : 8
--- HIGHEST MAKESPAN : 86
--- TOTAL FLOWTIME : 547
--- RUNNING TIME : 2.22756

# -------------------------- #
RUN : 1 - instancias_txt/SSP-NPM-I/ins75_m=2_j=15_t=15_var=15.txt

- MACHINE [0]

0 
0 
0 
0 
0 
1 
1 
0 
0 
0 
0 
1 
1 
0 
0 

JOBS [1] - [1]
TOOL SWITCHES : 0
MAKESPAN : 10

- MACHINE [1]

1 0 0 1 0 0 1 0 0 1 1 0 1 1 
0 0 0 0 0 0 0 0 0 0 1 1 1 0 
0 1 1 0 0 0 0 1 1 0 0 0 0 0 
0 0 0 0 1 1 0 0 1 0 1 0 0 1 
1 0 1 0 0 0 0 0 0 0 0 0 0 0 
0 0 0 0 0 0 0 0 0 0 0 0 0 0 
0 0 0 0 0 0 0 0 0 0 0 1 1 0 
1 0 0 0 1 0 1 1 0 1 1 0 0 0 
0 1 1 0 1 1 0 0 1 1 0 0 0 1 
0 1 0 1 0 0 0 0 0 0 0 0 1 0 
1 0 1 1 0 1 0 0 0 0 0 0 0 0 
0 0 0 0 0 0 1 1 0 0 0 1 0 0 
0 0 0 1 0 1 0 1 1 0 0 0 0 0 
0 0 0 0 0 0 0 0 0 1 0 1 0 1 
0 0 0 0 0 0 0 0 0 0 0 0 0 0 

JOBS [14] - [5, 4, 14, 12, 2, 10, 7, 8, 11, 0, 6, 3, 9, 13]
TOOL SWITCHES : 7
MAKESPAN : 110

# -------------------------- #

--- TOTAL TOOL SWITCHES : 7
--- HIGHEST MAKESPAN : 110
--- TOTAL FLOWTIME : 722
--- RUNNING TIME : 3.50548

# -------------------------- #
RUN : 1 - instancias_txt/SSP-NPM-I/ins76_m=2_j=15_t=15_var=16.txt

- MACHINE [0]

0 
1 
0 
1 
0 
0 
0 
1 
0 
0 
0 
1 
0 
0 
1 

JOBS [1] - [14]
TOOL SWITCHES : 0
MAKESPAN : 1

- MACHINE [1]

1 1 1 0 0 0 0 0 0 0 0 0 0 0 
0 0 0 0 0 0 0 0 0 0 1 1 0 1 
0 0 0 0 0 1 1 1 0 0 0 0 0 0 
1 1 0 0 0 0 0 0 0 0 0 0 0 0 
0 0 0 0 0 0 0 0 0 0 0 0 0 0 
0 0 0 0 0 0 0 0 0 1 1 0 1 0 
1 0 0 0 0 0 0 1 1 0 0 0 0 0 
0 0 0 0 1 1 1 1 0 1 0 1 0 1 
0 0 0 0 0 0 0 0 0 1 0 0 1 1 
1 0 1 0 1 1 0 0 0 0 1 0 1 1 
0 0 1 1 0 0 0 0 0 0 1 0 1 0 
0 0 0 0 0 0 0 1 1 1 0 0 0 0 
0 1 1 1 1 0 0 0 0 0 0 0 0 0 
0 0 0 1 1 0 1 0 0 0 0 0 0 0 
0 1 0 1 0 0 1 0 1 1 0 1 0 0 

JOBS [14] - [7, 9, 6, 2, 4, 3, 10, 13, 0, 12, 1, 8, 5, 11]
TOOL SWITCHES : 7
MAKESPAN : 89

# -------------------------- #

--- TOTAL TOOL SWITCHES : 7
--- HIGHEST MAKESPAN : 89
--- TOTAL FLOWTIME : 641
--- RUNNING TIME : 2.37657

# -------------------------- #
RUN : 1 - instancias_txt/SSP-NPM-I/ins77_m=2_j=15_t=15_var=17.txt

- MACHINE [0]

0 0 
0 0 
0 0 
0 0 
1 1 
0 0 
1 1 
1 0 
0 0 
0 0 
0 0 
0 1 
0 0 
0 1 
0 0 

JOBS [2] - [3, 1]
TOOL SWITCHES : 0
MAKESPAN : 12

- MACHINE [1]

0 0 0 0 0 0 0 0 0 1 1 1 1 
1 0 0 0 1 0 0 1 1 1 0 0 0 
1 1 1 0 0 0 0 0 0 0 0 0 0 
1 0 0 0 0 0 0 0 0 0 0 1 1 
0 0 0 0 0 0 1 0 1 1 0 1 1 
0 0 1 0 1 0 0 0 1 0 1 0 1 
0 0 0 0 0 0 0 0 0 0 0 0 0 
0 0 1 0 1 0 1 0 0 0 0 0 0 
0 0 0 0 1 1 1 1 1 0 0 0 0 
0 1 0 0 0 1 1 1 0 0 0 0 1 
0 1 1 1 0 0 0 0 0 0 1 0 0 
0 0 0 0 0 0 0 0 0 1 1 0 0 
1 1 0 1 1 0 0 0 0 0 0 0 0 
1 1 0 1 0 1 0 0 0 0 0 0 0 
0 0 0 1 0 0 0 1 0 1 0 1 0 

JOBS [13] - [14, 10, 8, 11, 4, 0, 5, 13, 9, 7, 2, 12, 6]
TOOL SWITCHES : 10
MAKESPAN : 99

# -------------------------- #

--- TOTAL TOOL SWITCHES : 10
--- HIGHEST MAKESPAN : 99
--- TOTAL FLOWTIME : 646
--- RUNNING TIME : 1.93208

# -------------------------- #
RUN : 1 - instancias_txt/SSP-NPM-I/ins78_m=2_j=15_t=15_var=18.txt

- MACHINE [0]

1 
1 
0 
0 
0 
0 
0 
1 
1 
0 
0 
0 
0 
0 
1 

JOBS [1] - [9]
TOOL SWITCHES : 0
MAKESPAN : 6

- MACHINE [1]

1 1 1 0 1 1 0 0 0 0 0 0 0 0 
0 0 1 1 0 0 0 0 0 0 0 0 0 0 
1 0 1 0 1 0 0 0 0 0 0 0 0 1 
0 0 0 0 0 0 1 1 1 0 1 0 1 0 
0 0 0 0 0 0 0 0 0 0 0 0 0 0 
0 0 0 1 1 1 0 0 1 1 0 0 1 0 
0 0 0 0 0 0 0 0 0 0 0 1 0 0 
0 0 0 0 0 1 0 0 0 1 0 0 1 1 
1 0 0 1 0 0 0 1 1 0 0 0 0 0 
0 0 0 0 1 1 0 0 0 0 1 1 0 1 
1 1 0 1 0 1 1 0 0 0 0 0 0 0 
0 1 1 0 0 0 1 1 0 1 0 0 0 0 
0 0 0 0 0 0 0 0 0 0 1 1 0 1 
0 0 0 0 0 0 0 0 0 1 0 1 0 1 
0 0 0 0 0 0 0 1 1 1 1 0 0 0 

JOBS [14] - [11, 4, 8, 7, 5, 10, 0, 13, 12, 14, 2, 1, 3, 6]
TOOL SWITCHES : 8
MAKESPAN : 96

# -------------------------- #

--- TOTAL TOOL SWITCHES : 8
--- HIGHEST MAKESPAN : 96
--- TOTAL FLOWTIME : 703
--- RUNNING TIME : 2.35983

# -------------------------- #
RUN : 1 - instancias_txt/SSP-NPM-I/ins79_m=2_j=15_t=15_var=19.txt

- MACHINE [0]

0 0 0 
0 0 0 
1 1 1 
0 0 1 
0 0 0 
0 0 0 
0 0 0 
0 0 0 
1 1 0 
0 0 0 
0 0 0 
1 0 0 
0 0 0 
1 1 1 
0 1 1 

JOBS [3] - [6, 14, 12]
TOOL SWITCHES : 1
MAKESPAN : 20

- MACHINE [1]

0 0 1 1 0 1 0 0 0 0 0 0 
0 1 0 1 1 0 1 0 0 0 0 0 
0 0 0 0 0 0 0 0 0 0 0 0 
0 0 0 0 0 0 1 1 0 1 0 1 
1 0 1 0 1 1 1 0 0 0 0 0 
0 0 0 1 0 0 0 1 0 0 1 0 
0 0 0 1 0 1 1 0 1 0 0 1 
0 1 1 0 0 0 0 1 1 0 1 0 
1 0 1 0 1 0 0 0 0 1 0 0 
0 0 1 0 0 0 0 0 0 1 1 0 
0 0 0 0 1 1 0 0 1 0 0 0 
0 0 0 0 0 1 0 1 0 0 0 0 
1 1 0 1 0 0 0 0 0 0 0 0 
0 1 0 0 0 0 0 0 0 0 0 0 
0 0 0 0 0 0 0 1 1 1 0 1 

JOBS [12] - [7, 3, 2, 10, 0, 5, 4, 9, 11, 8, 13, 1]
TOOL SWITCHES : 10
MAKESPAN : 102

# -------------------------- #

--- TOTAL TOOL SWITCHES : 11
--- HIGHEST MAKESPAN : 102
--- TOTAL FLOWTIME : 690
--- RUNNING TIME : 2.4098

# -------------------------- #
RUN : 1 - instancias_txt/SSP-NPM-I/ins80_m=2_j=15_t=15_var=20.txt

- MACHINE [0]

0 
0 
0 
0 
0 
0 
0 
1 
0 
1 
1 
1 
0 
0 
1 

JOBS [1] - [1]
TOOL SWITCHES : 0
MAKESPAN : 3

- MACHINE [1]

1 0 0 0 0 1 1 1 0 0 0 0 0 0 
0 1 0 1 0 0 0 0 0 0 0 0 0 1 
0 0 0 0 0 1 1 0 0 0 1 0 1 0 
1 0 0 0 0 0 0 0 0 0 0 0 1 1 
0 0 0 0 0 0 1 1 1 0 0 0 0 0 
1 1 0 0 1 0 0 1 1 1 0 1 0 0 
1 1 0 0 1 1 0 0 1 1 0 0 0 0 
0 0 0 0 0 0 0 0 1 0 1 0 0 0 
0 0 0 0 0 0 0 0 0 1 1 0 0 1 
0 0 0 0 0 0 0 0 0 0 0 0 0 0 
0 0 0 0 0 0 0 0 0 1 1 1 0 1 
0 1 1 1 0 0 0 1 0 0 0 0 0 0 
0 1 1 0 0 0 1 0 1 0 1 0 0 0 
0 0 0 0 0 0 0 1 0 0 0 1 1 0 
1 0 1 1 1 1 0 0 0 0 0 0 0 0 

JOBS [14] - [0, 7, 6, 4, 5, 3, 11, 13, 10, 14, 12, 9, 2, 8]
TOOL SWITCHES : 10
MAKESPAN : 122

# -------------------------- #

--- TOTAL TOOL SWITCHES : 10
--- HIGHEST MAKESPAN : 122
--- TOTAL FLOWTIME : 823
--- RUNNING TIME : 1.90112

# -------------------------- #


avg : 9.25
