RUN : 1 - instancias_txt/SSP-NPM-I/ins61_m=2_j=15_t=15_var=1.txt

- MACHINE [0]

1 
0 
0 
0 
0 
1 
1 
0 
0 
0 
1 
0 
0 
0 
1 

JOBS [1] - [12]
TOOL SWITCHES : 0
MAKESPAN : 7

- MACHINE [1]

1 0 0 1 0 0 0 0 0 0 1 1 1 0 
0 1 0 1 1 0 1 1 0 0 0 1 1 1 
0 0 0 0 0 0 0 0 1 1 1 1 0 0 
0 0 1 1 1 0 0 1 0 1 1 0 1 0 
0 1 0 0 0 0 1 0 0 0 0 0 0 0 
0 0 0 0 0 0 0 0 1 1 0 0 0 0 
1 0 0 0 0 0 0 0 0 0 0 0 0 0 
0 0 0 0 0 0 1 0 0 1 0 1 0 1 
0 0 0 0 0 0 0 0 0 0 0 0 1 1 
1 1 1 1 0 1 1 0 0 0 0 0 0 0 
0 0 0 1 0 0 0 1 0 1 0 0 0 0 
0 0 0 0 0 1 0 1 1 0 0 1 1 1 
1 1 1 0 1 1 0 0 0 0 0 0 0 0 
0 0 0 0 1 0 0 0 0 0 0 0 0 0 
1 1 1 0 0 0 0 0 0 0 1 1 0 0 

JOBS [14] - [1, 7, 13, 6, 8, 3, 4, 2, 5, 0, 14, 10, 11, 9]
TOOL SWITCHES : 10
MAKESPAN : 118

# -------------------------- #

--- TOTAL TOOL SWITCHES : 10
--- HIGHEST MAKESPAN : 118
--- TOTAL FLOWTIME : 918
--- RUNNING TIME : 2.99986

# -------------------------- #
RUN : 1 - instancias_txt/SSP-NPM-I/ins62_m=2_j=15_t=15_var=2.txt

- MACHINE [0]

1 
1 
0 
0 
0 
1 
1 
1 
0 
0 
0 
0 
0 
0 
0 

JOBS [1] - [2]
TOOL SWITCHES : 0
MAKESPAN : 6

- MACHINE [1]

1 1 0 0 0 0 0 0 0 0 0 0 0 0 
0 0 0 1 0 0 0 0 0 0 0 0 0 0 
0 0 0 1 0 1 1 0 0 0 1 0 0 1 
0 0 0 0 0 0 0 0 0 0 0 1 1 1 
1 0 1 0 0 0 0 0 0 0 0 0 0 1 
0 0 0 0 0 0 0 0 1 1 1 0 1 0 
0 0 0 0 0 0 0 1 0 1 0 0 0 0 
1 0 1 0 0 0 0 0 0 0 0 0 0 0 
1 0 0 0 1 1 0 1 1 0 0 0 0 0 
1 0 0 0 0 0 0 0 0 1 1 0 0 0 
0 1 0 0 1 1 0 1 1 0 1 1 1 1 
0 0 0 0 1 0 1 1 1 1 1 0 0 0 
0 1 0 0 1 0 0 0 0 0 0 1 0 0 
0 0 1 1 1 1 1 1 0 0 0 0 0 0 
0 0 0 0 0 0 0 0 0 1 0 1 1 0 

JOBS [14] - [7, 5, 12, 11, 4, 3, 14, 6, 10, 0, 1, 8, 13, 9]
TOOL SWITCHES : 10
MAKESPAN : 126

# -------------------------- #

--- TOTAL TOOL SWITCHES : 10
--- HIGHEST MAKESPAN : 126
--- TOTAL FLOWTIME : 924
--- RUNNING TIME : 2.3647

# -------------------------- #
RUN : 1 - instancias_txt/SSP-NPM-I/ins63_m=2_j=15_t=15_var=3.txt

- MACHINE [0]

0 
0 
0 
1 
0 
1 
0 
0 
0 
0 
1 
0 
1 
0 
0 

JOBS [1] - [4]
TOOL SWITCHES : 0
MAKESPAN : 8

- MACHINE [1]

1 0 1 1 0 0 0 0 0 0 0 0 0 0 
0 1 1 1 0 1 0 1 1 1 0 0 0 0 
1 1 1 1 1 0 0 0 0 0 0 0 0 0 
0 0 0 0 0 0 0 0 0 0 0 0 0 0 
0 0 1 0 0 0 0 0 0 0 0 0 1 1 
0 0 0 0 0 0 0 0 0 0 1 0 1 1 
1 0 0 0 0 0 1 0 1 0 0 0 1 0 
0 0 0 0 1 0 0 0 1 0 0 0 0 1 
0 0 0 0 0 1 1 0 0 1 0 0 0 0 
0 0 0 0 1 0 1 0 0 0 0 0 0 0 
0 0 0 0 0 0 0 1 1 1 0 1 0 0 
0 0 0 0 0 0 0 1 0 1 0 1 0 1 
0 0 0 0 0 1 1 0 0 0 0 0 0 0 
1 1 0 0 0 0 0 1 0 0 1 0 0 0 
0 0 0 1 1 0 0 0 0 0 1 1 1 0 

JOBS [14] - [14, 7, 6, 5, 3, 8, 2, 12, 11, 1, 10, 13, 0, 9]
TOOL SWITCHES : 9
MAKESPAN : 96

# -------------------------- #

--- TOTAL TOOL SWITCHES : 9
--- HIGHEST MAKESPAN : 96
--- TOTAL FLOWTIME : 714
--- RUNNING TIME : 2.18381

# -------------------------- #
RUN : 1 - instancias_txt/SSP-NPM-I/ins64_m=2_j=15_t=15_var=4.txt

- MACHINE [0]

0 
1 
0 
1 
0 
1 
0 
0 
0 
1 
0 
0 
0 
0 
1 

JOBS [1] - [6]
TOOL SWITCHES : 0
MAKESPAN : 9

- MACHINE [1]

0 0 0 0 0 0 1 0 1 0 0 1 0 0 
1 0 1 1 0 0 0 0 0 0 1 1 0 0 
0 1 1 0 0 0 0 0 0 0 0 0 0 1 
0 0 0 0 1 1 1 0 0 0 0 0 0 0 
1 0 1 1 1 1 0 1 0 1 1 1 0 0 
0 0 0 0 0 0 0 0 0 0 0 0 1 1 
0 0 0 1 1 0 1 1 0 0 0 0 0 0 
0 0 0 0 0 0 0 0 0 0 0 1 1 0 
1 1 0 1 0 0 1 0 0 1 0 0 0 0 
0 0 0 0 0 0 0 0 0 0 1 1 0 1 
0 0 0 0 0 0 0 0 1 1 1 0 0 0 
0 0 0 0 0 0 0 1 0 1 0 0 1 0 
0 1 0 0 0 1 0 0 0 0 0 0 0 0 
0 1 1 0 1 1 1 0 1 1 0 0 0 1 
1 1 0 0 0 0 0 1 1 0 0 0 0 0 

JOBS [14] - [8, 1, 2, 7, 3, 5, 12, 4, 0, 9, 13, 11, 14, 10]
TOOL SWITCHES : 10
MAKESPAN : 112

# -------------------------- #

--- TOTAL TOOL SWITCHES : 10
--- HIGHEST MAKESPAN : 112
--- TOTAL FLOWTIME : 716
--- RUNNING TIME : 2.37733

# -------------------------- #
RUN : 1 - instancias_txt/SSP-NPM-I/ins65_m=2_j=15_t=15_var=5.txt

- MACHINE [0]

1 1 
0 1 
1 0 
0 0 
0 0 
0 0 
0 0 
0 0 
0 0 
0 0 
0 0 
0 0 
0 0 
1 1 
1 0 

JOBS [2] - [0, 12]
TOOL SWITCHES : 0
MAKESPAN : 17

- MACHINE [1]

0 0 0 1 0 1 0 0 0 0 0 0 1 
0 0 0 0 0 0 0 1 1 1 0 0 1 
0 0 0 0 0 0 0 0 0 0 1 1 1 
0 1 0 0 0 0 0 0 0 0 0 0 0 
0 0 0 0 0 0 1 0 1 1 0 0 0 
0 0 1 1 0 0 0 0 0 0 1 1 1 
1 0 1 0 0 0 0 0 0 0 0 0 0 
0 0 0 0 0 0 0 0 0 0 1 0 0 
0 0 0 0 0 1 1 1 0 0 0 0 0 
1 0 0 0 1 0 1 0 0 0 0 0 0 
1 0 0 0 1 0 0 1 0 1 0 1 1 
0 0 0 0 0 0 0 0 1 0 0 1 0 
1 1 1 0 1 1 1 0 1 1 0 0 0 
0 1 0 1 1 0 0 0 0 0 0 0 0 
0 1 1 0 0 1 0 0 0 0 0 0 0 

JOBS [13] - [10, 13, 5, 3, 9, 7, 1, 11, 14, 2, 6, 8, 4]
TOOL SWITCHES : 8
MAKESPAN : 102

# -------------------------- #

--- TOTAL TOOL SWITCHES : 8
--- HIGHEST MAKESPAN : 102
--- TOTAL FLOWTIME : 702
--- RUNNING TIME : 1.65452

# -------------------------- #
RUN : 1 - instancias_txt/SSP-NPM-I/ins66_m=2_j=15_t=15_var=6.txt

- MACHINE [0]

0 
0 
0 
0 
0 
1 
1 
0 
0 
1 
0 
0 
1 
1 
0 

JOBS [1] - [2]
TOOL SWITCHES : 0
MAKESPAN : 6

- MACHINE [1]

1 1 0 1 0 1 1 0 0 0 0 0 0 0 
0 0 0 0 0 0 0 0 1 1 0 0 0 1 
0 1 0 0 1 0 1 1 1 0 1 0 0 0 
0 0 0 0 0 0 0 0 0 0 1 1 0 0 
0 0 1 0 0 0 0 0 0 0 0 0 0 0 
0 0 1 0 1 1 0 0 1 0 0 0 0 0 
1 1 0 0 0 0 0 0 0 0 0 0 1 1 
0 0 0 1 1 0 0 1 0 1 0 1 0 1 
0 0 1 1 0 0 0 0 0 1 0 1 1 0 
0 0 0 0 0 0 0 0 1 0 0 1 1 0 
1 0 0 0 0 1 0 0 0 0 0 0 0 0 
0 1 0 0 0 0 0 0 0 0 0 0 0 0 
0 0 1 1 1 0 0 0 0 0 0 0 0 0 
0 0 0 0 0 0 0 0 0 0 0 1 1 1 
0 0 0 0 0 1 1 1 0 0 1 1 0 1 

JOBS [14] - [0, 7, 10, 4, 8, 11, 5, 6, 1, 13, 9, 14, 12, 3]
TOOL SWITCHES : 9
MAKESPAN : 110

# -------------------------- #

--- TOTAL TOOL SWITCHES : 9
--- HIGHEST MAKESPAN : 110
--- TOTAL FLOWTIME : 753
--- RUNNING TIME : 2.04435

# -------------------------- #
RUN : 1 - instancias_txt/SSP-NPM-I/ins67_m=2_j=15_t=15_var=7.txt

- MACHINE [0]

0 
0 
0 
0 
0 
1 
1 
0 
0 
0 
0 
0 
1 
1 
1 

JOBS [1] - [8]
TOOL SWITCHES : 0
MAKESPAN : 9

- MACHINE [1]

0 0 0 0 0 0 0 0 1 1 0 1 0 0 
0 0 1 1 1 0 1 1 0 0 0 0 0 0 
0 0 0 0 0 1 0 1 1 0 0 0 0 0 
1 0 0 0 0 0 0 0 0 1 0 0 0 0 
0 1 1 1 1 1 0 0 1 0 0 1 0 0 
0 1 0 0 0 1 0 0 0 0 0 0 0 0 
0 0 0 0 0 0 0 0 1 1 0 0 1 1 
0 0 0 1 1 0 0 0 0 0 0 0 1 1 
0 0 0 0 0 0 1 0 0 1 1 0 0 1 
1 0 1 0 0 0 1 0 0 0 0 0 0 0 
0 0 0 0 0 0 0 1 0 1 1 1 1 0 
1 1 0 0 0 0 0 0 0 0 0 0 1 0 
1 1 1 1 0 0 0 1 0 0 0 0 0 0 
0 0 1 1 1 0 1 1 0 0 0 0 0 0 
0 0 0 0 0 0 0 0 1 0 1 0 1 1 

JOBS [14] - [5, 3, 9, 7, 0, 2, 4, 13, 1, 12, 14, 6, 11, 10]
TOOL SWITCHES : 11
MAKESPAN : 131

# -------------------------- #

--- TOTAL TOOL SWITCHES : 11
--- HIGHEST MAKESPAN : 131
--- TOTAL FLOWTIME : 1024
--- RUNNING TIME : 2.309

# -------------------------- #
RUN : 1 - instancias_txt/SSP-NPM-I/ins68_m=2_j=15_t=15_var=8.txt

- MACHINE [0]

0 
1 
1 
0 
0 
0 
1 
1 
0 
0 
1 
0 
0 
0 
0 

JOBS [1] - [6]
TOOL SWITCHES : 0
MAKESPAN : 1

- MACHINE [1]

0 0 0 0 0 1 0 0 1 0 0 0 0 1 
1 0 0 0 0 0 0 0 0 0 0 0 1 1 
0 1 0 1 0 0 0 1 0 1 0 0 0 0 
0 0 0 0 0 0 1 0 1 1 1 1 0 0 
0 0 1 1 1 0 1 1 0 0 0 0 0 0 
0 0 0 0 0 0 0 1 0 0 0 0 0 1 
0 0 0 0 1 0 1 0 1 0 1 0 0 0 
0 0 1 0 1 1 0 0 0 0 0 0 0 0 
0 0 0 0 0 0 0 0 0 1 1 0 1 0 
0 0 0 0 0 0 0 0 0 0 1 0 1 0 
1 1 0 0 0 0 0 0 0 0 0 1 0 1 
0 0 1 0 0 1 1 1 0 0 0 1 1 1 
1 0 0 1 0 0 0 0 0 0 0 0 0 0 
1 1 1 1 1 0 0 0 0 0 0 0 0 0 
1 1 1 0 0 1 1 0 0 0 0 0 0 0 

JOBS [14] - [13, 14, 0, 7, 3, 12, 2, 10, 9, 11, 8, 5, 1, 4]
TOOL SWITCHES : 10
MAKESPAN : 122

# -------------------------- #

--- TOTAL TOOL SWITCHES : 10
--- HIGHEST MAKESPAN : 122
--- TOTAL FLOWTIME : 945
--- RUNNING TIME : 2.28414

# -------------------------- #
RUN : 1 - instancias_txt/SSP-NPM-I/ins69_m=2_j=15_t=15_var=9.txt

- MACHINE [0]

1 
0 
0 
0 
1 
0 
0 
1 
0 
0 
0 
0 
0 
1 
0 

JOBS [1] - [13]
TOOL SWITCHES : 0
MAKESPAN : 4

- MACHINE [1]

1 0 1 0 0 0 1 0 0 0 0 1 1 0 
0 0 0 1 1 1 0 0 1 0 1 0 0 0 
1 0 1 1 0 1 0 0 0 0 0 1 1 1 
0 0 0 0 0 0 0 0 0 0 0 0 0 1 
0 0 0 0 0 0 0 0 0 1 1 0 1 0 
0 0 0 0 0 0 0 0 1 1 0 1 0 1 
1 0 1 0 0 0 0 0 0 0 0 0 0 0 
0 0 0 0 0 0 0 0 0 0 0 0 0 0 
0 0 0 1 1 0 0 0 0 0 0 0 0 0 
1 1 0 0 0 0 0 0 0 0 0 0 0 0 
0 0 0 0 0 0 1 1 1 0 0 0 0 0 
0 0 0 0 0 0 0 0 0 0 0 0 0 0 
0 1 1 0 1 1 1 0 0 1 1 0 1 0 
0 0 1 0 1 0 0 1 0 0 0 0 0 0 
0 1 0 1 1 1 1 1 0 0 1 0 0 1 

JOBS [14] - [14, 1, 12, 6, 9, 8, 2, 3, 10, 5, 0, 7, 11, 4]
TOOL SWITCHES : 6
MAKESPAN : 111

# -------------------------- #

--- TOTAL TOOL SWITCHES : 6
--- HIGHEST MAKESPAN : 111
--- TOTAL FLOWTIME : 773
--- RUNNING TIME : 2.63226

# -------------------------- #
RUN : 1 - instancias_txt/SSP-NPM-I/ins70_m=2_j=15_t=15_var=10.txt

- MACHINE [0]

0 
0 
1 
0 
1 
0 
1 
0 
0 
0 
0 
0 
1 
0 
0 

JOBS [1] - [5]
TOOL SWITCHES : 0
MAKESPAN : 9

- MACHINE [1]

0 0 0 0 0 0 0 0 0 1 0 1 0 0 
1 0 0 0 0 1 0 1 1 0 0 0 0 0 
1 0 0 0 1 0 0 0 0 0 0 0 0 0 
1 1 1 0 0 1 1 0 0 0 0 0 0 0 
0 0 0 0 0 1 1 0 0 1 0 1 1 0 
0 0 0 0 0 0 1 1 0 0 1 0 0 0 
0 1 1 1 0 0 0 0 0 0 0 1 0 0 
0 0 0 0 0 0 0 0 0 0 0 1 0 1 
0 1 0 0 1 0 0 0 1 1 0 0 0 1 
0 0 1 1 1 1 0 0 0 0 0 0 0 0 
1 1 0 0 0 0 0 0 0 1 0 0 0 0 
0 0 0 1 1 0 1 1 1 0 0 0 1 1 
0 0 0 0 0 0 0 0 0 0 0 0 0 0 
0 0 0 0 1 0 1 0 1 1 1 0 0 0 
1 0 1 0 0 0 0 0 0 0 1 0 1 1 

JOBS [14] - [13, 14, 7, 6, 12, 10, 1, 4, 2, 0, 3, 8, 9, 11]
TOOL SWITCHES : 10
MAKESPAN : 113

# -------------------------- #

--- TOTAL TOOL SWITCHES : 10
--- HIGHEST MAKESPAN : 113
--- TOTAL FLOWTIME : 813
--- RUNNING TIME : 2.65103

# -------------------------- #
RUN : 1 - instancias_txt/SSP-NPM-I/ins71_m=2_j=15_t=15_var=11.txt

- MACHINE [0]

1 
0 
0 
1 
1 
0 
0 
0 
1 
0 
0 
0 
0 
0 
0 

JOBS [1] - [14]
TOOL SWITCHES : 0
MAKESPAN : 10

- MACHINE [1]

0 1 0 0 1 0 0 0 0 0 0 0 0 0 
0 1 1 1 0 1 0 0 0 0 0 0 0 0 
1 1 0 0 0 0 0 0 1 0 0 1 0 0 
0 0 0 0 0 0 0 0 0 0 0 1 1 1 
0 0 0 0 0 0 0 0 0 0 1 0 1 0 
0 0 1 0 0 0 0 1 0 1 1 1 0 0 
0 0 0 0 0 0 0 1 1 0 0 1 1 1 
0 0 0 0 0 0 1 1 1 1 0 0 1 1 
0 0 0 0 0 0 0 0 1 1 0 0 0 0 
0 0 0 0 0 1 1 1 0 0 0 0 0 0 
1 1 1 1 1 1 0 0 1 0 0 0 0 0 
1 0 1 0 1 1 1 1 0 0 0 0 0 1 
1 0 1 0 1 0 0 1 0 0 0 0 0 0 
0 1 0 1 1 0 1 0 0 0 0 0 1 1 
1 0 0 0 0 0 0 0 0 1 1 0 0 0 

JOBS [14] - [13, 8, 9, 3, 6, 10, 12, 5, 2, 7, 0, 4, 11, 1]
TOOL SWITCHES : 11
MAKESPAN : 131

# -------------------------- #

--- TOTAL TOOL SWITCHES : 11
--- HIGHEST MAKESPAN : 131
--- TOTAL FLOWTIME : 982
--- RUNNING TIME : 2.59793

# -------------------------- #
RUN : 1 - instancias_txt/SSP-NPM-I/ins72_m=2_j=15_t=15_var=12.txt

- MACHINE [0]

0 0 
0 1 
0 0 
0 0 
1 0 
0 1 
0 0 
1 1 
0 0 
0 0 
0 0 
0 0 
0 0 
1 0 
0 0 

JOBS [2] - [13, 5]
TOOL SWITCHES : 0
MAKESPAN : 9

- MACHINE [1]

1 1 1 0 0 1 1 0 1 1 0 0 1 
0 0 1 1 0 0 0 0 0 0 0 0 0 
1 1 0 1 0 0 1 0 0 0 0 0 1 
0 0 0 0 0 1 1 1 0 0 1 1 1 
1 0 1 1 1 0 0 1 0 0 1 0 0 
0 0 0 1 1 1 0 1 0 1 0 0 0 
1 0 0 0 1 1 0 0 0 0 0 0 0 
0 0 0 0 0 0 0 0 0 0 0 0 0 
0 1 0 1 1 1 1 0 1 0 1 0 0 
1 0 0 0 0 0 0 0 0 0 0 0 0 
0 0 0 0 0 0 1 1 0 0 0 0 0 
0 1 1 0 0 0 0 1 0 0 0 1 0 
0 0 0 0 0 0 0 0 0 0 1 1 1 
0 0 0 0 0 0 0 0 0 0 0 1 0 
0 0 0 0 0 0 0 0 1 1 0 0 1 

JOBS [13] - [0, 1, 12, 7, 11, 6, 3, 10, 14, 4, 8, 2, 9]
TOOL SWITCHES : 9
MAKESPAN : 93

# -------------------------- #

--- TOTAL TOOL SWITCHES : 9
--- HIGHEST MAKESPAN : 93
--- TOTAL FLOWTIME : 595
--- RUNNING TIME : 2.84806

# -------------------------- #
RUN : 1 - instancias_txt/SSP-NPM-I/ins73_m=2_j=15_t=15_var=13.txt

- MACHINE [0]

0 0 
1 1 
1 0 
0 0 
1 0 
0 0 
0 0 
0 0 
0 0 
0 0 
1 1 
0 0 
0 1 
0 1 
0 0 

JOBS [2] - [4, 10]
TOOL SWITCHES : 1
MAKESPAN : 20

- MACHINE [1]

0 1 0 1 1 1 0 1 1 0 0 0 1 
1 0 0 1 1 0 0 0 0 0 0 0 0 
1 1 0 1 0 0 0 0 0 0 0 0 0 
0 0 0 0 0 0 1 0 1 1 0 0 0 
0 0 0 0 0 0 0 0 1 1 0 0 0 
0 0 1 1 0 1 0 0 0 0 0 0 0 
0 0 0 1 0 1 1 1 1 0 1 0 1 
1 0 1 0 0 0 0 0 0 0 0 0 0 
0 0 0 0 0 0 0 0 0 0 1 0 1 
1 1 0 0 0 0 1 1 0 0 0 0 0 
0 0 0 0 0 0 1 1 0 0 0 0 0 
0 1 1 0 1 0 0 1 0 1 0 1 0 
0 0 0 0 0 0 0 0 0 0 0 1 1 
0 0 0 0 0 0 0 0 0 1 1 0 0 
0 0 0 0 1 1 1 0 1 0 1 1 0 

JOBS [13] - [14, 5, 8, 0, 12, 9, 7, 2, 11, 1, 3, 13, 6]
TOOL SWITCHES : 8
MAKESPAN : 102

# -------------------------- #

--- TOTAL TOOL SWITCHES : 9
--- HIGHEST MAKESPAN : 102
--- TOTAL FLOWTIME : 636
--- RUNNING TIME : 2.32026

# -------------------------- #
RUN : 1 - instancias_txt/SSP-NPM-I/ins74_m=2_j=15_t=15_var=14.txt

- MACHINE [0]

1 1 1 
0 0 0 
0 0 0 
1 1 1 
0 1 1 
0 0 0 
0 0 0 
0 0 0 
0 0 0 
1 0 0 
1 1 1 
0 0 1 
0 0 0 
0 0 0 
0 0 0 

JOBS [3] - [11, 2, 3]
TOOL SWITCHES : 1
MAKESPAN : 19

- MACHINE [1]

0 0 0 0 0 0 0 0 1 1 1 1 
1 0 1 1 0 0 0 1 0 0 0 0 
0 0 0 0 0 0 0 0 0 0 0 1 
0 0 0 0 0 0 0 0 0 0 0 0 
0 0 0 0 0 0 1 1 0 1 0 0 
0 1 0 0 1 1 0 0 0 0 1 0 
0 0 0 1 1 1 0 0 0 0 0 0 
1 1 1 1 0 0 1 1 0 0 0 0 
1 0 0 1 1 0 1 0 1 0 1 1 
0 0 1 0 0 0 0 0 0 0 0 0 
1 1 0 0 0 0 0 0 0 0 0 0 
0 1 0 0 1 0 1 1 1 1 0 0 
0 0 0 0 0 1 1 1 0 1 0 0 
0 0 0 0 0 0 0 0 0 0 1 1 
0 1 1 0 1 0 0 0 0 0 0 0 

JOBS [12] - [13, 10, 7, 9, 5, 6, 1, 0, 14, 4, 12, 8]
TOOL SWITCHES : 7
MAKESPAN : 82

# -------------------------- #

--- TOTAL TOOL SWITCHES : 8
--- HIGHEST MAKESPAN : 82
--- TOTAL FLOWTIME : 590
--- RUNNING TIME : 2.10587

# -------------------------- #
RUN : 1 - instancias_txt/SSP-NPM-I/ins75_m=2_j=15_t=15_var=15.txt

- MACHINE [0]

0 0 
0 0 
0 1 
0 0 
0 0 
1 0 
1 0 
0 1 
0 0 
0 0 
0 0 
1 1 
1 1 
0 0 
0 0 

JOBS [2] - [1, 8]
TOOL SWITCHES : 1
MAKESPAN : 22

- MACHINE [1]

0 0 0 0 1 1 0 1 1 1 0 1 1 
0 0 0 0 0 0 0 0 1 1 1 0 0 
0 1 1 1 0 0 0 0 0 0 0 0 0 
1 0 1 0 0 0 1 1 1 0 0 0 0 
0 0 0 1 0 1 0 0 0 0 0 0 0 
0 0 0 0 0 0 0 0 0 0 0 0 0 
0 0 0 0 0 0 0 0 0 1 1 0 0 
0 0 0 0 0 1 1 0 1 0 0 1 1 
1 1 1 1 0 0 1 1 0 0 0 0 1 
0 1 0 0 1 0 0 0 0 1 0 0 0 
1 0 0 1 1 1 0 0 0 0 0 0 0 
0 0 0 0 0 0 0 0 0 0 1 1 0 
1 0 1 0 1 0 0 0 0 0 0 0 0 
0 0 0 0 0 0 0 1 0 0 1 0 1 
0 0 0 0 0 0 0 0 0 0 0 0 0 

JOBS [13] - [10, 4, 11, 14, 12, 5, 2, 13, 6, 9, 3, 7, 0]
TOOL SWITCHES : 6
MAKESPAN : 102

# -------------------------- #

--- TOTAL TOOL SWITCHES : 7
--- HIGHEST MAKESPAN : 102
--- TOTAL FLOWTIME : 668
--- RUNNING TIME : 2.01581

# -------------------------- #
RUN : 1 - instancias_txt/SSP-NPM-I/ins76_m=2_j=15_t=15_var=16.txt

- MACHINE [0]

0 
1 
0 
1 
0 
0 
0 
1 
0 
0 
0 
1 
0 
0 
1 

JOBS [1] - [14]
TOOL SWITCHES : 0
MAKESPAN : 1

- MACHINE [1]

1 1 1 0 0 0 0 0 0 0 0 0 0 0 
0 0 0 0 0 0 0 0 0 0 0 1 1 1 
0 0 0 0 0 1 1 1 0 0 0 0 0 0 
1 1 0 0 0 0 0 0 0 0 0 0 0 0 
0 0 0 0 0 0 0 0 0 0 0 0 0 0 
0 0 0 0 0 0 0 0 0 1 1 0 0 1 
0 1 0 0 0 0 1 0 1 0 0 0 0 0 
0 0 0 0 1 1 1 1 0 1 0 1 1 0 
0 0 0 0 0 0 0 0 0 1 1 0 1 0 
0 1 1 0 1 0 0 1 0 0 1 0 1 1 
0 0 1 1 0 0 0 0 0 0 1 0 0 1 
0 0 0 0 0 0 1 0 1 1 0 0 0 0 
1 0 1 1 1 0 0 0 0 0 0 0 0 0 
0 0 0 1 1 1 0 0 0 0 0 0 0 0 
1 0 0 1 0 1 0 0 1 1 0 1 0 0 

JOBS [14] - [9, 7, 6, 2, 4, 10, 13, 3, 0, 12, 5, 8, 11, 1]
TOOL SWITCHES : 7
MAKESPAN : 89

# -------------------------- #

--- TOTAL TOOL SWITCHES : 7
--- HIGHEST MAKESPAN : 89
--- TOTAL FLOWTIME : 666
--- RUNNING TIME : 1.73895

# -------------------------- #
RUN : 1 - instancias_txt/SSP-NPM-I/ins77_m=2_j=15_t=15_var=17.txt

- MACHINE [0]

0 0 
0 0 
0 0 
0 0 
1 1 
0 0 
1 1 
1 0 
0 0 
0 0 
0 0 
0 1 
0 0 
0 1 
0 0 

JOBS [2] - [3, 1]
TOOL SWITCHES : 0
MAKESPAN : 12

- MACHINE [1]

1 1 1 1 0 0 0 0 0 0 0 0 0 
0 1 0 0 1 0 1 0 0 1 0 1 0 
0 0 0 0 0 0 0 1 0 0 1 1 0 
1 0 1 0 0 0 0 0 0 0 0 1 0 
1 1 1 0 1 1 0 0 0 0 0 0 0 
0 0 1 1 1 0 1 1 0 0 0 0 0 
0 0 0 0 0 0 0 0 0 0 0 0 0 
0 0 0 0 0 1 1 1 0 0 0 0 0 
0 0 0 0 1 1 1 0 1 1 0 0 0 
0 0 1 0 0 1 0 0 1 1 1 0 0 
0 0 0 1 0 0 0 1 0 0 1 0 1 
0 1 0 1 0 0 0 0 0 0 0 0 0 
0 0 0 0 0 0 1 0 0 0 1 1 1 
0 0 0 0 0 0 0 0 1 0 1 1 1 
1 1 0 0 0 0 0 0 0 1 0 0 1 

JOBS [13] - [12, 7, 6, 2, 9, 5, 4, 8, 0, 13, 10, 14, 11]
TOOL SWITCHES : 10
MAKESPAN : 99

# -------------------------- #

--- TOTAL TOOL SWITCHES : 10
--- HIGHEST MAKESPAN : 99
--- TOTAL FLOWTIME : 733
--- RUNNING TIME : 2.1063

# -------------------------- #
RUN : 1 - instancias_txt/SSP-NPM-I/ins78_m=2_j=15_t=15_var=18.txt

- MACHINE [0]

1 
1 
0 
0 
0 
0 
0 
1 
1 
0 
0 
0 
0 
0 
1 

JOBS [1] - [9]
TOOL SWITCHES : 0
MAKESPAN : 6

- MACHINE [1]

0 1 1 1 1 1 0 0 0 0 0 0 0 0 
1 1 0 0 0 0 0 0 0 0 0 0 0 0 
0 1 1 1 0 0 0 0 0 0 0 0 0 1 
0 0 0 0 0 0 1 1 1 1 1 0 0 0 
0 0 0 0 0 0 0 0 0 0 0 0 0 0 
1 0 0 1 1 0 0 1 0 1 0 1 0 0 
0 0 0 0 0 0 0 0 0 0 0 0 1 0 
0 0 0 0 1 0 0 0 0 1 0 1 0 1 
1 0 1 0 0 0 0 1 1 0 0 0 0 0 
0 0 0 1 1 0 0 0 0 0 1 0 1 1 
1 0 1 0 1 1 1 0 0 0 0 0 0 0 
0 1 0 0 0 1 1 0 1 0 0 1 0 0 
0 0 0 0 0 0 0 0 0 0 1 0 1 1 
0 0 0 0 0 0 0 0 0 0 0 1 1 1 
0 0 0 0 0 0 0 1 1 0 1 1 0 0 

JOBS [14] - [7, 8, 11, 5, 10, 4, 0, 12, 13, 3, 2, 14, 1, 6]
TOOL SWITCHES : 8
MAKESPAN : 96

# -------------------------- #

--- TOTAL TOOL SWITCHES : 8
--- HIGHEST MAKESPAN : 96
--- TOTAL FLOWTIME : 706
--- RUNNING TIME : 2.4423

# -------------------------- #
RUN : 1 - instancias_txt/SSP-NPM-I/ins79_m=2_j=15_t=15_var=19.txt

- MACHINE [0]

0 0 0 0 
0 0 0 0 
0 1 1 1 
1 1 0 0 
0 0 0 0 
0 0 0 0 
0 0 0 0 
0 0 0 0 
1 0 1 1 
1 0 0 0 
0 0 0 0 
0 0 1 0 
0 0 0 0 
0 1 1 1 
1 1 0 1 

JOBS [4] - [8, 12, 6, 14]
TOOL SWITCHES : 2
MAKESPAN : 30

- MACHINE [1]

0 0 0 0 0 1 1 0 0 1 0 
0 0 0 1 1 0 1 0 0 0 1 
0 0 0 0 0 0 0 0 0 0 0 
1 0 1 1 0 0 0 0 0 0 0 
0 0 0 1 1 1 0 0 1 1 0 
1 0 0 0 0 0 1 1 0 0 0 
0 1 1 1 0 1 1 0 0 0 0 
1 1 0 0 0 0 0 1 0 1 1 
0 0 0 0 1 0 0 0 1 1 0 
0 0 0 0 0 0 0 1 0 1 0 
0 1 0 0 1 1 0 0 0 0 0 
1 0 0 0 0 1 0 0 0 0 0 
0 0 0 0 0 0 1 0 1 0 1 
0 0 0 0 0 0 0 0 0 0 1 
1 1 1 0 0 0 0 0 0 0 0 

JOBS [11] - [9, 11, 1, 4, 0, 5, 10, 13, 7, 2, 3]
TOOL SWITCHES : 9
MAKESPAN : 97

# -------------------------- #

--- TOTAL TOOL SWITCHES : 11
--- HIGHEST MAKESPAN : 97
--- TOTAL FLOWTIME : 626
--- RUNNING TIME : 1.73105

# -------------------------- #
RUN : 1 - instancias_txt/SSP-NPM-I/ins80_m=2_j=15_t=15_var=20.txt

- MACHINE [0]

0 
0 
0 
0 
0 
0 
0 
1 
0 
1 
1 
1 
0 
0 
1 

JOBS [1] - [1]
TOOL SWITCHES : 0
MAKESPAN : 3

- MACHINE [1]

0 0 1 1 1 0 1 0 0 0 0 0 0 0 
0 0 0 0 0 0 0 0 0 1 0 0 1 1 
0 1 0 1 0 0 1 0 1 0 0 0 0 0 
0 1 1 0 0 0 0 0 0 0 0 0 0 1 
0 0 0 0 1 0 1 1 0 0 0 0 0 0 
1 0 1 0 1 1 0 1 0 1 1 0 0 0 
1 0 1 1 0 0 0 1 0 1 1 0 0 0 
0 0 0 0 0 0 0 1 1 0 0 0 0 0 
0 0 0 0 0 0 0 0 1 0 1 0 0 1 
0 0 0 0 0 0 0 0 0 0 0 0 0 0 
0 0 0 0 0 1 0 0 1 0 1 0 0 1 
0 0 0 0 1 0 0 0 0 1 0 1 1 0 
0 0 0 0 0 0 1 1 1 1 0 1 0 0 
0 1 0 0 1 1 0 0 0 0 0 0 0 0 
1 0 1 1 0 0 0 0 0 0 0 1 1 0 

JOBS [14] - [5, 2, 0, 3, 13, 9, 11, 10, 12, 7, 14, 6, 4, 8]
TOOL SWITCHES : 10
MAKESPAN : 122

# -------------------------- #

--- TOTAL TOOL SWITCHES : 10
--- HIGHEST MAKESPAN : 122
--- TOTAL FLOWTIME : 913
--- RUNNING TIME : 2.3208

# -------------------------- #


avg : 9.15
