RUN : 1 - instancias_txt/SSP-NPM-I/ins61_m=2_j=15_t=15_var=1.txt

- MACHINE [0]

1 
0 
0 
0 
0 
1 
1 
0 
0 
0 
1 
0 
0 
0 
1 

JOBS [1] - [12]
TOOL SWITCHES : 0
MAKESPAN : 7

- MACHINE [1]

0 0 1 1 1 0 0 1 0 0 0 1 0 0 
0 0 0 1 1 1 1 1 1 1 1 0 0 0 
1 1 1 1 0 0 0 0 0 0 0 0 0 0 
0 1 1 0 1 0 1 1 0 0 1 0 1 0 
0 0 0 0 0 0 0 0 1 1 0 0 0 0 
1 1 0 0 0 0 0 0 0 0 0 0 0 0 
0 0 0 0 0 0 0 0 0 0 0 1 0 0 
0 1 0 1 0 1 0 0 1 0 0 0 0 0 
0 0 0 0 1 1 0 0 0 0 0 0 0 0 
0 0 0 0 0 0 0 1 1 1 0 1 1 1 
0 1 0 0 0 0 1 1 0 0 0 0 0 0 
1 0 0 1 1 1 1 0 0 0 0 0 0 1 
0 0 0 0 0 0 0 0 0 1 1 1 1 1 
0 0 0 0 0 0 0 0 0 0 1 0 0 0 
0 0 1 1 0 0 0 0 0 1 0 1 1 0 

JOBS [14] - [5, 0, 14, 10, 11, 9, 2, 6, 4, 7, 8, 1, 13, 3]
TOOL SWITCHES : 10
MAKESPAN : 118

# -------------------------- #

--- TOTAL TOOL SWITCHES : 10
--- HIGHEST MAKESPAN : 118
--- TOTAL FLOWTIME : 816
--- RUNNING TIME : 0.851637

# -------------------------- #
RUN : 1 - instancias_txt/SSP-NPM-I/ins62_m=2_j=15_t=15_var=2.txt

- MACHINE [0]

1 
0 
0 
0 
1 
0 
0 
1 
1 
1 
0 
0 
0 
0 
0 

JOBS [1] - [7]
TOOL SWITCHES : 0
MAKESPAN : 5

- MACHINE [1]

1 0 0 0 1 0 0 0 0 0 0 0 0 0 
1 0 1 0 0 0 0 0 0 0 0 0 0 0 
0 0 1 1 0 0 0 0 1 0 0 1 0 1 
0 0 0 1 0 1 1 0 0 0 0 0 0 0 
0 1 0 1 0 0 0 0 0 0 0 0 0 0 
1 0 0 0 0 1 0 1 1 0 0 0 1 0 
1 0 0 0 0 0 0 1 0 1 0 0 0 0 
1 1 0 0 0 0 0 0 0 0 0 0 0 0 
0 0 0 0 0 0 0 0 0 1 1 0 1 1 
0 0 0 0 0 0 0 1 1 0 0 0 0 0 
0 0 0 1 1 1 1 0 1 1 1 0 1 1 
0 0 0 0 0 0 0 1 1 1 1 1 1 0 
0 0 0 0 1 0 1 0 0 0 1 0 0 0 
0 1 1 0 0 0 0 0 0 1 1 1 0 1 
0 0 0 0 0 1 1 1 0 0 0 0 0 0 

JOBS [14] - [2, 12, 11, 9, 5, 13, 8, 0, 1, 6, 4, 14, 10, 3]
TOOL SWITCHES : 10
MAKESPAN : 119

# -------------------------- #

--- TOTAL TOOL SWITCHES : 10
--- HIGHEST MAKESPAN : 119
--- TOTAL FLOWTIME : 919
--- RUNNING TIME : 0.991612

# -------------------------- #
RUN : 1 - instancias_txt/SSP-NPM-I/ins63_m=2_j=15_t=15_var=3.txt

- MACHINE [0]

0 
0 
1 
0 
0 
0 
0 
1 
0 
1 
0 
0 
0 
0 
1 

JOBS [1] - [3]
TOOL SWITCHES : 0
MAKESPAN : 6

- MACHINE [1]

0 1 0 1 1 0 0 0 0 0 0 0 0 0 
0 1 1 1 0 0 1 0 0 1 1 1 0 0 
0 1 1 1 1 0 0 0 0 0 0 0 0 0 
0 0 0 0 0 0 0 0 0 0 0 0 0 1 
1 0 0 1 0 1 0 0 0 0 0 0 0 0 
1 0 0 0 0 1 0 1 0 0 0 0 0 1 
1 0 0 0 1 0 1 0 0 0 0 0 1 0 
0 0 0 0 0 1 1 0 0 0 0 0 0 0 
0 0 0 0 0 0 0 0 0 0 1 1 1 0 
0 0 0 0 0 0 0 0 0 0 0 0 1 0 
0 0 0 0 0 0 1 0 1 1 0 1 0 1 
0 0 0 0 0 1 0 0 1 1 0 1 0 0 
0 0 0 0 0 0 0 0 0 0 1 0 1 1 
0 0 1 0 1 0 0 1 0 1 0 0 0 0 
1 1 0 0 0 0 0 1 1 0 0 0 0 0 

JOBS [14] - [0, 5, 7, 6, 14, 9, 11, 10, 13, 12, 8, 1, 2, 4]
TOOL SWITCHES : 9
MAKESPAN : 101

# -------------------------- #

--- TOTAL TOOL SWITCHES : 9
--- HIGHEST MAKESPAN : 101
--- TOTAL FLOWTIME : 676
--- RUNNING TIME : 0.918873

# -------------------------- #
RUN : 1 - instancias_txt/SSP-NPM-I/ins64_m=2_j=15_t=15_var=4.txt

- MACHINE [0]

0 
0 
1 
0 
0 
1 
0 
0 
0 
1 
0 
0 
0 
1 
0 

JOBS [1] - [10]
TOOL SWITCHES : 0
MAKESPAN : 2

- MACHINE [1]

0 0 0 0 1 0 0 0 1 0 0 1 0 0 
1 0 0 1 0 0 0 0 0 1 1 1 0 1 
1 1 0 0 0 0 0 0 0 0 0 0 0 0 
0 0 1 0 1 1 0 0 0 0 0 0 0 1 
1 0 1 1 0 1 1 1 0 1 1 1 0 0 
0 0 0 0 0 0 0 0 0 0 0 0 1 1 
0 0 0 1 1 1 1 0 0 0 0 0 0 0 
0 0 0 0 0 0 0 0 0 0 0 1 1 0 
0 1 0 1 1 0 0 1 0 1 0 0 0 0 
0 0 0 0 0 0 0 0 0 0 1 1 0 1 
0 0 0 0 0 0 0 1 1 0 1 0 0 0 
0 0 0 0 0 0 1 1 0 0 0 0 1 0 
0 1 1 0 0 0 0 0 0 0 0 0 0 0 
1 1 1 0 1 1 0 1 1 0 0 0 0 0 
0 1 0 0 0 0 1 0 1 1 0 0 0 1 

JOBS [14] - [2, 1, 5, 7, 12, 3, 4, 9, 0, 8, 13, 11, 14, 6]
TOOL SWITCHES : 10
MAKESPAN : 115

# -------------------------- #

--- TOTAL TOOL SWITCHES : 10
--- HIGHEST MAKESPAN : 115
--- TOTAL FLOWTIME : 761
--- RUNNING TIME : 0.87617

# -------------------------- #
RUN : 1 - instancias_txt/SSP-NPM-I/ins65_m=2_j=15_t=15_var=5.txt

- MACHINE [0]

0 0 
1 1 
0 0 
0 0 
1 1 
0 0 
0 0 
0 0 
0 0 
0 0 
1 0 
0 1 
1 1 
0 0 
0 0 

JOBS [2] - [2, 14]
TOOL SWITCHES : 0
MAKESPAN : 16

- MACHINE [1]

0 1 0 1 1 0 1 1 0 0 0 0 0 
0 1 0 1 0 1 0 0 0 0 0 0 0 
1 1 1 0 1 0 0 0 0 0 0 0 0 
0 0 0 0 0 0 0 0 1 0 0 0 0 
0 0 0 0 0 0 0 0 0 0 0 1 0 
1 1 1 0 0 0 0 1 0 1 0 0 0 
0 0 0 0 0 0 0 0 0 1 0 0 1 
1 0 0 0 0 0 0 0 0 0 0 0 0 
0 0 0 0 0 1 1 0 0 0 0 1 0 
0 0 0 0 0 0 0 0 0 0 1 1 1 
0 1 1 0 0 1 0 0 0 0 1 0 1 
0 0 1 0 0 0 0 0 0 0 0 0 0 
0 0 0 0 0 0 1 0 1 1 1 1 1 
0 0 0 1 1 0 0 1 1 0 1 0 0 
0 0 0 0 1 0 1 0 1 1 0 0 0 

JOBS [13] - [6, 4, 8, 12, 0, 11, 7, 3, 13, 5, 9, 1, 10]
TOOL SWITCHES : 8
MAKESPAN : 105

# -------------------------- #

--- TOTAL TOOL SWITCHES : 8
--- HIGHEST MAKESPAN : 105
--- TOTAL FLOWTIME : 798
--- RUNNING TIME : 0.736326

# -------------------------- #
RUN : 1 - instancias_txt/SSP-NPM-I/ins66_m=2_j=15_t=15_var=6.txt

- MACHINE [0]

1 1 
0 0 
0 1 
0 0 
0 0 
0 0 
1 1 
0 0 
0 0 
0 0 
1 0 
0 1 
0 0 
0 0 
0 0 

JOBS [2] - [0, 7]
TOOL SWITCHES : 0
MAKESPAN : 8

- MACHINE [1]

0 0 0 0 0 0 0 0 1 0 1 1 0 
0 0 1 0 0 1 0 1 0 0 0 0 0 
0 0 0 0 1 0 1 1 0 1 1 0 0 
0 0 0 1 1 0 0 0 0 0 0 0 0 
0 0 0 0 0 0 0 0 0 0 0 0 1 
0 1 0 0 0 0 0 1 1 1 0 0 1 
1 1 1 0 0 0 0 0 0 0 0 0 0 
0 0 1 1 0 1 1 0 0 1 0 1 0 
1 0 0 1 0 1 0 0 0 0 0 1 1 
1 1 0 1 0 0 0 1 0 0 0 0 0 
0 0 0 0 0 0 0 0 1 0 0 0 0 
0 0 0 0 0 0 0 0 0 0 0 0 0 
0 1 0 0 0 0 0 0 0 1 0 1 1 
1 1 1 1 0 0 0 0 0 0 0 0 0 
0 0 1 1 1 0 1 0 1 0 1 0 0 

JOBS [13] - [12, 2, 3, 14, 9, 13, 6, 1, 11, 8, 5, 4, 10]
TOOL SWITCHES : 9
MAKESPAN : 110

# -------------------------- #

--- TOTAL TOOL SWITCHES : 9
--- HIGHEST MAKESPAN : 110
--- TOTAL FLOWTIME : 768
--- RUNNING TIME : 0.797227

# -------------------------- #
RUN : 1 - instancias_txt/SSP-NPM-I/ins67_m=2_j=15_t=15_var=7.txt

- MACHINE [0]

0 
1 
1 
0 
0 
0 
0 
0 
0 
0 
1 
0 
1 
1 
0 

JOBS [1] - [13]
TOOL SWITCHES : 0
MAKESPAN : 2

- MACHINE [1]

0 1 0 0 1 1 0 0 0 0 0 0 0 0 
0 0 0 0 0 0 0 0 0 1 1 1 1 0 
0 0 0 0 0 1 0 1 0 0 0 0 0 0 
0 1 0 0 0 0 0 0 0 0 0 0 0 1 
0 0 0 0 1 1 1 1 0 1 0 1 1 0 
0 0 0 0 0 0 1 1 1 0 0 0 0 0 
1 1 1 0 0 1 0 0 1 0 0 0 0 0 
1 0 1 0 0 0 0 0 0 0 0 1 1 0 
1 1 0 1 0 0 0 0 0 0 1 0 0 0 
0 0 0 0 0 0 0 0 0 1 1 0 0 1 
0 1 1 1 1 0 0 0 0 0 0 0 0 0 
0 0 1 0 0 0 1 0 0 0 0 0 0 1 
0 0 0 0 0 0 1 0 1 1 0 1 0 1 
0 0 0 0 0 0 0 0 1 1 1 1 1 0 
1 0 1 1 0 1 0 0 1 0 0 0 0 0 

JOBS [14] - [10, 12, 11, 14, 6, 1, 3, 2, 8, 9, 4, 7, 0, 5]
TOOL SWITCHES : 11
MAKESPAN : 127

# -------------------------- #

--- TOTAL TOOL SWITCHES : 11
--- HIGHEST MAKESPAN : 127
--- TOTAL FLOWTIME : 849
--- RUNNING TIME : 0.891309

# -------------------------- #
RUN : 1 - instancias_txt/SSP-NPM-I/ins68_m=2_j=15_t=15_var=8.txt

- MACHINE [0]

0 
0 
1 
0 
1 
0 
0 
0 
0 
0 
0 
0 
1 
1 
0 

JOBS [1] - [7]
TOOL SWITCHES : 0
MAKESPAN : 3

- MACHINE [1]

0 0 0 0 0 1 0 0 0 1 0 0 0 1 
1 1 0 0 0 0 0 0 0 0 0 0 1 1 
0 1 1 0 0 0 0 1 1 0 0 0 0 0 
0 0 0 0 0 0 1 0 1 1 1 1 0 0 
0 0 0 1 1 0 1 1 0 0 0 0 0 0 
0 0 0 0 0 0 0 1 0 0 0 0 0 1 
0 1 0 1 0 0 1 0 0 1 1 0 0 0 
0 1 0 1 1 1 0 0 0 0 0 0 0 0 
0 0 0 0 0 0 0 0 1 0 1 0 1 0 
0 0 0 0 0 0 0 0 0 0 1 0 1 0 
1 1 1 0 0 0 0 0 0 0 0 1 0 1 
0 0 0 0 1 1 1 1 0 0 0 1 1 1 
1 0 0 0 0 0 0 0 0 0 0 0 0 0 
1 0 1 1 1 0 0 0 0 0 0 0 0 0 
1 0 1 0 1 1 1 0 0 0 0 0 0 0 

JOBS [14] - [13, 6, 14, 3, 0, 12, 2, 10, 11, 9, 8, 5, 1, 4]
TOOL SWITCHES : 10
MAKESPAN : 122

# -------------------------- #

--- TOTAL TOOL SWITCHES : 10
--- HIGHEST MAKESPAN : 122
--- TOTAL FLOWTIME : 946
--- RUNNING TIME : 0.89274

# -------------------------- #
RUN : 1 - instancias_txt/SSP-NPM-I/ins69_m=2_j=15_t=15_var=9.txt

- MACHINE [0]

1 
0 
0 
0 
1 
0 
0 
1 
0 
0 
0 
0 
0 
1 
0 

JOBS [1] - [13]
TOOL SWITCHES : 0
MAKESPAN : 4

- MACHINE [1]

0 0 1 1 0 0 0 1 1 0 1 0 0 0 
0 1 0 0 1 1 0 0 0 1 0 0 1 0 
0 1 1 1 1 0 0 1 0 0 1 0 0 1 
0 0 0 0 0 0 0 0 0 0 0 0 0 1 
0 0 0 0 0 0 0 0 0 0 1 1 1 0 
0 0 0 0 0 0 0 1 0 1 0 1 0 1 
0 0 1 1 0 0 0 0 0 0 0 0 0 0 
0 0 0 0 0 0 0 0 0 0 0 0 0 0 
0 0 0 0 1 1 0 0 0 0 0 0 0 0 
1 0 1 0 0 0 0 0 0 0 0 0 0 0 
0 0 0 0 0 0 1 0 1 1 0 0 0 0 
0 0 0 0 0 0 0 0 0 0 0 0 0 0 
1 1 0 1 0 1 0 0 1 0 1 1 1 0 
0 0 0 1 0 1 1 0 0 0 0 0 0 0 
1 1 0 0 1 1 1 0 1 0 0 0 1 1 

JOBS [14] - [1, 8, 14, 12, 6, 9, 3, 7, 2, 10, 11, 5, 0, 4]
TOOL SWITCHES : 6
MAKESPAN : 111

# -------------------------- #

--- TOTAL TOOL SWITCHES : 6
--- HIGHEST MAKESPAN : 111
--- TOTAL FLOWTIME : 778
--- RUNNING TIME : 0.764491

# -------------------------- #
RUN : 1 - instancias_txt/SSP-NPM-I/ins70_m=2_j=15_t=15_var=10.txt

- MACHINE [0]

0 
0 
1 
0 
1 
0 
1 
0 
0 
0 
0 
0 
1 
0 
0 

JOBS [1] - [5]
TOOL SWITCHES : 0
MAKESPAN : 9

- MACHINE [1]

0 1 1 0 0 0 0 0 0 0 0 0 0 0 
0 0 0 0 0 0 1 1 1 0 0 0 0 1 
0 0 0 0 0 0 0 0 0 1 0 0 0 1 
0 0 0 1 0 0 0 0 1 0 0 1 1 1 
0 1 1 1 0 1 0 0 1 0 0 0 0 0 
0 0 0 1 1 0 1 0 0 0 0 0 0 0 
0 1 0 0 0 0 0 0 0 0 1 1 1 0 
1 1 0 0 0 0 0 0 0 0 0 0 0 0 
1 0 1 0 0 0 0 1 0 1 0 0 1 0 
0 0 0 0 0 0 0 0 1 1 1 1 0 0 
0 0 1 0 0 0 0 0 0 0 0 0 1 1 
1 0 0 1 0 1 1 1 0 1 1 0 0 0 
0 0 0 0 0 0 0 0 0 0 0 0 0 0 
0 0 1 1 1 0 0 1 0 1 0 0 0 0 
1 0 0 0 1 1 0 0 0 0 0 1 0 1 

JOBS [14] - [11, 8, 0, 1, 3, 9, 4, 2, 10, 12, 6, 7, 14, 13]
TOOL SWITCHES : 10
MAKESPAN : 113

# -------------------------- #

--- TOTAL TOOL SWITCHES : 10
--- HIGHEST MAKESPAN : 113
--- TOTAL FLOWTIME : 862
--- RUNNING TIME : 0.8612

# -------------------------- #
RUN : 1 - instancias_txt/SSP-NPM-I/ins71_m=2_j=15_t=15_var=11.txt

- MACHINE [0]

1 
0 
0 
1 
1 
0 
0 
0 
1 
0 
0 
0 
0 
0 
0 

JOBS [1] - [14]
TOOL SWITCHES : 0
MAKESPAN : 10

- MACHINE [1]

0 1 0 1 0 0 0 0 0 0 0 0 0 0 
0 1 1 0 1 1 0 0 0 0 0 0 0 0 
1 1 0 0 0 0 0 0 0 0 0 0 1 1 
0 0 0 0 0 0 0 0 1 1 0 0 1 0 
0 0 0 0 0 0 0 0 0 1 1 0 0 0 
0 0 0 0 0 1 0 1 0 0 1 1 1 0 
0 0 0 0 0 0 0 1 1 1 0 0 1 1 
0 0 0 0 0 0 1 1 1 1 0 1 0 1 
0 0 0 0 0 0 0 0 0 0 0 1 0 1 
0 0 0 0 1 0 1 1 0 0 0 0 0 0 
1 1 1 1 1 1 0 0 0 0 0 0 0 1 
1 0 0 1 1 1 1 1 1 0 0 0 0 0 
1 0 0 1 0 1 0 1 0 0 0 0 0 0 
0 1 1 1 0 0 1 0 1 1 0 0 0 0 
1 0 0 0 0 0 0 0 0 0 1 1 0 0 

JOBS [14] - [13, 8, 3, 6, 10, 9, 12, 5, 1, 11, 0, 7, 4, 2]
TOOL SWITCHES : 11
MAKESPAN : 131

# -------------------------- #

--- TOTAL TOOL SWITCHES : 11
--- HIGHEST MAKESPAN : 131
--- TOTAL FLOWTIME : 1018
--- RUNNING TIME : 0.874085

# -------------------------- #
RUN : 1 - instancias_txt/SSP-NPM-I/ins72_m=2_j=15_t=15_var=12.txt

- MACHINE [0]

0 0 
1 0 
0 0 
0 0 
0 1 
1 0 
0 0 
1 1 
0 0 
0 0 
0 0 
0 0 
0 0 
0 1 
0 0 

JOBS [2] - [5, 13]
TOOL SWITCHES : 0
MAKESPAN : 9

- MACHINE [1]

0 1 0 1 1 1 1 1 1 1 0 0 0 
1 1 0 0 0 0 0 0 0 0 0 0 0 
1 0 0 1 1 0 0 0 1 1 0 0 0 
0 0 0 0 0 0 0 1 1 1 1 1 1 
1 1 1 0 1 0 0 0 0 0 1 0 1 
1 0 1 0 0 0 1 1 0 0 1 0 0 
0 0 1 0 1 0 0 1 0 0 0 0 0 
0 0 0 0 0 0 0 0 0 0 0 0 0 
1 0 1 1 0 1 0 1 0 1 0 0 1 
0 0 0 0 1 0 0 0 0 0 0 0 0 
0 0 0 0 0 0 0 0 0 1 1 0 0 
0 1 0 1 0 0 0 0 0 0 1 1 0 
0 0 0 0 0 0 0 0 1 0 0 1 1 
0 0 0 0 0 0 0 0 0 0 0 1 0 
0 0 0 0 0 1 1 0 1 0 0 0 0 

JOBS [13] - [7, 12, 11, 1, 0, 14, 4, 6, 9, 3, 10, 2, 8]
TOOL SWITCHES : 9
MAKESPAN : 93

# -------------------------- #

--- TOTAL TOOL SWITCHES : 9
--- HIGHEST MAKESPAN : 93
--- TOTAL FLOWTIME : 600
--- RUNNING TIME : 0.738197

# -------------------------- #
RUN : 1 - instancias_txt/SSP-NPM-I/ins73_m=2_j=15_t=15_var=13.txt

- MACHINE [0]

0 0 
1 1 
0 1 
0 0 
0 1 
0 0 
0 0 
0 0 
0 0 
0 0 
1 1 
0 0 
1 0 
1 0 
0 0 

JOBS [2] - [10, 4]
TOOL SWITCHES : 1
MAKESPAN : 20

- MACHINE [1]

0 0 1 1 0 1 1 0 1 1 0 0 1 
0 0 0 1 0 0 0 0 0 0 0 1 1 
0 0 0 0 0 0 0 0 0 1 0 1 1 
1 0 1 0 0 0 0 1 0 0 0 0 0 
1 0 1 0 0 0 0 0 0 0 0 0 0 
0 0 0 0 0 0 0 0 1 0 1 0 1 
0 1 1 0 0 1 1 1 1 0 0 0 1 
0 0 0 0 0 0 0 0 0 0 1 1 0 
0 1 0 0 0 1 0 0 0 0 0 0 0 
0 0 0 0 0 0 1 1 0 1 0 1 0 
0 0 0 0 0 0 1 1 0 0 0 0 0 
1 0 0 1 1 0 1 0 0 1 1 0 0 
0 0 0 0 1 1 0 0 0 0 0 0 0 
1 1 0 0 0 0 0 0 0 0 0 0 0 
0 1 1 1 1 0 0 1 1 0 0 0 0 

JOBS [13] - [1, 3, 11, 12, 13, 6, 2, 7, 9, 5, 8, 14, 0]
TOOL SWITCHES : 9
MAKESPAN : 106

# -------------------------- #

--- TOTAL TOOL SWITCHES : 10
--- HIGHEST MAKESPAN : 106
--- TOTAL FLOWTIME : 826
--- RUNNING TIME : 0.855773

# -------------------------- #
RUN : 1 - instancias_txt/SSP-NPM-I/ins74_m=2_j=15_t=15_var=14.txt

- MACHINE [0]

1 1 
0 0 
1 0 
0 0 
0 0 
0 1 
0 0 
0 0 
1 1 
0 0 
0 0 
0 0 
0 0 
1 1 
0 0 

JOBS [2] - [8, 12]
TOOL SWITCHES : 0
MAKESPAN : 14

- MACHINE [1]

0 0 0 0 0 0 0 0 1 1 1 1 1 
0 0 0 1 1 1 0 1 0 0 0 0 0 
0 0 0 0 0 0 0 0 0 0 0 0 0 
0 0 0 0 0 0 0 0 0 1 1 0 1 
0 0 0 0 0 0 1 1 0 0 1 1 1 
1 1 1 0 0 0 0 0 0 0 0 0 0 
1 1 0 0 1 0 0 0 0 0 0 0 0 
0 0 1 1 1 1 1 1 0 0 0 0 0 
1 0 0 1 1 0 1 0 1 0 0 0 0 
0 0 0 0 0 1 0 0 0 1 0 0 0 
0 0 1 1 0 0 0 0 0 1 1 0 1 
1 0 1 0 0 0 1 1 1 0 1 1 0 
0 1 0 0 0 0 1 1 0 0 0 1 0 
0 0 0 0 0 0 0 0 0 0 0 0 0 
1 0 1 0 0 1 0 0 0 0 0 0 0 

JOBS [13] - [5, 6, 10, 13, 9, 7, 1, 0, 14, 11, 3, 4, 2]
TOOL SWITCHES : 8
MAKESPAN : 96

# -------------------------- #

--- TOTAL TOOL SWITCHES : 8
--- HIGHEST MAKESPAN : 96
--- TOTAL FLOWTIME : 686
--- RUNNING TIME : 0.803869

# -------------------------- #
RUN : 1 - instancias_txt/SSP-NPM-I/ins75_m=2_j=15_t=15_var=15.txt

- MACHINE [0]

0 0 
0 0 
1 0 
0 0 
0 0 
0 1 
0 1 
1 0 
0 0 
0 0 
0 0 
1 1 
1 1 
0 0 
0 0 

JOBS [2] - [8, 1]
TOOL SWITCHES : 1
MAKESPAN : 22

- MACHINE [1]

0 1 1 1 1 1 1 0 1 0 0 0 0 
1 1 1 0 0 0 0 0 0 0 0 0 0 
0 0 0 0 0 0 0 0 0 1 1 1 0 
0 0 1 0 1 0 0 1 0 0 0 1 1 
0 0 0 0 0 0 1 0 0 0 1 0 0 
0 0 0 0 0 0 0 0 0 0 0 0 0 
1 1 0 0 0 0 0 0 0 0 0 0 0 
0 0 1 1 0 1 1 1 0 0 0 0 0 
0 0 0 1 1 0 0 1 0 1 1 1 1 
0 1 0 0 0 0 0 0 1 1 0 0 0 
0 0 0 0 0 0 1 0 1 0 1 0 1 
1 0 0 0 0 1 0 0 0 0 0 0 0 
0 0 0 0 0 0 0 0 1 0 0 1 1 
1 0 0 1 1 0 0 0 0 0 0 0 0 
0 0 0 0 0 0 0 0 0 0 0 0 0 

JOBS [13] - [3, 9, 6, 0, 13, 7, 5, 2, 12, 4, 14, 11, 10]
TOOL SWITCHES : 6
MAKESPAN : 102

# -------------------------- #

--- TOTAL TOOL SWITCHES : 7
--- HIGHEST MAKESPAN : 102
--- TOTAL FLOWTIME : 768
--- RUNNING TIME : 0.801195

# -------------------------- #
RUN : 1 - instancias_txt/SSP-NPM-I/ins76_m=2_j=15_t=15_var=16.txt

- MACHINE [0]

0 0 
1 1 
0 0 
1 0 
0 0 
0 0 
0 0 
1 1 
0 0 
0 0 
0 0 
1 0 
0 0 
0 0 
1 1 

JOBS [2] - [14, 8]
TOOL SWITCHES : 0
MAKESPAN : 9

- MACHINE [1]

1 1 1 0 0 0 0 0 0 0 0 0 0 
0 0 0 0 0 0 0 0 0 0 1 1 0 
0 0 0 0 0 1 1 1 0 0 0 0 0 
1 1 0 0 0 0 0 0 0 0 0 0 0 
0 0 0 0 0 0 0 0 0 0 0 0 0 
0 0 0 0 0 0 0 0 0 1 0 1 1 
1 0 0 0 0 0 0 1 1 0 0 0 0 
0 0 0 0 1 1 1 1 0 1 1 0 0 
0 0 0 0 0 0 0 0 0 1 1 0 1 
1 0 1 0 1 0 1 0 0 0 1 1 1 
0 0 1 1 0 0 0 0 0 0 0 1 1 
0 0 0 0 0 0 0 1 1 1 0 0 0 
0 1 1 1 1 0 0 0 0 0 0 0 0 
0 0 0 1 1 1 0 0 0 0 0 0 0 
0 1 0 1 0 1 0 0 1 1 0 0 0 

JOBS [13] - [7, 9, 6, 2, 4, 10, 3, 13, 0, 12, 11, 1, 5]
TOOL SWITCHES : 7
MAKESPAN : 88

# -------------------------- #

--- TOTAL TOOL SWITCHES : 7
--- HIGHEST MAKESPAN : 88
--- TOTAL FLOWTIME : 579
--- RUNNING TIME : 0.793275

# -------------------------- #
RUN : 1 - instancias_txt/SSP-NPM-I/ins77_m=2_j=15_t=15_var=17.txt

- MACHINE [0]

0 0 
0 0 
0 0 
0 0 
1 1 
0 0 
1 1 
0 1 
0 0 
0 0 
0 0 
1 0 
0 0 
1 0 
0 0 

JOBS [2] - [1, 3]
TOOL SWITCHES : 0
MAKESPAN : 12

- MACHINE [1]

0 0 0 0 0 0 0 0 1 1 0 1 1 
0 1 0 0 0 1 1 0 0 1 1 0 0 
0 1 1 0 0 0 0 1 0 0 0 0 0 
0 1 0 0 0 0 0 0 0 0 0 1 1 
0 0 0 0 1 1 0 0 0 1 0 1 1 
0 0 0 0 0 1 1 1 1 0 0 0 1 
0 0 0 0 0 0 0 0 0 0 0 0 0 
0 0 0 0 1 0 1 1 0 0 0 0 0 
0 0 0 1 1 1 1 0 0 0 1 0 0 
0 0 1 1 1 0 0 0 0 0 1 0 1 
1 0 1 0 0 0 0 1 1 0 0 0 0 
0 0 0 0 0 0 0 0 1 1 0 0 0 
1 1 1 0 0 0 1 0 0 0 0 0 0 
1 1 1 1 0 0 0 0 0 0 0 0 0 
1 0 0 0 0 0 0 0 0 1 1 1 0 

JOBS [13] - [11, 14, 10, 0, 5, 9, 4, 8, 2, 7, 13, 12, 6]
TOOL SWITCHES : 11
MAKESPAN : 103

# -------------------------- #

--- TOTAL TOOL SWITCHES : 11
--- HIGHEST MAKESPAN : 103
--- TOTAL FLOWTIME : 674
--- RUNNING TIME : 0.853759

# -------------------------- #
RUN : 1 - instancias_txt/SSP-NPM-I/ins78_m=2_j=15_t=15_var=18.txt

- MACHINE [0]

0 0 0 
0 0 0 
1 0 0 
0 0 1 
0 0 0 
0 0 0 
0 1 0 
1 0 0 
0 0 0 
1 1 1 
0 0 0 
0 0 0 
1 1 1 
1 1 0 
0 0 1 

JOBS [3] - [6, 1, 2]
TOOL SWITCHES : 3
MAKESPAN : 31

- MACHINE [1]

1 1 1 0 1 1 1 0 0 0 0 0 
0 0 0 1 1 1 0 0 0 0 0 0 
1 1 0 0 1 0 0 0 0 0 0 0 
0 0 0 0 0 0 0 0 1 1 1 1 
0 0 0 0 0 0 0 0 0 0 0 0 
1 0 1 1 0 0 0 1 0 0 1 1 
0 0 0 0 0 0 0 0 0 0 0 0 
0 0 1 0 0 1 0 1 0 0 0 1 
0 1 0 1 0 1 0 0 0 1 1 0 
1 0 1 0 0 0 0 0 0 0 0 0 
0 1 1 1 0 0 1 0 1 0 0 0 
0 0 0 0 1 0 1 1 1 1 0 0 
0 0 0 0 0 0 0 0 0 0 0 0 
0 0 0 0 0 0 0 1 0 0 0 0 
0 0 0 0 0 1 0 1 0 1 1 0 

JOBS [12] - [5, 11, 10, 7, 8, 9, 4, 14, 0, 13, 12, 3]
TOOL SWITCHES : 6
MAKESPAN : 86

# -------------------------- #

--- TOTAL TOOL SWITCHES : 9
--- HIGHEST MAKESPAN : 86
--- TOTAL FLOWTIME : 638
--- RUNNING TIME : 0.896894

# -------------------------- #
RUN : 1 - instancias_txt/SSP-NPM-I/ins79_m=2_j=15_t=15_var=19.txt

- MACHINE [0]

1 
0 
0 
0 
1 
0 
1 
0 
0 
0 
1 
1 
0 
0 
0 

JOBS [1] - [5]
TOOL SWITCHES : 0
MAKESPAN : 6

- MACHINE [1]

0 0 0 0 0 0 0 0 0 0 0 1 1 0 
0 0 0 0 0 0 0 0 1 1 0 1 0 1 
0 1 1 1 0 0 0 0 0 0 0 0 0 0 
1 0 0 1 0 1 1 0 1 0 0 0 0 0 
0 0 0 0 0 0 0 0 1 1 1 0 1 0 
0 0 0 0 1 1 0 0 0 0 0 1 0 0 
0 0 0 0 0 0 1 1 1 0 0 1 0 0 
0 0 0 0 1 1 0 1 0 0 0 0 1 1 
1 1 1 0 0 0 0 0 0 1 1 0 1 0 
1 0 0 0 1 0 0 0 0 0 0 0 1 0 
0 0 0 0 0 0 0 1 0 1 0 0 0 0 
0 1 0 0 0 1 0 0 0 0 0 0 0 0 
0 0 0 0 0 0 0 0 0 0 1 1 0 1 
0 1 1 1 0 0 0 0 0 0 0 0 0 1 
1 0 1 1 0 1 1 1 0 0 0 0 0 0 

JOBS [14] - [8, 6, 14, 12, 13, 9, 1, 11, 4, 0, 7, 10, 2, 3]
TOOL SWITCHES : 11
MAKESPAN : 111

# -------------------------- #

--- TOTAL TOOL SWITCHES : 11
--- HIGHEST MAKESPAN : 111
--- TOTAL FLOWTIME : 694
--- RUNNING TIME : 0.977008

# -------------------------- #
RUN : 1 - instancias_txt/SSP-NPM-I/ins80_m=2_j=15_t=15_var=20.txt

- MACHINE [0]

0 
0 
1 
0 
0 
0 
0 
1 
1 
0 
1 
0 
1 
0 
0 

JOBS [1] - [12]
TOOL SWITCHES : 0
MAKESPAN : 9

- MACHINE [1]

0 0 0 0 1 1 1 1 0 0 0 0 0 0 
0 1 0 0 0 0 0 0 0 1 0 1 0 0 
1 0 0 0 1 0 1 0 0 0 0 0 0 0 
1 1 0 0 0 1 0 0 0 0 0 0 0 0 
0 0 0 0 0 0 1 1 0 0 0 0 1 0 
0 0 1 1 0 1 0 1 1 0 0 1 1 0 
0 0 1 0 1 1 0 0 1 0 0 1 1 0 
0 0 0 0 0 0 0 0 0 0 0 0 1 1 
0 1 1 0 0 0 0 0 0 0 0 0 0 0 
0 0 0 0 0 0 0 0 0 0 0 0 0 1 
0 1 1 1 0 0 0 0 0 0 0 0 0 1 
0 0 0 0 0 0 0 1 0 1 1 1 0 1 
0 0 0 0 0 0 1 0 0 0 1 1 1 0 
1 0 0 1 0 0 0 1 0 0 0 0 0 0 
0 0 0 0 1 1 0 0 1 1 1 0 0 1 

JOBS [14] - [2, 8, 14, 9, 3, 0, 11, 13, 5, 4, 6, 7, 10, 1]
TOOL SWITCHES : 11
MAKESPAN : 120

# -------------------------- #

--- TOTAL TOOL SWITCHES : 11
--- HIGHEST MAKESPAN : 120
--- TOTAL FLOWTIME : 864
--- RUNNING TIME : 0.91384

# -------------------------- #


avg : 9.35
